1.52983 1.91185 0.22917 2.49344 0.67485 -0.189968 -0 92.5192 390 455858
1.43629 2.22362 0.249291 2.68524 0.573504 -0.168645 -0 98.5192 422 455858
1.39404 2.25034 0.249291 2.68524 0.554621 -0.168645 -0 98.5192 422 455858
1.30956 2.30053 0.249291 2.68524 0.517495 -0.168645 -0 98.3317 421 455858
1.09834 2.40854 0.249291 2.68524 0.427848 -0.168645 -0 97.5817 417 455858
1.26731 2.53734 0.217098 2.87704 0.463219 -0.168645 -0 105.519 438 455858
1.22205 2.5701 0.27746 2.87704 0.443845 -0.147399 -0 104.207 431 455858
1.22205 2.55945 0.217098 2.87704 0.445458 -0.168645 -0 104.957 435 455858
0.995745 2.644 0.156735 2.87704 0.360177 -0.189968 -0.0707397 98.2067 399 455858
0.995745 2.63088 0.096372 2.87704 0.361822 -0.211379 -0.0707397 98.0192 398 455858
1.30352 2.74145 0.249291 3.06885 0.443845 -0.147399 -0 102.144 420 455858
1.15868 2.80573 0.249291 3.06885 0.391638 -0.147399 -0 102.332 421 455858
0.917292 2.87064 0.120517 3.06885 0.309288 -0.189968 -0 99.1442 404 455858
0.917292 2.85689 0.0561301 3.06885 0.310683 -0.211379 -0 99.3317 405 455858
1.12851 3.03147 0.289533 3.26065 0.356371 -0.12622 0.0707397 99.8942 408 455858
1.12851 3.02142 0.221122 3.26065 0.357458 -0.147399 0.0707397 102.144 420 455858
1.07721 3.04009 0.221122 3.26065 0.340533 -0.147399 0.0707397 98.9567 403 455858
1.12851 3.02142 0.221122 3.26065 0.357458 -0.147399 -0 109.269 458 455858
1.12851 3.03147 0.289533 3.26065 0.356371 -0.12622 -0.0707397 99.3317 405 455858
1.12851 3.02142 0.221122 3.26065 0.357458 -0.147399 -0.0707397 101.957 419 455858
1.07721 3.05008 0.289533 3.26065 0.339502 -0.12622 -0.0707397 97.2692 394 455858
1.07721 3.04009 0.221122 3.26065 0.340533 -0.147399 -0.0707397 98.9567 403 455858
1.79234 2.91857 0.265388 3.45245 0.550734 -0.12622 -0 103.457 427 455858
1.79234 2.90686 0.192952 3.45245 0.552528 -0.147399 -0 102.519 422 455858
1.30352 3.16724 0.265388 3.45245 0.390435 -0.12622 -0 104.957 435 455858
1.24921 3.18905 0.265388 3.45245 0.373346 -0.12622 -0 102.707 423 455858
1.71992 3.17994 0.241243 3.64426 0.495804 -0.12622 0.0707397 98.9567 387 455858
1.43327 3.31902 0.241243 3.64426 0.407646 -0.12622 0.0707397 99.1442 388 455858
1.08928 3.45658 0.317702 3.64426 0.305283 -0.105098 0.0707397 100.082 393 455858
1.08928 3.44726 0.241243 3.64426 0.306057 -0.12622 0.0707397 100.269 394 455858
1.94925 3.04476 0.241243 3.64426 0.569452 -0.12622 -0.0707397 97.2692 378 455858
1.71992 3.17994 0.241243 3.64426 0.495804 -0.12622 -0.0707397 100.832 397 455858
1.66259 3.21029 0.241243 3.64426 0.477861 -0.12622 -0.0707397 98.5817 385 455858
1.43327 3.31902 0.241243 3.64426 0.407646 -0.12622 -0.0707397 99.1442 388 455858
1.14662 3.6385 0.297581 3.83606 0.305283 -0.105098 0.0707397 102.519 406 455858
1.14662 3.6287 0.217098 3.83606 0.306057 -0.12622 0.0707397 102.332 405 455858
1.08627 3.65697 0.297581 3.83606 0.288739 -0.105098 0.0707397 103.082 409 455858
1.08627 3.64722 0.217098 3.83606 0.289469 -0.12622 0.0707397 102.144 404 455858
1.14662 3.6385 0.297581 3.83606 0.305283 -0.105098 -0.0707397 102.894 408 455858
1.14662 3.6287 0.217098 3.83606 0.306057 -0.12622 -0.0707397 102.519 406 455858
1.08627 3.65697 0.297581 3.83606 0.288739 -0.105098 -0.0707397 102.519 406 455858
1.52077 3.70572 0.27746 4.02786 0.389427 -0.105098 0.0707397 104.582 417 455858
1.52077 3.69511 0.192952 4.02786 0.390435 -0.12622 0.0707397 104.019 414 455858
1.45741 3.7311 0.27746 4.02786 0.372386 -0.105098 0.0707397 103.457 411 455858
1.52077 3.70572 0.27746 4.02786 0.389427 -0.105098 -0.0707397 104.394 416 455858
1.14058 3.83982 0.27746 4.02786 0.288739 -0.105098 -0.0707397 104.582 417 455858
1.59319 3.88219 0.257339 4.21967 0.389427 -0.105098 0.0707397 107.582 433 455858
1.19489 4.02267 0.257339 4.21967 0.288739 -0.105098 0.0707397 109.269 442 455858
1.12851 4.04179 0.257339 4.21967 0.272276 -0.105098 0.0707397 107.582 433 455858
1.59319 3.88219 0.257339 4.21967 0.389427 -0.105098 -0 115.269 474 455858
1.19489 4.02267 0.257339 4.21967 0.288739 -0.105098 -0 116.207 479 455858
1.12851 4.04179 0.257339 4.21967 0.272276 -0.105098 -0 115.082 473 455858
1.59319 3.88219 0.257339 4.21967 0.389427 -0.105098 -0.0707397 108.519 438 455858
1.19489 4.02267 0.257339 4.21967 0.288739 -0.105098 -0.0707397 108.707 439 455858
1.12851 4.04179 0.257339 4.21967 0.272276 -0.105098 -0.0707397 107.957 435 455858
1.24921 4.20552 0.237219 4.41147 0.288739 -0.105098 0.0707397 107.207 415 455858
1.24921 4.20552 0.237219 4.41147 0.288739 -0.105098 -0.0707397 108.894 424 455858
1.44836 4.35237 0.313678 4.60327 0.321247 -0.0840222 0.0707397 111.144 436 455858
1.44836 4.34272 0.217098 4.60327 0.321913 -0.105098 0.0707397 111.332 437 455858
1.44836 4.35237 0.313678 4.60327 0.321247 -0.0840222 -0 118.644 476 455858
1.44836 4.34272 0.217098 4.60327 0.321913 -0.105098 -0 119.019 478 455858
1.44836 4.35237 0.313678 4.60327 0.321247 -0.0840222 -0.0707397 112.082 441 455858
1.44836 4.34272 0.217098 4.60327 0.321913 -0.105098 -0.0707397 112.082 441 455858
1.37594 4.3758 0.313678 4.60327 0.304653 -0.0840222 -0.0707397 110.207 431 455858
1.20696 4.62321 0.297581 4.79507 0.255367 -0.0840222 0.0707397 108.707 423 455858
1.20696 4.61334 0.196977 4.79507 0.255889 -0.105098 0.0707397 108.332 421 455858
1.13153 4.64225 0.297581 4.79507 0.239084 -0.0840222 0.0707397 108.144 420 455858
1.13153 4.63242 0.196977 4.79507 0.239572 -0.105098 0.0707397 107.957 419 455858
1.20696 4.62321 0.297581 4.79507 0.255367 -0.0840222 -0 116.957 467 455858
1.20696 4.61334 0.196977 4.79507 0.255889 -0.105098 -0 116.957 467 455858
1.13153 4.64225 0.297581 4.79507 0.239084 -0.0840222 -0 116.207 463 455858
1.13153 4.63242 0.196977 4.79507 0.239572 -0.105098 -0 116.207 463 455858
1.20696 4.62321 0.297581 4.79507 0.255367 -0.0840222 -0.0707397 110.582 433 455858
1.20696 4.61334 0.196977 4.79507 0.255889 -0.105098 -0.0707397 110.394 432 455858
1.13153 4.64225 0.297581 4.79507 0.239084 -0.0840222 -0.0707397 110.207 431 455858
1.13153 4.63242 0.196977 4.79507 0.239572 -0.105098 -0.0707397 110.019 430 455858
1.80441 4.63011 0.281485 4.98688 0.371606 -0.0840222 0.0707397 104.582 401 455858
1.56905 4.71507 0.281485 4.98688 0.321247 -0.0840222 0.0707397 105.332 405 455858
1.56905 4.70461 0.176856 4.98688 0.321913 -0.105098 0.0707397 104.207 399 455858
1.4906 4.74045 0.281485 4.98688 0.304653 -0.0840222 0.0707397 104.207 399 455858
1.41215 4.76441 0.281485 4.98688 0.288146 -0.0840222 0.0707397 104.394 400 455858
1.33369 4.78697 0.281485 4.98688 0.271719 -0.0840222 0.0707397 105.894 408 455858
1.33369 4.77666 0.176856 4.98688 0.272276 -0.105098 0.0707397 104.207 399 455858
1.33369 4.78697 0.281485 4.98688 0.271719 -0.0840222 -0 113.582 449 455858
1.80441 4.63011 0.281485 4.98688 0.371606 -0.0840222 -0.0707397 104.019 398 455858
1.41215 4.76441 0.281485 4.98688 0.288146 -0.0840222 -0.0707397 102.894 392 455858
1.33369 4.78697 0.281485 4.98688 0.271719 -0.0840222 -0.0707397 107.207 415 455858
1.25524 4.80813 0.281485 4.98688 0.255367 -0.0840222 -0.0707397 105.707 407 455858
1.25524 4.79788 0.176856 4.98688 0.255889 -0.105098 -0.0707397 104.207 399 455858
1.46646 4.956 0.374041 5.17868 0.287687 -0.0629841 0.0707397 106.957 403 455858
1.46646 4.94766 0.265388 5.17868 0.288146 -0.0840222 0.0707397 112.207 431 455858
1.46646 4.93691 0.156735 5.17868 0.288739 -0.105098 0.0707397 108.457 411 455858
1.38499 4.97108 0.265388 5.17868 0.271719 -0.0840222 0.0707397 110.332 421 455858
1.46646 4.94766 0.265388 5.17868 0.288146 -0.0840222 -0 119.332 469 455858
1.38499 4.97108 0.265388 5.17868 0.271719 -0.0840222 -0 117.832 461 455858
1.46646 4.94766 0.265388 5.17868 0.288146 -0.0840222 -0.0707397 112.207 431 455858
1.46646 4.93691 0.156735 5.17868 0.288739 -0.105098 -0.0707397 108.644 412 455858
1.38499 4.97108 0.265388 5.17868 0.271719 -0.0840222 -0.0707397 111.269 426 455858
1.38499 4.96038 0.156735 5.17868 0.272276 -0.105098 -0.0707397 107.519 406 455858
1.60526 5.1138 0.361968 5.37048 0.304167 -0.0629841 0.0707397 107.144 404 455858
1.60526 5.1051 0.249291 5.37048 0.304653 -0.0840222 0.0707397 109.582 417 455858
1.52077 5.13091 0.249291 5.37048 0.288146 -0.0840222 0.0707397 107.894 408 455858
1.18282 5.21918 0.249291 5.37048 0.222865 -0.0840222 0.0707397 107.332 405 455858
1.60526 5.1051 0.249291 5.37048 0.304653 -0.0840222 -0 116.519 454 455858
1.52077 5.13091 0.249291 5.37048 0.288146 -0.0840222 -0 115.394 448 455858
1.60526 5.1138 0.361968 5.37048 0.304167 -0.0629841 -0.0707397 106.019 398 455858
1.60526 5.1051 0.249291 5.37048 0.304653 -0.0840222 -0.0707397 109.957 419 455858
1.52077 5.13091 0.249291 5.37048 0.288146 -0.0840222 -0.0707397 109.207 415 455858
1.18282 5.21918 0.249291 5.37048 0.222865 -0.0840222 -0.0707397 106.582 401 455858
1.22507 5.41439 0.349896 5.56229 0.222515 -0.0629841 0.0707397 106.957 403 455858
1.22507 5.40558 0.233194 5.56229 0.222865 -0.0840222 0.0707397 109.394 416 455858
1.13756 5.43345 0.349896 5.56229 0.206382 -0.0629841 0.0707397 106.582 401 455858
1.13756 5.42467 0.233194 5.56229 0.206706 -0.0840222 0.0707397 109.582 417 455858
1.22507 5.40558 0.233194 5.56229 0.222865 -0.0840222 -0 116.144 452 455858
1.13756 5.42467 0.233194 5.56229 0.206706 -0.0840222 -0 116.707 455 455858
1.66259 5.28743 0.233194 5.56229 0.304653 -0.0840222 -0.0707397 107.144 404 455858
1.22507 5.40558 0.233194 5.56229 0.222865 -0.0840222 -0.0707397 108.644 412 455858
1.13756 5.42467 0.233194 5.56229 0.206706 -0.0840222 -0.0707397 109.394 416 455858
1.35783 5.57069 0.217098 5.75409 0.239084 -0.0840222 0.0707397 109.394 416 455858
1.26731 5.6011 0.337823 5.75409 0.222515 -0.0629841 0.0707397 110.332 421 455858
1.26731 5.59198 0.217098 5.75409 0.222865 -0.0840222 0.0707397 113.519 438 455858
1.17679 5.61173 0.217098 5.75409 0.206706 -0.0840222 0.0707397 108.832 413 455858
1.35783 5.57069 0.217098 5.75409 0.239084 -0.0840222 -0 117.082 457 455858
1.26731 5.6011 0.337823 5.75409 0.222515 -0.0629841 -0 118.019 462 455858
1.26731 5.59198 0.217098 5.75409 0.222865 -0.0840222 -0 121.019 478 455858
1.17679 5.61173 0.217098 5.75409 0.206706 -0.0840222 -0 116.144 452 455858
1.35783 5.57069 0.217098 5.75409 0.239084 -0.0840222 -0.0707397 109.394 416 455858
1.26731 5.6011 0.337823 5.75409 0.222515 -0.0629841 -0.0707397 110.144 420 455858
1.26731 5.59198 0.217098 5.75409 0.222865 -0.0840222 -0.0707397 113.519 438 455858
1.17679 5.61173 0.217098 5.75409 0.206706 -0.0840222 -0.0707397 109.019 414 455858
1.21602 5.80817 0.325751 5.94589 0.206382 -0.0629841 -0 112.332 421 455858
1.21602 5.79879 0.201001 5.94589 0.206706 -0.0840222 -0 113.832 429 455858
1.15868 6.01494 0.313678 6.1377 0.190303 -0.0629841 0.0707397 114.394 432 455858
1.15868 6.00528 0.184904 6.1377 0.190602 -0.0840222 0.0707397 113.457 427 455858
1.06213 6.03274 0.313678 6.1377 0.174275 -0.0629841 0.0707397 112.144 420 455858
1.15868 6.01494 0.313678 6.1377 0.190303 -0.0629841 -0 121.144 468 455858
1.15868 6.00528 0.184904 6.1377 0.190602 -0.0840222 -0 120.582 465 455858
1.06213 6.03274 0.313678 6.1377 0.174275 -0.0629841 -0 118.519 454 455858
1.15868 6.01494 0.313678 6.1377 0.190303 -0.0629841 -0.0707397 113.269 426 455858
1.15868 6.00528 0.184904 6.1377 0.190602 -0.0840222 -0.0707397 112.894 424 455858
1.06213 6.03274 0.313678 6.1377 0.174275 -0.0629841 -0.0707397 110.269 410 455858
1.19489 6.20291 0.301606 6.3295 0.190303 -0.0629841 0.0707397 110.269 410 455858
1.19489 6.19295 0.168807 6.3295 0.190602 -0.0840222 0.0707397 109.707 407 455858
1.09532 6.22126 0.301606 6.3295 0.174275 -0.0629841 0.0707397 109.894 408 455858
1.09532 6.21133 0.168807 6.3295 0.174548 -0.0840222 0.0707397 108.019 398 455858
1.19489 6.20291 0.301606 6.3295 0.190303 -0.0629841 -0 118.144 452 455858
1.19489 6.19295 0.168807 6.3295 0.190602 -0.0840222 -0 118.332 453 455858
1.09532 6.22126 0.301606 6.3295 0.174275 -0.0629841 -0 117.957 451 455858
1.09532 6.21133 0.168807 6.3295 0.174548 -0.0840222 -0 116.457 443 455858
1.19489 6.20291 0.301606 6.3295 0.190303 -0.0629841 -0.0707397 111.207 415 455858
1.19489 6.19295 0.168807 6.3295 0.190602 -0.0840222 -0.0707397 111.582 417 455858
1.09532 6.22126 0.301606 6.3295 0.174275 -0.0629841 -0.0707397 110.832 413 455858
1.09532 6.21133 0.168807 6.3295 0.174548 -0.0840222 -0.0707397 109.894 408 455858
1.74406 6.27034 0.289533 6.5213 0.271288 -0.0629841 0.0707397 114.019 430 455858
1.84665 6.24089 0.289533 6.5213 0.287687 -0.0629841 -0 120.019 462 455858
1.74406 6.27034 0.289533 6.5213 0.271288 -0.0629841 -0 121.707 471 455858
1.74406 6.25988 0.152711 6.5213 0.271719 -0.0840222 -0 119.457 459 455858
1.64147 6.29797 0.289533 6.5213 0.254962 -0.0629841 -0 118.707 455 455858
1.84665 6.24089 0.289533 6.5213 0.287687 -0.0629841 -0.0707397 113.269 426 455858
1.74406 6.27034 0.289533 6.5213 0.271288 -0.0629841 -0.0707397 114.957 435 455858
1.79536 6.46857 0.7 6.7131 0.270736 0 0.0707397 120.332 453 455858
1.68975 6.49696 0.7 6.7131 0.254446 0 0.0707397 122.582 465 455858
1.79536 6.46857 0.7 6.7131 0.270736 0 -0 127.457 491 455858
1.68975 6.49696 0.7 6.7131 0.254446 0 -0 129.332 501 455858
1.68975 6.49544 0.559153 6.7131 0.254503 -0.0209824 -0 124.644 476 455858
1.68975 6.49544 0.840847 6.7131 0.254503 0.0209824 -0 125.207 479 455858
1.79536 6.46857 0.7 6.7131 0.270736 0 -0.0707397 120.519 454 455858
1.68975 6.49696 0.7 6.7131 0.254446 0 -0.0707397 122.394 464 455858
1.95528 6.60801 0.265388 6.90491 0.287687 -0.0629841 0.0707397 121.644 460 455858
1.84665 6.65339 0.7 6.90491 0.270736 0 0.0707397 122.582 465 455858
1.84665 6.63918 0.265388 6.90491 0.271288 -0.0629841 0.0707397 120.707 455 455858
1.73803 6.68259 0.7 6.90491 0.254446 0 0.0707397 123.707 471 455858
1.95528 6.60801 0.265388 6.90491 0.287687 -0.0629841 -0 129.519 502 455858
1.84665 6.65339 0.7 6.90491 0.270736 0 -0 130.644 508 455858
1.73803 6.68259 0.7 6.90491 0.254446 0 -0 131.957 515 455858
1.95528 6.60801 0.265388 6.90491 0.287687 -0.0629841 -0.0707397 123.144 468 455858
1.84665 6.65339 0.7 6.90491 0.270736 0 -0.0707397 124.082 473 455858
1.84665 6.63918 0.265388 6.90491 0.271288 -0.0629841 -0.0707397 122.019 462 455858
1.73803 6.68259 0.7 6.90491 0.254446 0 -0.0707397 125.394 480 455858
1.78631 6.85368 0.253315 7.09671 0.254962 -0.0629841 -0 123.894 472 455858
1.67466 6.88986 0.40221 7.09671 0.238438 -0.041974 -0 122.019 462 455858
1.67466 6.88181 0.253315 7.09671 0.238706 -0.0629841 -0 126.332 485 455858
1.56302 6.90802 0.253315 7.09671 0.222515 -0.0629841 -0 123.707 471 455858
1.37594 7.14274 0.241243 7.28851 0.190303 -0.0629841 -0 119.582 449 455858
1.88286 7.23266 0.386113 7.48032 0.254675 -0.041974 -0 122.332 453 455858
1.76518 7.26228 0.386113 7.48032 0.238438 -0.041974 -0 125.519 470 455858
1.76518 7.2538 0.22917 7.48032 0.238706 -0.0629841 -0 124.019 462 455858
1.41215 7.33071 0.22917 7.48032 0.190303 -0.0629841 -0 119.519 438 455858
2.84542 7.32366 0.370017 7.86392 0.370574 -0.041974 0.0707397 110.707 391 455858
2.84542 7.31436 0.205025 7.86392 0.371003 -0.0629841 0.0707397 112.957 403 455858
2.47427 7.4481 0.205025 7.86392 0.320732 -0.0629841 0.0707397 115.207 415 455858
1.85571 7.64005 0.535008 7.86392 0.238277 -0.0209824 -0 126.644 476 455858
1.85571 7.63471 0.370017 7.86392 0.238438 -0.041974 -0 126.832 477 455858
1.73199 7.66904 0.535008 7.86392 0.222116 -0.0209824 -0 123.832 461 455858
1.73199 7.66372 0.370017 7.86392 0.222265 -0.041974 -0 123.832 461 455858
2.84542 7.32366 0.370017 7.86392 0.370574 -0.041974 -0.0707397 109.957 387 455858
2.84542 7.31436 0.205025 7.86392 0.371003 -0.0629841 -0.0707397 112.394 400 455858
2.47427 7.4481 0.205025 7.86392 0.320732 -0.0629841 -0.0707397 115.207 415 455858
1.90097 7.8264 0.530984 8.05573 0.238277 -0.0209824 0.0707397 126.457 475 455858
1.90097 7.82092 0.361968 8.05573 0.238438 -0.041974 0.0707397 131.332 501 455858
1.90097 7.81178 0.192952 8.05573 0.238706 -0.0629841 0.0707397 128.332 485 455858
1.77424 7.85064 0.361968 8.05573 0.222265 -0.041974 0.0707397 127.957 483 455858
1.90097 7.8264 0.530984 8.05573 0.238277 -0.0209824 -0 133.957 515 455858
1.90097 7.82092 0.361968 8.05573 0.238438 -0.041974 -0 139.019 542 455858
1.90097 7.81178 0.192952 8.05573 0.238706 -0.0629841 -0 136.019 526 455858
1.77424 7.85064 0.361968 8.05573 0.222265 -0.041974 -0 135.457 523 455858
1.90097 7.8264 0.530984 8.05573 0.238277 -0.0209824 -0.0707397 127.019 478 455858
1.90097 7.82092 0.361968 8.05573 0.238438 -0.041974 -0.0707397 131.894 504 455858
1.90097 7.81178 0.192952 8.05573 0.238706 -0.0629841 -0.0707397 128.894 488 455858
1.77424 7.85064 0.361968 8.05573 0.222265 -0.041974 -0.0707397 128.519 486 455858
1.94623 8.00713 0.35392 8.24753 0.238438 -0.041974 0.0707397 124.082 457 455858
1.94623 8.00713 0.35392 8.24753 0.238438 -0.041974 -0 132.144 500 455858
1.94623 7.99778 0.18088 8.24753 0.238706 -0.0629841 -0 130.644 492 455858
1.81648 8.03756 0.35392 8.24753 0.222265 -0.041974 -0 128.207 479 455858
1.94623 8.00713 0.35392 8.24753 0.238438 -0.041974 -0.0707397 125.957 467 455858
1.94623 7.99778 0.18088 8.24753 0.238706 -0.0629841 -0.0707397 124.457 459 455858
1.99149 8.19334 0.345872 8.43933 0.238438 -0.041974 -0 125.207 463 455858
1.85872 8.22448 0.345872 8.43933 0.222265 -0.041974 -0 123.332 453 455858
1.6294 8.4682 0.337823 8.63113 0.190091 -0.041974 -0 121.457 443 455858
1.49362 8.4932 0.337823 8.63113 0.17408 -0.041974 -0 119.957 435 455858
4.68 7.69546 0.321726 9.01474 0.546391 -0.041974 -0 115.394 400 455858
3.76573 8.39229 0.313678 9.20654 0.421783 -0.041974 -0 116.894 408 455858
3.62089 8.45579 0.313678 9.20654 0.40459 -0.041974 -0 120.269 426 455858
3.62089 8.44475 0.120517 9.20654 0.405063 -0.0629841 -0 116.519 406 455858
3.47605 8.51635 0.313678 9.20654 0.387523 -0.041974 -0 116.894 408 455858
3.62089 8.45579 0.313678 9.20654 0.40459 -0.041974 -0.0707397 114.082 393 455858
3.8472 8.9913 0.494766 9.78195 0.404307 -0.0209824 -0 119.394 416 455858
3.8472 8.98427 0.289533 9.78195 0.40459 -0.041974 -0 120.707 423 455858
3.69331 9.0556 0.494766 9.78195 0.387253 -0.0209824 -0 118.269 410 455858
3.69331 9.04862 0.289533 9.78195 0.387523 -0.041974 -0 119.207 415 455858
-1.72596 9.82105 0.490742 9.97375 -0.173964 -0.0209824 -0 115.269 394 455858
-2.03977 9.7607 0.490742 9.97375 -0.206013 -0.0209824 -0 118.457 411 455858
-2.03977 9.75397 0.281485 9.97375 -0.206151 -0.041974 -0 113.957 387 455858
-2.19667 9.72659 0.490742 9.97375 -0.222116 -0.0209824 -0 115.269 394 455858
-2.3234 10.2877 0.47867 10.5492 -0.222116 -0.0209824 -0 119.082 409 455858
-2.3234 10.2806 0.257339 10.5492 -0.222265 -0.041974 -0 121.332 421 455858
-2.48936 10.2417 0.257339 10.5492 -0.238438 -0.041974 -0 121.144 420 455858
8.13192 6.71624 0.47867 10.5492 0.880455 -0.0209824 -0 120.957 419 455858
8.13192 6.70529 0.257339 10.5492 0.881256 -0.041974 -0 123.582 433 455858
6.23095 9.44348 0.462573 11.3164 0.583244 -0.0209824 0.0707397 119.144 404 455858
6.23095 9.43452 0.225146 11.3164 0.58368 -0.041974 0.0707397 119.144 404 455858
6.05292 9.55856 0.462573 11.3164 0.564507 -0.0209824 0.0707397 123.832 429 455858
6.05292 9.54971 0.225146 11.3164 0.564926 -0.041974 0.0707397 125.144 436 455858
6.05292 9.55856 0.462573 11.3164 0.564507 -0.0209824 -0 131.519 470 455858
6.05292 9.54971 0.225146 11.3164 0.564926 -0.041974 -0 132.644 476 455858
6.23095 9.44348 0.462573 11.3164 0.583244 -0.0209824 -0.0707397 119.519 406 455858
6.05292 9.55856 0.462573 11.3164 0.564507 -0.0209824 -0.0707397 124.582 433 455858
6.05292 9.54971 0.225146 11.3164 0.564926 -0.041974 -0.0707397 125.707 439 455858
6.15551 9.72057 0.458549 11.5082 0.564507 -0.0209824 -0 120.644 412 455858
6.15551 9.71157 0.217098 11.5082 0.564926 -0.041974 -0 121.957 419 455858
5.97447 9.53489 3.11451 11.5082 0.559742 0.211379 -0 121.394 416 455858
5.97447 9.59279 2.87306 11.5082 0.557021 0.189968 -0 123.457 427 455858
1.39404 12.5708 0.168807 12.659 0.110444 -0.041974 -0 120.332 405 455858
-0.950484 12.0435 0.446476 12.0836 -0.0787578 -0.0209824 -1.13184 122.582 417 455858
-1.14058 12.0296 0.7 12.0836 -0.0945316 0 -1.13184 122.582 417 455858
-1.14058 12.027 0.446476 12.0836 -0.0945525 -0.0209824 -1.13184 126.894 440 455858
-1.14058 12.0189 0.192952 12.0836 -0.0946152 -0.041974 -1.13184 123.144 420 455858
-1.15868 12.2179 0.442452 12.2754 -0.0945525 -0.0209824 -1.0611 124.269 426 455858
-0.980658 12.4176 1.22314 12.4672 -0.07881 0.041974 -1.27332 126.707 439 455858
-0.980658 12.4258 0.961572 12.4672 -0.0787578 0.0209824 -1.27332 122.957 419 455858
-1.17679 12.4005 1.22314 12.4672 -0.0946152 0.041974 -1.27332 124.457 427 455858
-0.965571 12.2346 0.442452 12.2754 -0.0787578 -0.0209824 -1.13184 124.269 426 455858
-1.15868 12.2206 0.7 12.2754 -0.0945316 0 -1.13184 124.832 429 455858
-1.15868 12.2179 0.442452 12.2754 -0.0945525 -0.0209824 -1.13184 128.582 449 455858
-1.15868 12.2097 0.184904 12.2754 -0.0946152 -0.041974 -1.13184 123.707 423 455858
-1.3518 12.198 0.442452 12.2754 -0.110371 -0.0209824 -1.13184 123.144 420 455858
-0.980658 12.4176 1.22314 12.4672 -0.07881 0.041974 -1.34406 125.019 430 455858
-1.17679 12.4005 1.22314 12.4672 -0.0946152 0.041974 -1.34406 122.582 417 455858
-1.15868 12.2179 0.442452 12.2754 -0.0945525 -0.0209824 -1.20258 124.082 425 455858
-1.14058 12.027 0.446476 12.0836 -0.0945525 -0.0209824 -1.20258 122.582 417 455858
-1.14058 12.0296 0.7 12.0836 -0.0945316 0 -1.55627 123.894 424 455858
-1.15868 12.1771 1.73019 12.2754 -0.0948673 0.0840222 -1.41479 124.644 428 455858
-1.15868 12.1961 1.47264 12.2754 -0.09472 0.0629841 -1.41479 123.894 424 455858
-1.3518 12.1572 1.73019 12.2754 -0.110739 0.0840222 -1.41479 125.957 435 455858
-1.15868 12.2097 1.2151 12.2754 -0.0946152 0.041974 -1.48553 132.144 468 455858
-1.15868 12.2179 0.957548 12.2754 -0.0945525 0.0209824 -1.48553 130.082 457 455858
-1.3518 12.1899 1.2151 12.2754 -0.110444 0.041974 -1.48553 134.019 478 455858
-1.3518 12.198 0.957548 12.2754 -0.110371 0.0209824 -1.48553 132.332 469 455858
-1.15868 12.2097 1.2151 12.2754 -0.0946152 0.041974 -1.55627 137.957 499 455858
-1.15868 12.2179 0.957548 12.2754 -0.0945525 0.0209824 -1.55627 135.519 486 455858
-1.3518 12.1899 1.2151 12.2754 -0.110444 0.041974 -1.55627 139.457 507 455858
-1.3518 12.198 0.957548 12.2754 -0.110371 0.0209824 -1.55627 137.207 495 455858
-1.17679 12.3867 1.48472 12.4672 -0.09472 0.0629841 -1.41479 124.644 428 455858
-1.17679 12.3867 1.48472 12.4672 -0.09472 0.0629841 -1.48553 128.957 451 455858
-1.17679 12.4005 1.22314 12.4672 -0.0946152 0.041974 -1.48553 129.519 454 455858
-1.37292 12.3665 1.48472 12.4672 -0.110567 0.0629841 -1.48553 129.519 454 455858
-1.37292 12.3803 1.22314 12.4672 -0.110444 0.041974 -1.48553 131.957 467 455858
-1.37292 12.3886 0.961572 12.4672 -0.110371 0.0209824 -1.48553 130.082 457 455858
-1.17679 12.4005 1.22314 12.4672 -0.0946152 0.041974 -1.55627 135.332 485 455858
-1.17679 12.4088 0.961572 12.4672 -0.0945525 0.0209824 -1.55627 133.457 475 455858
-1.37292 12.3803 1.22314 12.4672 -0.110444 0.041974 -1.55627 137.207 495 455858
-1.37292 12.3886 0.961572 12.4672 -0.110371 0.0209824 -1.55627 135.144 484 455858
-0.995745 12.6086 1.23119 12.659 -0.07881 0.041974 -1.27332 123.144 420 455858
-1.19489 12.5913 1.23119 12.659 -0.0946152 0.041974 -1.55627 123.144 420 455858
-1.39404 12.5708 1.23119 12.659 -0.110444 0.041974 -1.55627 124.644 428 455858
6.15551 11.4954 0.426355 13.0426 0.491624 -0.0209824 -0 139.707 503 455858
5.95033 11.6029 0.426355 13.0426 0.473858 -0.0209824 -0 138.019 494 455858
6.24604 11.6645 0.422331 13.2344 0.491624 -0.0209824 -0 143.644 524 455858
6.24604 11.6545 0.144662 13.2344 0.491978 -0.041974 -0 140.457 507 455858
6.03783 11.7736 0.422331 13.2344 0.473858 -0.0209824 -0 141.957 515 455858
6.03783 11.7637 0.144662 13.2344 0.474198 -0.041974 -0 138.394 496 455858
6.33656 11.8335 0.418307 13.4262 0.491624 -0.0209824 0.0707397 145.519 534 455858
6.33656 11.8234 0.136614 13.4262 0.491978 -0.041974 0.0707397 141.582 513 455858
6.12534 11.9442 0.418307 13.4262 0.473858 -0.0209824 0.0707397 143.457 523 455858
6.33656 11.8335 0.418307 13.4262 0.491624 -0.0209824 -0 153.207 575 455858
6.33656 11.8234 0.136614 13.4262 0.491978 -0.041974 -0 149.457 555 455858
6.12534 11.9442 0.418307 13.4262 0.473858 -0.0209824 -0 151.144 564 455858
6.33656 11.8335 0.418307 13.4262 0.491624 -0.0209824 -0.0707397 146.269 538 455858
6.33656 11.8234 0.136614 13.4262 0.491978 -0.041974 -0.0707397 142.519 518 455858
6.12534 11.9442 0.418307 13.4262 0.473858 -0.0209824 -0.0707397 144.207 527 455858
6.42708 12.0026 0.414283 13.618 0.491624 -0.0209824 -0 140.894 504 455858
6.42708 11.8382 2.70002 13.618 0.497384 0.147399 -0 139.207 495 455858
6.21284 12.1148 0.414283 13.618 0.473858 -0.0209824 -0 138.832 493 455858
6.21284 11.9007 2.98574 13.618 0.481138 0.168645 -0 137.894 488 455858
6.21284 11.952 2.70002 13.618 0.479374 0.147399 -0 142.019 510 455858
6.5176 12.1716 0.410259 13.8098 0.491624 -0.0209824 -0 138.269 490 455858
6.30035 12.2855 0.410259 13.8098 0.473858 -0.0209824 -0 137.332 485 455858
6.1193 13.6519 0.7 14.9606 0.421388 0 -0 131.582 449 455858
-7.15126 13.2981 -0.571643 15.1524 -0.493402 -0.0840222 -0 126.394 416 455858
-7.38963 13.2284 0.7 15.1524 -0.509437 0 -0 129.019 430 455858
-7.38963 13.2245 0.382089 15.1524 -0.50956 -0.0209824 -0 129.019 430 455858
-7.38963 13.1671 -0.571643 15.1524 -0.511416 -0.0840222 -0 130.519 438 455858
6.82538 15.2271 0.7 16.6869 0.421388 0 0.0707397 145.394 512 455858
6.56286 15.3421 0.7 16.6869 0.404213 0 0.0707397 149.519 534 455858
6.56286 15.3381 1.0501 16.6869 0.404307 0.0209824 0.0707397 149.519 534 455858
6.82538 15.2271 0.7 16.6869 0.421388 0 -0 153.082 553 455858
6.56286 15.3421 0.7 16.6869 0.404213 0 -0 156.832 573 455858
6.56286 15.3381 1.0501 16.6869 0.404307 0.0209824 -0 156.832 573 455858
6.82538 15.2271 0.7 16.6869 0.421388 0 -0.0707397 145.957 515 455858
6.56286 15.3421 0.7 16.6869 0.404213 0 -0.0707397 149.707 535 455858
6.56286 15.3381 1.0501 16.6869 0.404307 0.0209824 -0.0707397 149.707 535 455858
6.6383 15.5184 0.7 16.8787 0.404213 0 0.0707397 149.332 533 455858
6.6383 15.5144 1.05413 16.8787 0.404307 0.0209824 0.0707397 149.144 532 455858
6.6383 15.5184 0.7 16.8787 0.404213 0 -0 157.394 576 455858
6.6383 15.5144 1.05413 16.8787 0.404307 0.0209824 -0 157.207 575 455858
6.6383 15.5184 0.7 16.8787 0.404213 0 -0.0707397 150.644 540 455858
6.6383 15.5144 1.05413 16.8787 0.404307 0.0209824 -0.0707397 150.269 538 455858
-7.3323 15.6276 0.7 17.2623 -0.438696 0 -0 130.957 435 455858
-7.3323 15.6234 0.337823 17.2623 -0.438799 -0.0209824 -0 135.644 460 455858
-7.3323 15.6108 -0.0243536 17.2623 -0.439109 -0.041974 -0 132.457 443 455858
-7.60387 15.4931 0.337823 17.2623 -0.456253 -0.0209824 -0 133.207 447 455858
6.73486 16.5174 0.7 17.8377 0.387164 0 0.0707397 148.269 522 455858
6.73486 16.5132 0.325751 17.8377 0.387253 -0.0209824 0.0707397 148.644 524 455858
6.45424 16.6291 0.7 17.8377 0.370232 0 0.0707397 145.644 508 455858
6.45424 16.6248 0.325751 17.8377 0.370317 -0.0209824 0.0707397 146.207 511 455858
6.73486 16.5174 0.7 17.8377 0.387164 0 -0 155.957 563 455858
6.73486 16.5132 0.325751 17.8377 0.387253 -0.0209824 -0 156.144 564 455858
6.45424 16.6291 0.7 17.8377 0.370232 0 -0 152.957 547 455858
6.45424 16.6248 0.325751 17.8377 0.370317 -0.0209824 -0 153.332 549 455858
6.73486 16.5174 0.7 17.8377 0.387164 0 -0.0707397 148.644 524 455858
6.73486 16.5132 0.325751 17.8377 0.387253 -0.0209824 -0.0707397 149.207 527 455858
6.45424 16.6291 0.7 17.8377 0.370232 0 -0.0707397 145.644 508 455858
6.45424 16.6248 0.325751 17.8377 0.370317 -0.0209824 -0.0707397 146.019 510 455858
6.80727 16.695 0.7 18.0295 0.387164 0 0.0707397 142.269 490 455858
6.80727 16.6907 0.321726 18.0295 0.387253 -0.0209824 0.0707397 142.457 491 455858
6.80727 16.695 0.7 18.0295 0.387164 0 -0 150.144 532 455858
6.80727 16.6907 0.321726 18.0295 0.387253 -0.0209824 -0 150.707 535 455858
6.52364 16.8079 0.7 18.0295 0.370232 0 -0 147.144 516 455858
6.52364 16.8036 0.321726 18.0295 0.370317 -0.0209824 -0 147.519 518 455858
6.80727 16.695 0.7 18.0295 0.387164 0 -0.0707397 143.957 499 455858
6.80727 16.6907 0.321726 18.0295 0.387253 -0.0209824 -0.0707397 144.519 502 455858
6.87969 16.8726 0.7 18.2213 0.387164 0 -0 146.269 506 455858
6.87969 16.8683 0.317702 18.2213 0.387253 -0.0209824 -0 145.519 502 455858
6.59304 16.9867 0.7 18.2213 0.370232 0 -0 146.269 506 455858
6.59304 16.9824 0.317702 18.2213 0.370317 -0.0209824 -0 145.519 502 455858
3.04758 19.1309 0.7 19.3721 0.157974 0 0.0707397 137.519 454 455858
2.74282 19.1769 0.7 19.3721 0.142064 0 0.0707397 138.457 459 455858
6.46329 18.4654 0.7 19.5639 0.336693 0 -0 152.894 536 455858
6.46329 18.4609 0.289533 19.5639 0.336771 -0.0209824 -0 152.332 533 455858
6.15551 18.5703 0.7 19.5639 0.320073 0 -0 152.332 533 455858
6.15551 18.5658 0.289533 19.5639 0.320146 -0.0209824 -0 151.207 527 455858
7.14824 18.1871 3.60144 19.7557 0.37449 0.147399 -0 143.519 486 455858
5.90507 18.8525 0.7 19.7557 0.303544 0 -0 151.207 527 455858
6.27621 18.9344 0.7 19.9475 0.320073 0 0.0707397 159.457 571 455858
6.27621 18.9298 0.281485 19.9475 0.320146 -0.0209824 0.0707397 155.332 549 455858
6.27621 18.9298 1.11852 19.9475 0.320146 0.0209824 0.0707397 155.519 550 455858
5.9624 19.0356 0.7 19.9475 0.303544 0 0.0707397 158.894 568 455858
6.27621 18.9344 0.7 19.9475 0.320073 0 -0 166.957 611 455858
6.27621 18.9298 0.281485 19.9475 0.320146 -0.0209824 -0 163.019 590 455858
6.27621 18.9298 1.11852 19.9475 0.320146 0.0209824 -0 163.207 591 455858
5.9624 19.0356 0.7 19.9475 0.303544 0 -0 166.207 607 455858
6.27621 18.9344 0.7 19.9475 0.320073 0 -0.0707397 160.207 575 455858
6.27621 18.9298 0.281485 19.9475 0.320146 -0.0209824 -0.0707397 156.082 553 455858
6.27621 18.9298 1.11852 19.9475 0.320146 0.0209824 -0.0707397 155.894 552 455858
5.9624 19.0356 0.7 19.9475 0.303544 0 -0.0707397 159.269 570 455858
6.33656 19.1165 0.7 20.1393 0.320073 0 0.0707397 152.894 536 455858
6.01973 19.2186 0.7 20.1393 0.303544 0 0.0707397 151.582 529 455858
6.33656 19.1165 0.7 20.1393 0.320073 0 -0 161.144 580 455858
6.33656 19.1118 0.27746 20.1393 0.320146 -0.0209824 -0 157.019 558 455858
6.33656 19.1118 1.12254 20.1393 0.320146 0.0209824 -0 157.394 560 455858
6.01973 19.2186 0.7 20.1393 0.303544 0 -0 160.582 577 455858
6.33656 19.1165 0.7 20.1393 0.320073 0 -0.0707397 154.957 547 455858
6.01973 19.2186 0.7 20.1393 0.303544 0 -0.0707397 154.582 545 455858
6.39691 19.2985 0.7 20.3311 0.320073 0 -0 152.707 535 455858
6.07706 19.4016 0.7 20.3311 0.303544 0 -0 151.582 529 455858
1.61431 20.4548 1.13059 20.5229 0.0787578 0.0209824 -0 148.457 507 455858
1.29145 20.4822 0.7 20.5229 0.0629689 0 -0 151.082 521 455858
1.29145 20.4777 1.13059 20.5229 0.0629827 0.0209824 -0 150.144 516 455858
0.968588 20.5 0.7 20.5229 0.047213 0 -0 148.269 506 455858
1.95528 20.6222 0.7 20.7147 0.0945316 0 0.0707397 151.832 525 455858
1.95528 20.6177 1.13461 20.7147 0.0945525 0.0209824 0.0707397 154.457 539 455858
1.6294 20.6505 0.7 20.7147 0.0787404 0 0.0707397 153.144 532 455858
1.6294 20.646 1.13461 20.7147 0.0787578 0.0209824 0.0707397 154.644 540 455858
1.95528 20.6222 0.7 20.7147 0.0945316 0 -0 158.957 563 455858
1.95528 20.6177 1.13461 20.7147 0.0945525 0.0209824 -0 161.957 579 455858
1.6294 20.6505 0.7 20.7147 0.0787404 0 -0 159.894 568 455858
1.6294 20.646 1.13461 20.7147 0.0787578 0.0209824 -0 161.957 579 455858
1.95528 20.6222 0.7 20.7147 0.0945316 0 -0.0707397 151.644 524 455858
1.95528 20.6177 1.13461 20.7147 0.0945525 0.0209824 -0.0707397 154.644 540 455858
1.6294 20.6505 0.7 20.7147 0.0787404 0 -0.0707397 152.207 527 455858
1.6294 20.646 1.13461 20.7147 0.0787578 0.0209824 -0.0707397 154.644 540 455858
4.93346 20.3161 0.7 20.9065 0.238224 0 0.0707397 146.957 499 455858
4.93346 20.2971 1.57727 20.9065 0.238438 0.041974 0.0707397 145.082 489 455858
4.93346 20.3114 1.13864 20.9065 0.238277 0.0209824 0.0707397 148.457 507 455858
4.60457 20.3743 1.57727 20.9065 0.222265 0.041974 0.0707397 145.832 493 455858
4.60457 20.3884 1.13864 20.9065 0.222116 0.0209824 0.0707397 146.957 499 455858
4.93346 20.3114 1.13864 20.9065 0.238277 0.0209824 -0 156.332 549 455858
4.93346 20.3161 0.7 20.9065 0.238224 0 -0.0707397 147.894 504 455858
4.93346 20.3114 1.13864 20.9065 0.238277 0.0209824 -0.0707397 149.582 513 455858
4.60457 20.3743 1.57727 20.9065 0.222265 0.041974 -0.0707397 147.144 500 455858
4.60457 20.3884 1.13864 20.9065 0.222116 0.0209824 -0.0707397 148.269 506 455858
1.97338 20.8086 1.13864 20.9065 0.0945525 0.0209824 -0.0707397 147.144 500 455858
1.64449 20.8417 0.7 20.9065 0.0787404 0 -0.0707397 148.082 505 455858
1.64449 20.8371 1.13864 20.9065 0.0787578 0.0209824 -0.0707397 148.644 508 455858
1.99149 21.0041 0.7 21.0983 0.0945316 0 -0 147.144 500 455858
1.99149 20.9995 1.14266 21.0983 0.0945525 0.0209824 -0 151.457 523 455858
1.65957 21.0283 1.14266 21.0983 0.0787578 0.0209824 -0 151.082 521 455858
3.68426 20.9499 1.59337 21.2901 0.17408 0.041974 -0 145.082 489 455858
3.68426 20.9642 1.14668 21.2901 0.173964 0.0209824 -0 144.144 484 455858
1.67466 21.2242 0.7 21.2901 0.0787404 0 -0 145.457 491 455858
1.67466 21.2195 1.14668 21.2901 0.0787578 0.0209824 -0 145.269 490 455858
3.71745 21.153 1.15071 21.4819 0.173964 0.0209824 0.0707397 147.894 504 455858
1.3518 21.4394 0.7 21.4819 0.0629689 0 0.0707397 150.707 519 455858
1.3518 21.4346 0.249291 21.4819 0.0629827 -0.0209824 0.0707397 147.707 503 455858
1.3518 21.4346 1.15071 21.4819 0.0629827 0.0209824 0.0707397 149.019 510 455858
1.01385 21.458 0.7 21.4819 0.047213 0 0.0707397 147.707 503 455858
1.3518 21.4394 0.7 21.4819 0.0629689 0 -0 158.207 559 455858
1.3518 21.4346 1.15071 21.4819 0.0629827 0.0209824 -0 156.707 551 455858
3.71745 21.153 1.15071 21.4819 0.173964 0.0209824 -0.0707397 148.832 509 455858
1.3518 21.4394 0.7 21.4819 0.0629689 0 -0.0707397 151.082 521 455858
1.3518 21.4346 0.249291 21.4819 0.0629827 -0.0209824 -0.0707397 148.082 505 455858
1.3518 21.4346 1.15071 21.4819 0.0629827 0.0209824 -0.0707397 149.582 513 455858
1.01385 21.458 0.7 21.4819 0.047213 0 -0.0707397 148.082 505 455858
1.36387 21.6308 0.7 21.6737 0.0629689 0 0.0707397 145.644 492 455858
1.36387 21.6308 0.7 21.6737 0.0629689 0 -0 153.707 535 455858
1.36387 21.6308 0.7 21.6737 0.0629689 0 -0.0707397 147.519 502 455858
5.15977 21.2431 1.15876 21.8655 0.238277 0.0209824 0.0707397 149.394 512 455858
4.81578 21.3089 1.61751 21.8655 0.222265 0.041974 0.0707397 149.394 512 455858
4.81578 21.3237 1.15876 21.8655 0.222116 0.0209824 0.0707397 154.457 539 455858
4.4718 21.3985 1.15876 21.8655 0.206013 0.0209824 0.0707397 149.582 513 455858
5.15977 21.2431 1.15876 21.8655 0.238277 0.0209824 -0 156.332 549 455858
4.81578 21.3089 1.61751 21.8655 0.222265 0.041974 -0 156.332 549 455858
4.81578 21.3237 1.15876 21.8655 0.222116 0.0209824 -0 161.394 576 455858
4.4718 21.3985 1.15876 21.8655 0.206013 0.0209824 -0 156.519 550 455858
5.15977 21.2431 1.15876 21.8655 0.238277 0.0209824 -0.0707397 148.269 506 455858
4.81578 21.3089 1.61751 21.8655 0.222265 0.041974 -0.0707397 148.832 509 455858
4.81578 21.3237 1.15876 21.8655 0.222116 0.0209824 -0.0707397 153.894 536 455858
4.4718 21.3985 1.15876 21.8655 0.206013 0.0209824 -0.0707397 149.394 512 455858
4.85803 21.5107 1.16278 22.0573 0.222116 0.0209824 0.0707397 149.644 508 455858
5.20503 21.4294 1.16278 22.0573 0.238277 0.0209824 -0 153.207 527 455858
4.85803 21.4958 1.62556 22.0573 0.222265 0.041974 -0 151.707 519 455858
4.85803 21.5107 1.16278 22.0573 0.222116 0.0209824 -0 157.519 550 455858
4.51103 21.5862 1.16278 22.0573 0.206013 0.0209824 -0 152.269 522 455858
5.20503 21.4294 1.16278 22.0573 0.238277 0.0209824 -0.0707397 146.644 492 455858
4.85803 21.5107 1.16278 22.0573 0.222116 0.0209824 -0.0707397 151.144 516 455858
8.05045 20.7206 1.63361 22.2491 0.370574 0.041974 -0 141.207 463 455858
8.05045 20.7364 1.16681 22.2491 0.370317 0.0209824 -0 142.519 470 455858
4.90027 21.6978 1.16681 22.2491 0.222116 0.0209824 -0 146.832 493 455858
2.80015 22.0722 0.7 22.2491 0.126189 0 -0 142.144 468 455858
2.80015 22.0673 1.16681 22.2491 0.126217 0.0209824 -0 141.957 467 455858
8.05045 20.7364 1.16681 22.2491 0.370317 0.0209824 -0.0707397 135.582 433 455858
1.79536 22.7538 0.7 22.8246 0.0787404 0 0.0707397 152.519 518 455858
1.43629 22.7793 0.7 22.8246 0.0629689 0 0.0707397 154.582 529 455858
1.43629 22.7743 1.17888 22.8246 0.0629827 0.0209824 0.0707397 150.644 508 455858
1.07721 22.7991 0.7 22.8246 0.047213 0 0.0707397 152.332 517 455858
1.79536 22.7538 0.7 22.8246 0.0787404 0 -0 159.644 556 455858
1.43629 22.7793 0.7 22.8246 0.0629689 0 -0 161.894 568 455858
1.43629 22.7743 1.17888 22.8246 0.0629827 0.0209824 -0 157.957 547 455858
1.07721 22.7991 0.7 22.8246 0.047213 0 -0 159.457 555 455858
1.79536 22.7538 0.7 22.8246 0.0787404 0 -0.0707397 152.519 518 455858
1.43629 22.7793 0.7 22.8246 0.0629689 0 -0.0707397 154.582 529 455858
1.43629 22.7743 1.17888 22.8246 0.0629827 0.0209824 -0.0707397 150.832 509 455858
1.07721 22.7991 0.7 22.8246 0.047213 0 -0.0707397 152.332 517 455858
1.81044 22.945 0.7 23.0164 0.0787404 0 0.0707397 151.582 513 455858
1.44836 22.9707 0.7 23.0164 0.0629689 0 0.0707397 155.144 532 455858
1.44836 22.9657 1.1829 23.0164 0.0629827 0.0209824 0.0707397 151.582 513 455858
1.08627 22.9907 0.7 23.0164 0.047213 0 0.0707397 153.644 524 455858
1.08627 22.9856 1.1829 23.0164 0.0472234 0.0209824 0.0707397 150.832 509 455858
1.81044 22.945 0.7 23.0164 0.0787404 0 -0 159.457 555 455858
1.44836 22.9707 0.7 23.0164 0.0629689 0 -0 163.207 575 455858
1.44836 22.9657 1.1829 23.0164 0.0629827 0.0209824 -0 159.457 555 455858
1.08627 22.9907 0.7 23.0164 0.047213 0 -0 161.519 566 455858
1.81044 22.945 0.7 23.0164 0.0787404 0 -0.0707397 152.707 519 455858
1.44836 22.9707 0.7 23.0164 0.0629689 0 -0.0707397 156.457 539 455858
1.44836 22.9657 1.1829 23.0164 0.0629827 0.0209824 -0.0707397 152.707 519 455858
1.08627 22.9907 0.7 23.0164 0.047213 0 -0.0707397 154.957 531 455858
1.08627 22.9856 1.1829 23.0164 0.0472234 0.0209824 -0.0707397 152.144 516 455858
-13.7322 19.1769 1.19497 23.5918 -0.621438 0.0209824 0.0707397 133.019 414 455858
-14.4745 18.623 0.205025 23.5918 -0.660708 -0.0209824 0.0707397 133.207 415 455858
-14.8456 18.3352 0.7 23.5918 -0.680617 0 0.0707397 138.269 442 455858
-14.8456 18.3285 0.205025 23.5918 -0.680795 -0.0209824 0.0707397 136.582 433 455858
-15.2168 18.0283 0.7 23.5918 -0.701029 0 0.0707397 134.519 422 455858
-14.8456 18.3352 0.7 23.5918 -0.680617 0 -0 145.394 480 455858
-14.8456 18.3285 0.205025 23.5918 -0.680795 -0.0209824 -0 143.332 469 455858
-13.7322 19.1833 0.7 23.5918 -0.621281 0 -0.0707397 134.144 420 455858
-13.7322 19.1769 1.19497 23.5918 -0.621438 0.0209824 -0.0707397 134.332 421 455858
-14.1034 18.9056 1.19497 23.5918 -0.640929 0.0209824 -0.0707397 134.144 420 455858
-14.8456 18.3352 0.7 23.5918 -0.680617 0 -0.0707397 138.269 442 455858
-14.8456 18.3285 0.205025 23.5918 -0.680795 -0.0209824 -0.0707397 136.207 431 455858
-15.2168 18.0283 0.7 23.5918 -0.701029 0 -0.0707397 135.269 426 455858
-14.5922 18.781 0.7 23.7836 -0.660537 0 0.0707397 139.019 446 455858
-14.9663 18.4842 0.7 23.7836 -0.680617 0 0.0707397 139.394 448 455858
-14.9663 18.4775 0.201001 23.7836 -0.680795 -0.0209824 0.0707397 136.582 433 455858
-14.5922 18.781 0.7 23.7836 -0.660537 0 -0 145.957 483 455858
-14.9663 18.4842 0.7 23.7836 -0.680617 0 -0 146.707 487 455858
-14.5922 18.781 0.7 23.7836 -0.660537 0 -0.0707397 139.019 446 455858
-14.9663 18.4842 0.7 23.7836 -0.680617 0 -0.0707397 140.144 452 455858
-14.9663 18.4775 0.201001 23.7836 -0.680795 -0.0209824 -0.0707397 137.332 437 455858
1.52077 24.1193 0.7 24.1672 0.0629689 0 0.0707397 148.582 497 455858
1.52077 24.1139 1.20705 24.1672 0.0629827 0.0209824 0.0707397 146.519 486 455858
1.14058 24.1402 0.7 24.1672 0.047213 0 0.0707397 148.957 499 455858
1.14058 24.1349 1.20705 24.1672 0.0472234 0.0209824 0.0707397 147.082 489 455858
1.52077 24.1193 0.7 24.1672 0.0629689 0 -0 155.707 535 455858
1.52077 24.1139 1.20705 24.1672 0.0629827 0.0209824 -0 154.019 526 455858
1.14058 24.1402 0.7 24.1672 0.047213 0 -0 156.082 537 455858
1.14058 24.1349 1.20705 24.1672 0.0472234 0.0209824 -0 154.394 528 455858
1.52077 24.1193 0.7 24.1672 0.0629689 0 -0.0707397 148.394 496 455858
1.52077 24.1139 1.20705 24.1672 0.0629827 0.0209824 -0.0707397 146.519 486 455858
1.14058 24.1402 0.7 24.1672 0.047213 0 -0.0707397 148.582 497 455858
1.14058 24.1349 1.20705 24.1672 0.0472234 0.0209824 -0.0707397 147.082 489 455858
1.53284 24.3107 0.7 24.359 0.0629689 0 0.0707397 149.957 499 455858
1.53284 24.3053 1.21107 24.359 0.0629827 0.0209824 0.0707397 148.832 493 455858
1.14963 24.3318 0.7 24.359 0.047213 0 0.0707397 150.144 500 455858
1.14963 24.3265 1.21107 24.359 0.0472234 0.0209824 0.0707397 148.644 492 455858
1.53284 24.3107 0.7 24.359 0.0629689 0 -0 157.644 540 455858
1.53284 24.3053 1.21107 24.359 0.0629827 0.0209824 -0 156.519 534 455858
1.14963 24.3318 0.7 24.359 0.047213 0 -0 158.207 543 455858
1.14963 24.3265 1.21107 24.359 0.0472234 0.0209824 -0 156.519 534 455858
1.53284 24.3107 0.7 24.359 0.0629689 0 -0.0707397 151.082 505 455858
1.53284 24.3053 1.21107 24.359 0.0629827 0.0209824 -0.0707397 149.957 499 455858
1.14963 24.3318 0.7 24.359 0.047213 0 -0.0707397 151.457 507 455858
1.14963 24.3265 1.21107 24.359 0.0472234 0.0209824 -0.0707397 149.957 499 455858
10.0419 22.4031 0.7 24.5508 0.421388 0 -0 136.644 428 455858
9.65571 22.5723 0.7 24.5508 0.404213 0 -0 136.644 428 455858
5.79342 23.8519 1.2151 24.5508 0.238277 0.0209824 -0 137.582 433 455858
9.48673 23.2664 0.7 25.1262 0.387164 0 -0 134.394 416 455858
9.09145 23.4237 0.7 25.1262 0.370232 0 -0 135.707 423 455858
11.1523 22.7294 0.7 25.318 0.456145 0 -0 136.269 426 455858
11.1523 22.7046 1.76239 25.318 0.456578 0.041974 -0 139.082 441 455858
11.1523 22.7232 1.23119 25.318 0.456253 0.0209824 -0 139.644 444 455858
10.754 22.8959 1.76239 25.318 0.439109 0.041974 -0 137.394 432 455858
10.754 22.9144 1.23119 25.318 0.438799 0.0209824 -0 137.957 435 455858
-16.7014 19.7872 0.7 25.8934 -0.701029 0 0.0707397 135.019 414 455858
-16.294 20.124 0.7 25.8934 -0.680617 0 -0 139.707 439 455858
-16.294 20.1166 0.156735 25.8934 -0.680795 -0.0209824 -0 138.019 430 455858
-16.7014 19.7872 0.7 25.8934 -0.701029 0 -0 142.144 452 455858
-16.7014 19.7797 0.156735 25.8934 -0.701215 -0.0209824 -0 140.457 443 455858
-16.7014 19.7797 1.24327 25.8934 -0.701215 0.0209824 -0 137.832 429 455858
-16.7014 19.7872 0.7 25.8934 -0.701029 0 -0.0707397 135.019 414 455858
-16.4147 20.273 0.7 26.0852 -0.680617 0 0.0707397 142.144 452 455858
-16.4147 20.2656 0.152711 26.0852 -0.680795 -0.0209824 0.0707397 139.519 438 455858
-16.8251 19.9338 0.7 26.0852 -0.701029 0 0.0707397 142.332 453 455858
-16.8251 19.9263 0.152711 26.0852 -0.701215 -0.0209824 0.0707397 140.457 443 455858
-16.4147 20.273 0.7 26.0852 -0.680617 0 -0 149.644 492 455858
-16.4147 20.2656 0.152711 26.0852 -0.680795 -0.0209824 -0 147.207 479 455858
-16.8251 19.9338 0.7 26.0852 -0.701029 0 -0 150.019 494 455858
-16.8251 19.9263 0.152711 26.0852 -0.701215 -0.0209824 -0 147.957 483 455858
-16.4147 20.273 0.7 26.0852 -0.680617 0 -0.0707397 142.519 454 455858
-16.4147 20.2656 0.152711 26.0852 -0.680795 -0.0209824 -0.0707397 140.082 441 455858
-16.8251 19.9338 0.7 26.0852 -0.701029 0 -0.0707397 142.894 456 455858
-16.8251 19.9263 0.152711 26.0852 -0.701215 -0.0209824 -0.0707397 141.019 446 455858
6.71072 25.583 4.05617 26.6606 0.256532 0.12622 -0 136.707 423 455858
6.2913 25.6894 4.05617 26.6606 0.240172 0.12622 -0 138.957 435 455858
6.2913 25.7563 3.49681 26.6606 0.239572 0.105098 -0 135.957 419 455858
6.2913 25.8835 1.81872 26.6606 0.238438 0.041974 -0 135.582 417 455858
6.33656 25.9416 3.51693 26.8524 0.239572 0.105098 0.0707397 135.582 417 455858
6.75899 25.8347 3.51693 26.8524 0.255889 0.105098 -0 142.144 452 455858
6.33656 25.9416 3.51693 26.8524 0.239572 0.105098 -0 143.082 457 455858
6.75899 25.8347 3.51693 26.8524 0.255889 0.105098 -0.0707397 135.019 414 455858
6.33656 25.9416 3.51693 26.8524 0.239572 0.105098 -0.0707397 136.144 420 455858
-15.5336 22.6051 0.7 27.4278 -0.602065 0 -0 134.332 405 455858
-15.9651 22.3025 0.7 27.4278 -0.621281 0 -0 137.519 422 455858
-15.9651 22.2951 0.124541 27.4278 -0.621438 -0.0209824 -0 134.707 407 455858
-16.3966 21.9872 0.7 27.4278 -0.640765 0 -0 137.144 420 455858
-16.3966 21.9797 0.124541 27.4278 -0.640929 -0.0209824 -0 134.894 408 455858
-16.8281 21.6587 0.7 27.4278 -0.660537 0 -0 134.894 408 455858
10.8627 25.3938 0.7 27.6196 0.404213 0 0.0707397 134.332 405 455858
10.4282 25.5753 0.7 27.6196 0.387164 0 0.0707397 136.582 417 455858
10.4282 25.5753 0.7 27.6196 0.387164 0 -0 143.332 453 455858
6.5176 26.8146 1.85897 27.6196 0.238438 0.041974 -0 143.894 456 455858
6.5176 26.8334 1.27948 27.6196 0.238277 0.0209824 -0 143.519 454 455858
6.0831 26.9165 1.85897 27.6196 0.222265 0.041974 -0 143.332 453 455858
10.8627 25.3938 0.7 27.6196 0.404213 0 -0.0707397 135.082 409 455858
-16.4117 22.9263 0.7 28.195 -0.621281 0 -0 139.019 430 455858
11.089 25.9229 0.7 28.195 0.404213 0 -0 139.582 433 455858
10.6454 26.1081 0.7 28.195 0.387164 0 -0 141.082 441 455858
6.65339 26.1171 8.98178 28.195 0.249446 0.298128 -0 141.457 443 455858
6.20983 26.2261 8.98178 28.195 0.232498 0.298128 -0 140.707 439 455858
10.6454 26.1081 0.7 28.195 0.387164 0 -0.0707397 135.082 409 455858
-16.0768 23.3955 0.7 28.3868 -0.602065 0 -0 140.144 436 455858
-16.5233 23.0823 0.7 28.3868 -0.621281 0 -0 140.144 436 455858
-19.6494 20.487 0.7 28.3868 -0.764533 0 -0 140.707 439 455858
-19.6494 20.4783 0.10442 28.3868 -0.764744 -0.0209824 -0 139.957 435 455858
-16.4026 23.8698 0.7 28.9622 -0.602065 0 -0 138.519 422 455858
2.73377 28.8329 0.7 28.9622 0.0945316 0 -0 135.332 405 455858
2.73377 28.8265 1.30765 28.9622 0.0945525 0.0209824 -0 137.019 414 455858
-16.0526 24.3366 0.7 29.1541 -0.583099 0 -0 146.207 463 455858
-16.0526 24.329 1.31168 29.1541 -0.583244 0.0209824 -0 143.957 451 455858
-16.5113 24.0278 0.7 29.1541 -0.602065 0 -0 142.082 441 455858
-16.5113 24.0201 1.31168 29.1541 -0.602216 0.0209824 -0 141.707 439 455858
-15.9017 25.1192 0.7 29.7295 -0.564368 0 -0 141.519 438 455858
-16.3694 24.817 0.7 29.7295 -0.583099 0 -0 143.394 448 455858
-16.3694 24.8091 0.076251 29.7295 -0.583244 -0.0209824 -0 141.519 438 455858
3.27389 29.5421 1.32375 29.7295 0.110371 0.0209824 -0 141.332 437 455858
8.9436 28.5534 0.7 29.9213 0.303544 0 -0 140.207 431 455858
3.29501 29.7327 1.32777 29.9213 0.110371 0.0209824 -0 139.644 428 455858
3.35838 30.3112 0.7 30.4967 0.110346 0 -0 141.019 430 455858
3.35838 30.3044 1.33985 30.4967 0.110371 0.0209824 -0 142.144 436 455858
2.87861 30.3605 0.7 30.4967 0.0945316 0 -0 141.957 435 455858
2.87861 30.3538 1.33985 30.4967 0.0945525 0.0209824 -0 143.644 444 455858
-7.24178 29.8148 0.0561301 30.6885 -0.238277 -0.0209824 0.0707397 137.832 413 455858
6.27621 30.0398 0.7 30.6885 0.205967 0 -0 153.582 497 455858
6.27621 30.0329 1.34387 30.6885 0.206013 0.0209824 -0 153.957 499 455858
5.79342 30.1298 1.34387 30.6885 0.189964 0.0209824 -0 150.957 483 455858
-7.24178 29.8148 0.0561301 30.6885 -0.238277 -0.0209824 -0.0707397 137.832 413 455858
6.84348 30.3091 0.7 31.0721 0.222066 0 0.0707397 155.644 508 455858
6.35466 30.4153 0.7 31.0721 0.205967 0 0.0707397 159.582 529 455858
6.35466 30.4083 1.35192 31.0721 0.206013 0.0209824 0.0707397 159.582 529 455858
5.86584 30.5064 1.35192 31.0721 0.189964 0.0209824 0.0707397 154.894 504 455858
6.84348 30.3091 0.7 31.0721 0.222066 0 -0 163.144 548 455858
6.35466 30.4153 0.7 31.0721 0.205967 0 -0 167.082 569 455858
6.35466 30.4083 1.35192 31.0721 0.206013 0.0209824 -0 166.894 568 455858
6.84348 30.3091 0.7 31.0721 0.222066 0 -0.0707397 156.019 510 455858
6.35466 30.4153 0.7 31.0721 0.205967 0 -0.0707397 159.957 531 455858
6.35466 30.4083 1.35192 31.0721 0.206013 0.0209824 -0.0707397 159.957 531 455858
6.88573 30.4962 0.7 31.2639 0.222066 0 -0 153.582 497 455858
6.39389 30.6031 0.7 31.2639 0.205967 0 -0 157.894 520 455858
6.39389 30.5961 1.35594 31.2639 0.206013 0.0209824 -0 157.332 517 455858
6.39389 30.6031 0.7 31.2639 0.205967 0 -0.0707397 151.707 487 455858
6.39389 30.5961 1.35594 31.2639 0.206013 0.0209824 -0.0707397 150.957 483 455858
6.43311 30.7908 0.7 31.4557 0.205967 0 -0 152.082 489 455858
6.43311 30.7838 1.35997 31.4557 0.206013 0.0209824 -0 152.644 492 455858
1.48456 31.4206 0.7 31.4557 0.047213 0 -0 152.832 493 455858
1.52077 32.187 0.7 32.2229 0.047213 0 -0 155.082 505 455858
1.52077 32.1799 0.0239366 32.2229 0.0472234 -0.0209824 -0 153.394 496 455858
1.01385 32.2069 0.7 32.2229 0.0314688 0 -0 152.644 492 455858
1.53888 32.5702 0.7 32.6065 0.047213 0 0.0707397 160.519 534 455858
1.53888 32.563 0.0158883 32.6065 0.0472234 -0.0209824 0.0707397 159.582 529 455858
1.02592 32.5904 0.7 32.6065 0.0314688 0 0.0707397 157.707 519 455858
1.02592 32.5832 0.0158883 32.6065 0.0314757 -0.0209824 0.0707397 156.207 511 455858
1.53888 32.5702 0.7 32.6065 0.047213 0 -0 168.207 575 455858
1.53888 32.563 0.0158883 32.6065 0.0472234 -0.0209824 -0 167.082 569 455858
1.02592 32.5904 0.7 32.6065 0.0314688 0 -0 165.207 559 455858
1.02592 32.5832 0.0158883 32.6065 0.0314757 -0.0209824 -0 163.707 551 455858
1.53888 32.5702 0.7 32.6065 0.047213 0 -0.0707397 161.082 537 455858
1.53888 32.563 0.0158883 32.6065 0.0472234 -0.0209824 -0.0707397 160.144 532 455858
1.02592 32.5904 0.7 32.6065 0.0314688 0 -0.0707397 158.269 522 455858
1.02592 32.5832 0.0158883 32.6065 0.0314757 -0.0209824 -0.0707397 156.957 515 455858
1.54793 32.7618 0.7 32.7983 0.047213 0 -0 158.144 516 455858
1.54793 32.7545 0.0118641 32.7983 0.0472234 -0.0209824 -0 158.894 520 455858
1.03195 32.7821 0.7 32.7983 0.0314688 0 -0 154.957 499 455858
1.03195 32.7748 0.0118641 32.7983 0.0314757 -0.0209824 -0 155.332 501 455858
1.54793 32.7618 0.7 32.7983 0.047213 0 -0.0707397 152.332 485 455858
1.54793 32.7545 0.0118641 32.7983 0.0472234 -0.0209824 -0.0707397 152.894 488 455858
-6.74692 32.2854 0.00783986 32.9901 -0.206013 -0.0209824 0.0707397 139.394 416 455858
-7.26592 32.18 0.7 32.9901 -0.222066 0 0.0707397 137.707 407 455858
-7.26592 32.1726 0.00783986 32.9901 -0.222116 -0.0209824 0.0707397 142.207 431 455858
-22.8357 23.5563 4.1608 32.9901 -0.769868 0.105098 0.0707397 137.894 408 455858
-7.26592 32.1726 0.00783986 32.9901 -0.222116 -0.0209824 -0 149.332 469 455858
1.55698 32.9534 0.7 32.9901 0.047213 0 -0 153.644 492 455858
1.55698 32.9461 0.00783986 32.9901 0.0472234 -0.0209824 -0 152.707 487 455858
-6.74692 32.2854 0.00783986 32.9901 -0.206013 -0.0209824 -0.0707397 139.207 415 455858
-7.26592 32.1726 0.00783986 32.9901 -0.222116 -0.0209824 -0.0707397 142.207 431 455858
-22.8357 23.5563 4.1608 32.9901 -0.769868 0.105098 -0.0707397 139.019 414 455858
5.28046 32.96 4.22116 33.5655 0.158858 0.105098 -0 143.144 436 455858
3.69633 33.175 4.22116 33.5655 0.110961 0.105098 -0 143.519 438 455858
10.0329 31.8369 4.22116 33.5655 0.305283 0.105098 -0.0707397 135.644 396 455858
5.28046 32.96 4.22116 33.5655 0.158858 0.105098 -0.0707397 136.582 401 455858
4.75242 33.0403 4.22116 33.5655 0.142857 0.105098 -0.0707397 136.019 398 455858
-16.463 29.4623 1.40826 33.7573 -0.50956 0.0209824 -0 139.394 416 455858
-16.994 29.1678 0.7 33.7573 -0.52755 0 -0 139.582 417 455858
-16.994 29.1592 1.40826 33.7573 -0.527678 0.0209824 -0 140.144 420 455858
10.2622 32.7631 0.7 34.3327 0.303544 0 -0 135.332 389 455858
10.2622 32.5646 4.30165 34.3327 0.305283 0.105098 -0 135.894 392 455858
4.86104 33.7109 5.02198 34.3327 0.143211 0.12622 -0 134.394 384 455858
4.86104 33.7955 4.30165 34.3327 0.142857 0.105098 -0 134.207 383 455858
-16.5656 30.9362 1.43643 35.0999 -0.491624 0.0209824 0.0707397 143.394 432 455858
-17.1178 30.6341 1.43643 35.0999 -0.50956 0.0209824 0.0707397 145.457 443 455858
5.52186 34.5375 3.6457 35.0999 0.158538 0.0840222 0.0707397 142.457 427 455858
-16.5656 30.9362 1.43643 35.0999 -0.491624 0.0209824 -0 150.707 471 455858
-17.1178 30.6341 1.43643 35.0999 -0.50956 0.0209824 -0 152.957 483 455858
-16.5656 30.9362 1.43643 35.0999 -0.491624 0.0209824 -0.0707397 143.957 435 455858
-17.1178 30.6341 1.43643 35.0999 -0.50956 0.0209824 -0.0707397 145.832 445 455858
5.52186 34.5375 3.6457 35.0999 0.158538 0.0840222 -0.0707397 144.332 437 455858
-7.21764 34.5379 -0.0404503 35.2917 -0.206013 -0.0209824 0.0707397 135.332 389 455858
5.55203 34.6551 4.40225 35.2917 0.158858 0.105098 0.0707397 137.207 399 455858
4.99683 34.6526 5.1427 35.2917 0.143211 0.12622 0.0707397 138.332 405 455858
4.99683 34.7395 4.40225 35.2917 0.142857 0.105098 0.0707397 140.019 414 455858
4.99683 34.8104 3.6618 35.2917 0.14257 0.0840222 0.0707397 136.644 396 455858
4.99683 34.7395 4.40225 35.2917 0.142857 0.105098 -0 147.332 453 455858
5.55203 34.6551 4.40225 35.2917 0.158858 0.105098 -0.0707397 139.457 411 455858
5.55203 34.7262 3.6618 35.2917 0.158538 0.0840222 -0.0707397 138.332 405 455858
4.99683 34.7395 4.40225 35.2917 0.142857 0.105098 -0.0707397 141.144 420 455858
4.99683 34.8104 3.6618 35.2917 0.14257 0.0840222 -0.0707397 139.082 409 455858
-18.0562 30.9908 0.7 35.8672 -0.52755 0 0.0707397 136.082 393 455858
6.77106 35.0934 3.71009 35.8672 0.190602 0.0840222 0.0707397 139.082 409 455858
6.77106 35.0934 3.71009 35.8672 0.190602 0.0840222 -0 146.207 447 455858
6.20681 35.1976 3.71009 35.8672 0.174548 0.0840222 -0 145.832 445 455858
6.77106 35.0934 3.71009 35.8672 0.190602 0.0840222 -0.0707397 138.707 407 455858
6.20681 35.1976 3.71009 35.8672 0.174548 0.0840222 -0.0707397 138.894 408 455858
5.64255 35.2924 3.71009 35.8672 0.158538 0.0840222 -0.0707397 136.269 394 455858
5.67273 35.4085 4.48274 36.059 0.158858 0.105098 0.0707397 136.457 395 455858
5.67273 35.4811 3.72619 36.059 0.158538 0.0840222 0.0707397 139.644 412 455858
6.80727 35.281 3.72619 36.059 0.190602 0.0840222 -0 144.894 440 455858
6.24 35.3858 3.72619 36.059 0.174548 0.0840222 -0 144.894 440 455858
5.67273 35.4811 3.72619 36.059 0.158538 0.0840222 -0 146.207 447 455858
5.67273 35.4085 4.48274 36.059 0.158858 0.105098 -0.0707397 135.894 392 455858
5.67273 35.4811 3.72619 36.059 0.158538 0.0840222 -0.0707397 138.707 407 455858
1.72897 36.5855 -0.0686197 36.6344 0.0472234 -0.0209824 0.0707397 147.957 451 455858
1.72897 36.5855 1.46862 36.6344 0.0472234 0.0209824 0.0707397 153.207 479 455858
1.15265 36.6082 1.46862 36.6344 0.0314757 0.0209824 0.0707397 153.582 481 455858
1.72897 36.5855 1.46862 36.6344 0.0472234 0.0209824 -0 160.332 517 455858
1.15265 36.6082 1.46862 36.6344 0.0314757 0.0209824 -0 160.519 518 455858
1.72897 36.5855 1.46862 36.6344 0.0472234 0.0209824 -0.0707397 153.019 478 455858
1.15265 36.6082 1.46862 36.6344 0.0314757 0.0209824 -0.0707397 153.394 480 455858
1.73803 36.777 -0.0726438 36.8262 0.0472234 -0.0209824 0.0707397 153.207 479 455858
1.73803 36.777 1.47264 36.8262 0.0472234 0.0209824 0.0707397 155.269 490 455858
1.15868 36.7998 -0.0726438 36.8262 0.0314757 -0.0209824 0.0707397 151.519 470 455858
1.15868 36.7998 1.47264 36.8262 0.0314757 0.0209824 0.0707397 155.082 489 455858
1.73803 36.777 -0.0726438 36.8262 0.0472234 -0.0209824 -0 160.707 519 455858
1.73803 36.777 1.47264 36.8262 0.0472234 0.0209824 -0 162.957 531 455858
1.15868 36.7998 -0.0726438 36.8262 0.0314757 -0.0209824 -0 159.394 512 455858
1.15868 36.7998 1.47264 36.8262 0.0314757 0.0209824 -0 162.957 531 455858
1.73803 36.777 -0.0726438 36.8262 0.0472234 -0.0209824 -0.0707397 154.144 484 455858
1.73803 36.777 1.47264 36.8262 0.0472234 0.0209824 -0.0707397 156.207 495 455858
1.15868 36.7998 -0.0726438 36.8262 0.0314757 -0.0209824 -0.0707397 152.457 475 455858
1.15868 36.7998 1.47264 36.8262 0.0314757 0.0209824 -0.0707397 156.207 495 455858
-15.2983 34.1298 0.7 37.4016 -0.421388 0 0.0707397 147.207 447 455858
-15.8867 33.8599 0.7 37.4016 -0.438696 0 0.0707397 149.644 460 455858
-15.2983 34.1298 0.7 37.4016 -0.421388 0 -0 153.957 483 455858
-15.8867 33.8599 0.7 37.4016 -0.438696 0 -0 156.957 499 455858
-15.8867 33.8508 -0.0847164 37.4016 -0.438799 -0.0209824 -0 151.707 471 455858
-15.8867 33.8508 1.48472 37.4016 -0.438799 0.0209824 -0 152.269 474 455858
-15.8867 33.8599 0.7 37.4016 -0.438696 0 -0.0707397 150.019 462 455858
-15.3767 34.3048 0.7 37.5934 -0.421388 0 0.0707397 154.707 487 455858
-15.9681 34.0335 0.7 37.5934 -0.438696 0 0.0707397 156.019 494 455858
-15.9681 34.0244 -0.0887406 37.5934 -0.438799 -0.0209824 0.0707397 151.707 471 455858
-15.9681 34.0244 1.48874 37.5934 -0.438799 0.0209824 0.0707397 151.332 469 455858
-15.3767 34.3048 0.7 37.5934 -0.421388 0 -0 162.207 527 455858
-15.9681 34.0335 0.7 37.5934 -0.438696 0 -0 163.519 534 455858
-15.9681 34.0244 -0.0887406 37.5934 -0.438799 -0.0209824 -0 159.207 511 455858
-15.9681 34.0244 1.48874 37.5934 -0.438799 0.0209824 -0 159.019 510 455858
-15.3767 34.3048 0.7 37.5934 -0.421388 0 -0.0707397 154.707 487 455858
-15.9681 34.0335 0.7 37.5934 -0.438696 0 -0.0707397 156.394 496 455858
-15.9681 34.0244 -0.0887406 37.5934 -0.438799 -0.0209824 -0.0707397 151.894 472 455858
-15.9681 34.0244 1.48874 37.5934 -0.438799 0.0209824 -0.0707397 151.894 472 455858
6.00464 37.4802 4.70407 38.1688 0.158858 0.105098 0.0707397 136.144 388 455858
6.00464 37.5572 3.90325 38.1688 0.158538 0.0840222 0.0707397 135.582 385 455858
6.60511 37.3791 4.70407 38.1688 0.1749 0.105098 -0 138.582 401 455858
6.60511 37.4562 3.90325 38.1688 0.174548 0.0840222 -0 138.582 401 455858
6.00464 37.4802 4.70407 38.1688 0.158858 0.105098 -0 140.457 411 455858
6.00464 37.5572 3.90325 38.1688 0.158538 0.0840222 -0 139.707 407 455858
24.5014 30.2494 1.51691 38.936 0.680795 0.0209824 -0 139.957 403 455858
-15.9259 35.53 0.7 38.936 -0.421388 0 -0 141.082 409 455858
6.15551 38.6319 1.52093 39.1278 0.158009 0.0209824 0.0707397 134.144 372 455858
-15.3888 35.9652 -0.120934 39.1278 -0.404307 -0.0209824 -0 143.332 421 455858
6.15551 38.6319 1.52093 39.1278 0.158009 0.0209824 -0 139.394 400 455858
5.53996 38.7249 1.52093 39.1278 0.142095 0.0209824 -0.0707397 133.207 367 455858
-6.90383 39.2931 0.7 39.895 -0.173925 0 0.0707397 133.957 371 455858
-6.90383 39.2931 0.7 39.895 -0.173925 0 -0.0707397 135.457 379 455858
6.27621 39.3894 1.53703 39.895 0.158009 0.0209824 -0.0707397 133.582 369 455858
-15.9168 37.1993 -0.149103 40.4704 -0.404307 -0.0209824 -0 139.394 400 455858
-15.3526 37.6429 1.55313 40.6622 -0.387253 0.0209824 0.0707397 138.644 396 455858
-15.9923 37.3756 1.55313 40.6622 -0.404307 0.0209824 0.0707397 139.394 400 455858
-15.3526 37.6526 0.7 40.6622 -0.387164 0 -0 143.519 422 455858
-15.3526 37.6429 1.55313 40.6622 -0.387253 0.0209824 -0 145.582 433 455858
-15.9923 37.3854 0.7 40.6622 -0.404213 0 -0 145.394 432 455858
-15.9923 37.3756 1.55313 40.6622 -0.404307 0.0209824 -0 146.894 440 455858
-15.3526 37.6429 1.55313 40.6622 -0.387253 0.0209824 -0.0707397 137.894 392 455858
-15.9923 37.3854 0.7 40.6622 -0.404213 0 -0.0707397 139.394 400 455858
-15.9923 37.3756 1.55313 40.6622 -0.404307 0.0209824 -0.0707397 140.707 407 455858
-19.4623 36.191 -2.7608 41.2376 -0.493402 -0.0840222 -0 139.644 396 455858
-20.111 35.9908 1.5652 41.2376 -0.50956 0.0209824 -0 140.394 400 455858
32.3798 26.7573 0.7 42.0049 0.880188 0 -0 134.957 371 455858
32.3798 26.7428 1.5813 42.0049 0.880455 0.0209824 -0 135.332 373 455858
28.4149 30.9354 0.7 42.0049 0.742956 0 -0 134.582 369 455858
-23.1284 35.0529 1.5813 42.0049 -0.583244 0.0209824 -0 135.144 372 455858
6.60812 41.4443 2.46259 42.0049 0.158115 0.041974 -0 134.207 367 455858
6.60812 41.4724 1.5813 42.0049 0.158009 0.0209824 -0 136.082 377 455858
5.94731 41.5723 1.5813 42.0049 0.142095 0.0209824 -0 134.957 371 455858
-6.6383 41.6618 1.58532 42.1967 -0.158009 0.0209824 0.0707397 138.707 391 455858
-7.30213 41.5506 1.58532 42.1967 -0.173964 0.0209824 0.0707397 138.707 391 455858
29.8723 29.7895 1.58532 42.1967 0.786786 0.0209824 0.0707397 134.207 367 455858
29.2085 30.4407 1.58532 42.1967 0.764744 0.0209824 0.0707397 135.519 374 455858
-15.2681 39.3276 1.58532 42.1967 -0.370317 0.0209824 0.0707397 135.707 375 455858
-6.6383 41.6618 1.58532 42.1967 -0.158009 0.0209824 -0 146.019 430 455858
-7.30213 41.5506 1.58532 42.1967 -0.173964 0.0209824 -0 146.207 431 455858
-6.6383 41.6618 1.58532 42.1967 -0.158009 0.0209824 -0.0707397 138.519 390 455858
-7.30213 41.5506 1.58532 42.1967 -0.173964 0.0209824 -0.0707397 138.707 391 455858
29.8723 29.7895 1.58532 42.1967 0.786786 0.0209824 -0.0707397 136.644 380 455858
29.2085 30.4407 1.58532 42.1967 0.764744 0.0209824 -0.0707397 137.394 384 455858
28.9339 31.5004 0.7 42.7721 0.742956 0 0.0707397 143.019 414 455858
28.9339 31.4876 1.59739 42.7721 0.743158 0.0209824 0.0707397 142.082 409 455858
28.261 32.1055 0.7 42.7721 0.721799 0 0.0707397 145.269 426 455858
28.261 32.0929 1.59739 42.7721 0.721993 0.0209824 0.0707397 144.519 422 455858
28.9339 31.5004 0.7 42.7721 0.742956 0 -0 148.082 441 455858
28.9339 31.4876 1.59739 42.7721 0.743158 0.0209824 -0 147.144 436 455858
28.261 32.1055 0.7 42.7721 0.721799 0 -0 150.894 456 455858
28.261 32.0929 1.59739 42.7721 0.721993 0.0209824 -0 149.582 449 455858
28.9339 31.5004 0.7 42.7721 0.742956 0 -0.0707397 139.832 397 455858
28.9339 31.4876 1.59739 42.7721 0.743158 0.0209824 -0.0707397 138.519 390 455858
28.261 32.1055 0.7 42.7721 0.721799 0 -0.0707397 142.457 411 455858
28.261 32.0929 1.59739 42.7721 0.721993 0.0209824 -0.0707397 140.957 403 455858
29.0637 31.6417 0.7 42.9639 0.742956 0 0.0707397 135.519 374 455858
28.3878 32.2495 0.7 42.9639 0.721799 0 0.0707397 138.144 388 455858
28.3878 32.2369 1.60142 42.9639 0.721993 0.0209824 0.0707397 136.457 379 455858
29.0637 31.6417 0.7 42.9639 0.742956 0 -0 143.207 415 455858
28.3878 32.2495 0.7 42.9639 0.721799 0 -0 146.582 433 455858
28.3878 32.2369 1.60142 42.9639 0.721993 0.0209824 -0 145.082 425 455858
29.0637 31.6417 0.7 42.9639 0.742956 0 -0.0707397 136.269 378 455858
29.0637 31.6288 1.60142 42.9639 0.743158 0.0209824 -0.0707397 135.144 372 455858
28.3878 32.2495 0.7 42.9639 0.721799 0 -0.0707397 139.644 396 455858
28.3878 32.2369 1.60142 42.9639 0.721993 0.0209824 -0.0707397 138.144 388 455858
-20.277 37.7059 -2.90567 42.9639 -0.493402 -0.0840222 -0.0707397 134.394 368 455858
6.84952 42.9874 1.61349 43.5393 0.158009 0.0209824 0.0707397 135.957 371 455858
6.16457 43.0619 2.52698 43.5393 0.14219 0.041974 0.0707397 135.957 371 455858
6.16457 43.091 1.61349 43.5393 0.142095 0.0209824 0.0707397 138.394 384 455858
6.84952 42.9874 1.61349 43.5393 0.158009 0.0209824 -0 143.082 409 455858
6.16457 43.0619 2.52698 43.5393 0.14219 0.041974 -0 143.269 410 455858
6.16457 43.091 1.61349 43.5393 0.142095 0.0209824 -0 146.082 425 455858
6.84952 42.9874 1.61349 43.5393 0.158009 0.0209824 -0.0707397 136.519 374 455858
6.16457 43.0619 2.52698 43.5393 0.14219 0.041974 -0.0707397 136.707 375 455858
6.16457 43.091 1.61349 43.5393 0.142095 0.0209824 -0.0707397 139.519 390 455858
28.2067 33.4184 0.7 43.7311 0.701029 0 0.0707397 136.144 372 455858
28.2067 33.4058 1.61751 43.7311 0.701215 0.0209824 0.0707397 136.707 375 455858
6.87969 43.1768 1.61751 43.7311 0.158009 0.0209824 0.0707397 131.457 347 455858
6.19172 43.2808 1.61751 43.7311 0.142095 0.0209824 0.0707397 132.957 355 455858
5.50375 43.3737 1.61751 43.7311 0.126217 0.0209824 0.0707397 131.644 348 455858
28.2067 33.4184 0.7 43.7311 0.701029 0 -0.0707397 135.957 371 455858
28.2067 33.4058 1.61751 43.7311 0.701215 0.0209824 -0.0707397 135.957 371 455858
6.19172 43.2808 1.61751 43.7311 0.142095 0.0209824 -0.0707397 134.269 362 455858
5.50375 43.3445 2.53503 43.7311 0.126301 0.041974 -0.0707397 133.144 356 455858
5.50375 43.3737 1.61751 43.7311 0.126217 0.0209824 -0.0707397 133.332 357 455858
-16.0315 41.3044 0.7 44.3065 -0.370232 0 0.0707397 138.394 384 455858
-16.0315 41.294 -0.229587 44.3065 -0.370317 -0.0209824 0.0707397 136.144 372 455858
-16.0315 41.294 1.62959 44.3065 -0.370317 0.0209824 0.0707397 134.457 363 455858
-16.7285 41.0271 0.7 44.3065 -0.387164 0 0.0707397 135.957 371 455858
-16.0315 41.3044 0.7 44.3065 -0.370232 0 -0 145.332 421 455858
-16.0315 41.294 -0.229587 44.3065 -0.370317 -0.0209824 -0 143.269 410 455858
-16.0315 41.3044 0.7 44.3065 -0.370232 0 -0.0707397 137.082 377 455858
-16.0315 41.294 -0.229587 44.3065 -0.370317 -0.0209824 -0.0707397 136.144 372 455858
-16.7285 41.0271 0.7 44.3065 -0.387164 0 -0.0707397 134.832 365 455858
6.27319 43.8207 2.55917 44.3065 0.14219 0.041974 -0.0707397 135.207 367 455858
6.27319 43.8503 1.62959 44.3065 0.142095 0.0209824 -0.0707397 135.582 369 455858
-16.1009 41.4832 0.7 44.4983 -0.370232 0 0.0707397 131.269 346 455858
7.00039 43.9343 1.63361 44.4983 0.158009 0.0209824 0.0707397 132.957 355 455858
6.30035 44.05 0.7 44.4983 0.142064 0 0.0707397 131.644 348 455858
6.30035 44.0401 1.63361 44.4983 0.142095 0.0209824 0.0707397 133.144 356 455858
-16.1009 41.4832 0.7 44.4983 -0.370232 0 -0 139.144 388 455858
7.00039 43.9343 1.63361 44.4983 0.158009 0.0209824 -0 139.894 392 455858
6.30035 44.05 0.7 44.4983 0.142064 0 -0 139.332 389 455858
6.30035 44.0401 1.63361 44.4983 0.142095 0.0209824 -0 140.082 393 455858
-16.1009 41.4832 0.7 44.4983 -0.370232 0 -0.0707397 132.394 352 455858
7.00039 43.9343 1.63361 44.4983 0.158009 0.0209824 -0.0707397 132.394 352 455858
6.30035 44.05 0.7 44.4983 0.142064 0 -0.0707397 132.019 350 455858
6.30035 44.0401 1.63361 44.4983 0.142095 0.0209824 -0.0707397 132.394 352 455858
0 45.0638 -0.245684 45.0737 0 -0.0209824 0.0707397 144.394 416 455858
-2.83636 44.9844 0.7 45.0737 -0.0629689 0 0.0707397 139.144 388 455858
-2.83636 44.9744 -0.245684 45.0737 -0.0629827 -0.0209824 0.0707397 139.332 389 455858
0 45.0737 0.7 45.0737 0 0 -0 150.582 449 455858
0 45.0638 -0.245684 45.0737 0 -0.0209824 -0 152.644 460 455858
0 45.0638 -0.245684 45.0737 0 -0.0209824 -0.0707397 145.894 424 455858
-2.12727 45.0235 0.7 45.0737 -0.047213 0 -0.0707397 140.269 394 455858
-2.12727 45.0135 -0.245684 45.0737 -0.0472234 -0.0209824 -0.0707397 141.957 403 455858
-2.83636 44.9844 0.7 45.0737 -0.0629689 0 -0.0707397 140.832 397 455858
-2.83636 44.9744 -0.245684 45.0737 -0.0629827 -0.0209824 -0.0707397 141.957 403 455858
-3.56054 45.1253 0.7 45.2655 -0.0787404 0 0.0707397 142.144 404 455858
-3.56054 45.1153 -0.249708 45.2655 -0.0787578 -0.0209824 0.0707397 141.957 403 455858
-4.27265 45.0634 0.7 45.2655 -0.0945316 0 0.0707397 142.144 404 455858
-4.27265 45.0534 -0.249708 45.2655 -0.0945525 -0.0209824 0.0707397 141.394 400 455858
-3.56054 45.1253 0.7 45.2655 -0.0787404 0 -0 149.457 443 455858
-3.56054 45.1153 -0.249708 45.2655 -0.0787578 -0.0209824 -0 148.894 440 455858
-4.27265 45.0634 0.7 45.2655 -0.0945316 0 -0 148.707 439 455858
-4.27265 45.0534 -0.249708 45.2655 -0.0945525 -0.0209824 -0 148.332 437 455858
-3.56054 45.1253 0.7 45.2655 -0.0787404 0 -0.0707397 142.144 404 455858
-3.56054 45.1153 -0.249708 45.2655 -0.0787578 -0.0209824 -0.0707397 141.582 401 455858
-4.27265 45.0634 0.7 45.2655 -0.0945316 0 -0.0707397 141.207 399 455858
-4.27265 45.0534 -0.249708 45.2655 -0.0945525 -0.0209824 -0.0707397 141.394 400 455858
-5.09037 45.9434 0.7 46.2245 -0.110346 0 0.0707397 138.019 382 455858
-8.72635 45.3934 0.7 46.2245 -0.189921 0 0.0707397 138.207 383 455858
-9.45354 45.2475 0.7 46.2245 -0.205967 0 0.0707397 139.332 389 455858
-21.2637 41.475 0.7 46.6081 -0.473746 0 0.0707397 134.144 356 455858
-10.9985 45.2918 0.7 46.6081 -0.238224 0 -0 140.894 392 455858
-10.9985 45.2918 0.7 46.6081 -0.238224 0 -0.0707397 134.519 358 455858
-11.7317 45.1075 0.7 46.6081 -0.254446 0 -0.0707397 133.019 350 455858
-11.78 45.2931 0.7 46.7999 -0.254446 0 0.0707397 134.707 359 455858
-12.5162 45.0952 0.7 46.7999 -0.270736 0 0.0707397 133.957 355 455858
28.7137 36.9562 0.7 46.7999 0.660537 0 0.0707397 132.644 348 455858
27.9774 37.5166 0.7 46.7999 0.640765 0 0.0707397 132.082 345 455858
-11.78 45.2931 0.7 46.7999 -0.254446 0 -0 142.394 400 455858
-12.5162 45.0952 0.7 46.7999 -0.270736 0 -0 140.894 392 455858
-11.78 45.2931 0.7 46.7999 -0.254446 0 -0.0707397 134.894 360 455858
-12.5162 45.0952 0.7 46.7999 -0.270736 0 -0.0707397 132.832 349 455858
28.7137 36.9431 -0.281902 46.7999 0.660708 -0.0209824 -0.0707397 131.519 342 455858
-20.6994 42.1872 0.7 46.9917 -0.456145 0 0.0707397 131.707 343 455858
-21.4387 41.8163 0.7 46.9917 -0.473746 0 0.0707397 133.207 351 455858
-14.9663 45.1513 0.7 47.5671 -0.320073 0 0.0707397 133.207 351 455858
-15.7147 44.8963 0.7 47.5671 -0.336693 0 0.0707397 133.394 352 455858
-19.4562 43.3946 1.698 47.5671 -0.421486 0.0209824 0.0707397 132.082 345 455858
-21.7012 42.3284 0.7 47.5671 -0.473746 0 0.0707397 132.082 345 455858
-14.9663 45.1513 0.7 47.5671 -0.320073 0 -0 139.957 387 455858
-15.7147 44.8963 0.7 47.5671 -0.336693 0 -0 140.332 389 455858
-14.9663 45.1513 0.7 47.5671 -0.320073 0 -0.0707397 133.207 351 455858
-15.7147 44.8963 0.7 47.5671 -0.336693 0 -0.0707397 133.394 352 455858
28.5507 38.2854 0.7 47.7589 0.640765 0 0.0707397 132.457 347 455858
28.5507 38.2723 -0.302023 47.7589 0.640929 -0.0209824 0.0707397 131.707 343 455858
23.4785 42.0294 0.7 48.1425 0.509437 0 -0.0707397 133.207 351 455858
25.0928 41.2607 -1.32819 48.3344 0.546391 -0.041974 0.0707397 133.207 351 455858
25.0928 41.3106 0.7 48.3344 0.545856 0 -0.0707397 133.019 350 455858
25.0928 41.2607 -1.32819 48.3344 0.546391 -0.041974 -0.0707397 134.519 358 455858
25.0928 41.1984 -2.34229 48.3344 0.547063 -0.0629841 -0.0707397 132.832 349 455858
-24.4289 41.9287 0.7 48.5262 -0.52755 0 0.0707397 131.894 344 455858
27.6998 40.3099 0.7 48.9098 0.602065 0 -0 134.019 350 455858
26.9304 40.8279 0.7 48.9098 0.583099 0 -0 135.519 358 455858
-24.6221 42.2601 0.7 48.9098 -0.52755 0 -0 134.207 351 455858
-25.3915 41.8024 0.7 48.9098 -0.545856 0 -0 134.207 351 455858
10.0027 47.865 1.72617 48.9098 0.206013 0.0209824 -0 134.582 353 455858
9.23327 48.0194 1.72617 48.9098 0.189964 0.0209824 -0 136.644 364 455858
5.38607 48.6015 1.72617 48.9098 0.110371 0.0209824 -0 133.832 349 455858
10.0419 48.0527 1.73019 49.1016 0.206013 0.0209824 0.0707397 137.207 367 455858
9.26948 48.2077 1.73019 49.1016 0.189964 0.0209824 0.0707397 138.707 375 455858
4.63474 48.8823 0.7 49.1016 0.0945316 0 0.0707397 139.269 378 455858
4.63474 48.8715 1.73019 49.1016 0.0945525 0.0209824 0.0707397 136.832 365 455858
3.86228 48.9494 0.7 49.1016 0.0787404 0 0.0707397 136.644 364 455858
9.26948 48.2077 1.73019 49.1016 0.189964 0.0209824 -0 144.894 408 455858
4.63474 48.8823 0.7 49.1016 0.0945316 0 -0 146.207 415 455858
10.0419 48.0637 0.7 49.1016 0.205967 0 -0.0707397 135.144 356 455858
10.0419 48.0527 1.73019 49.1016 0.206013 0.0209824 -0.0707397 136.269 362 455858
9.26948 48.2077 1.73019 49.1016 0.189964 0.0209824 -0.0707397 137.582 369 455858
4.63474 48.8823 0.7 49.1016 0.0945316 0 -0.0707397 138.707 375 455858
4.63474 48.8715 1.73019 49.1016 0.0945525 0.0209824 -0.0707397 136.832 365 455858
3.86228 48.9494 0.7 49.1016 0.0787404 0 -0.0707397 136.082 361 455858
10.0812 48.2404 1.73422 49.2934 0.206013 0.0209824 0.0707397 135.894 360 455858
9.30569 48.396 1.73422 49.2934 0.189964 0.0209824 0.0707397 138.332 373 455858
-27.3528 41.4684 0.7 49.677 -0.583099 0 -0 133.644 348 455858
22.6638 44.2058 0.7 49.677 0.473746 0 -0 132.894 344 455858
-28.1343 40.9289 1.74226 49.677 -0.602216 0.0209824 -0 133.082 345 455858
8.5966 48.9164 1.74226 49.677 0.173964 0.0209824 -0 132.707 343 455858
6.25207 49.1827 3.82679 49.677 0.126441 0.0629841 -0 133.832 349 455858
6.25207 49.2379 2.78453 49.677 0.126301 0.041974 -0 133.082 345 455858
-28.2429 41.1003 0.7 49.8688 -0.602065 0 -0 136.269 362 455858
21.9667 44.7701 0.7 49.8688 0.456145 0 -0 135.519 358 455858
21.1822 45.1465 0.7 49.8688 0.438696 0 -0 136.644 364 455858
6.30035 49.6625 0.7 50.0606 0.126189 0 0.0707397 133.644 348 455858
6.30035 49.6514 -0.350313 50.0606 0.126217 -0.0209824 0.0707397 133.082 345 455858
-24.6009 44.0387 0.7 50.4442 -0.509437 0 -0 134.019 350 455858
-24.6009 44.026 1.75836 50.4442 -0.50956 0.0209824 -0 135.519 358 455858
21.4266 45.6552 1.75836 50.4442 0.438799 0.0209824 -0 134.394 352 455858
20.633 46.0193 1.75836 50.4442 0.421486 0.0209824 -0 134.019 350 455858
7.93578 49.8048 1.75836 50.4442 0.158009 0.0209824 -0 133.457 347 455858
-23.1013 45.0592 0.7 50.636 -0.473746 0 -0 132.519 342 455858
18.3217 47.1931 1.76239 50.636 0.370317 0.0209824 -0 134.207 351 455858
10.3557 49.5543 1.76239 50.636 0.206013 0.0209824 -0 132.519 342 455858
3.22259 51.0986 1.77446 51.2114 0.0629827 0.0209824 -0 133.269 346 455858
25.8773 44.4146 0.7 51.4032 0.52755 0 -0 133.832 349 455858
25.8773 44.4015 1.77848 51.4032 0.527678 0.0209824 -0 133.832 349 455858
25.0686 44.876 0.7 51.4032 0.509437 0 -0 134.207 351 455858
25.0686 44.863 1.77848 51.4032 0.50956 0.0209824 -0 134.394 352 455858
4.85199 51.1737 0.7 51.4032 0.0945316 0 -0 134.394 352 455858
4.04333 51.2439 0.7 51.4032 0.0787404 0 -0 133.644 348 455858
20.4429 47.7773 1.79055 51.9786 0.404307 0.0209824 0.0707397 133.894 344 455858
19.6252 48.1313 0.7 51.9786 0.387164 0 0.0707397 135.957 355 455858
19.6252 48.119 1.79055 51.9786 0.387253 0.0209824 0.0707397 138.394 368 455858
19.6252 48.1313 0.7 51.9786 0.387164 0 -0 142.707 391 455858
19.6252 48.119 1.79055 51.9786 0.387253 0.0209824 -0 144.957 403 455858
18.8075 48.4444 1.79055 51.9786 0.370317 0.0209824 -0 140.644 380 455858
19.6252 48.1313 0.7 51.9786 0.387164 0 -0.0707397 135.394 352 455858
19.6252 48.119 1.79055 51.9786 0.387253 0.0209824 -0.0707397 137.269 362 455858
18.8075 48.4444 1.79055 51.9786 0.370317 0.0209824 -0.0707397 133.894 344 455858
19.6976 48.2965 1.79458 52.1704 0.387253 0.0209824 0.0707397 133.894 344 455858
20.5184 47.9536 1.79458 52.1704 0.404307 0.0209824 -0 138.394 368 455858
19.6976 48.3089 0.7 52.1704 0.387164 0 -0 141.582 385 455858
19.6976 48.2965 1.79458 52.1704 0.387253 0.0209824 -0 142.519 390 455858
19.6976 48.3089 0.7 52.1704 0.387164 0 -0.0707397 134.832 349 455858
19.6976 48.2965 1.79458 52.1704 0.387253 0.0209824 -0.0707397 135.394 352 455858
0 52.7458 0.7 52.7458 0 0 0.0707397 148.332 421 455858
0 52.7342 1.80665 52.7458 0 0.0209824 0.0707397 146.832 413 455858
-0.829787 52.7393 0.7 52.7458 -0.0157325 0 0.0707397 147.582 417 455858
-0.829787 52.7277 1.80665 52.7458 -0.0157359 0.0209824 0.0707397 147.207 415 455858
0 52.7458 0.7 52.7458 0 0 -0 156.019 462 455858
0 52.7342 1.80665 52.7458 0 0.0209824 -0 154.707 455 455858
-0.829787 52.7393 0.7 52.7458 -0.0157325 0 -0 155.644 460 455858
-0.829787 52.7277 1.80665 52.7458 -0.0157359 0.0209824 -0 155.082 457 455858
0 52.7458 0.7 52.7458 0 0 -0.0707397 149.644 428 455858
0 52.7342 1.80665 52.7458 0 0.0209824 -0.0707397 148.519 422 455858
-0.829787 52.7393 0.7 52.7458 -0.0157325 0 -0.0707397 149.644 428 455858
-0.829787 52.7277 1.80665 52.7458 -0.0157359 0.0209824 -0.0707397 149.082 425 455858
1.66561 52.8998 1.81068 52.9376 0.0314757 0.0209824 0.0707397 140.269 378 455858
1.66561 52.8648 2.92135 52.9376 0.0314966 0.041974 -0 146.832 413 455858
1.66561 52.8998 1.81068 52.9376 0.0314757 0.0209824 -0 148.519 422 455858
0.832805 52.8844 2.92135 52.9376 0.0157463 0.041974 -0 145.707 407 455858
0.832805 52.9194 1.81068 52.9376 0.0157359 0.0209824 -0 146.832 413 455858
1.66561 52.8648 2.92135 52.9376 0.0314966 0.041974 -0.0707397 139.707 375 455858
1.66561 52.8998 1.81068 52.9376 0.0314757 0.0209824 -0.0707397 141.582 385 455858
-0.835822 53.1229 0.7 53.1294 -0.0157325 0 0.0707397 145.894 408 455858
-0.835822 53.1112 1.8147 53.1294 -0.0157359 0.0209824 0.0707397 143.644 396 455858
-1.67164 53.1031 0.7 53.1294 -0.0314688 0 0.0707397 145.332 405 455858
-1.67164 53.0914 1.8147 53.1294 -0.0314757 0.0209824 0.0707397 144.019 398 455858
1.67164 53.1031 0.7 53.1294 0.0314688 0 0.0707397 145.332 405 455858
-2.52557 53.4534 0.7 53.513 -0.047213 0 0.0707397 149.644 428 455858
-2.52557 53.4416 -0.422748 53.513 -0.0472234 -0.0209824 0.0707397 147.957 419 455858
-3.36743 53.407 0.7 53.513 -0.0629689 0 0.0707397 149.269 426 455858
-2.52557 53.4534 0.7 53.513 -0.047213 0 -0 157.519 470 455858
-2.52557 53.4416 -0.422748 53.513 -0.0472234 -0.0209824 -0 154.894 456 455858
-3.36743 53.407 0.7 53.513 -0.0629689 0 -0 156.957 467 455858
-2.52557 53.4534 0.7 53.513 -0.047213 0 -0.0707397 150.207 431 455858
-2.52557 53.4416 -0.422748 53.513 -0.0472234 -0.0209824 -0.0707397 148.332 421 455858
-3.36743 53.407 0.7 53.513 -0.0629689 0 -0.0707397 149.832 429 455858
-4.22437 53.5384 0.7 53.7048 -0.0787404 0 0.0707397 144.582 401 455858
-4.22437 53.5266 -0.426772 53.7048 -0.0787578 -0.0209824 0.0707397 145.332 405 455858
-5.06925 53.4532 -0.426772 53.7048 -0.0945525 -0.0209824 0.0707397 140.082 377 455858
-4.22437 53.5384 0.7 53.7048 -0.0787404 0 -0 152.082 441 455858
-4.22437 53.5266 -0.426772 53.7048 -0.0787578 -0.0209824 -0 152.082 441 455858
-3.3795 53.5984 0.7 53.7048 -0.0629689 0 -0.0707397 143.082 393 455858
-3.3795 53.5866 -0.426772 53.7048 -0.0629827 -0.0209824 -0.0707397 141.957 387 455858
-3.3795 53.5866 1.82677 53.7048 -0.0629827 0.0209824 -0.0707397 142.144 388 455858
-4.22437 53.5384 0.7 53.7048 -0.0787404 0 -0.0707397 145.144 404 455858
-4.22437 53.5266 -0.426772 53.7048 -0.0787578 -0.0209824 -0.0707397 144.394 400 455858
-8.47892 53.2255 0.7 53.8966 -0.157974 0 0.0707397 145.144 404 455858
-9.32681 53.0835 0.7 53.8966 -0.173925 0 0.0707397 146.457 411 455858
-12.8542 52.9337 0.7 54.472 -0.238224 0 0.0707397 141.207 383 455858
-12.8542 52.9213 1.84287 54.472 -0.238277 0.0209824 0.0707397 140.457 379 455858
-13.7111 52.7182 0.7 54.472 -0.254446 0 0.0707397 140.082 377 455858
-12.8994 53.1201 0.7 54.6638 -0.238224 0 0.0707397 137.082 361 455858
-13.7594 52.9038 0.7 54.6638 -0.254446 0 0.0707397 137.644 364 455858
13.7594 52.9038 0.7 54.6638 0.254446 0 0.0707397 136.519 358 455858
0 55.0353 1.85494 55.0475 0 0.0209824 0.0707397 139.582 369 455858
0.865996 55.0285 1.85494 55.0475 0.0157359 0.0209824 0.0707397 140.332 373 455858
0.865996 55.0285 1.85494 55.0475 0.0157359 0.0209824 -0 148.207 415 455858
0 55.0353 1.85494 55.0475 0 0.0209824 -0.0707397 140.144 372 455858
0.865996 55.0285 1.85494 55.0475 0.0157359 0.0209824 -0.0707397 141.457 379 455858
-0.869014 55.2203 1.85897 55.2393 -0.0157359 0.0209824 0.0707397 136.582 353 455858
-0.869014 55.2203 1.85897 55.2393 -0.0157359 0.0209824 -0 144.832 397 455858
-0.869014 55.2203 1.85897 55.2393 -0.0157359 0.0209824 -0.0707397 137.894 360 455858
-8.78066 55.1072 -0.471038 55.8147 -0.158009 -0.0209824 -0 150.832 429 455858
-8.78066 55.1072 -0.471038 55.8147 -0.158009 -0.0209824 -0.0707397 144.644 396 455858
-4.40542 55.7835 -1.65013 56.0065 -0.07881 -0.041974 0.0707397 139.394 368 455858
-4.40542 55.7835 -1.65013 56.0065 -0.07881 -0.041974 -0.0707397 142.207 383 455858
-18.6928 53.4049 0.7 56.5819 -0.336693 0 -0.0707397 135.269 346 455858
-19.6494 53.2649 0.7 56.7737 -0.353411 0 0.0707397 142.394 384 455858
-19.6494 53.2516 -0.491159 56.7737 -0.353492 -0.0209824 0.0707397 140.894 376 455858
-20.5425 52.9269 0.7 56.7737 -0.370232 0 0.0707397 142.019 382 455858
-20.5425 52.9135 -0.491159 56.7737 -0.370317 -0.0209824 0.0707397 138.457 363 455858
-19.6494 53.2649 0.7 56.7737 -0.353411 0 -0 149.707 423 455858
-19.6494 53.2516 -0.491159 56.7737 -0.353492 -0.0209824 -0 148.019 414 455858
-20.5425 52.9269 0.7 56.7737 -0.370232 0 -0 149.519 422 455858
-20.5425 52.9135 -0.491159 56.7737 -0.370317 -0.0209824 -0 145.957 403 455858
-19.6494 53.2649 0.7 56.7737 -0.353411 0 -0.0707397 142.582 385 455858
-19.6494 53.2516 -0.491159 56.7737 -0.353492 -0.0209824 -0.0707397 140.707 375 455858
-20.5425 52.9269 0.7 56.7737 -0.370232 0 -0.0707397 142.582 385 455858
-20.5425 52.9135 -0.491159 56.7737 -0.370317 -0.0209824 -0.0707397 139.207 367 455858
-19.7157 53.4449 0.7 56.9655 -0.353411 0 0.0707397 142.207 383 455858
-19.7157 53.4315 -0.495183 56.9655 -0.353492 -0.0209824 0.0707397 139.394 368 455858
-20.6119 53.1057 0.7 56.9655 -0.370232 0 0.0707397 139.582 369 455858
-19.8485 53.8048 0.7 57.3491 -0.353411 0 0.0707397 134.144 340 455858
-16.2397 54.9491 -1.70646 57.3491 -0.287361 -0.041974 -0 140.519 374 455858
-16.2397 54.9886 1.90323 57.3491 -0.287166 0.0209824 -0 140.332 373 455858
-19.8485 53.8048 0.7 57.3491 -0.353411 0 -0 141.269 378 455858
-19.8485 53.8048 0.7 57.3491 -0.353411 0 -0.0707397 134.707 343 455858
-16.294 55.1328 -1.71451 57.5409 -0.287361 -0.041974 0.0707397 146.519 406 455858
-17.1992 54.8572 -1.71451 57.5409 -0.303821 -0.041974 0.0707397 142.582 385 455858
-16.294 55.1328 -1.71451 57.5409 -0.287361 -0.041974 -0 153.644 444 455858
-17.1992 54.8572 -1.71451 57.5409 -0.303821 -0.041974 -0 149.707 423 455858
-15.3888 55.3923 -1.71451 57.5409 -0.270981 -0.041974 -0.0707397 141.269 378 455858
-16.294 55.1328 -1.71451 57.5409 -0.287361 -0.041974 -0.0707397 146.144 404 455858
-16.294 55.0667 -2.92177 57.5409 -0.287687 -0.0629841 -0.0707397 141.269 378 455858
-17.1992 54.8572 -1.71451 57.5409 -0.303821 -0.041974 -0.0707397 142.019 382 455858
27.4282 51.2367 0.7 58.1163 0.491506 0 -0 136.207 351 455858
27.4282 51.2222 1.91933 58.1163 0.491624 0.0209824 -0 136.207 351 455858
-12.0425 57.586 3.17085 58.8835 -0.206151 0.041974 -0 135.707 343 455858
-12.0817 57.7735 3.1789 59.0753 -0.206151 0.041974 -0 135.144 340 455858
-28.8102 51.5739 0.7 59.0753 -0.509437 0 -0 135.332 341 455858
30.0292 51.5408 0.7 59.6507 0.52755 0 -0 135.894 344 455858
30.0292 51.48 3.20304 59.6507 0.528064 0.041974 -0 135.519 342 455858
30.0292 51.5256 1.95152 59.6507 0.527678 0.0209824 -0 139.082 361 455858
29.0908 52.0762 0.7 59.6507 0.509437 0 -0 137.957 355 455858
29.0908 52.0612 1.95152 59.6507 0.50956 0.0209824 -0 139.457 363 455858
31.0672 51.131 1.95555 59.8425 0.54599 0.0209824 -0 138.707 359 455858
30.1258 51.6913 1.95555 59.8425 0.527678 0.0209824 -0 138.144 356 455858
29.1844 52.2286 1.95555 59.8425 0.50956 0.0209824 -0 137.207 351 455858
28.2429 52.7436 1.95555 59.8425 0.491624 0.0209824 -0 137.957 355 455858
39.9203 45.3508 0.7 60.4179 0.721799 0 -0 136.457 347 455858
39.9203 45.3331 1.96762 60.4179 0.721993 0.0209824 -0 134.582 337 455858
30.4155 52.1421 3.23524 60.4179 0.528064 0.041974 -0 136.457 347 455858
30.4155 52.1883 1.96762 60.4179 0.527678 0.0209824 -0 137.582 353 455858
29.465 52.685 3.23524 60.4179 0.50993 0.041974 -0 136.269 346 455858
29.465 52.7308 1.96762 60.4179 0.50956 0.0209824 -0 137.957 355 455858
-30.512 52.354 1.97164 60.6097 -0.527678 0.0209824 -0 135.144 340 455858
30.512 52.3694 0.7 60.6097 0.52755 0 -0 136.457 347 455858
30.512 52.354 1.97164 60.6097 0.527678 0.0209824 -0 137.582 353 455858
29.5585 52.9135 0.7 60.6097 0.509437 0 -0 138.707 359 455858
29.5585 52.8982 1.97164 60.6097 0.50956 0.0209824 -0 139.082 361 455858
-22.2081 57.2183 0.7 61.377 -0.370232 0 -0 135.144 340 455858
-23.1737 56.8341 0.7 61.377 -0.387164 0 -0 137.582 353 455858
33.2398 52.4425 3.30767 62.1442 0.564926 0.041974 -0 135.957 339 455858
33.2398 52.4911 2.00384 62.1442 0.564507 0.0209824 -0 139.144 356 455858
37.4008 52.2471 0.7 64.254 0.621281 0 -0 136.332 341 455858
37.4008 52.2297 2.0481 64.254 0.621438 0.0209824 -0 140.082 361 455858
36.3899 52.9389 2.0481 64.254 0.602216 0.0209824 -0 138.394 352 455858
-46.3353 48.3105 0.7 66.9392 -0.764533 0 -0 140.144 356 455858
-47.3884 47.2779 0.7 66.9392 -0.786565 0 -0 137.519 342 455858
12.7093 66.0519 3.52498 67.3228 0.190091 0.041974 -0 140.144 356 455858
12.7093 66.0972 2.11249 67.3228 0.189964 0.0209824 -0 140.519 358 455858
2.1665 68.8232 0.7 68.8573 0.0314688 0 -0 138.457 347 455858
2.1665 68.808 2.14468 68.8573 0.0314757 0.0209824 -0 140.144 356 455858
1.08325 68.8487 0.7 68.8573 0.0157325 0 -0 137.894 344 455858
1.08325 68.8336 2.14468 68.8573 0.0157359 0.0209824 -0 140.144 356 455858
2.17253 69.0149 0.7 69.0491 0.0314688 0 -0 139.957 355 455858
2.17253 68.954 3.59741 69.0491 0.0314966 0.041974 -0 137.707 343 455858
2.17253 68.9997 2.14871 69.0491 0.0314757 0.0209824 -0 141.082 361 455858
1.08627 69.0405 0.7 69.0491 0.0157325 0 -0 137.519 342 455858
1.08627 69.0253 2.14871 69.0491 0.0157359 0.0209824 -0 138.269 346 455858
0 69.1036 -3.65819 69.2409 0 -0.0629841 -0 137.894 344 455858
-13.3611 69.4392 3.66985 70.7753 -0.190091 0.041974 -0 143.582 369 455858
-13.3611 69.4868 2.18492 70.7753 -0.189964 0.0209824 -0 144.144 372 455858
-14.4745 69.2157 3.66985 70.7753 -0.206151 0.041974 -0 140.582 353 455858
-14.4745 69.2635 2.18492 70.7753 -0.206013 0.0209824 -0 141.707 359 455858
2.26306 71.8905 0.7 71.9261 0.0314688 0 -0 144.144 372 455858
2.26306 71.8747 2.20907 71.9261 0.0314757 0.0209824 -0 146.394 384 455858
1.13153 71.9014 2.20907 71.9261 0.0157359 0.0209824 -0 142.082 361 455858
2.26306 71.8905 0.7 71.9261 0.0314688 0 -0.0707397 139.082 345 455858
2.26306 71.8747 2.20907 71.9261 0.0314757 0.0209824 -0.0707397 140.957 355 455858
-1.13455 72.109 0.7 72.1179 -0.0157325 0 -0 140.019 350 455858
-1.13455 72.0931 2.21309 72.1179 -0.0157359 0.0209824 -0 141.519 358 455858
2.26909 72.0822 0.7 72.1179 0.0314688 0 -0 138.332 341 455858
2.26909 72.0187 3.72619 72.1179 0.0314966 0.041974 -0 138.707 343 455858
2.26909 72.0663 2.21309 72.1179 0.0314757 0.0209824 -0 143.394 368 455858
1.13455 72.0931 2.21309 72.1179 0.0157359 0.0209824 -0 138.332 341 455858
2.27513 72.258 2.21712 72.3097 0.0314757 0.0209824 -0 140.207 351 455858
-10.2924 71.9448 2.22517 72.6933 -0.142095 0.0209824 -0 139.269 346 455858
24.1423 68.9056 3.76643 73.0769 0.337002 0.041974 -0 138.707 343 455858
