1.52983 1.91185 0.22917 2.49344 0.67485 -0.189968 -0 92.7067 391 456569
1.43629 2.22362 0.249291 2.68524 0.573504 -0.168645 -0 98.5192 422 456569
1.09834 2.40854 0.249291 2.68524 0.427848 -0.168645 -0 97.2067 415 456569
1.26731 2.53734 0.217098 2.87704 0.463219 -0.168645 -0 105.144 436 456569
1.22205 2.55945 0.217098 2.87704 0.445458 -0.168645 -0 104.582 433 456569
0.995745 2.644 0.156735 2.87704 0.360177 -0.189968 -0.0707397 98.3942 400 456569
1.30352 2.74145 0.249291 3.06885 0.443845 -0.147399 -0 102.707 423 456569
1.30352 2.73008 0.184904 3.06885 0.445458 -0.168645 -0 101.207 415 456569
1.15868 2.80573 0.249291 3.06885 0.391638 -0.147399 -0 102.144 420 456569
1.06213 2.82027 0.120517 3.06885 0.360177 -0.189968 -0 99.1442 404 456569
1.12851 3.03147 0.289533 3.26065 0.356371 -0.12622 0.0707397 100.457 411 456569
1.12851 3.02142 0.221122 3.26065 0.357458 -0.147399 0.0707397 102.519 422 456569
1.07721 3.04009 0.221122 3.26065 0.340533 -0.147399 0.0707397 99.1442 404 456569
1.12851 3.02142 0.221122 3.26065 0.357458 -0.147399 -0 109.644 460 456569
1.12851 3.03147 0.289533 3.26065 0.356371 -0.12622 -0.0707397 100.082 409 456569
1.12851 3.02142 0.221122 3.26065 0.357458 -0.147399 -0.0707397 102.707 423 456569
1.07721 3.05008 0.289533 3.26065 0.339502 -0.12622 -0.0707397 97.8317 397 456569
1.07721 3.04009 0.221122 3.26065 0.340533 -0.147399 -0.0707397 99.1442 404 456569
1.79234 2.91857 0.265388 3.45245 0.550734 -0.12622 -0 103.269 426 456569
1.79234 2.90686 0.192952 3.45245 0.552528 -0.147399 -0 102.519 422 456569
1.30352 3.16724 0.265388 3.45245 0.390435 -0.12622 -0 104.582 433 456569
1.30352 3.15645 0.192952 3.45245 0.391638 -0.147399 -0 101.957 419 456569
1.24921 3.18905 0.265388 3.45245 0.373346 -0.12622 -0 101.957 419 456569
1.71992 3.17994 0.241243 3.64426 0.495804 -0.12622 0.0707397 99.1442 388 456569
1.4906 3.29367 0.241243 3.64426 0.424985 -0.12622 0.0707397 99.5192 390 456569
1.43327 3.31902 0.241243 3.64426 0.407646 -0.12622 0.0707397 100.269 394 456569
1.08928 3.45658 0.317702 3.64426 0.305283 -0.105098 0.0707397 99.5192 390 456569
1.08928 3.44726 0.241243 3.64426 0.306057 -0.12622 0.0707397 99.7067 391 456569
1.71992 3.17994 0.241243 3.64426 0.495804 -0.12622 -0.0707397 100.082 393 456569
1.4906 3.29367 0.241243 3.64426 0.424985 -0.12622 -0.0707397 99.7067 391 456569
1.43327 3.31902 0.241243 3.64426 0.407646 -0.12622 -0.0707397 100.457 395 456569
1.14662 3.6385 0.297581 3.83606 0.305283 -0.105098 0.0707397 102.519 406 456569
1.14662 3.6287 0.217098 3.83606 0.306057 -0.12622 0.0707397 102.707 407 456569
1.08627 3.65697 0.297581 3.83606 0.288739 -0.105098 0.0707397 102.707 407 456569
1.08627 3.64722 0.217098 3.83606 0.289469 -0.12622 0.0707397 102.144 404 456569
1.14662 3.6385 0.297581 3.83606 0.305283 -0.105098 -0.0707397 103.457 411 456569
1.14662 3.6287 0.217098 3.83606 0.306057 -0.12622 -0.0707397 103.269 410 456569
1.52077 3.70572 0.27746 4.02786 0.389427 -0.105098 0.0707397 104.207 415 456569
1.52077 3.69511 0.192952 4.02786 0.390435 -0.12622 0.0707397 103.644 412 456569
1.45741 3.7311 0.27746 4.02786 0.372386 -0.105098 0.0707397 103.082 409 456569
1.52077 3.70572 0.27746 4.02786 0.389427 -0.105098 -0.0707397 104.019 414 456569
1.59319 3.88219 0.257339 4.21967 0.389427 -0.105098 0.0707397 107.582 433 456569
1.19489 4.02267 0.257339 4.21967 0.288739 -0.105098 0.0707397 108.519 438 456569
1.12851 4.04179 0.257339 4.21967 0.272276 -0.105098 0.0707397 107.207 431 456569
1.59319 3.88219 0.257339 4.21967 0.389427 -0.105098 -0 115.269 474 456569
1.19489 4.02267 0.257339 4.21967 0.288739 -0.105098 -0 115.832 477 456569
1.12851 4.04179 0.257339 4.21967 0.272276 -0.105098 -0 114.707 471 456569
1.59319 3.88219 0.257339 4.21967 0.389427 -0.105098 -0.0707397 108.332 437 456569
1.19489 4.02267 0.257339 4.21967 0.288739 -0.105098 -0.0707397 108.144 436 456569
1.12851 4.04179 0.257339 4.21967 0.272276 -0.105098 -0.0707397 107.207 431 456569
1.66561 4.05865 0.237219 4.41147 0.389427 -0.105098 0.0707397 105.707 407 456569
1.31861 4.18428 0.237219 4.41147 0.305283 -0.105098 0.0707397 106.082 409 456569
1.24921 4.20552 0.237219 4.41147 0.288739 -0.105098 0.0707397 106.082 409 456569
1.66561 4.05865 0.237219 4.41147 0.389427 -0.105098 -0.0707397 107.207 415 456569
1.44836 4.35237 0.313678 4.60327 0.321247 -0.0840222 0.0707397 110.957 435 456569
1.44836 4.34272 0.217098 4.60327 0.321913 -0.105098 0.0707397 111.144 436 456569
1.44836 4.35237 0.313678 4.60327 0.321247 -0.0840222 -0 118.644 476 456569
1.44836 4.34272 0.217098 4.60327 0.321913 -0.105098 -0 119.019 478 456569
1.44836 4.35237 0.313678 4.60327 0.321247 -0.0840222 -0.0707397 111.894 440 456569
1.44836 4.34272 0.217098 4.60327 0.321913 -0.105098 -0.0707397 112.082 441 456569
1.20696 4.62321 0.297581 4.79507 0.255367 -0.0840222 0.0707397 109.082 425 456569
1.20696 4.61334 0.196977 4.79507 0.255889 -0.105098 0.0707397 108.707 423 456569
1.13153 4.64225 0.297581 4.79507 0.239084 -0.0840222 0.0707397 108.894 424 456569
1.13153 4.63242 0.196977 4.79507 0.239572 -0.105098 0.0707397 108.332 421 456569
1.20696 4.62321 0.297581 4.79507 0.255367 -0.0840222 -0 116.394 464 456569
1.20696 4.61334 0.196977 4.79507 0.255889 -0.105098 -0 116.582 465 456569
1.13153 4.64225 0.297581 4.79507 0.239084 -0.0840222 -0 116.394 464 456569
1.13153 4.63242 0.196977 4.79507 0.239572 -0.105098 -0 116.394 464 456569
1.20696 4.62321 0.297581 4.79507 0.255367 -0.0840222 -0.0707397 109.832 429 456569
1.20696 4.61334 0.196977 4.79507 0.255889 -0.105098 -0.0707397 110.019 430 456569
1.13153 4.64225 0.297581 4.79507 0.239084 -0.0840222 -0.0707397 110.207 431 456569
1.13153 4.63242 0.196977 4.79507 0.239572 -0.105098 -0.0707397 110.019 430 456569
1.80441 4.63011 0.281485 4.98688 0.371606 -0.0840222 0.0707397 103.644 396 456569
1.56905 4.71507 0.281485 4.98688 0.321247 -0.0840222 0.0707397 105.894 408 456569
1.56905 4.70461 0.176856 4.98688 0.321913 -0.105098 0.0707397 104.394 400 456569
1.4906 4.74045 0.281485 4.98688 0.304653 -0.0840222 0.0707397 103.082 393 456569
1.41215 4.76441 0.281485 4.98688 0.288146 -0.0840222 0.0707397 103.832 397 456569
1.33369 4.78697 0.281485 4.98688 0.271719 -0.0840222 0.0707397 106.269 410 456569
1.33369 4.77666 0.176856 4.98688 0.272276 -0.105098 0.0707397 104.019 398 456569
1.33369 4.78697 0.281485 4.98688 0.271719 -0.0840222 -0 113.394 448 456569
1.80441 4.63011 0.281485 4.98688 0.371606 -0.0840222 -0.0707397 103.269 394 456569
1.56905 4.71507 0.281485 4.98688 0.321247 -0.0840222 -0.0707397 104.582 401 456569
1.33369 4.78697 0.281485 4.98688 0.271719 -0.0840222 -0.0707397 106.644 412 456569
1.25524 4.80813 0.281485 4.98688 0.255367 -0.0840222 -0.0707397 105.519 406 456569
1.46646 4.956 0.374041 5.17868 0.287687 -0.0629841 0.0707397 106.957 403 456569
1.46646 4.94766 0.265388 5.17868 0.288146 -0.0840222 0.0707397 112.207 431 456569
1.46646 4.93691 0.156735 5.17868 0.288739 -0.105098 0.0707397 108.269 410 456569
1.38499 4.97108 0.265388 5.17868 0.271719 -0.0840222 0.0707397 110.144 420 456569
1.46646 4.94766 0.265388 5.17868 0.288146 -0.0840222 -0 119.519 470 456569
1.38499 4.97108 0.265388 5.17868 0.271719 -0.0840222 -0 117.832 461 456569
1.46646 4.94766 0.265388 5.17868 0.288146 -0.0840222 -0.0707397 112.582 433 456569
1.46646 4.93691 0.156735 5.17868 0.288739 -0.105098 -0.0707397 108.832 413 456569
1.38499 4.97108 0.265388 5.17868 0.271719 -0.0840222 -0.0707397 111.082 425 456569
1.60526 5.1138 0.361968 5.37048 0.304167 -0.0629841 0.0707397 107.144 404 456569
1.60526 5.1051 0.249291 5.37048 0.304653 -0.0840222 0.0707397 109.582 417 456569
1.52077 5.13091 0.249291 5.37048 0.288146 -0.0840222 0.0707397 108.269 410 456569
1.18282 5.21918 0.249291 5.37048 0.222865 -0.0840222 0.0707397 107.519 406 456569
1.60526 5.1051 0.249291 5.37048 0.304653 -0.0840222 -0 116.332 453 456569
1.52077 5.13091 0.249291 5.37048 0.288146 -0.0840222 -0 115.582 449 456569
1.60526 5.1138 0.361968 5.37048 0.304167 -0.0629841 -0.0707397 105.082 393 456569
1.60526 5.1051 0.249291 5.37048 0.304653 -0.0840222 -0.0707397 109.207 415 456569
1.52077 5.13091 0.249291 5.37048 0.288146 -0.0840222 -0.0707397 109.207 415 456569
1.18282 5.21918 0.249291 5.37048 0.222865 -0.0840222 -0.0707397 107.519 406 456569
1.22507 5.41439 0.349896 5.56229 0.222515 -0.0629841 0.0707397 106.582 401 456569
1.22507 5.40558 0.233194 5.56229 0.222865 -0.0840222 0.0707397 109.207 415 456569
1.13756 5.43345 0.349896 5.56229 0.206382 -0.0629841 0.0707397 106.582 401 456569
1.13756 5.42467 0.233194 5.56229 0.206706 -0.0840222 0.0707397 109.582 417 456569
1.22507 5.40558 0.233194 5.56229 0.222865 -0.0840222 -0 115.957 451 456569
1.13756 5.42467 0.233194 5.56229 0.206706 -0.0840222 -0 116.332 453 456569
1.22507 5.40558 0.233194 5.56229 0.222865 -0.0840222 -0.0707397 107.894 408 456569
1.13756 5.42467 0.233194 5.56229 0.206706 -0.0840222 -0.0707397 108.832 413 456569
1.35783 5.57984 0.337823 5.75409 0.238706 -0.0629841 0.0707397 108.832 413 456569
1.35783 5.57069 0.217098 5.75409 0.239084 -0.0840222 0.0707397 110.519 422 456569
1.26731 5.6011 0.337823 5.75409 0.222515 -0.0629841 0.0707397 111.082 425 456569
1.26731 5.59198 0.217098 5.75409 0.222865 -0.0840222 0.0707397 113.707 439 456569
1.17679 5.61173 0.217098 5.75409 0.206706 -0.0840222 0.0707397 109.207 415 456569
1.35783 5.57069 0.217098 5.75409 0.239084 -0.0840222 -0 117.269 458 456569
1.26731 5.6011 0.337823 5.75409 0.222515 -0.0629841 -0 118.019 462 456569
1.26731 5.59198 0.217098 5.75409 0.222865 -0.0840222 -0 121.019 478 456569
1.17679 5.61173 0.217098 5.75409 0.206706 -0.0840222 -0 116.332 453 456569
1.35783 5.57069 0.217098 5.75409 0.239084 -0.0840222 -0.0707397 110.144 420 456569
1.26731 5.6011 0.337823 5.75409 0.222515 -0.0629841 -0.0707397 110.519 422 456569
1.26731 5.59198 0.217098 5.75409 0.222865 -0.0840222 -0.0707397 113.894 440 456569
1.17679 5.61173 0.217098 5.75409 0.206706 -0.0840222 -0.0707397 109.394 416 456569
1.21602 5.80817 0.325751 5.94589 0.206382 -0.0629841 -0 112.894 424 456569
1.21602 5.79879 0.201001 5.94589 0.206706 -0.0840222 -0 114.207 431 456569
1.15868 6.01494 0.313678 6.1377 0.190303 -0.0629841 0.0707397 114.582 433 456569
1.15868 6.00528 0.184904 6.1377 0.190602 -0.0840222 0.0707397 113.457 427 456569
1.06213 6.03274 0.313678 6.1377 0.174275 -0.0629841 0.0707397 111.394 416 456569
1.25524 5.98585 0.184904 6.1377 0.206706 -0.0840222 -0 116.832 445 456569
1.15868 6.01494 0.313678 6.1377 0.190303 -0.0629841 -0 121.707 471 456569
1.15868 6.00528 0.184904 6.1377 0.190602 -0.0840222 -0 120.957 467 456569
1.06213 6.03274 0.313678 6.1377 0.174275 -0.0629841 -0 117.957 451 456569
1.15868 6.01494 0.313678 6.1377 0.190303 -0.0629841 -0.0707397 114.582 433 456569
1.15868 6.00528 0.184904 6.1377 0.190602 -0.0840222 -0.0707397 113.644 428 456569
1.06213 6.03274 0.313678 6.1377 0.174275 -0.0629841 -0.0707397 110.269 410 456569
1.19489 6.20291 0.301606 6.3295 0.190303 -0.0629841 0.0707397 110.082 409 456569
1.19489 6.19295 0.168807 6.3295 0.190602 -0.0840222 0.0707397 109.332 405 456569
1.09532 6.22126 0.301606 6.3295 0.174275 -0.0629841 0.0707397 109.519 406 456569
1.09532 6.21133 0.168807 6.3295 0.174548 -0.0840222 0.0707397 107.832 397 456569
1.19489 6.20291 0.301606 6.3295 0.190303 -0.0629841 -0 118.519 454 456569
1.19489 6.19295 0.168807 6.3295 0.190602 -0.0840222 -0 118.144 452 456569
1.09532 6.22126 0.301606 6.3295 0.174275 -0.0629841 -0 117.394 448 456569
1.09532 6.21133 0.168807 6.3295 0.174548 -0.0840222 -0 116.269 442 456569
1.19489 6.20291 0.301606 6.3295 0.190303 -0.0629841 -0.0707397 111.957 419 456569
1.19489 6.19295 0.168807 6.3295 0.190602 -0.0840222 -0.0707397 111.582 417 456569
1.09532 6.22126 0.301606 6.3295 0.174275 -0.0629841 -0.0707397 110.457 411 456569
1.09532 6.21133 0.168807 6.3295 0.174548 -0.0840222 -0.0707397 109.332 405 456569
2.15443 6.13076 0.152711 6.5213 0.337933 -0.0840222 0.0707397 107.082 393 456569
1.74406 6.27034 0.289533 6.5213 0.271288 -0.0629841 0.0707397 114.019 430 456569
1.84665 6.24089 0.289533 6.5213 0.287687 -0.0629841 -0 119.457 459 456569
1.74406 6.27034 0.289533 6.5213 0.271288 -0.0629841 -0 121.519 470 456569
1.74406 6.25988 0.152711 6.5213 0.271719 -0.0840222 -0 119.269 458 456569
1.64147 6.29797 0.289533 6.5213 0.254962 -0.0629841 -0 118.894 456 456569
1.74406 6.27034 0.289533 6.5213 0.271288 -0.0629841 -0.0707397 114.582 433 456569
1.12851 6.39956 0.152711 6.5213 0.174548 -0.0840222 -0.0707397 106.144 388 456569
1.90097 6.42445 0.27746 6.7131 0.287687 -0.0629841 0.0707397 115.082 425 456569
1.68975 6.49696 0.7 6.7131 0.254446 0 0.0707397 122.394 464 456569
1.79536 6.46857 0.7 6.7131 0.270736 0 -0 127.269 490 456569
1.68975 6.49696 0.7 6.7131 0.254446 0 -0 129.144 500 456569
1.68975 6.49544 0.559153 6.7131 0.254503 -0.0209824 -0 124.832 477 456569
1.68975 6.49544 0.840847 6.7131 0.254503 0.0209824 -0 125.207 479 456569
1.79536 6.46857 0.7 6.7131 0.270736 0 -0.0707397 120.332 453 456569
1.68975 6.49696 0.7 6.7131 0.254446 0 -0.0707397 122.394 464 456569
1.95528 6.60801 0.265388 6.90491 0.287687 -0.0629841 0.0707397 122.394 464 456569
1.84665 6.65339 0.7 6.90491 0.270736 0 0.0707397 122.394 464 456569
1.84665 6.63918 0.265388 6.90491 0.271288 -0.0629841 0.0707397 121.644 460 456569
1.73803 6.68259 0.7 6.90491 0.254446 0 0.0707397 123.519 470 456569
1.95528 6.60801 0.265388 6.90491 0.287687 -0.0629841 -0 129.519 502 456569
1.84665 6.65339 0.7 6.90491 0.270736 0 -0 130.269 506 456569
1.73803 6.68259 0.7 6.90491 0.254446 0 -0 131.582 513 456569
1.95528 6.60801 0.265388 6.90491 0.287687 -0.0629841 -0.0707397 122.394 464 456569
1.84665 6.65339 0.7 6.90491 0.270736 0 -0.0707397 123.707 471 456569
1.84665 6.63918 0.265388 6.90491 0.271288 -0.0629841 -0.0707397 121.644 460 456569
1.73803 6.68259 0.7 6.90491 0.254446 0 -0.0707397 125.207 479 456569
1.78631 6.85368 0.253315 7.09671 0.254962 -0.0629841 -0 122.394 464 456569
1.67466 6.88181 0.253315 7.09671 0.238706 -0.0629841 -0 125.394 480 456569
1.56302 6.90802 0.253315 7.09671 0.222515 -0.0629841 -0 123.707 471 456569
1.37594 7.14274 0.241243 7.28851 0.190303 -0.0629841 -0 119.957 451 456569
1.88286 7.23266 0.386113 7.48032 0.254675 -0.041974 -0 125.707 471 456569
1.88286 7.22415 0.22917 7.48032 0.254962 -0.0629841 -0 122.519 454 456569
1.76518 7.26228 0.386113 7.48032 0.238438 -0.041974 -0 126.457 475 456569
1.76518 7.2538 0.22917 7.48032 0.238706 -0.0629841 -0 124.582 465 456569
2.84542 7.32366 0.370017 7.86392 0.370574 -0.041974 0.0707397 110.707 391 456569
2.84542 7.31436 0.205025 7.86392 0.371003 -0.0629841 0.0707397 112.957 403 456569
2.47427 7.4481 0.205025 7.86392 0.320732 -0.0629841 0.0707397 115.207 415 456569
1.85571 7.64005 0.535008 7.86392 0.238277 -0.0209824 -0 126.832 477 456569
1.85571 7.63471 0.370017 7.86392 0.238438 -0.041974 -0 126.644 476 456569
1.73199 7.66904 0.535008 7.86392 0.222116 -0.0209824 -0 123.832 461 456569
1.73199 7.66372 0.370017 7.86392 0.222265 -0.041974 -0 123.644 460 456569
2.84542 7.31436 0.205025 7.86392 0.371003 -0.0629841 -0.0707397 111.457 395 456569
2.47427 7.45723 0.370017 7.86392 0.320366 -0.041974 -0.0707397 115.019 414 456569
2.47427 7.4481 0.205025 7.86392 0.320732 -0.0629841 -0.0707397 115.394 416 456569
1.90097 7.8264 0.530984 8.05573 0.238277 -0.0209824 0.0707397 126.269 474 456569
1.90097 7.82092 0.361968 8.05573 0.238438 -0.041974 0.0707397 131.332 501 456569
1.90097 7.81178 0.192952 8.05573 0.238706 -0.0629841 0.0707397 128.332 485 456569
1.77424 7.85064 0.361968 8.05573 0.222265 -0.041974 0.0707397 127.582 481 456569
1.90097 7.8264 0.530984 8.05573 0.238277 -0.0209824 -0 133.957 515 456569
1.90097 7.82092 0.361968 8.05573 0.238438 -0.041974 -0 139.019 542 456569
1.90097 7.81178 0.192952 8.05573 0.238706 -0.0629841 -0 136.019 526 456569
1.77424 7.85064 0.361968 8.05573 0.222265 -0.041974 -0 135.457 523 456569
1.90097 7.8264 0.530984 8.05573 0.238277 -0.0209824 -0.0707397 126.832 477 456569
1.90097 7.82092 0.361968 8.05573 0.238438 -0.041974 -0.0707397 131.894 504 456569
1.90097 7.81178 0.192952 8.05573 0.238706 -0.0629841 -0.0707397 128.894 488 456569
1.77424 7.85064 0.361968 8.05573 0.222265 -0.041974 -0.0707397 128.332 485 456569
1.94623 8.00713 0.35392 8.24753 0.238438 -0.041974 0.0707397 124.082 457 456569
1.94623 8.00713 0.35392 8.24753 0.238438 -0.041974 -0 132.144 500 456569
1.94623 7.99778 0.18088 8.24753 0.238706 -0.0629841 -0 130.644 492 456569
1.81648 8.03756 0.35392 8.24753 0.222265 -0.041974 -0 128.207 479 456569
1.94623 8.00713 0.35392 8.24753 0.238438 -0.041974 -0.0707397 125.957 467 456569
1.94623 7.99778 0.18088 8.24753 0.238706 -0.0629841 -0.0707397 124.457 459 456569
1.99149 8.19334 0.345872 8.43933 0.238438 -0.041974 -0 125.394 464 456569
1.85872 8.22448 0.345872 8.43933 0.222265 -0.041974 -0 123.332 453 456569
2.4441 8.26993 0.337823 8.63113 0.287361 -0.041974 -0 118.457 427 456569
1.6294 8.4682 0.337823 8.63113 0.190091 -0.041974 -0 121.082 441 456569
1.49362 8.4932 0.337823 8.63113 0.17408 -0.041974 -0 119.394 432 456569
4.68 7.69546 0.321726 9.01474 0.546391 -0.041974 -0 115.394 400 456569
3.26182 8.39541 0.321726 9.01474 0.370574 -0.041974 -0 114.269 394 456569
3.12 8.44914 0.321726 9.01474 0.353736 -0.041974 -0 117.082 409 456569
4.77957 7.85919 0.313678 9.20654 0.546391 -0.041974 -0 114.644 396 456569
3.76573 8.39229 0.313678 9.20654 0.421783 -0.041974 -0 116.519 406 456569
3.62089 8.45579 0.313678 9.20654 0.40459 -0.041974 -0 119.707 423 456569
3.62089 8.44475 0.120517 9.20654 0.405063 -0.0629841 -0 115.582 401 456569
3.47605 8.51635 0.313678 9.20654 0.387523 -0.041974 -0 116.332 405 456569
3.8472 8.9913 0.494766 9.78195 0.404307 -0.0209824 -0 119.394 416 456569
3.8472 8.98427 0.289533 9.78195 0.40459 -0.041974 -0 120.519 422 456569
3.69331 9.0556 0.494766 9.78195 0.387253 -0.0209824 -0 118.457 411 456569
3.69331 9.04862 0.289533 9.78195 0.387523 -0.041974 -0 119.207 415 456569
-1.72596 9.82105 0.490742 9.97375 -0.173964 -0.0209824 -0 114.707 391 456569
-1.88286 9.79218 0.490742 9.97375 -0.189964 -0.0209824 -0 114.519 390 456569
-2.03977 9.7607 0.490742 9.97375 -0.206013 -0.0209824 -0 118.832 413 456569
-2.03977 9.75397 0.281485 9.97375 -0.206151 -0.041974 -0 113.957 387 456569
-2.19667 9.72659 0.490742 9.97375 -0.222116 -0.0209824 -0 115.832 397 456569
-2.3234 10.2806 0.257339 10.5492 -0.222265 -0.041974 -0 120.957 419 456569
-2.48936 10.2417 0.257339 10.5492 -0.238438 -0.041974 -0 120.582 417 456569
8.13192 6.71624 0.47867 10.5492 0.880455 -0.0209824 -0 121.144 420 456569
8.13192 6.70529 0.257339 10.5492 0.881256 -0.041974 -0 123.957 435 456569
-0.362089 11.4797 -0.0243536 11.5082 -0.0315314 -0.0629841 -0.0707397 118.957 403 456569
-0.543133 11.4725 -0.0243536 11.5082 -0.0473068 -0.0629841 -0.0707397 120.832 413 456569
-0.362089 11.4923 0.217098 11.5082 -0.0314966 -0.041974 -0.141479 121.019 414 456569
-0.362089 11.4619 -0.265805 11.5082 -0.0315803 -0.0840222 -0.141479 120.644 412 456569
-0.543133 11.4928 0.458549 11.5082 -0.0472234 -0.0209824 -0.141479 121.394 416 456569
-0.543133 11.4852 0.217098 11.5082 -0.0472546 -0.041974 -0.141479 123.644 428 456569
-0.543133 11.4547 -0.265805 11.5082 -0.0473802 -0.0840222 -0.141479 121.207 415 456569
6.15551 9.72057 0.458549 11.5082 0.564507 -0.0209824 -0 120.832 413 456569
6.15551 9.71157 0.217098 11.5082 0.564926 -0.041974 -0 122.144 420 456569
5.97447 9.53489 3.11451 11.5082 0.559742 0.211379 -0 121.207 415 456569
5.97447 9.59279 2.87306 11.5082 0.557021 0.189968 -0 123.457 427 456569
-0.362089 11.5025 0.7 11.5082 -0.0314688 0 -0.282959 119.519 406 456569
-0.362089 11.4999 0.458549 11.5082 -0.0314757 -0.0209824 -0.282959 121.394 416 456569
-0.362089 11.4797 -0.0243536 11.5082 -0.0315314 -0.0629841 -0.282959 119.519 406 456569
-0.362089 11.4619 -0.265805 11.5082 -0.0315803 -0.0840222 -0.282959 119.144 404 456569
-0.543133 11.4954 0.7 11.5082 -0.047213 0 -0.282959 120.269 410 456569
-0.543133 11.4928 0.458549 11.5082 -0.0472234 -0.0209824 -0.282959 121.394 416 456569
-0.543133 11.4725 -0.0243536 11.5082 -0.0473068 -0.0629841 -0.282959 118.582 401 456569
-0.362089 11.5025 0.7 11.5082 -0.0314688 0 -0.353699 122.519 422 456569
-0.362089 11.4797 -0.0243536 11.5082 -0.0315314 -0.0629841 -0.353699 119.519 406 456569
-0.362089 11.4999 0.941451 11.5082 -0.0314757 0.0209824 -0.353699 119.144 404 456569
-0.543133 11.4954 0.7 11.5082 -0.047213 0 -0.353699 123.082 425 456569
-0.543133 11.4725 -0.0243536 11.5082 -0.0473068 -0.0629841 -0.353699 119.519 406 456569
-0.543133 11.4928 0.941451 11.5082 -0.0472234 0.0209824 -0.353699 119.519 406 456569
-0.543133 11.4954 0.7 11.5082 -0.047213 0 -0.565918 118.957 403 456569
-0.362089 11.5025 0.7 11.5082 -0.0314688 0 -0.424438 118.957 403 456569
-0.543133 11.4954 0.7 11.5082 -0.047213 0 -0.424438 119.707 407 456569
-0.543133 11.4928 0.458549 11.5082 -0.0472234 -0.0209824 -0.424438 118.957 403 456569
6.05292 9.55856 0.462573 11.3164 0.564507 -0.0209824 -0 131.332 469 456569
6.05292 9.54971 0.225146 11.3164 0.564926 -0.041974 -0 132.644 476 456569
-0.362089 11.5025 0.7 11.5082 -0.0314688 0 -0.778137 124.582 433 456569
-0.362089 11.4999 0.941451 11.5082 -0.0314757 0.0209824 -0.778137 123.082 425 456569
-0.543133 11.4954 0.7 11.5082 -0.047213 0 -0.778137 124.394 432 456569
-0.543133 11.4928 0.941451 11.5082 -0.0472234 0.0209824 -0.778137 124.207 431 456569
-0.362089 11.5025 0.7 11.5082 -0.0314688 0 -0.848877 126.269 442 456569
-0.362089 11.4999 0.941451 11.5082 -0.0314757 0.0209824 -0.848877 127.019 446 456569
-0.543133 11.4954 0.7 11.5082 -0.047213 0 -0.848877 127.394 448 456569
-0.543133 11.4928 0.941451 11.5082 -0.0472234 0.0209824 -0.848877 127.957 451 456569
6.05292 9.55856 0.462573 11.3164 0.564507 -0.0209824 -0.0707397 124.207 431 456569
6.05292 9.54971 0.225146 11.3164 0.564926 -0.041974 -0.0707397 125.332 437 456569
-0.362089 11.5025 0.7 11.5082 -0.0314688 0 -0.495178 120.644 412 456569
-0.543133 11.4954 0.7 11.5082 -0.047213 0 -0.495178 122.144 420 456569
-0.543133 11.4928 0.458549 11.5082 -0.0472234 -0.0209824 -0.495178 119.519 406 456569
-0.534081 11.3038 0.7 11.3164 -0.047213 0 -0.848877 119.144 404 456569
-0.534081 11.3013 0.937427 11.3164 -0.0472234 0.0209824 -0.848877 119.144 404 456569
-0.362089 11.4999 0.941451 11.5082 -0.0314757 0.0209824 -0.990356 123.269 426 456569
-0.543133 11.4954 0.7 11.5082 -0.047213 0 -0.990356 123.082 425 456569
-0.543133 11.4928 0.941451 11.5082 -0.0472234 0.0209824 -0.990356 126.457 443 456569
-0.724178 11.4828 0.941451 11.5082 -0.0629827 0.0209824 -0.990356 122.144 420 456569
6.23095 9.43452 0.225146 11.3164 0.58368 -0.041974 0.0707397 118.957 403 456569
6.05292 9.55856 0.462573 11.3164 0.564507 -0.0209824 0.0707397 123.832 429 456569
6.05292 9.54971 0.225146 11.3164 0.564926 -0.041974 0.0707397 125.144 436 456569
-0.552186 11.6766 0.209049 11.7 -0.0472546 -0.041974 -0.141479 120.082 409 456569
-0.534081 11.2813 1.41228 11.3164 -0.0473068 0.0629841 -1.0611 127.394 448 456569
-0.534081 11.2938 1.17485 11.3164 -0.0472546 0.041974 -1.0611 130.394 464 456569
-0.534081 11.3013 0.937427 11.3164 -0.0472234 0.0209824 -1.0611 127.019 446 456569
-0.712108 11.2715 1.41228 11.3164 -0.0630941 0.0629841 -1.0611 127.394 448 456569
-0.712108 11.284 1.17485 11.3164 -0.0630244 0.041974 -1.0611 130.207 463 456569
-0.712108 11.2915 0.937427 11.3164 -0.0629827 0.0209824 -1.0611 126.269 442 456569
-0.543133 11.4852 1.1829 11.5082 -0.0472546 0.041974 -1.0611 133.394 480 456569
-0.543133 11.4928 0.941451 11.5082 -0.0472234 0.0209824 -1.0611 130.582 465 456569
-0.724178 11.4625 1.42435 11.5082 -0.0630941 0.0629841 -1.0611 129.644 460 456569
-0.724178 11.4752 1.1829 11.5082 -0.0630244 0.041974 -1.0611 133.019 478 456569
-0.534081 11.2638 1.64971 11.3164 -0.0473802 0.0840222 -1.27332 119.144 404 456569
-0.552186 11.4762 -1.50928 11.7 -0.0480785 -0.189968 -1.20258 119.894 408 456569
-0.552186 11.4262 -1.75475 11.7 -0.0482886 -0.211379 -1.20258 119.144 404 456569
-0.543133 11.4547 1.6658 11.5082 -0.0473802 0.0840222 -1.27332 121.019 414 456569
-0.543133 11.4725 1.42435 11.5082 -0.0473068 0.0629841 -1.13184 131.707 471 456569
-0.543133 11.4852 1.1829 11.5082 -0.0472546 0.041974 -1.13184 135.457 491 456569
-0.543133 11.4928 0.941451 11.5082 -0.0472234 0.0209824 -1.13184 131.894 472 456569
-0.724178 11.4625 1.42435 11.5082 -0.0630941 0.0629841 -1.13184 133.019 478 456569
-0.724178 11.4752 1.1829 11.5082 -0.0630244 0.041974 -1.13184 135.082 489 456569
-0.534081 11.2813 1.41228 11.3164 -0.0473068 0.0629841 -1.13184 130.582 465 456569
-0.534081 11.2938 1.17485 11.3164 -0.0472546 0.041974 -1.13184 132.832 477 456569
-0.712108 11.2715 1.41228 11.3164 -0.0630941 0.0629841 -1.13184 130.582 465 456569
-0.712108 11.284 1.17485 11.3164 -0.0630244 0.041974 -1.13184 132.644 476 456569
-0.534081 11.2638 1.64971 11.3164 -0.0473802 0.0840222 -1.20258 123.644 428 456569
-0.534081 11.2813 1.41228 11.3164 -0.0473068 0.0629841 -1.20258 123.082 425 456569
-0.534081 11.2938 1.17485 11.3164 -0.0472546 0.041974 -1.20258 123.832 429 456569
-0.712108 11.284 1.17485 11.3164 -0.0630244 0.041974 -1.20258 124.394 432 456569
-0.712108 11.2915 0.937427 11.3164 -0.0629827 0.0209824 -1.20258 122.707 423 456569
-0.543133 11.4547 1.6658 11.5082 -0.0473802 0.0840222 -1.20258 128.894 456 456569
-0.356054 11.3108 0.7 11.3164 -0.0314688 0 -1.69775 118.957 403 456569
-0.356054 11.2483 -0.487135 11.3164 -0.0316435 -0.105098 -1.69775 118.957 403 456569
-0.534081 11.3038 0.7 11.3164 -0.047213 0 -1.69775 122.894 424 456569
-0.534081 11.3013 0.462573 11.3164 -0.0472234 -0.0209824 -1.69775 119.332 405 456569
-0.534081 11.2413 -0.487135 11.3164 -0.0474751 -0.105098 -1.69775 121.582 417 456569
-0.534081 11.2136 -0.724562 11.3164 -0.0475919 -0.12622 -1.69775 119.707 407 456569
-0.543133 11.4954 0.7 11.5082 -0.047213 0 -1.69775 120.644 412 456569
-0.543133 11.4928 0.458549 11.5082 -0.0472234 -0.0209824 -1.69775 121.582 417 456569
-0.543133 11.4318 -0.507256 11.5082 -0.0474751 -0.105098 -1.69775 120.644 412 456569
-0.368124 11.6011 -0.772852 11.7 -0.0317212 -0.12622 -1.62701 120.832 413 456569
-0.368124 11.5673 -1.01833 11.7 -0.0318139 -0.147399 -1.62701 120.832 413 456569
-0.368124 11.6011 -0.772852 11.7 -0.0317212 -0.12622 -1.76849 119.332 405 456569
-0.368124 11.6916 0.945475 11.7 -0.0314757 0.0209824 -1.76849 119.144 404 456569
-0.552186 11.6766 1.19095 11.7 -0.0472546 0.041974 -1.76849 118.957 403 456569
-0.552186 11.6844 0.945475 11.7 -0.0472234 0.0209824 -1.76849 118.582 401 456569
-0.368124 11.6011 -0.772852 11.7 -0.0317212 -0.12622 -1.83923 123.832 429 456569
-0.368124 11.5673 -1.01833 11.7 -0.0318139 -0.147399 -1.83923 120.457 411 456569
-0.368124 11.6839 1.19095 11.7 -0.0314966 0.041974 -1.83923 122.707 423 456569
-0.552186 11.5938 -0.772852 11.7 -0.0475919 -0.12622 -1.83923 121.207 415 456569
-0.552186 11.6766 1.19095 11.7 -0.0472546 0.041974 -1.83923 121.582 417 456569
-0.356054 11.3108 0.7 11.3164 -0.0314688 0 -1.83923 122.707 423 456569
-0.534081 11.3038 0.7 11.3164 -0.047213 0 -1.83923 127.207 447 456569
-0.534081 11.3013 0.462573 11.3164 -0.0472234 -0.0209824 -1.83923 122.519 422 456569
-0.712108 11.2939 0.7 11.3164 -0.0629689 0 -1.83923 122.707 423 456569
-0.356054 11.3108 0.7 11.3164 -0.0314688 0 -1.90997 122.332 421 456569
-0.534081 11.3038 0.7 11.3164 -0.047213 0 -1.90997 127.019 446 456569
-0.534081 11.3013 0.462573 11.3164 -0.0472234 -0.0209824 -1.90997 121.957 419 456569
-0.712108 11.2939 0.7 11.3164 -0.0629689 0 -1.90997 122.332 421 456569
-0.534081 11.3038 0.7 11.3164 -0.047213 0 -1.76849 122.332 421 456569
-0.534081 11.3013 0.462573 11.3164 -0.0472234 -0.0209824 -1.76849 120.644 412 456569
-0.534081 11.2413 -0.487135 11.3164 -0.0474751 -0.105098 -1.76849 121.019 414 456569
-0.534081 11.2136 -0.724562 11.3164 -0.0475919 -0.12622 -1.76849 119.332 405 456569
-0.712108 11.2939 0.7 11.3164 -0.0629689 0 -1.76849 119.144 404 456569
-0.362089 11.5025 0.7 11.5082 -0.0314688 0 -1.83923 121.207 415 456569
-0.543133 11.4954 0.7 11.5082 -0.047213 0 -1.83923 126.457 443 456569
-0.543133 11.4928 0.941451 11.5082 -0.0472234 0.0209824 -1.83923 123.269 426 456569
-0.724178 11.4854 0.7 11.5082 -0.0629689 0 -1.83923 122.332 421 456569
-0.362089 11.5025 0.7 11.5082 -0.0314688 0 -1.90997 121.957 419 456569
-0.543133 11.4954 0.7 11.5082 -0.047213 0 -1.90997 126.832 445 456569
-0.543133 11.4928 0.458549 11.5082 -0.0472234 -0.0209824 -1.90997 122.144 420 456569
-0.543133 11.4928 0.941451 11.5082 -0.0472234 0.0209824 -1.90997 122.144 420 456569
-0.724178 11.4854 0.7 11.5082 -0.0629689 0 -1.90997 122.519 422 456569
-0.543133 11.4954 0.7 11.5082 -0.047213 0 -1.76849 119.144 404 456569
-0.543133 11.4928 0.458549 11.5082 -0.0472234 -0.0209824 -1.76849 122.144 420 456569
-0.543133 11.4852 0.217098 11.5082 -0.0472546 -0.041974 -1.76849 120.644 412 456569
-0.543133 11.4318 -0.507256 11.5082 -0.0474751 -0.105098 -1.76849 122.144 420 456569
-0.543133 11.4037 -0.748707 11.5082 -0.0475919 -0.12622 -1.76849 120.832 413 456569
-0.368124 11.6839 1.19095 11.7 -0.0314966 0.041974 -2.05145 120.457 411 456569
-0.368124 11.6916 0.945475 11.7 -0.0314757 0.0209824 -2.05145 118.582 401 456569
-0.184062 11.6054 -0.772852 11.7 -0.0158586 -0.12622 -1.90997 121.582 417 456569
-0.368124 11.6011 -0.772852 11.7 -0.0317212 -0.12622 -1.90997 127.019 446 456569
-0.368124 11.5673 -1.01833 11.7 -0.0318139 -0.147399 -1.90997 124.019 430 456569
-0.552186 11.5938 -0.772852 11.7 -0.0475919 -0.12622 -1.90997 123.457 427 456569
-0.368124 11.6011 -0.772852 11.7 -0.0317212 -0.12622 -1.98071 123.457 427 456569
-0.368124 11.5673 -1.01833 11.7 -0.0318139 -0.147399 -1.98071 121.582 417 456569
-0.368124 11.6839 1.19095 11.7 -0.0314966 0.041974 -1.98071 123.832 429 456569
-0.368124 11.6916 0.945475 11.7 -0.0314757 0.0209824 -1.98071 122.332 421 456569
1.39404 12.5708 0.168807 12.659 0.110444 -0.041974 -0 119.957 403 456569
6.15551 11.4954 0.426355 13.0426 0.491624 -0.0209824 -0 139.707 503 456569
5.95033 11.6029 0.426355 13.0426 0.473858 -0.0209824 -0 137.832 493 456569
6.24604 11.6645 0.422331 13.2344 0.491624 -0.0209824 -0 143.644 524 456569
6.24604 11.6545 0.144662 13.2344 0.491978 -0.041974 -0 140.457 507 456569
6.03783 11.7736 0.422331 13.2344 0.473858 -0.0209824 -0 141.957 515 456569
6.03783 11.7637 0.144662 13.2344 0.474198 -0.041974 -0 138.394 496 456569
6.33656 11.8335 0.418307 13.4262 0.491624 -0.0209824 0.0707397 145.519 534 456569
6.33656 11.8234 0.136614 13.4262 0.491978 -0.041974 0.0707397 141.582 513 456569
6.12534 11.9442 0.418307 13.4262 0.473858 -0.0209824 0.0707397 143.457 523 456569
6.33656 11.8335 0.418307 13.4262 0.491624 -0.0209824 -0 153.207 575 456569
6.33656 11.8234 0.136614 13.4262 0.491978 -0.041974 -0 149.269 554 456569
6.12534 11.9442 0.418307 13.4262 0.473858 -0.0209824 -0 151.144 564 456569
6.33656 11.8335 0.418307 13.4262 0.491624 -0.0209824 -0.0707397 146.082 537 456569
6.33656 11.8234 0.136614 13.4262 0.491978 -0.041974 -0.0707397 142.332 517 456569
6.12534 11.9442 0.418307 13.4262 0.473858 -0.0209824 -0.0707397 144.207 527 456569
6.42708 12.0026 0.414283 13.618 0.491624 -0.0209824 -0 140.894 504 456569
6.42708 11.8382 2.70002 13.618 0.497384 0.147399 -0 139.207 495 456569
6.21284 12.1148 0.414283 13.618 0.473858 -0.0209824 -0 138.832 493 456569
6.21284 11.9007 2.98574 13.618 0.481138 0.168645 -0 137.894 488 456569
6.21284 11.952 2.70002 13.618 0.479374 0.147399 -0 142.019 510 456569
6.5176 12.1716 0.410259 13.8098 0.491624 -0.0209824 -0 138.269 490 456569
6.30035 12.2855 0.410259 13.8098 0.473858 -0.0209824 -0 137.332 485 456569
6.1193 13.6519 0.7 14.9606 0.421388 0 -0 131.582 449 456569
-7.15126 13.2981 -0.571643 15.1524 -0.493402 -0.0840222 -0 126.207 415 456569
-7.38963 13.2284 0.7 15.1524 -0.509437 0 -0 128.644 428 456569
-7.38963 13.2245 0.382089 15.1524 -0.50956 -0.0209824 -0 128.644 428 456569
-7.38963 13.1939 -0.253732 15.1524 -0.510548 -0.0629841 -0 126.019 414 456569
-7.38963 13.1671 -0.571643 15.1524 -0.511416 -0.0840222 -0 130.519 438 456569
6.82538 15.2271 0.7 16.6869 0.421388 0 0.0707397 145.394 512 456569
6.56286 15.3421 0.7 16.6869 0.404213 0 0.0707397 149.519 534 456569
6.56286 15.3381 1.0501 16.6869 0.404307 0.0209824 0.0707397 149.519 534 456569
6.82538 15.2271 0.7 16.6869 0.421388 0 -0 153.082 553 456569
6.56286 15.3421 0.7 16.6869 0.404213 0 -0 156.832 573 456569
6.56286 15.3381 1.0501 16.6869 0.404307 0.0209824 -0 156.832 573 456569
6.82538 15.2271 0.7 16.6869 0.421388 0 -0.0707397 145.582 513 456569
6.56286 15.3421 0.7 16.6869 0.404213 0 -0.0707397 149.707 535 456569
6.56286 15.3381 1.0501 16.6869 0.404307 0.0209824 -0.0707397 149.707 535 456569
6.6383 15.5184 0.7 16.8787 0.404213 0 0.0707397 149.519 534 456569
6.6383 15.5144 1.05413 16.8787 0.404307 0.0209824 0.0707397 149.144 532 456569
6.6383 15.5184 0.7 16.8787 0.404213 0 -0 157.582 577 456569
6.6383 15.5144 1.05413 16.8787 0.404307 0.0209824 -0 157.207 575 456569
6.6383 15.5184 0.7 16.8787 0.404213 0 -0.0707397 150.644 540 456569
6.6383 15.5144 1.05413 16.8787 0.404307 0.0209824 -0.0707397 150.269 538 456569
-7.3323 15.6276 0.7 17.2623 -0.438696 0 -0 130.957 435 456569
-7.3323 15.6234 0.337823 17.2623 -0.438799 -0.0209824 -0 135.644 460 456569
-7.3323 15.6108 -0.0243536 17.2623 -0.439109 -0.041974 -0 132.457 443 456569
-7.60387 15.4931 0.337823 17.2623 -0.456253 -0.0209824 -0 133.019 446 456569
6.73486 16.5174 0.7 17.8377 0.387164 0 0.0707397 148.269 522 456569
6.73486 16.5132 0.325751 17.8377 0.387253 -0.0209824 0.0707397 148.832 525 456569
6.45424 16.6291 0.7 17.8377 0.370232 0 0.0707397 145.644 508 456569
6.45424 16.6248 0.325751 17.8377 0.370317 -0.0209824 0.0707397 146.019 510 456569
6.73486 16.5174 0.7 17.8377 0.387164 0 -0 155.957 563 456569
6.73486 16.5132 0.325751 17.8377 0.387253 -0.0209824 -0 156.144 564 456569
6.45424 16.6291 0.7 17.8377 0.370232 0 -0 152.957 547 456569
6.45424 16.6248 0.325751 17.8377 0.370317 -0.0209824 -0 153.332 549 456569
6.73486 16.5174 0.7 17.8377 0.387164 0 -0.0707397 148.644 524 456569
6.73486 16.5132 0.325751 17.8377 0.387253 -0.0209824 -0.0707397 149.019 526 456569
6.45424 16.6291 0.7 17.8377 0.370232 0 -0.0707397 145.644 508 456569
6.45424 16.6248 0.325751 17.8377 0.370317 -0.0209824 -0.0707397 146.019 510 456569
6.80727 16.695 0.7 18.0295 0.387164 0 0.0707397 142.269 490 456569
6.80727 16.6907 0.321726 18.0295 0.387253 -0.0209824 0.0707397 142.457 491 456569
6.80727 16.695 0.7 18.0295 0.387164 0 -0 150.144 532 456569
6.80727 16.6907 0.321726 18.0295 0.387253 -0.0209824 -0 150.707 535 456569
6.52364 16.8079 0.7 18.0295 0.370232 0 -0 147.144 516 456569
6.52364 16.8036 0.321726 18.0295 0.370317 -0.0209824 -0 147.519 518 456569
6.80727 16.695 0.7 18.0295 0.387164 0 -0.0707397 143.957 499 456569
6.80727 16.6907 0.321726 18.0295 0.387253 -0.0209824 -0.0707397 144.332 501 456569
6.87969 16.8726 0.7 18.2213 0.387164 0 -0 146.269 506 456569
6.87969 16.8683 0.317702 18.2213 0.387253 -0.0209824 -0 145.332 501 456569
6.59304 16.9867 0.7 18.2213 0.370232 0 -0 146.269 506 456569
6.59304 16.9824 0.317702 18.2213 0.370317 -0.0209824 -0 145.519 502 456569
3.04758 19.1309 0.7 19.3721 0.157974 0 0.0707397 137.707 455 456569
2.74282 19.1769 0.7 19.3721 0.142064 0 0.0707397 138.644 460 456569
2.74282 19.1726 0.293557 19.3721 0.142095 -0.0209824 0.0707397 136.582 449 456569
6.46329 18.4654 0.7 19.5639 0.336693 0 -0 152.894 536 456569
6.46329 18.4609 0.289533 19.5639 0.336771 -0.0209824 -0 152.332 533 456569
6.15551 18.5703 0.7 19.5639 0.320073 0 -0 152.332 533 456569
6.15551 18.5658 0.289533 19.5639 0.320146 -0.0209824 -0 151.207 527 456569
7.14824 18.1871 3.60144 19.7557 0.37449 0.147399 -0 143.519 486 456569
5.90507 18.8525 0.7 19.7557 0.303544 0 -0 151.207 527 456569
6.27621 18.9344 0.7 19.9475 0.320073 0 0.0707397 159.457 571 456569
6.27621 18.9298 0.281485 19.9475 0.320146 -0.0209824 0.0707397 155.332 549 456569
6.27621 18.9298 1.11852 19.9475 0.320146 0.0209824 0.0707397 155.519 550 456569
5.9624 19.0356 0.7 19.9475 0.303544 0 0.0707397 158.894 568 456569
6.27621 18.9344 0.7 19.9475 0.320073 0 -0 166.957 611 456569
6.27621 18.9298 0.281485 19.9475 0.320146 -0.0209824 -0 163.019 590 456569
6.27621 18.9298 1.11852 19.9475 0.320146 0.0209824 -0 163.019 590 456569
5.9624 19.0356 0.7 19.9475 0.303544 0 -0 166.207 607 456569
6.27621 18.9344 0.7 19.9475 0.320073 0 -0.0707397 160.019 574 456569
6.27621 18.9298 0.281485 19.9475 0.320146 -0.0209824 -0.0707397 156.082 553 456569
6.27621 18.9298 1.11852 19.9475 0.320146 0.0209824 -0.0707397 155.894 552 456569
5.9624 19.0356 0.7 19.9475 0.303544 0 -0.0707397 159.269 570 456569
6.33656 19.1165 0.7 20.1393 0.320073 0 0.0707397 152.894 536 456569
6.01973 19.2186 0.7 20.1393 0.303544 0 0.0707397 151.582 529 456569
6.33656 19.1165 0.7 20.1393 0.320073 0 -0 161.144 580 456569
6.33656 19.1118 0.27746 20.1393 0.320146 -0.0209824 -0 157.019 558 456569
6.33656 19.1118 1.12254 20.1393 0.320146 0.0209824 -0 157.394 560 456569
6.01973 19.2186 0.7 20.1393 0.303544 0 -0 160.582 577 456569
6.33656 19.1165 0.7 20.1393 0.320073 0 -0.0707397 154.582 545 456569
6.01973 19.2186 0.7 20.1393 0.303544 0 -0.0707397 154.582 545 456569
6.39691 19.2985 0.7 20.3311 0.320073 0 -0 152.707 535 456569
6.07706 19.4016 0.7 20.3311 0.303544 0 -0 151.582 529 456569
1.93718 20.4268 1.13059 20.5229 0.0945525 0.0209824 -0 147.707 503 456569
1.61431 20.4548 1.13059 20.5229 0.0787578 0.0209824 -0 149.019 510 456569
1.29145 20.4822 0.7 20.5229 0.0629689 0 -0 151.269 522 456569
1.29145 20.4777 1.13059 20.5229 0.0629827 0.0209824 -0 150.144 516 456569
0.968588 20.5 0.7 20.5229 0.047213 0 -0 148.457 507 456569
1.95528 20.6222 0.7 20.7147 0.0945316 0 0.0707397 152.019 526 456569
1.95528 20.6177 1.13461 20.7147 0.0945525 0.0209824 0.0707397 154.644 540 456569
1.6294 20.6505 0.7 20.7147 0.0787404 0 0.0707397 153.144 532 456569
1.6294 20.646 1.13461 20.7147 0.0787578 0.0209824 0.0707397 155.019 542 456569
1.95528 20.6222 0.7 20.7147 0.0945316 0 -0 158.957 563 456569
1.95528 20.6177 1.13461 20.7147 0.0945525 0.0209824 -0 161.957 579 456569
1.6294 20.6505 0.7 20.7147 0.0787404 0 -0 159.707 567 456569
1.6294 20.646 1.13461 20.7147 0.0787578 0.0209824 -0 161.957 579 456569
1.95528 20.6222 0.7 20.7147 0.0945316 0 -0.0707397 151.644 524 456569
1.95528 20.6177 1.13461 20.7147 0.0945525 0.0209824 -0.0707397 154.457 539 456569
1.6294 20.6505 0.7 20.7147 0.0787404 0 -0.0707397 152.394 528 456569
1.6294 20.646 1.13461 20.7147 0.0787578 0.0209824 -0.0707397 154.832 541 456569
4.93346 20.3161 0.7 20.9065 0.238224 0 0.0707397 147.144 500 456569
4.93346 20.2971 1.57727 20.9065 0.238438 0.041974 0.0707397 145.082 489 456569
4.93346 20.3114 1.13864 20.9065 0.238277 0.0209824 0.0707397 148.457 507 456569
4.60457 20.3743 1.57727 20.9065 0.222265 0.041974 0.0707397 145.644 492 456569
4.60457 20.3884 1.13864 20.9065 0.222116 0.0209824 0.0707397 146.957 499 456569
4.93346 20.3114 1.13864 20.9065 0.238277 0.0209824 -0 156.144 548 456569
4.93346 20.3161 0.7 20.9065 0.238224 0 -0.0707397 147.894 504 456569
4.93346 20.3114 1.13864 20.9065 0.238277 0.0209824 -0.0707397 149.582 513 456569
4.60457 20.3743 1.57727 20.9065 0.222265 0.041974 -0.0707397 146.957 499 456569
4.60457 20.3884 1.13864 20.9065 0.222116 0.0209824 -0.0707397 148.269 506 456569
1.64449 20.8417 0.7 20.9065 0.0787404 0 -0.0707397 147.894 504 456569
1.64449 20.8371 1.13864 20.9065 0.0787578 0.0209824 -0.0707397 148.457 507 456569
1.99149 21.0041 0.7 21.0983 0.0945316 0 -0 147.144 500 456569
1.99149 20.9995 1.14266 21.0983 0.0945525 0.0209824 -0 151.457 523 456569
1.65957 21.0283 1.14266 21.0983 0.0787578 0.0209824 -0 151.082 521 456569
3.68426 20.9499 1.59337 21.2901 0.17408 0.041974 -0 145.082 489 456569
3.68426 20.9642 1.14668 21.2901 0.173964 0.0209824 -0 143.957 483 456569
1.67466 21.2242 0.7 21.2901 0.0787404 0 -0 145.457 491 456569
1.67466 21.2195 1.14668 21.2901 0.0787578 0.0209824 -0 145.457 491 456569
3.71745 21.153 1.15071 21.4819 0.173964 0.0209824 0.0707397 147.894 504 456569
1.3518 21.4394 0.7 21.4819 0.0629689 0 0.0707397 150.707 519 456569
1.3518 21.4346 0.249291 21.4819 0.0629827 -0.0209824 0.0707397 147.707 503 456569
1.3518 21.4346 1.15071 21.4819 0.0629827 0.0209824 0.0707397 149.019 510 456569
1.01385 21.458 0.7 21.4819 0.047213 0 0.0707397 147.707 503 456569
1.3518 21.4394 0.7 21.4819 0.0629689 0 -0 158.207 559 456569
1.3518 21.4346 1.15071 21.4819 0.0629827 0.0209824 -0 156.519 550 456569
3.71745 21.153 1.15071 21.4819 0.173964 0.0209824 -0.0707397 148.832 509 456569
1.3518 21.4394 0.7 21.4819 0.0629689 0 -0.0707397 151.082 521 456569
1.3518 21.4346 1.15071 21.4819 0.0629827 0.0209824 -0.0707397 149.582 513 456569
1.36387 21.6308 0.7 21.6737 0.0629689 0 0.0707397 145.644 492 456569
1.36387 21.6308 0.7 21.6737 0.0629689 0 -0 153.707 535 456569
1.36387 21.6308 0.7 21.6737 0.0629689 0 -0.0707397 147.519 502 456569
5.15977 21.2431 1.15876 21.8655 0.238277 0.0209824 0.0707397 149.394 512 456569
4.81578 21.3089 1.61751 21.8655 0.222265 0.041974 0.0707397 149.394 512 456569
4.81578 21.3237 1.15876 21.8655 0.222116 0.0209824 0.0707397 154.457 539 456569
4.4718 21.3985 1.15876 21.8655 0.206013 0.0209824 0.0707397 149.957 515 456569
5.15977 21.2431 1.15876 21.8655 0.238277 0.0209824 -0 156.332 549 456569
4.81578 21.3089 1.61751 21.8655 0.222265 0.041974 -0 156.519 550 456569
4.81578 21.3237 1.15876 21.8655 0.222116 0.0209824 -0 161.394 576 456569
4.4718 21.3985 1.15876 21.8655 0.206013 0.0209824 -0 156.707 551 456569
5.15977 21.2431 1.15876 21.8655 0.238277 0.0209824 -0.0707397 148.457 507 456569
4.81578 21.3089 1.61751 21.8655 0.222265 0.041974 -0.0707397 148.832 509 456569
4.81578 21.3237 1.15876 21.8655 0.222116 0.0209824 -0.0707397 153.894 536 456569
4.4718 21.3985 1.15876 21.8655 0.206013 0.0209824 -0.0707397 149.582 513 456569
4.85803 21.5107 1.16278 22.0573 0.222116 0.0209824 0.0707397 149.457 507 456569
5.20503 21.4294 1.16278 22.0573 0.238277 0.0209824 -0 153.207 527 456569
4.85803 21.4958 1.62556 22.0573 0.222265 0.041974 -0 151.519 518 456569
4.85803 21.5107 1.16278 22.0573 0.222116 0.0209824 -0 157.519 550 456569
4.51103 21.5862 1.16278 22.0573 0.206013 0.0209824 -0 152.269 522 456569
5.20503 21.4294 1.16278 22.0573 0.238277 0.0209824 -0.0707397 146.644 492 456569
4.85803 21.5107 1.16278 22.0573 0.222116 0.0209824 -0.0707397 151.144 516 456569
8.05045 20.7206 1.63361 22.2491 0.370574 0.041974 -0 141.207 463 456569
8.05045 20.7364 1.16681 22.2491 0.370317 0.0209824 -0 142.519 470 456569
4.90027 21.6978 1.16681 22.2491 0.222116 0.0209824 -0 146.832 493 456569
2.80015 22.0722 0.7 22.2491 0.126189 0 -0 142.144 468 456569
2.80015 22.0673 1.16681 22.2491 0.126217 0.0209824 -0 141.582 465 456569
8.05045 20.7364 1.16681 22.2491 0.370317 0.0209824 -0.0707397 135.582 433 456569
1.79536 22.7538 0.7 22.8246 0.0787404 0 0.0707397 152.707 519 456569
1.43629 22.7793 0.7 22.8246 0.0629689 0 0.0707397 155.144 532 456569
1.43629 22.7743 1.17888 22.8246 0.0629827 0.0209824 0.0707397 151.019 510 456569
1.07721 22.7991 0.7 22.8246 0.047213 0 0.0707397 152.519 518 456569
1.79536 22.7538 0.7 22.8246 0.0787404 0 -0 160.019 558 456569
1.43629 22.7793 0.7 22.8246 0.0629689 0 -0 162.082 569 456569
1.43629 22.7743 1.17888 22.8246 0.0629827 0.0209824 -0 158.144 548 456569
1.07721 22.7991 0.7 22.8246 0.047213 0 -0 159.457 555 456569
1.79536 22.7538 0.7 22.8246 0.0787404 0 -0.0707397 152.894 520 456569
1.43629 22.7793 0.7 22.8246 0.0629689 0 -0.0707397 154.582 529 456569
1.43629 22.7743 1.17888 22.8246 0.0629827 0.0209824 -0.0707397 150.644 508 456569
1.07721 22.7991 0.7 22.8246 0.047213 0 -0.0707397 152.144 516 456569
1.81044 22.945 0.7 23.0164 0.0787404 0 0.0707397 151.957 515 456569
1.44836 22.9707 0.7 23.0164 0.0629689 0 0.0707397 155.519 534 456569
1.44836 22.9657 1.1829 23.0164 0.0629827 0.0209824 0.0707397 151.957 515 456569
1.08627 22.9907 0.7 23.0164 0.047213 0 0.0707397 153.644 524 456569
1.08627 22.9856 1.1829 23.0164 0.0472234 0.0209824 0.0707397 151.019 510 456569
1.81044 22.945 0.7 23.0164 0.0787404 0 -0 159.832 557 456569
1.44836 22.9707 0.7 23.0164 0.0629689 0 -0 163.207 575 456569
1.44836 22.9657 1.1829 23.0164 0.0629827 0.0209824 -0 159.644 556 456569
1.08627 22.9907 0.7 23.0164 0.047213 0 -0 161.519 566 456569
1.81044 22.945 0.7 23.0164 0.0787404 0 -0.0707397 152.894 520 456569
1.44836 22.9707 0.7 23.0164 0.0629689 0 -0.0707397 156.082 537 456569
1.44836 22.9657 1.1829 23.0164 0.0629827 0.0209824 -0.0707397 152.519 518 456569
1.08627 22.9907 0.7 23.0164 0.047213 0 -0.0707397 154.394 528 456569
-14.4745 18.623 0.205025 23.5918 -0.660708 -0.0209824 0.0707397 133.019 414 456569
-14.8456 18.3352 0.7 23.5918 -0.680617 0 0.0707397 138.269 442 456569
-14.8456 18.3285 0.205025 23.5918 -0.680795 -0.0209824 0.0707397 136.582 433 456569
-15.2168 18.0283 0.7 23.5918 -0.701029 0 0.0707397 134.707 423 456569
-14.8456 18.3352 0.7 23.5918 -0.680617 0 -0 145.207 479 456569
-14.8456 18.3285 0.205025 23.5918 -0.680795 -0.0209824 -0 143.332 469 456569
-13.7322 19.1833 0.7 23.5918 -0.621281 0 -0.0707397 133.582 417 456569
-13.7322 19.1769 1.19497 23.5918 -0.621438 0.0209824 -0.0707397 133.957 419 456569
-14.1034 18.9056 1.19497 23.5918 -0.640929 0.0209824 -0.0707397 133.957 419 456569
-14.8456 18.3352 0.7 23.5918 -0.680617 0 -0.0707397 137.707 439 456569
-14.8456 18.3285 0.205025 23.5918 -0.680795 -0.0209824 -0.0707397 135.832 429 456569
-15.2168 18.0283 0.7 23.5918 -0.701029 0 -0.0707397 134.519 422 456569
-7.10901 22.6908 0.201001 23.7836 -0.303613 -0.0209824 0.0707397 136.207 431 456569
-14.5922 18.781 0.7 23.7836 -0.660537 0 0.0707397 139.207 447 456569
-14.9663 18.4842 0.7 23.7836 -0.680617 0 0.0707397 139.394 448 456569
-14.9663 18.4775 0.201001 23.7836 -0.680795 -0.0209824 0.0707397 136.582 433 456569
-14.5922 18.781 0.7 23.7836 -0.660537 0 -0 145.957 483 456569
-14.9663 18.4842 0.7 23.7836 -0.680617 0 -0 146.707 487 456569
-14.5922 18.781 0.7 23.7836 -0.660537 0 -0.0707397 138.832 445 456569
-14.9663 18.4842 0.7 23.7836 -0.680617 0 -0.0707397 140.144 452 456569
-14.9663 18.4775 0.201001 23.7836 -0.680795 -0.0209824 -0.0707397 137.332 437 456569
1.52077 24.1193 0.7 24.1672 0.0629689 0 0.0707397 148.582 497 456569
1.52077 24.1139 1.20705 24.1672 0.0629827 0.0209824 0.0707397 146.519 486 456569
1.14058 24.1402 0.7 24.1672 0.047213 0 0.0707397 148.957 499 456569
1.14058 24.1349 1.20705 24.1672 0.0472234 0.0209824 0.0707397 146.894 488 456569
1.52077 24.1193 0.7 24.1672 0.0629689 0 -0 155.894 536 456569
1.52077 24.1139 1.20705 24.1672 0.0629827 0.0209824 -0 154.019 526 456569
1.14058 24.1402 0.7 24.1672 0.047213 0 -0 156.082 537 456569
1.14058 24.1349 1.20705 24.1672 0.0472234 0.0209824 -0 154.394 528 456569
1.52077 24.1193 0.7 24.1672 0.0629689 0 -0.0707397 148.394 496 456569
1.52077 24.1139 1.20705 24.1672 0.0629827 0.0209824 -0.0707397 146.519 486 456569
1.14058 24.1402 0.7 24.1672 0.047213 0 -0.0707397 148.582 497 456569
1.14058 24.1349 1.20705 24.1672 0.0472234 0.0209824 -0.0707397 146.894 488 456569
1.53284 24.3107 0.7 24.359 0.0629689 0 0.0707397 149.957 499 456569
1.53284 24.3053 1.21107 24.359 0.0629827 0.0209824 0.0707397 148.832 493 456569
1.14963 24.3318 0.7 24.359 0.047213 0 0.0707397 150.144 500 456569
1.14963 24.3265 1.21107 24.359 0.0472234 0.0209824 0.0707397 148.644 492 456569
1.53284 24.3107 0.7 24.359 0.0629689 0 -0 157.644 540 456569
1.53284 24.3053 1.21107 24.359 0.0629827 0.0209824 -0 156.519 534 456569
1.14963 24.3318 0.7 24.359 0.047213 0 -0 158.207 543 456569
1.14963 24.3265 1.21107 24.359 0.0472234 0.0209824 -0 156.519 534 456569
1.53284 24.3107 0.7 24.359 0.0629689 0 -0.0707397 150.894 504 456569
1.53284 24.3053 1.21107 24.359 0.0629827 0.0209824 -0.0707397 149.957 499 456569
1.14963 24.3318 0.7 24.359 0.047213 0 -0.0707397 151.644 508 456569
1.14963 24.3265 1.21107 24.359 0.0472234 0.0209824 -0.0707397 149.957 499 456569
10.0419 22.4031 0.7 24.5508 0.421388 0 -0 137.207 431 456569
9.65571 22.5723 0.7 24.5508 0.404213 0 -0 136.644 428 456569
4.24851 24.1749 1.2151 24.5508 0.173964 0.0209824 -0 134.207 415 456569
-15.8112 19.5277 0.7 25.1262 -0.680617 0 -0 134.019 414 456569
9.48673 23.2664 0.7 25.1262 0.387164 0 -0 134.207 415 456569
9.09145 23.4237 0.7 25.1262 0.370232 0 -0 135.519 422 456569
11.1523 22.7046 1.76239 25.318 0.456578 0.041974 -0 139.457 443 456569
11.1523 22.7232 1.23119 25.318 0.456253 0.0209824 -0 139.832 445 456569
10.754 22.8959 1.76239 25.318 0.439109 0.041974 -0 137.957 435 456569
10.754 22.9144 1.23119 25.318 0.438799 0.0209824 -0 138.332 437 456569
-16.7014 19.7872 0.7 25.8934 -0.701029 0 0.0707397 135.394 416 456569
-16.294 20.124 0.7 25.8934 -0.680617 0 -0 140.082 441 456569
-16.294 20.1166 0.156735 25.8934 -0.680795 -0.0209824 -0 138.207 431 456569
-16.7014 19.7872 0.7 25.8934 -0.701029 0 -0 142.144 452 456569
-16.7014 19.7797 0.156735 25.8934 -0.701215 -0.0209824 -0 140.457 443 456569
-16.7014 19.7797 1.24327 25.8934 -0.701215 0.0209824 -0 138.207 431 456569
-16.7014 19.7872 0.7 25.8934 -0.701029 0 -0.0707397 135.394 416 456569
-16.4147 20.273 0.7 26.0852 -0.680617 0 0.0707397 141.957 451 456569
-16.4147 20.2656 0.152711 26.0852 -0.680795 -0.0209824 0.0707397 139.519 438 456569
-16.8251 19.9338 0.7 26.0852 -0.701029 0 0.0707397 142.332 453 456569
-16.8251 19.9263 0.152711 26.0852 -0.701215 -0.0209824 0.0707397 140.644 444 456569
-16.4147 20.273 0.7 26.0852 -0.680617 0 -0 149.644 492 456569
-16.4147 20.2656 0.152711 26.0852 -0.680795 -0.0209824 -0 147.207 479 456569
-16.8251 19.9338 0.7 26.0852 -0.701029 0 -0 150.019 494 456569
-16.8251 19.9263 0.152711 26.0852 -0.701215 -0.0209824 -0 148.144 484 456569
-16.4147 20.273 0.7 26.0852 -0.680617 0 -0.0707397 142.519 454 456569
-16.4147 20.2656 0.152711 26.0852 -0.680795 -0.0209824 -0.0707397 140.082 441 456569
-16.8251 19.9338 0.7 26.0852 -0.701029 0 -0.0707397 142.894 456 456569
-16.8251 19.9263 0.152711 26.0852 -0.701215 -0.0209824 -0.0707397 141.207 447 456569
6.71072 25.583 4.05617 26.6606 0.256532 0.12622 -0 136.332 421 456569
6.2913 25.6894 4.05617 26.6606 0.240172 0.12622 -0 138.582 433 456569
6.2913 25.7563 3.49681 26.6606 0.239572 0.105098 -0 135.957 419 456569
6.2913 25.8835 1.81872 26.6606 0.238438 0.041974 -0 135.957 419 456569
6.75899 25.8347 3.51693 26.8524 0.255889 0.105098 -0 142.144 452 456569
6.33656 25.9416 3.51693 26.8524 0.239572 0.105098 -0 142.894 456 456569
6.75899 25.8347 3.51693 26.8524 0.255889 0.105098 -0.0707397 135.207 415 456569
6.33656 25.9416 3.51693 26.8524 0.239572 0.105098 -0.0707397 136.332 421 456569
-15.5336 22.6051 0.7 27.4278 -0.602065 0 -0 134.519 406 456569
-15.9651 22.3025 0.7 27.4278 -0.621281 0 -0 137.519 422 456569
-15.9651 22.2951 0.124541 27.4278 -0.621438 -0.0209824 -0 134.707 407 456569
-16.3966 21.9872 0.7 27.4278 -0.640765 0 -0 136.957 419 456569
-16.3966 21.9797 0.124541 27.4278 -0.640929 -0.0209824 -0 134.519 406 456569
-16.8281 21.6587 0.7 27.4278 -0.660537 0 -0 134.332 405 456569
10.8627 25.3938 0.7 27.6196 0.404213 0 0.0707397 134.332 405 456569
10.4282 25.5753 0.7 27.6196 0.387164 0 0.0707397 136.582 417 456569
10.4282 25.5753 0.7 27.6196 0.387164 0 -0 143.332 453 456569
6.5176 26.8146 1.85897 27.6196 0.238438 0.041974 -0 143.894 456 456569
6.5176 26.8334 1.27948 27.6196 0.238277 0.0209824 -0 143.519 454 456569
6.0831 26.9165 1.85897 27.6196 0.222265 0.041974 -0 142.957 451 456569
10.8627 25.3938 0.7 27.6196 0.404213 0 -0.0707397 135.457 411 456569
-16.4117 22.9263 0.7 28.195 -0.621281 0 -0 139.019 430 456569
11.089 25.9229 0.7 28.195 0.404213 0 -0 139.582 433 456569
10.6454 26.1081 0.7 28.195 0.387164 0 -0 141.082 441 456569
6.65339 26.1171 8.98178 28.195 0.249446 0.298128 -0 141.832 445 456569
6.20983 26.2261 8.98178 28.195 0.232498 0.298128 -0 141.269 442 456569
10.6454 26.1081 0.7 28.195 0.387164 0 -0.0707397 134.894 408 456569
-16.0768 23.3955 0.7 28.3868 -0.602065 0 -0 140.707 439 456569
-16.5233 23.0823 0.7 28.3868 -0.621281 0 -0 140.707 439 456569
-19.6494 20.487 0.7 28.3868 -0.764533 0 -0 141.082 441 456569
-19.6494 20.4783 0.10442 28.3868 -0.764744 -0.0209824 -0 140.332 437 456569
-15.947 24.1765 0.7 28.9622 -0.583099 0 -0 139.082 425 456569
-16.4026 23.8698 0.7 28.9622 -0.602065 0 -0 139.269 426 456569
2.73377 28.8329 0.7 28.9622 0.0945316 0 -0 135.707 407 456569
2.73377 28.8265 1.30765 28.9622 0.0945525 0.0209824 -0 137.582 417 456569
-16.0526 24.3366 0.7 29.1541 -0.583099 0 -0 145.832 461 456569
-16.0526 24.329 1.31168 29.1541 -0.583244 0.0209824 -0 143.394 448 456569
-16.5113 24.0278 0.7 29.1541 -0.602065 0 -0 141.894 440 456569
-16.5113 24.0201 1.31168 29.1541 -0.602216 0.0209824 -0 141.332 437 456569
-15.9017 25.1192 0.7 29.7295 -0.564368 0 -0 141.332 437 456569
-16.3694 24.817 0.7 29.7295 -0.583099 0 -0 143.207 447 456569
-16.3694 24.8091 0.076251 29.7295 -0.583244 -0.0209824 -0 141.332 437 456569
3.27389 29.5421 1.32375 29.7295 0.110371 0.0209824 -0 141.332 437 456569
8.9436 28.5534 0.7 29.9213 0.303544 0 -0 140.207 431 456569
3.29501 29.7327 1.32777 29.9213 0.110371 0.0209824 -0 139.457 427 456569
3.35838 30.3112 0.7 30.4967 0.110346 0 -0 141.207 431 456569
3.35838 30.3044 1.33985 30.4967 0.110371 0.0209824 -0 142.144 436 456569
2.87861 30.3605 0.7 30.4967 0.0945316 0 -0 142.332 437 456569
2.87861 30.3538 1.33985 30.4967 0.0945525 0.0209824 -0 144.019 446 456569
-7.24178 29.8148 0.0561301 30.6885 -0.238277 -0.0209824 0.0707397 137.457 411 456569
6.27621 30.0398 0.7 30.6885 0.205967 0 -0 153.582 497 456569
6.27621 30.0329 1.34387 30.6885 0.206013 0.0209824 -0 153.582 497 456569
5.79342 30.1298 1.34387 30.6885 0.189964 0.0209824 -0 150.957 483 456569
-7.24178 29.8148 0.0561301 30.6885 -0.238277 -0.0209824 -0.0707397 137.457 411 456569
6.84348 30.3091 0.7 31.0721 0.222066 0 0.0707397 155.832 509 456569
6.35466 30.4153 0.7 31.0721 0.205967 0 0.0707397 159.957 531 456569
6.35466 30.4083 1.35192 31.0721 0.206013 0.0209824 0.0707397 159.582 529 456569
6.84348 30.3091 0.7 31.0721 0.222066 0 -0 162.957 547 456569
6.35466 30.4153 0.7 31.0721 0.205967 0 -0 167.082 569 456569
6.35466 30.4083 1.35192 31.0721 0.206013 0.0209824 -0 166.894 568 456569
6.84348 30.3091 0.7 31.0721 0.222066 0 -0.0707397 155.832 509 456569
6.35466 30.4153 0.7 31.0721 0.205967 0 -0.0707397 159.957 531 456569
6.35466 30.4083 1.35192 31.0721 0.206013 0.0209824 -0.0707397 159.957 531 456569
6.88573 30.4962 0.7 31.2639 0.222066 0 -0 153.394 496 456569
6.39389 30.6031 0.7 31.2639 0.205967 0 -0 157.707 519 456569
6.39389 30.5961 1.35594 31.2639 0.206013 0.0209824 -0 157.144 516 456569
6.39389 30.6031 0.7 31.2639 0.205967 0 -0.0707397 151.707 487 456569
6.39389 30.5961 1.35594 31.2639 0.206013 0.0209824 -0.0707397 150.957 483 456569
6.43311 30.7908 0.7 31.4557 0.205967 0 -0 151.894 488 456569
6.43311 30.7838 1.35997 31.4557 0.206013 0.0209824 -0 152.644 492 456569
1.48456 31.4206 0.7 31.4557 0.047213 0 -0 152.644 492 456569
1.52077 32.187 0.7 32.2229 0.047213 0 -0 155.082 505 456569
1.52077 32.1799 0.0239366 32.2229 0.0472234 -0.0209824 -0 153.394 496 456569
1.01385 32.2069 0.7 32.2229 0.0314688 0 -0 152.457 491 456569
1.53888 32.5702 0.7 32.6065 0.047213 0 0.0707397 160.519 534 456569
1.53888 32.563 0.0158883 32.6065 0.0472234 -0.0209824 0.0707397 159.582 529 456569
1.02592 32.5904 0.7 32.6065 0.0314688 0 0.0707397 157.707 519 456569
1.02592 32.5832 0.0158883 32.6065 0.0314757 -0.0209824 0.0707397 156.207 511 456569
1.53888 32.5702 0.7 32.6065 0.047213 0 -0 168.207 575 456569
1.53888 32.563 0.0158883 32.6065 0.0472234 -0.0209824 -0 167.082 569 456569
1.02592 32.5904 0.7 32.6065 0.0314688 0 -0 165.207 559 456569
1.02592 32.5832 0.0158883 32.6065 0.0314757 -0.0209824 -0 163.707 551 456569
1.53888 32.5702 0.7 32.6065 0.047213 0 -0.0707397 160.894 536 456569
1.53888 32.563 0.0158883 32.6065 0.0472234 -0.0209824 -0.0707397 160.144 532 456569
1.02592 32.5904 0.7 32.6065 0.0314688 0 -0.0707397 158.082 521 456569
1.02592 32.5832 0.0158883 32.6065 0.0314757 -0.0209824 -0.0707397 156.582 513 456569
1.54793 32.7618 0.7 32.7983 0.047213 0 -0 158.144 516 456569
1.54793 32.7545 0.0118641 32.7983 0.0472234 -0.0209824 -0 158.707 519 456569
1.03195 32.7821 0.7 32.7983 0.0314688 0 -0 154.582 497 456569
1.03195 32.7748 0.0118641 32.7983 0.0314757 -0.0209824 -0 155.332 501 456569
1.54793 32.7618 0.7 32.7983 0.047213 0 -0.0707397 152.332 485 456569
1.54793 32.7545 0.0118641 32.7983 0.0472234 -0.0209824 -0.0707397 152.707 487 456569
-6.74692 32.2854 0.00783986 32.9901 -0.206013 -0.0209824 0.0707397 138.082 409 456569
-7.26592 32.1726 0.00783986 32.9901 -0.222116 -0.0209824 0.0707397 141.457 427 456569
-22.8357 23.5563 4.1608 32.9901 -0.769868 0.105098 0.0707397 137.707 407 456569
-7.26592 32.1726 0.00783986 32.9901 -0.222116 -0.0209824 -0 149.144 468 456569
1.55698 32.9534 0.7 32.9901 0.047213 0 -0 153.832 493 456569
1.55698 32.9461 0.00783986 32.9901 0.0472234 -0.0209824 -0 152.707 487 456569
-6.74692 32.2854 0.00783986 32.9901 -0.206013 -0.0209824 -0.0707397 139.582 417 456569
-7.26592 32.1726 0.00783986 32.9901 -0.222116 -0.0209824 -0.0707397 142.394 432 456569
-22.8357 23.5563 4.1608 32.9901 -0.769868 0.105098 -0.0707397 140.144 420 456569
-23.3547 23.0418 4.1608 32.9901 -0.792142 0.105098 -0.0707397 139.207 415 456569
5.28046 32.96 4.22116 33.5655 0.158858 0.105098 -0 143.144 436 456569
3.69633 33.175 4.22116 33.5655 0.110961 0.105098 -0 143.519 438 456569
10.0329 31.8369 4.22116 33.5655 0.305283 0.105098 -0.0707397 135.269 394 456569
5.28046 32.96 4.22116 33.5655 0.158858 0.105098 -0.0707397 136.957 403 456569
4.75242 33.0403 4.22116 33.5655 0.142857 0.105098 -0.0707397 136.019 398 456569
-16.463 29.4623 1.40826 33.7573 -0.50956 0.0209824 0.0707397 133.207 383 456569
-16.994 29.1678 0.7 33.7573 -0.52755 0 0.0707397 132.832 381 456569
-16.994 29.1592 1.40826 33.7573 -0.527678 0.0209824 0.0707397 133.207 383 456569
-16.463 29.4623 1.40826 33.7573 -0.50956 0.0209824 -0 139.582 417 456569
-16.994 29.1678 0.7 33.7573 -0.52755 0 -0 139.957 419 456569
-16.994 29.1592 1.40826 33.7573 -0.527678 0.0209824 -0 140.519 422 456569
-16.994 29.1592 1.40826 33.7573 -0.527678 0.0209824 -0.0707397 133.019 382 456569
10.2622 32.5646 4.30165 34.3327 0.305283 0.105098 -0 136.457 395 456569
19.0097 28.8106 -0.0243536 34.5245 0.583244 -0.0209824 -0 138.519 406 456569
-16.5656 30.9362 1.43643 35.0999 -0.491624 0.0209824 0.0707397 143.394 432 456569
-17.1178 30.6341 1.43643 35.0999 -0.50956 0.0209824 0.0707397 145.457 443 456569
5.52186 34.5375 3.6457 35.0999 0.158538 0.0840222 0.0707397 143.957 435 456569
-17.1178 30.6341 1.43643 35.0999 -0.50956 0.0209824 -0 152.957 483 456569
5.52186 34.5375 3.6457 35.0999 0.158538 0.0840222 -0 151.082 473 456569
-16.5656 30.9362 1.43643 35.0999 -0.491624 0.0209824 -0.0707397 143.207 431 456569
-17.1178 30.6341 1.43643 35.0999 -0.50956 0.0209824 -0.0707397 145.832 445 456569
5.52186 34.5375 3.6457 35.0999 0.158538 0.0840222 -0.0707397 144.144 436 456569
-7.21764 34.5379 -0.0404503 35.2917 -0.206013 -0.0209824 0.0707397 135.144 388 456569
4.99683 34.6526 5.1427 35.2917 0.143211 0.12622 0.0707397 138.894 408 456569
4.99683 34.7395 4.40225 35.2917 0.142857 0.105098 0.0707397 139.644 412 456569
4.99683 34.8104 3.6618 35.2917 0.14257 0.0840222 0.0707397 134.957 387 456569
4.99683 34.7395 4.40225 35.2917 0.142857 0.105098 -0 146.582 449 456569
-7.21764 34.5379 -0.0404503 35.2917 -0.206013 -0.0209824 -0.0707397 135.894 392 456569
5.55203 34.6551 4.40225 35.2917 0.158858 0.105098 -0.0707397 137.394 400 456569
4.99683 34.6526 5.1427 35.2917 0.143211 0.12622 -0.0707397 136.832 397 456569
4.99683 34.7395 4.40225 35.2917 0.142857 0.105098 -0.0707397 140.019 414 456569
4.99683 34.8104 3.6618 35.2917 0.14257 0.0840222 -0.0707397 137.207 399 456569
-18.0562 30.9908 0.7 35.8672 -0.52755 0 0.0707397 136.644 396 456569
6.77106 35.0934 3.71009 35.8672 0.190602 0.0840222 0.0707397 139.082 409 456569
6.20681 35.1976 3.71009 35.8672 0.174548 0.0840222 0.0707397 138.332 405 456569
5.64255 35.2924 3.71009 35.8672 0.158538 0.0840222 0.0707397 134.957 387 456569
6.77106 35.0934 3.71009 35.8672 0.190602 0.0840222 -0 146.207 447 456569
6.20681 35.1976 3.71009 35.8672 0.174548 0.0840222 -0 145.644 444 456569
6.77106 35.0934 3.71009 35.8672 0.190602 0.0840222 -0.0707397 138.894 408 456569
6.20681 35.1976 3.71009 35.8672 0.174548 0.0840222 -0.0707397 138.707 407 456569
5.64255 35.2924 3.71009 35.8672 0.158538 0.0840222 -0.0707397 135.144 388 456569
5.67273 35.4085 4.48274 36.059 0.158858 0.105098 0.0707397 137.019 398 456569
5.67273 35.4811 3.72619 36.059 0.158538 0.0840222 0.0707397 139.832 413 456569
5.10545 35.5672 3.72619 36.059 0.14257 0.0840222 0.0707397 135.144 388 456569
7.37455 35.1668 3.72619 36.059 0.206706 0.0840222 -0 144.332 437 456569
6.80727 35.281 3.72619 36.059 0.190602 0.0840222 -0 144.519 438 456569
5.67273 35.4811 3.72619 36.059 0.158538 0.0840222 -0 145.457 443 456569
5.67273 35.4811 3.72619 36.059 0.158538 0.0840222 -0.0707397 137.394 400 456569
1.72897 36.5855 -0.0686197 36.6344 0.0472234 -0.0209824 0.0707397 148.144 452 456569
1.72897 36.5855 1.46862 36.6344 0.0472234 0.0209824 0.0707397 153.207 479 456569
1.15265 36.6082 1.46862 36.6344 0.0314757 0.0209824 0.0707397 153.582 481 456569
1.72897 36.5855 1.46862 36.6344 0.0472234 0.0209824 -0 160.332 517 456569
1.15265 36.6082 1.46862 36.6344 0.0314757 0.0209824 -0 160.519 518 456569
1.72897 36.5855 1.46862 36.6344 0.0472234 0.0209824 -0.0707397 153.019 478 456569
1.15265 36.6082 1.46862 36.6344 0.0314757 0.0209824 -0.0707397 153.207 479 456569
1.73803 36.777 -0.0726438 36.8262 0.0472234 -0.0209824 0.0707397 153.207 479 456569
1.73803 36.777 1.47264 36.8262 0.0472234 0.0209824 0.0707397 155.269 490 456569
1.15868 36.7998 -0.0726438 36.8262 0.0314757 -0.0209824 0.0707397 151.894 472 456569
1.15868 36.7998 1.47264 36.8262 0.0314757 0.0209824 0.0707397 155.082 489 456569
1.73803 36.777 -0.0726438 36.8262 0.0472234 -0.0209824 -0 160.707 519 456569
1.73803 36.777 1.47264 36.8262 0.0472234 0.0209824 -0 162.582 529 456569
1.15868 36.7998 -0.0726438 36.8262 0.0314757 -0.0209824 -0 159.394 512 456569
1.15868 36.7998 1.47264 36.8262 0.0314757 0.0209824 -0 162.957 531 456569
1.73803 36.777 -0.0726438 36.8262 0.0472234 -0.0209824 -0.0707397 153.582 481 456569
1.73803 36.777 1.47264 36.8262 0.0472234 0.0209824 -0.0707397 155.832 493 456569
1.15868 36.7998 -0.0726438 36.8262 0.0314757 -0.0209824 -0.0707397 152.269 474 456569
1.15868 36.7998 1.47264 36.8262 0.0314757 0.0209824 -0.0707397 156.019 494 456569
-15.2983 34.1298 0.7 37.4016 -0.421388 0 0.0707397 147.207 447 456569
-15.8867 33.8599 0.7 37.4016 -0.438696 0 0.0707397 149.832 461 456569
-15.2983 34.1298 0.7 37.4016 -0.421388 0 -0 153.957 483 456569
-15.8867 33.8599 0.7 37.4016 -0.438696 0 -0 156.957 499 456569
-15.8867 33.8508 -0.0847164 37.4016 -0.438799 -0.0209824 -0 151.707 471 456569
-15.8867 33.8508 1.48472 37.4016 -0.438799 0.0209824 -0 152.457 475 456569
-15.8867 33.8599 0.7 37.4016 -0.438696 0 -0.0707397 150.207 463 456569
-15.3767 34.3048 0.7 37.5934 -0.421388 0 0.0707397 154.894 488 456569
-15.9681 34.0335 0.7 37.5934 -0.438696 0 0.0707397 156.394 496 456569
-15.9681 34.0244 -0.0887406 37.5934 -0.438799 -0.0209824 0.0707397 152.082 473 456569
-15.9681 34.0244 1.48874 37.5934 -0.438799 0.0209824 0.0707397 151.707 471 456569
-15.3767 34.3048 0.7 37.5934 -0.421388 0 -0 162.207 527 456569
-15.9681 34.0335 0.7 37.5934 -0.438696 0 -0 163.519 534 456569
-15.9681 34.0244 -0.0887406 37.5934 -0.438799 -0.0209824 -0 159.394 512 456569
-15.9681 34.0244 1.48874 37.5934 -0.438799 0.0209824 -0 159.207 511 456569
-15.3767 34.3048 0.7 37.5934 -0.421388 0 -0.0707397 155.082 489 456569
-15.9681 34.0335 0.7 37.5934 -0.438696 0 -0.0707397 156.582 497 456569
-15.9681 34.0244 -0.0887406 37.5934 -0.438799 -0.0209824 -0.0707397 152.457 475 456569
-15.9681 34.0244 1.48874 37.5934 -0.438799 0.0209824 -0.0707397 152.269 474 456569
7.20557 37.4482 2.30163 38.1688 0.190091 0.041974 -0 135.582 385 456569
6.60511 37.3791 4.70407 38.1688 0.1749 0.105098 -0 136.894 392 456569
6.60511 37.4562 3.90325 38.1688 0.174548 0.0840222 -0 138.207 399 456569
6.00464 37.4802 4.70407 38.1688 0.158858 0.105098 -0 137.644 396 456569
6.00464 37.5572 3.90325 38.1688 0.158538 0.0840222 -0 135.957 387 456569
4.80371 37.8568 1.50081 38.1688 0.126217 0.0209824 -0 134.832 381 456569
24.7427 29.3144 0.7 38.3606 0.701029 0 -0 141.207 415 456569
7.24178 37.6364 2.30967 38.3606 0.190091 0.041974 -0 140.457 411 456569
24.5014 30.2494 1.51691 38.936 0.680795 0.0209824 -0 139.957 403 456569
6.15551 38.6319 1.52093 39.1278 0.158009 0.0209824 0.0707397 133.957 371 456569
-15.3888 35.9652 -0.120934 39.1278 -0.404307 -0.0209824 -0 143.332 421 456569
-15.6151 36.4941 -0.133007 39.7032 -0.404307 -0.0209824 -0 141.082 409 456569
-6.90383 39.2931 0.7 39.895 -0.173925 0 0.0707397 135.457 379 456569
-6.90383 39.2931 0.7 39.895 -0.173925 0 -0.0707397 134.519 374 456569
6.27621 39.3894 1.53703 39.895 0.158009 0.0209824 -0.0707397 133.394 368 456569
8.91342 39.3944 3.24731 40.4704 0.222515 0.0629841 -0 138.644 396 456569
8.27675 39.6059 1.5491 40.4704 0.206013 0.0209824 -0 138.269 394 456569
-15.3526 37.6526 0.7 40.6622 -0.387164 0 0.0707397 138.269 394 456569
-15.3526 37.6429 1.55313 40.6622 -0.387253 0.0209824 0.0707397 140.144 404 456569
-15.9923 37.3756 1.55313 40.6622 -0.404307 0.0209824 0.0707397 141.082 409 456569
-15.3526 37.6526 0.7 40.6622 -0.387164 0 -0 143.894 424 456569
-15.3526 37.6429 1.55313 40.6622 -0.387253 0.0209824 -0 145.582 433 456569
-15.9923 37.3854 0.7 40.6622 -0.404213 0 -0 145.019 430 456569
-15.9923 37.3756 1.55313 40.6622 -0.404307 0.0209824 -0 146.894 440 456569
-19.4623 36.191 -2.7608 41.2376 -0.493402 -0.0840222 -0 138.707 391 456569
-20.111 35.9908 1.5652 41.2376 -0.50956 0.0209824 -0 140.394 400 456569
-20.7598 35.6206 1.5652 41.2376 -0.527678 0.0209824 -0 138.144 388 456569
-19.5528 36.3593 4.1769 41.4294 -0.493402 0.0840222 -0.0707397 134.207 367 456569
6.60812 41.4724 1.5813 42.0049 0.158009 0.0209824 -0 135.144 372 456569
-6.6383 41.6618 1.58532 42.1967 -0.158009 0.0209824 0.0707397 139.082 393 456569
-7.30213 41.5506 1.58532 42.1967 -0.173964 0.0209824 0.0707397 138.894 392 456569
29.8723 29.7895 1.58532 42.1967 0.786786 0.0209824 0.0707397 135.144 372 456569
29.2085 30.4407 1.58532 42.1967 0.764744 0.0209824 0.0707397 135.707 375 456569
-6.6383 41.6618 1.58532 42.1967 -0.158009 0.0209824 -0 146.207 431 456569
-7.30213 41.5506 1.58532 42.1967 -0.173964 0.0209824 -0 146.207 431 456569
-6.6383 41.6618 1.58532 42.1967 -0.158009 0.0209824 -0.0707397 138.144 388 456569
-7.30213 41.5506 1.58532 42.1967 -0.173964 0.0209824 -0.0707397 138.144 388 456569
29.8723 29.7895 1.58532 42.1967 0.786786 0.0209824 -0.0707397 135.519 374 456569
29.2085 30.4021 2.47064 42.1967 0.765378 0.041974 -0.0707397 134.957 371 456569
29.2085 30.4407 1.58532 42.1967 0.764744 0.0209824 -0.0707397 137.394 384 456569
-15.2681 39.3276 1.58532 42.1967 -0.370317 0.0209824 -0.0707397 134.582 369 456569
28.9339 31.5004 0.7 42.7721 0.742956 0 0.0707397 141.144 404 456569
28.9339 31.4876 1.59739 42.7721 0.743158 0.0209824 0.0707397 139.832 397 456569
28.261 32.1055 0.7 42.7721 0.721799 0 0.0707397 143.957 419 456569
28.261 32.0929 1.59739 42.7721 0.721993 0.0209824 0.0707397 142.644 412 456569
28.9339 31.5004 0.7 42.7721 0.742956 0 -0 148.082 441 456569
28.9339 31.4876 1.59739 42.7721 0.743158 0.0209824 -0 147.144 436 456569
28.261 32.1055 0.7 42.7721 0.721799 0 -0 150.894 456 456569
28.261 32.0929 1.59739 42.7721 0.721993 0.0209824 -0 149.582 449 456569
28.9339 31.5004 0.7 42.7721 0.742956 0 -0.0707397 140.957 403 456569
28.9339 31.4876 1.59739 42.7721 0.743158 0.0209824 -0.0707397 140.207 399 456569
28.261 32.1055 0.7 42.7721 0.721799 0 -0.0707397 143.394 416 456569
28.261 32.0929 1.59739 42.7721 0.721993 0.0209824 -0.0707397 142.269 410 456569
29.0637 31.6417 0.7 42.9639 0.742956 0 0.0707397 134.957 371 456569
28.3878 32.2495 0.7 42.9639 0.721799 0 0.0707397 138.332 389 456569
28.3878 32.2369 1.60142 42.9639 0.721993 0.0209824 0.0707397 137.019 382 456569
29.0637 31.6417 0.7 42.9639 0.742956 0 -0 143.019 414 456569
28.3878 32.2495 0.7 42.9639 0.721799 0 -0 146.582 433 456569
28.3878 32.2369 1.60142 42.9639 0.721993 0.0209824 -0 144.894 424 456569
29.0637 31.6417 0.7 42.9639 0.742956 0 -0.0707397 136.457 379 456569
29.0637 31.6288 1.60142 42.9639 0.743158 0.0209824 -0.0707397 135.332 373 456569
28.3878 32.2495 0.7 42.9639 0.721799 0 -0.0707397 139.457 395 456569
28.3878 32.2369 1.60142 42.9639 0.721993 0.0209824 -0.0707397 137.957 387 456569
-20.277 37.7059 -2.90567 42.9639 -0.493402 -0.0840222 -0.0707397 134.394 368 456569
6.84952 42.9874 1.61349 43.5393 0.158009 0.0209824 0.0707397 135.957 371 456569
6.16457 43.0619 2.52698 43.5393 0.14219 0.041974 0.0707397 136.332 373 456569
6.16457 43.091 1.61349 43.5393 0.142095 0.0209824 0.0707397 138.957 387 456569
6.84952 42.9874 1.61349 43.5393 0.158009 0.0209824 -0 142.707 407 456569
6.16457 43.0619 2.52698 43.5393 0.14219 0.041974 -0 142.894 408 456569
6.16457 43.091 1.61349 43.5393 0.142095 0.0209824 -0 145.894 424 456569
6.84952 42.9874 1.61349 43.5393 0.158009 0.0209824 -0.0707397 135.957 371 456569
6.16457 43.1007 0.7 43.5393 0.142064 0 -0.0707397 133.707 359 456569
6.16457 43.0619 2.52698 43.5393 0.14219 0.041974 -0.0707397 135.957 371 456569
6.16457 43.091 1.61349 43.5393 0.142095 0.0209824 -0.0707397 139.144 388 456569
6.87969 43.1865 0.7 43.7311 0.157974 0 0.0707397 132.394 352 456569
6.87969 43.1768 1.61751 43.7311 0.158009 0.0209824 0.0707397 131.832 349 456569
6.19172 43.2905 0.7 43.7311 0.142064 0 0.0707397 132.207 351 456569
6.19172 43.2808 1.61751 43.7311 0.142095 0.0209824 0.0707397 133.519 358 456569
5.50375 43.3445 2.53503 43.7311 0.126301 0.041974 0.0707397 131.269 346 456569
5.50375 43.3737 1.61751 43.7311 0.126217 0.0209824 0.0707397 133.144 356 456569
28.2067 33.4184 0.7 43.7311 0.701029 0 -0.0707397 135.582 369 456569
-24.0789 36.4011 3.45254 43.7311 -0.58441 0.0629841 -0.0707397 130.707 343 456569
6.19172 43.2808 1.61751 43.7311 0.142095 0.0209824 -0.0707397 132.957 355 456569
5.50375 43.3445 2.53503 43.7311 0.126301 0.041974 -0.0707397 131.457 347 456569
5.50375 43.3737 1.61751 43.7311 0.126217 0.0209824 -0.0707397 132.957 355 456569
-16.0315 41.3044 0.7 44.3065 -0.370232 0 0.0707397 137.644 380 456569
-16.0315 41.294 -0.229587 44.3065 -0.370317 -0.0209824 0.0707397 136.144 372 456569
-16.7285 41.0271 0.7 44.3065 -0.387164 0 0.0707397 134.457 363 456569
6.27319 43.8207 2.55917 44.3065 0.14219 0.041974 0.0707397 134.457 363 456569
-16.0315 41.3044 0.7 44.3065 -0.370232 0 -0 144.957 419 456569
-16.0315 41.294 -0.229587 44.3065 -0.370317 -0.0209824 -0 143.457 411 456569
-16.0315 41.3044 0.7 44.3065 -0.370232 0 -0.0707397 137.457 379 456569
-16.0315 41.294 -0.229587 44.3065 -0.370317 -0.0209824 -0.0707397 136.707 375 456569
6.27319 43.8207 2.55917 44.3065 0.14219 0.041974 -0.0707397 136.144 372 456569
6.27319 43.8503 1.62959 44.3065 0.142095 0.0209824 -0.0707397 135.957 371 456569
7.00039 43.9343 1.63361 44.4983 0.158009 0.0209824 0.0707397 132.957 355 456569
6.30035 44.05 0.7 44.4983 0.142064 0 0.0707397 131.832 349 456569
6.30035 44.0401 1.63361 44.4983 0.142095 0.0209824 0.0707397 133.519 358 456569
-16.1009 41.4832 0.7 44.4983 -0.370232 0 -0 138.957 387 456569
7.00039 43.9343 1.63361 44.4983 0.158009 0.0209824 -0 140.082 393 456569
6.30035 44.05 0.7 44.4983 0.142064 0 -0 138.582 385 456569
6.30035 44.0401 1.63361 44.4983 0.142095 0.0209824 -0 140.082 393 456569
-16.1009 41.4832 0.7 44.4983 -0.370232 0 -0.0707397 131.832 349 456569
7.00039 43.9343 1.63361 44.4983 0.158009 0.0209824 -0.0707397 133.707 359 456569
6.30035 44.05 0.7 44.4983 0.142064 0 -0.0707397 132.019 350 456569
6.30035 44.0401 1.63361 44.4983 0.142095 0.0209824 -0.0707397 133.144 356 456569
0 45.0638 -0.245684 45.0737 0 -0.0209824 0.0707397 144.582 417 456569
-4.96364 44.7996 0.7 45.0737 -0.110346 0 0.0707397 137.832 381 456569
0 45.0737 0.7 45.0737 0 0 -0 150.207 447 456569
0 45.0638 -0.245684 45.0737 0 -0.0209824 -0 152.832 461 456569
-0.709091 45.0681 0.7 45.0737 -0.0157325 0 -0 149.644 444 456569
-0.709091 45.0582 -0.245684 45.0737 -0.0157359 -0.0209824 -0 149.269 442 456569
0.709091 45.0582 -0.245684 45.0737 0.0157359 -0.0209824 -0 149.269 442 456569
0 45.0638 -0.245684 45.0737 0 -0.0209824 -0.0707397 146.269 426 456569
-2.84843 45.1658 -0.249708 45.2655 -0.0629827 -0.0209824 0.0707397 141.394 400 456569
-3.56054 45.1253 0.7 45.2655 -0.0787404 0 0.0707397 144.582 417 456569
-3.56054 45.1153 -0.249708 45.2655 -0.0787578 -0.0209824 0.0707397 145.894 424 456569
-4.27265 45.0634 0.7 45.2655 -0.0945316 0 0.0707397 142.707 407 456569
-4.27265 45.0534 -0.249708 45.2655 -0.0945525 -0.0209824 0.0707397 143.082 409 456569
-3.56054 45.1253 0.7 45.2655 -0.0787404 0 -0 151.332 453 456569
-3.56054 45.1153 -0.249708 45.2655 -0.0787578 -0.0209824 -0 152.269 458 456569
-4.27265 45.0634 0.7 45.2655 -0.0945316 0 -0 149.457 443 456569
-4.27265 45.0534 -0.249708 45.2655 -0.0945525 -0.0209824 -0 150.019 446 456569
-3.56054 45.1253 0.7 45.2655 -0.0787404 0 -0.0707397 143.457 411 456569
-3.56054 45.1153 -0.249708 45.2655 -0.0787578 -0.0209824 -0.0707397 144.207 415 456569
-4.27265 45.0634 0.7 45.2655 -0.0945316 0 -0.0707397 142.332 405 456569
-4.27265 45.0534 -0.249708 45.2655 -0.0945525 -0.0209824 -0.0707397 142.332 405 456569
-9.37509 44.872 0.7 45.8409 -0.205967 0 0.0707397 141.957 403 456569
-10.0962 44.7153 0.7 45.8409 -0.222066 0 0.0707397 141.957 403 456569
-9.37509 44.872 0.7 45.8409 -0.205967 0 -0 149.082 441 456569
-10.0962 44.7153 0.7 45.8409 -0.222066 0 -0 148.519 438 456569
-9.37509 44.872 0.7 45.8409 -0.205967 0 -0.0707397 141.957 403 456569
-10.0962 44.7153 0.7 45.8409 -0.222066 0 -0.0707397 141.207 399 456569
-6.5176 45.569 0.7 46.0327 -0.142064 0 0.0707397 138.582 385 456569
-6.5176 45.5587 -0.265805 46.0327 -0.142095 -0.0209824 0.0707397 138.957 387 456569
-7.24178 45.4595 0.7 46.0327 -0.157974 0 0.0707397 139.894 392 456569
-7.24178 45.4493 -0.265805 46.0327 -0.158009 -0.0209824 0.0707397 139.519 390 456569
-6.5176 45.569 0.7 46.0327 -0.142064 0 -0.0707397 139.332 389 456569
-6.5176 45.5587 -0.265805 46.0327 -0.142095 -0.0209824 -0.0707397 139.332 389 456569
-7.24178 45.4595 0.7 46.0327 -0.157974 0 -0.0707397 140.269 394 456569
-7.24178 45.4493 -0.265805 46.0327 -0.158009 -0.0209824 -0.0707397 140.269 394 456569
-11.7317 45.1075 0.7 46.6081 -0.254446 0 0.0707397 133.207 351 456569
-20.5304 41.8428 0.7 46.6081 -0.456145 0 0.0707397 133.019 350 456569
-21.2637 41.475 0.7 46.6081 -0.473746 0 0.0707397 135.832 365 456569
-21.2637 41.4634 1.67788 46.6081 -0.473858 0.0209824 0.0707397 131.519 342 456569
-21.9969 41.0908 0.7 46.6081 -0.491506 0 0.0707397 132.269 346 456569
-10.9985 45.2918 0.7 46.6081 -0.238224 0 -0 140.707 391 456569
-10.9985 45.2918 0.7 46.6081 -0.238224 0 -0.0707397 133.957 355 456569
-11.78 45.2931 0.7 46.7999 -0.254446 0 0.0707397 133.582 353 456569
-12.5162 45.0952 0.7 46.7999 -0.270736 0 0.0707397 132.832 349 456569
27.9774 37.5166 0.7 46.7999 0.640765 0 0.0707397 131.707 343 456569
-11.78 45.2931 0.7 46.7999 -0.254446 0 -0 141.832 397 456569
-12.5162 45.0952 0.7 46.7999 -0.270736 0 -0 140.519 390 456569
-11.78 45.2931 0.7 46.7999 -0.254446 0 -0.0707397 134.332 357 456569
-12.5162 45.0952 0.7 46.7999 -0.270736 0 -0.0707397 133.207 351 456569
-14.9663 45.1513 0.7 47.5671 -0.320073 0 0.0707397 132.457 347 456569
-15.7147 44.8963 0.7 47.5671 -0.336693 0 0.0707397 133.394 352 456569
-19.4562 43.3946 1.698 47.5671 -0.421486 0.0209824 0.0707397 131.519 342 456569
-14.9663 45.1513 0.7 47.5671 -0.320073 0 -0.0707397 133.394 352 456569
-15.7147 44.8963 0.7 47.5671 -0.336693 0 -0.0707397 133.207 351 456569
-19.4562 43.3946 1.698 47.5671 -0.421486 0.0209824 -0.0707397 132.457 347 456569
-24.2358 41.4867 3.73021 48.1425 -0.528708 0.0629841 0.0707397 131.894 344 456569
25.8532 40.7886 -1.32819 48.3344 0.564926 -0.041974 0.0707397 131.707 343 456569
25.0928 41.2607 -1.32819 48.3344 0.546391 -0.041974 0.0707397 134.519 358 456569
25.0928 41.1984 -2.34229 48.3344 0.547063 -0.0629841 0.0707397 132.082 345 456569
25.0928 41.3106 0.7 48.3344 0.545856 0 -0.0707397 131.707 343 456569
25.0928 41.2607 -1.32819 48.3344 0.546391 -0.041974 -0.0707397 133.582 353 456569
24.3324 41.763 0.7 48.3344 0.52755 0 -0.0707397 132.457 347 456569
24.3324 41.7506 1.7141 48.3344 0.527678 0.0209824 -0.0707397 132.269 346 456569
26.9304 40.8279 0.7 48.9098 0.583099 0 -0 136.082 361 456569
26.9304 40.815 1.72617 48.9098 0.583244 0.0209824 -0 134.957 355 456569
10.0027 47.865 1.72617 48.9098 0.206013 0.0209824 -0 135.894 360 456569
9.23327 48.0303 0.7 48.9098 0.189921 0 -0 135.332 357 456569
9.23327 48.0194 1.72617 48.9098 0.189964 0.0209824 -0 137.582 369 456569
10.0419 48.0637 0.7 49.1016 0.205967 0 0.0707397 135.894 360 456569
9.26948 48.2077 1.73019 49.1016 0.189964 0.0209824 0.0707397 137.957 371 456569
4.63474 48.8823 0.7 49.1016 0.0945316 0 0.0707397 138.894 376 456569
4.63474 48.8715 1.73019 49.1016 0.0945525 0.0209824 0.0707397 136.644 364 456569
9.26948 48.2077 1.73019 49.1016 0.189964 0.0209824 -0 144.519 406 456569
4.63474 48.8823 0.7 49.1016 0.0945316 0 -0 146.019 414 456569
9.26948 48.2077 1.73019 49.1016 0.189964 0.0209824 -0.0707397 137.394 368 456569
4.63474 48.8823 0.7 49.1016 0.0945316 0 -0.0707397 138.707 375 456569
4.63474 48.8715 1.73019 49.1016 0.0945525 0.0209824 -0.0707397 137.394 368 456569
3.86228 48.9494 0.7 49.1016 0.0787404 0 -0.0707397 135.144 356 456569
-28.2429 41.1003 0.7 49.8688 -0.602065 0 -0 134.207 351 456569
16.475 47.0688 0.7 49.8688 0.336693 0 -0 135.144 356 456569
16.475 47.0571 1.74629 49.8688 0.336771 0.0209824 -0 135.519 358 456569
15.6905 47.3361 0.7 49.8688 0.320073 0 -0 134.394 352 456569
15.6905 47.3245 1.74629 49.8688 0.320146 0.0209824 -0 134.957 355 456569
-24.6009 44.0387 0.7 50.4442 -0.509437 0 -0 133.082 345 456569
-24.6009 44.026 1.75836 50.4442 -0.50956 0.0209824 -0 136.269 362 456569
21.4266 45.6552 1.75836 50.4442 0.438799 0.0209824 -0 133.457 347 456569
-30.9496 39.8339 0.7 50.4442 -0.660537 0 -0 132.707 343 456569
19.0459 46.6985 1.75836 50.4442 0.387253 0.0209824 -0 133.644 348 456569
7.93578 49.8048 1.75836 50.4442 0.158009 0.0209824 -0 133.082 345 456569
3.22259 51.0986 1.77446 51.2114 0.0629827 0.0209824 -0 134.957 355 456569
2.41694 51.143 1.77446 51.2114 0.0472234 0.0209824 -0 133.644 348 456569
25.8773 44.4146 0.7 51.4032 0.52755 0 -0 133.832 349 456569
25.0686 44.876 0.7 51.4032 0.509437 0 -0 134.957 355 456569
25.0686 44.863 1.77848 51.4032 0.50956 0.0209824 -0 133.457 347 456569
4.85199 51.1737 0.7 51.4032 0.0945316 0 -0 135.332 357 456569
4.85199 51.1623 1.77848 51.4032 0.0945525 0.0209824 -0 135.894 360 456569
4.04333 51.2439 0.7 51.4032 0.0787404 0 -0 133.644 348 456569
4.04333 51.2326 1.77848 51.4032 0.0787578 0.0209824 -0 133.457 347 456569
19.6252 48.1313 0.7 51.9786 0.387164 0 0.0707397 136.332 357 456569
19.6252 48.119 1.79055 51.9786 0.387253 0.0209824 0.0707397 137.269 362 456569
19.6252 48.1313 0.7 51.9786 0.387164 0 -0 143.082 393 456569
19.6252 48.119 1.79055 51.9786 0.387253 0.0209824 -0 144.582 401 456569
18.8075 48.4444 1.79055 51.9786 0.370317 0.0209824 -0 140.644 380 456569
19.6252 48.1313 0.7 51.9786 0.387164 0 -0.0707397 136.144 356 456569
19.6252 48.119 1.79055 51.9786 0.387253 0.0209824 -0.0707397 137.644 364 456569
18.8075 48.4444 1.79055 51.9786 0.370317 0.0209824 -0.0707397 133.707 343 456569
19.6976 48.2965 1.79458 52.1704 0.387253 0.0209824 0.0707397 133.519 342 456569
19.6976 48.3089 0.7 52.1704 0.387164 0 -0 141.957 387 456569
19.6976 48.2965 1.79458 52.1704 0.387253 0.0209824 -0 142.894 392 456569
18.8769 48.6355 0.7 52.1704 0.370232 0 -0 138.207 367 456569
18.8769 48.6232 1.79458 52.1704 0.370317 0.0209824 -0 139.144 372 456569
19.6976 48.3089 0.7 52.1704 0.387164 0 -0.0707397 135.582 353 456569
19.6976 48.2965 1.79458 52.1704 0.387253 0.0209824 -0.0707397 136.332 357 456569
0 52.7458 0.7 52.7458 0 0 0.0707397 148.332 421 456569
-0.829787 52.7393 0.7 52.7458 -0.0157325 0 0.0707397 147.394 416 456569
-0.829787 52.7277 1.80665 52.7458 -0.0157359 0.0209824 0.0707397 147.207 415 456569
0 52.7458 0.7 52.7458 0 0 -0 155.644 460 456569
0 52.7342 1.80665 52.7458 0 0.0209824 -0 154.144 452 456569
-0.829787 52.7393 0.7 52.7458 -0.0157325 0 -0 155.457 459 456569
-0.829787 52.7277 1.80665 52.7458 -0.0157359 0.0209824 -0 155.457 459 456569
0 52.7458 0.7 52.7458 0 0 -0.0707397 149.269 426 456569
0 52.7342 1.80665 52.7458 0 0.0209824 -0.0707397 147.582 417 456569
-0.829787 52.7393 0.7 52.7458 -0.0157325 0 -0.0707397 150.019 430 456569
-0.829787 52.7277 1.80665 52.7458 -0.0157359 0.0209824 -0.0707397 149.644 428 456569
1.66561 52.8998 1.81068 52.9376 0.0314757 0.0209824 0.0707397 139.707 375 456569
1.66561 52.8648 2.92135 52.9376 0.0314966 0.041974 -0 146.269 410 456569
1.66561 52.8998 1.81068 52.9376 0.0314757 0.0209824 -0 148.144 420 456569
0.832805 52.8844 2.92135 52.9376 0.0157463 0.041974 -0 144.582 401 456569
0.832805 52.9194 1.81068 52.9376 0.0157359 0.0209824 -0 146.082 409 456569
1.66561 52.8648 2.92135 52.9376 0.0314966 0.041974 -0.0707397 139.332 373 456569
1.66561 52.8998 1.81068 52.9376 0.0314757 0.0209824 -0.0707397 141.207 383 456569
-0.841857 53.4593 -1.5455 53.513 -0.0157463 -0.041974 0.0707397 141.582 385 456569
-1.68371 53.4394 -1.5455 53.513 -0.0314966 -0.041974 0.0707397 140.832 381 456569
-3.36743 53.407 0.7 53.513 -0.0629689 0 0.0707397 139.519 374 456569
2.52557 53.4534 0.7 53.513 0.047213 0 0.0707397 139.894 376 456569
1.68371 53.4865 0.7 53.513 0.0314688 0 0.0707397 143.082 393 456569
1.68371 53.4748 1.82275 53.513 0.0314757 0.0209824 0.0707397 141.394 384 456569
1.68371 53.4865 0.7 53.513 0.0314688 0 -0.0707397 142.894 392 456569
1.68371 53.4748 1.82275 53.513 0.0314757 0.0209824 -0.0707397 142.707 391 456569
0.841857 53.4946 1.82275 53.513 0.0157359 0.0209824 -0.0707397 142.894 392 456569
-3.3795 53.5984 0.7 53.7048 -0.0629689 0 0.0707397 141.019 382 456569
-3.3795 53.5866 -0.426772 53.7048 -0.0629827 -0.0209824 0.0707397 141.207 383 456569
-4.22437 53.5384 0.7 53.7048 -0.0787404 0 0.0707397 144.394 400 456569
-4.22437 53.5384 0.7 53.7048 -0.0787404 0 -0 151.332 437 456569
-3.3795 53.5984 0.7 53.7048 -0.0629689 0 -0.0707397 141.394 384 456569
-3.3795 53.5866 -0.426772 53.7048 -0.0629827 -0.0209824 -0.0707397 141.207 383 456569
-4.22437 53.5384 0.7 53.7048 -0.0787404 0 -0.0707397 144.582 401 456569
40.554 35.2077 0.7 53.7048 0.855848 0 -0.0707397 138.207 367 456569
-9.39319 53.4613 0.7 54.2802 -0.173925 0 0.0707397 151.144 436 456569
-10.2471 53.3042 0.7 54.2802 -0.189921 0 0.0707397 150.019 430 456569
-9.39319 53.4613 0.7 54.2802 -0.173925 0 -0 158.644 476 456569
-10.2471 53.3042 0.7 54.2802 -0.189921 0 -0 157.519 470 456569
-3.41571 54.1727 0.7 54.2802 -0.0629689 0 -0.0707397 150.019 430 456569
-9.39319 53.4613 0.7 54.2802 -0.173925 0 -0.0707397 151.707 439 456569
-10.2471 53.3042 0.7 54.2802 -0.189921 0 -0.0707397 150.394 432 456569
0 55.0353 1.85494 55.0475 0 0.0209824 0.0707397 140.707 375 456569
0.865996 55.0285 1.85494 55.0475 0.0157359 0.0209824 0.0707397 141.082 377 456569
0.865996 55.0285 1.85494 55.0475 0.0157359 0.0209824 -0 149.332 421 456569
0.865996 55.0285 1.85494 55.0475 0.0157359 0.0209824 -0.0707397 142.019 382 456569
-0.869014 55.2203 1.85897 55.2393 -0.0157359 0.0209824 0.0707397 137.332 357 456569
-0.869014 55.2203 1.85897 55.2393 -0.0157359 0.0209824 -0 145.957 403 456569
0 55.2271 1.85897 55.2393 0 0.0209824 -0.0707397 135.457 347 456569
-0.869014 55.1838 -1.61793 55.2393 -0.0157463 -0.041974 -0.0707397 137.144 356 456569
-0.869014 55.1838 3.01793 55.2393 -0.0157463 0.041974 -0.0707397 136.582 353 456569
-0.869014 55.2203 1.85897 55.2393 -0.0157359 0.0209824 -0.0707397 139.207 367 456569
0.869014 55.2203 1.85897 55.2393 0.0157359 0.0209824 -0.0707397 134.894 344 456569
-4.39033 55.6294 1.87104 55.8147 -0.0787578 0.0209824 -0.0707397 142.019 382 456569
-4.40542 55.7835 -1.65013 56.0065 -0.07881 -0.041974 0.0707397 139.394 368 456569
-4.40542 55.7835 -1.65013 56.0065 -0.07881 -0.041974 -0.0707397 140.332 373 456569
-18.6928 53.4049 0.7 56.5819 -0.336693 0 0.0707397 134.707 343 456569
-12.4619 55.1925 0.7 56.5819 -0.222066 0 -0 141.644 380 456569
-12.4619 55.1925 0.7 56.5819 -0.222066 0 -0.0707397 134.707 343 456569
-19.6494 53.2649 0.7 56.7737 -0.353411 0 0.0707397 142.394 384 456569
-19.6494 53.2516 -0.491159 56.7737 -0.353492 -0.0209824 0.0707397 140.144 372 456569
-20.5425 52.9269 0.7 56.7737 -0.370232 0 0.0707397 142.582 385 456569
-20.5425 52.9135 -0.491159 56.7737 -0.370317 -0.0209824 0.0707397 138.832 365 456569
-19.6494 53.2649 0.7 56.7737 -0.353411 0 -0 149.519 422 456569
-19.6494 53.2516 -0.491159 56.7737 -0.353492 -0.0209824 -0 147.832 413 456569
-20.5425 52.9269 0.7 56.7737 -0.370232 0 -0 149.894 424 456569
-20.5425 52.9135 -0.491159 56.7737 -0.370317 -0.0209824 -0 146.332 405 456569
-19.6494 53.2649 0.7 56.7737 -0.353411 0 -0.0707397 142.394 384 456569
-19.6494 53.2516 -0.491159 56.7737 -0.353492 -0.0209824 -0.0707397 140.332 373 456569
-20.5425 52.9269 0.7 56.7737 -0.370232 0 -0.0707397 142.957 387 456569
-20.5425 52.9135 -0.491159 56.7737 -0.370317 -0.0209824 -0.0707397 139.207 367 456569
-19.8485 53.8048 0.7 57.3491 -0.353411 0 0.0707397 134.332 341 456569
-16.2397 54.9491 -1.70646 57.3491 -0.287361 -0.041974 -0 141.457 379 456569
-19.8485 53.8048 0.7 57.3491 -0.353411 0 -0 140.894 376 456569
-15.3888 55.3923 -1.71451 57.5409 -0.270981 -0.041974 0.0707397 142.207 383 456569
-16.294 55.1328 -1.71451 57.5409 -0.287361 -0.041974 0.0707397 146.894 408 456569
-16.294 55.0667 -2.92177 57.5409 -0.287687 -0.0629841 0.0707397 142.207 383 456569
-17.1992 54.8572 -1.71451 57.5409 -0.303821 -0.041974 0.0707397 143.144 388 456569
-15.3888 55.3923 -1.71451 57.5409 -0.270981 -0.041974 -0 149.332 421 456569
-16.294 55.1328 -1.71451 57.5409 -0.287361 -0.041974 -0 154.019 446 456569
-17.1992 54.8572 -1.71451 57.5409 -0.303821 -0.041974 -0 149.894 424 456569
-15.3888 55.3923 -1.71451 57.5409 -0.270981 -0.041974 -0.0707397 142.394 384 456569
-16.294 55.1328 -1.71451 57.5409 -0.287361 -0.041974 -0.0707397 146.707 407 456569
-16.294 55.0667 -2.92177 57.5409 -0.287687 -0.0629841 -0.0707397 141.644 380 456569
-17.1992 54.8572 -1.71451 57.5409 -0.303821 -0.041974 -0.0707397 142.582 385 456569
0 58.1035 -0.519329 58.1163 0 -0.0209824 -0 134.144 340 456569
30.1711 49.6561 1.91933 58.1163 0.54599 0.0209824 -0 134.519 342 456569
29.2568 50.2002 1.91933 58.1163 0.527678 0.0209824 -0 134.144 340 456569
27.4282 51.2367 0.7 58.1163 0.491506 0 -0 134.332 341 456569
27.4282 51.2222 1.91933 58.1163 0.491624 0.0209824 -0 134.144 340 456569
-33.8282 47.2406 1.91933 58.1163 -0.621438 0.0209824 -0 134.144 340 456569
0 58.3081 0.7 58.3081 0 0 -0 138.269 362 456569
0.917292 58.3009 0.7 58.3081 0.0157325 0 -0 138.269 362 456569
-12.0425 57.586 3.17085 58.8835 -0.206151 0.041974 -0 135.144 340 456569
-12.0817 57.7735 3.1789 59.0753 -0.206151 0.041974 -0 136.082 345 456569
-28.8102 51.5739 0.7 59.0753 -0.509437 0 -0 134.957 339 456569
8.36426 58.4671 1.93945 59.0753 0.142095 0.0209824 -0 135.144 340 456569
7.43489 58.6056 0.7 59.0753 0.126189 0 -0 135.707 343 456569
7.43489 58.5925 1.93945 59.0753 0.126217 0.0209824 -0 136.832 349 456569
-20.6451 55.9082 3.20304 59.6507 -0.353736 0.041974 -0 135.519 342 456569
-30.0292 51.48 3.20304 59.6507 -0.528064 0.041974 -0 134.957 339 456569
30.0292 51.5256 1.95152 59.6507 0.527678 0.0209824 -0 136.457 347 456569
29.0908 52.0762 0.7 59.6507 0.509437 0 -0 135.519 342 456569
29.0908 52.0612 1.95152 59.6507 0.50956 0.0209824 -0 137.394 352 456569
-23.5358 55.02 0.7 59.8425 -0.404213 0 -0 136.644 348 456569
29.1844 52.2286 1.95555 59.8425 0.50956 0.0209824 -0 137.019 350 456569
28.2429 52.7436 1.95555 59.8425 0.491624 0.0209824 -0 139.457 363 456569
27.3015 53.237 1.95555 59.8425 0.473858 0.0209824 -0 137.207 351 456569
-19.0097 57.2934 3.23524 60.4179 -0.320366 0.041974 -0 136.644 348 456569
39.9203 45.3508 0.7 60.4179 0.721799 0 -0 136.269 346 456569
30.4155 52.1883 1.96762 60.4179 0.527678 0.0209824 -0 138.332 357 456569
29.465 52.7308 1.96762 60.4179 0.50956 0.0209824 -0 137.207 351 456569
-19.07 57.4753 3.24329 60.6097 -0.320366 0.041974 -0 136.832 349 456569
30.512 52.3694 0.7 60.6097 0.52755 0 -0 137.582 353 456569
30.512 52.354 1.97164 60.6097 0.527678 0.0209824 -0 139.269 362 456569
29.5585 52.9135 0.7 60.6097 0.509437 0 -0 139.644 364 456569
29.5585 52.8982 1.97164 60.6097 0.50956 0.0209824 -0 140.207 367 456569
-23.1737 56.8341 0.7 61.377 -0.387164 0 -0 135.707 343 456569
33.2398 52.4425 3.30767 62.1442 0.564926 0.041974 -0 137.457 347 456569
33.2398 52.4911 2.00384 62.1442 0.564507 0.0209824 -0 139.707 359 456569
-6.99133 63.0866 -0.632006 63.4868 -0.110371 -0.0209824 -0 136.519 342 456569
37.4008 52.2471 0.7 64.254 0.621281 0 -0 138.957 355 456569
37.4008 52.1775 3.39621 64.254 0.621912 0.041974 -0 137.269 346 456569
37.4008 52.2297 2.0481 64.254 0.621438 0.0209824 -0 140.832 365 456569
36.3899 52.9561 0.7 64.254 0.602065 0 -0 136.707 343 456569
36.3899 52.8874 3.39621 64.254 0.60267 0.041974 -0 137.644 348 456569
36.3899 52.9389 2.0481 64.254 0.602216 0.0209824 -0 139.894 360 456569
-46.3353 48.3105 0.7 66.9392 -0.764533 0 -0 138.457 347 456569
-47.3884 47.2779 0.7 66.9392 -0.786565 0 -0 139.019 350 456569
13.7684 65.8848 2.11249 67.3228 0.206013 0.0209824 -0 138.082 345 456569
12.7093 66.0519 3.52498 67.3228 0.190091 0.041974 -0 139.957 355 456569
12.7093 66.0972 2.11249 67.3228 0.189964 0.0209824 -0 140.707 359 456569
26.6286 62.2339 2.12054 67.7065 0.404307 0.0209824 -0 137.894 344 456569
2.1665 68.808 2.14468 68.8573 0.0314757 0.0209824 -0 137.894 344 456569
2.17253 69.0149 0.7 69.0491 0.0314688 0 -0 138.644 348 456569
2.17253 68.9997 2.14871 69.0491 0.0314757 0.0209824 -0 139.207 351 456569
0 69.5632 3.62156 69.6245 0 0.041974 -0 138.144 340 456569
0 69.6092 2.16078 69.6245 0 0.0209824 -0 138.144 340 456569
-1.09532 69.5545 3.62156 69.6245 -0.0157463 0.041974 -0 140.019 350 456569
-1.09532 69.6005 2.16078 69.6245 -0.0157359 0.0209824 -0 139.269 346 456569
-13.3611 69.4392 3.66985 70.7753 -0.190091 0.041974 -0 145.082 377 456569
-13.3611 69.4868 2.18492 70.7753 -0.189964 0.0209824 -0 144.519 374 456569
-14.4745 69.2157 3.66985 70.7753 -0.206151 0.041974 -0 142.082 361 456569
-14.4745 69.2635 2.18492 70.7753 -0.206013 0.0209824 -0 139.644 348 456569
2.26306 71.8747 2.20907 71.9261 0.0314757 0.0209824 0.0707397 138.707 343 456569
3.39458 71.8301 2.20907 71.9261 0.0472234 0.0209824 -0 141.144 356 456569
2.26306 71.8905 0.7 71.9261 0.0314688 0 -0 144.144 372 456569
2.26306 71.8747 2.20907 71.9261 0.0314757 0.0209824 -0 146.207 383 456569
1.13153 71.9014 2.20907 71.9261 0.0157359 0.0209824 -0 141.519 358 456569
2.26306 71.8747 2.20907 71.9261 0.0314757 0.0209824 -0.0707397 138.894 344 456569
-1.13455 72.0931 2.21309 72.1179 -0.0157359 0.0209824 -0 139.457 347 456569
3.40364 72.0217 2.21309 72.1179 0.0472234 0.0209824 -0 140.394 352 456569
2.26909 72.0822 0.7 72.1179 0.0314688 0 -0 140.019 350 456569
2.26909 72.0187 3.72619 72.1179 0.0314966 0.041974 -0 140.394 352 456569
2.26909 72.0663 2.21309 72.1179 0.0314757 0.0209824 -0 144.894 376 456569
1.13455 72.0931 2.21309 72.1179 0.0157359 0.0209824 -0 139.082 345 456569
2.26909 72.0663 2.21309 72.1179 0.0314757 0.0209824 -0.0707397 138.332 341 456569
2.27513 72.2739 0.7 72.3097 0.0314688 0 -0 139.457 347 456569
2.27513 72.258 2.21712 72.3097 0.0314757 0.0209824 -0 142.269 362 456569
1.13756 72.2849 2.21712 72.3097 0.0157359 0.0209824 -0 139.457 347 456569
-10.2924 71.9448 2.22517 72.6933 -0.142095 0.0209824 -0 140.582 353 456569
-12.646 71.9091 3.76643 73.0769 -0.17408 0.041974 -0 138.519 342 456569
24.1423 68.9056 3.76643 73.0769 0.337002 0.041974 -0 138.894 344 456569
