1.52983 1.91185 0.22917 2.49344 0.67485 -0.189968 -0 92.5192 390 457534
1.43629 2.22362 0.249291 2.68524 0.573504 -0.168645 -0 98.3317 421 457534
1.39404 2.25034 0.249291 2.68524 0.554621 -0.168645 -0 98.3317 421 457534
1.30956 2.30053 0.249291 2.68524 0.517495 -0.168645 -0 98.3317 421 457534
1.09834 2.40854 0.249291 2.68524 0.427848 -0.168645 -0 97.2067 415 457534
1.26731 2.53734 0.217098 2.87704 0.463219 -0.168645 -0 105.144 436 457534
1.22205 2.55945 0.217098 2.87704 0.445458 -0.168645 -0 104.582 433 457534
0.995745 2.644 0.156735 2.87704 0.360177 -0.189968 -0.0707397 97.0817 393 457534
-2.22081 2.01773 1.34387 3.06885 -0.833274 0.211379 0.919617 96.3317 389 457534
1.30352 2.74145 0.249291 3.06885 0.443845 -0.147399 -0 102.332 421 457534
1.30352 2.73008 0.184904 3.06885 0.445458 -0.168645 -0 100.832 413 457534
1.15868 2.80573 0.249291 3.06885 0.391638 -0.147399 -0 102.707 423 457534
1.15868 2.79463 0.184904 3.06885 0.393039 -0.168645 -0 100.832 413 457534
0.917292 2.87064 0.120517 3.06885 0.309288 -0.189968 -0 99.7067 407 457534
1.12851 3.03147 0.289533 3.26065 0.356371 -0.12622 0.0707397 99.3317 405 457534
1.12851 3.02142 0.221122 3.26065 0.357458 -0.147399 0.0707397 101.957 419 457534
1.07721 3.04009 0.221122 3.26065 0.340533 -0.147399 0.0707397 98.5817 401 457534
1.12851 3.02142 0.221122 3.26065 0.357458 -0.147399 -0 109.269 458 457534
1.12851 3.03147 0.289533 3.26065 0.356371 -0.12622 -0.0707397 99.8942 408 457534
1.12851 3.02142 0.221122 3.26065 0.357458 -0.147399 -0.0707397 102.332 421 457534
1.07721 3.05008 0.289533 3.26065 0.339502 -0.12622 -0.0707397 97.0817 393 457534
1.07721 3.04009 0.221122 3.26065 0.340533 -0.147399 -0.0707397 98.5817 401 457534
1.79234 2.91857 0.265388 3.45245 0.550734 -0.12622 -0 103.269 426 457534
1.79234 2.90686 0.192952 3.45245 0.552528 -0.147399 -0 102.519 422 457534
1.30352 3.16724 0.265388 3.45245 0.390435 -0.12622 -0 104.582 433 457534
1.24921 3.18905 0.265388 3.45245 0.373346 -0.12622 -0 102.707 423 457534
1.94925 3.04476 0.241243 3.64426 0.569452 -0.12622 0.0707397 96.8942 376 457534
1.71992 3.17994 0.241243 3.64426 0.495804 -0.12622 0.0707397 99.1442 388 457534
1.4906 3.29367 0.241243 3.64426 0.424985 -0.12622 0.0707397 99.1442 388 457534
1.43327 3.31902 0.241243 3.64426 0.407646 -0.12622 0.0707397 100.269 394 457534
1.08928 3.44726 0.241243 3.64426 0.306057 -0.12622 0.0707397 99.5192 390 457534
1.94925 3.04476 0.241243 3.64426 0.569452 -0.12622 -0.0707397 97.8317 381 457534
1.71992 3.17994 0.241243 3.64426 0.495804 -0.12622 -0.0707397 99.1442 388 457534
1.43327 3.31902 0.241243 3.64426 0.407646 -0.12622 -0.0707397 99.5192 390 457534
1.14662 3.6385 0.297581 3.83606 0.305283 -0.105098 0.0707397 102.894 408 457534
1.14662 3.6287 0.217098 3.83606 0.306057 -0.12622 0.0707397 103.082 409 457534
1.08627 3.65697 0.297581 3.83606 0.288739 -0.105098 0.0707397 101.957 403 457534
1.08627 3.64722 0.217098 3.83606 0.289469 -0.12622 0.0707397 101.394 400 457534
1.14662 3.6385 0.297581 3.83606 0.305283 -0.105098 -0.0707397 103.832 413 457534
1.14662 3.6287 0.217098 3.83606 0.306057 -0.12622 -0.0707397 103.269 410 457534
1.08627 3.65697 0.297581 3.83606 0.288739 -0.105098 -0.0707397 102.894 408 457534
1.52077 3.70572 0.27746 4.02786 0.389427 -0.105098 0.0707397 104.394 416 457534
1.52077 3.69511 0.192952 4.02786 0.390435 -0.12622 0.0707397 103.269 410 457534
1.45741 3.7311 0.27746 4.02786 0.372386 -0.105098 0.0707397 103.269 410 457534
1.14058 3.83982 0.27746 4.02786 0.288739 -0.105098 0.0707397 103.457 411 457534
1.52077 3.70572 0.27746 4.02786 0.389427 -0.105098 -0.0707397 104.582 417 457534
1.20395 3.82043 0.27746 4.02786 0.305283 -0.105098 -0.0707397 104.019 414 457534
1.59319 3.88219 0.257339 4.21967 0.389427 -0.105098 0.0707397 108.144 436 457534
1.19489 4.02267 0.257339 4.21967 0.288739 -0.105098 0.0707397 109.269 442 457534
1.12851 4.04179 0.257339 4.21967 0.272276 -0.105098 0.0707397 108.144 436 457534
1.59319 3.88219 0.257339 4.21967 0.389427 -0.105098 -0 115.457 475 457534
1.19489 4.02267 0.257339 4.21967 0.288739 -0.105098 -0 116.019 478 457534
1.12851 4.04179 0.257339 4.21967 0.272276 -0.105098 -0 115.082 473 457534
1.59319 3.88219 0.257339 4.21967 0.389427 -0.105098 -0.0707397 108.519 438 457534
1.19489 4.02267 0.257339 4.21967 0.288739 -0.105098 -0.0707397 107.957 435 457534
1.12851 4.04179 0.257339 4.21967 0.272276 -0.105098 -0.0707397 107.394 432 457534
1.66561 4.05865 0.237219 4.41147 0.389427 -0.105098 0.0707397 105.707 407 457534
1.31861 4.18428 0.237219 4.41147 0.305283 -0.105098 0.0707397 105.519 406 457534
1.24921 4.20552 0.237219 4.41147 0.288739 -0.105098 0.0707397 105.707 407 457534
1.66561 4.05865 0.237219 4.41147 0.389427 -0.105098 -0.0707397 107.582 417 457534
1.44836 4.35237 0.313678 4.60327 0.321247 -0.0840222 0.0707397 110.582 433 457534
1.44836 4.34272 0.217098 4.60327 0.321913 -0.105098 0.0707397 111.144 436 457534
1.44836 4.35237 0.313678 4.60327 0.321247 -0.0840222 -0 118.457 475 457534
1.44836 4.34272 0.217098 4.60327 0.321913 -0.105098 -0 119.019 478 457534
1.44836 4.35237 0.313678 4.60327 0.321247 -0.0840222 -0.0707397 111.707 439 457534
1.44836 4.34272 0.217098 4.60327 0.321913 -0.105098 -0.0707397 112.269 442 457534
1.20696 4.62321 0.297581 4.79507 0.255367 -0.0840222 0.0707397 109.082 425 457534
1.20696 4.61334 0.196977 4.79507 0.255889 -0.105098 0.0707397 108.894 424 457534
1.13153 4.64225 0.297581 4.79507 0.239084 -0.0840222 0.0707397 108.707 423 457534
1.13153 4.63242 0.196977 4.79507 0.239572 -0.105098 0.0707397 108.519 422 457534
1.20696 4.62321 0.297581 4.79507 0.255367 -0.0840222 -0 116.957 467 457534
1.20696 4.61334 0.196977 4.79507 0.255889 -0.105098 -0 116.957 467 457534
1.13153 4.64225 0.297581 4.79507 0.239084 -0.0840222 -0 116.582 465 457534
1.13153 4.63242 0.196977 4.79507 0.239572 -0.105098 -0 116.582 465 457534
1.20696 4.62321 0.297581 4.79507 0.255367 -0.0840222 -0.0707397 110.207 431 457534
1.20696 4.61334 0.196977 4.79507 0.255889 -0.105098 -0.0707397 110.207 431 457534
1.13153 4.64225 0.297581 4.79507 0.239084 -0.0840222 -0.0707397 110.207 431 457534
1.13153 4.63242 0.196977 4.79507 0.239572 -0.105098 -0.0707397 110.207 431 457534
1.56905 4.71507 0.281485 4.98688 0.321247 -0.0840222 0.0707397 105.332 405 457534
1.56905 4.70461 0.176856 4.98688 0.321913 -0.105098 0.0707397 104.019 398 457534
1.41215 4.76441 0.281485 4.98688 0.288146 -0.0840222 0.0707397 106.082 409 457534
1.33369 4.78697 0.281485 4.98688 0.271719 -0.0840222 0.0707397 108.519 422 457534
1.33369 4.77666 0.176856 4.98688 0.272276 -0.105098 0.0707397 105.519 406 457534
1.33369 4.78697 0.281485 4.98688 0.271719 -0.0840222 -0 115.644 460 457534
1.56905 4.71507 0.281485 4.98688 0.321247 -0.0840222 -0.0707397 104.957 403 457534
1.41215 4.76441 0.281485 4.98688 0.288146 -0.0840222 -0.0707397 104.957 403 457534
1.33369 4.78697 0.281485 4.98688 0.271719 -0.0840222 -0.0707397 108.519 422 457534
1.33369 4.77666 0.176856 4.98688 0.272276 -0.105098 -0.0707397 104.957 403 457534
1.25524 4.80813 0.281485 4.98688 0.255367 -0.0840222 -0.0707397 105.144 404 457534
1.46646 4.94766 0.265388 5.17868 0.288146 -0.0840222 0.0707397 111.832 429 457534
1.46646 4.93691 0.156735 5.17868 0.288739 -0.105098 0.0707397 107.519 406 457534
1.38499 4.97108 0.265388 5.17868 0.271719 -0.0840222 0.0707397 110.332 421 457534
1.05911 5.05056 0.265388 5.17868 0.206706 -0.0840222 0.0707397 106.957 403 457534
1.46646 4.94766 0.265388 5.17868 0.288146 -0.0840222 -0 119.332 469 457534
1.38499 4.97108 0.265388 5.17868 0.271719 -0.0840222 -0 117.832 461 457534
1.46646 4.94766 0.265388 5.17868 0.288146 -0.0840222 -0.0707397 112.582 433 457534
1.46646 4.93691 0.156735 5.17868 0.288739 -0.105098 -0.0707397 108.644 412 457534
1.38499 4.97108 0.265388 5.17868 0.271719 -0.0840222 -0.0707397 110.894 424 457534
1.60526 5.1138 0.361968 5.37048 0.304167 -0.0629841 0.0707397 105.269 394 457534
1.60526 5.1051 0.249291 5.37048 0.304653 -0.0840222 0.0707397 108.269 410 457534
1.52077 5.13091 0.249291 5.37048 0.288146 -0.0840222 0.0707397 106.207 399 457534
1.60526 5.1051 0.249291 5.37048 0.304653 -0.0840222 -0 115.582 449 457534
1.60526 5.1138 0.361968 5.37048 0.304167 -0.0629841 -0.0707397 105.269 394 457534
1.60526 5.1051 0.249291 5.37048 0.304653 -0.0840222 -0.0707397 109.019 414 457534
1.52077 5.13091 0.249291 5.37048 0.288146 -0.0840222 -0.0707397 108.269 410 457534
1.18282 5.21918 0.249291 5.37048 0.222865 -0.0840222 -0.0707397 107.144 404 457534
1.22507 5.41439 0.349896 5.56229 0.222515 -0.0629841 0.0707397 107.519 406 457534
1.22507 5.40558 0.233194 5.56229 0.222865 -0.0840222 0.0707397 110.332 421 457534
1.13756 5.43345 0.349896 5.56229 0.206382 -0.0629841 0.0707397 107.332 405 457534
1.13756 5.42467 0.233194 5.56229 0.206706 -0.0840222 0.0707397 110.144 420 457534
1.22507 5.40558 0.233194 5.56229 0.222865 -0.0840222 -0 116.894 456 457534
1.13756 5.42467 0.233194 5.56229 0.206706 -0.0840222 -0 116.894 456 457534
1.22507 5.41439 0.349896 5.56229 0.222515 -0.0629841 -0.0707397 106.582 401 457534
1.22507 5.40558 0.233194 5.56229 0.222865 -0.0840222 -0.0707397 109.207 415 457534
1.13756 5.42467 0.233194 5.56229 0.206706 -0.0840222 -0.0707397 109.582 417 457534
1.35783 5.57069 0.217098 5.75409 0.239084 -0.0840222 0.0707397 109.582 417 457534
1.26731 5.6011 0.337823 5.75409 0.222515 -0.0629841 0.0707397 110.332 421 457534
1.26731 5.59198 0.217098 5.75409 0.222865 -0.0840222 0.0707397 113.519 438 457534
1.17679 5.61173 0.217098 5.75409 0.206706 -0.0840222 0.0707397 109.207 415 457534
1.35783 5.57069 0.217098 5.75409 0.239084 -0.0840222 -0 116.707 455 457534
1.26731 5.6011 0.337823 5.75409 0.222515 -0.0629841 -0 118.019 462 457534
1.26731 5.59198 0.217098 5.75409 0.222865 -0.0840222 -0 121.019 478 457534
1.17679 5.61173 0.217098 5.75409 0.206706 -0.0840222 -0 116.332 453 457534
1.35783 5.57069 0.217098 5.75409 0.239084 -0.0840222 -0.0707397 109.394 416 457534
1.26731 5.6011 0.337823 5.75409 0.222515 -0.0629841 -0.0707397 110.519 422 457534
1.26731 5.59198 0.217098 5.75409 0.222865 -0.0840222 -0.0707397 113.894 440 457534
1.17679 5.61173 0.217098 5.75409 0.206706 -0.0840222 -0.0707397 109.394 416 457534
1.21602 5.80817 0.325751 5.94589 0.206382 -0.0629841 -0 113.082 425 457534
1.21602 5.79879 0.201001 5.94589 0.206706 -0.0840222 -0 114.207 431 457534
1.15868 6.01494 0.313678 6.1377 0.190303 -0.0629841 0.0707397 113.832 429 457534
1.15868 6.00528 0.184904 6.1377 0.190602 -0.0840222 0.0707397 113.269 426 457534
1.25524 5.99553 0.313678 6.1377 0.206382 -0.0629841 -0 117.207 447 457534
1.25524 5.98585 0.184904 6.1377 0.206706 -0.0840222 -0 117.207 447 457534
1.15868 6.01494 0.313678 6.1377 0.190303 -0.0629841 -0 121.144 468 457534
1.15868 6.00528 0.184904 6.1377 0.190602 -0.0840222 -0 120.582 465 457534
1.15868 6.01494 0.313678 6.1377 0.190303 -0.0629841 -0.0707397 114.019 430 457534
1.15868 6.00528 0.184904 6.1377 0.190602 -0.0840222 -0.0707397 113.082 425 457534
2.68851 5.71627 0.301606 6.3295 0.439628 -0.0629841 0.0707397 106.519 390 457534
1.19489 6.20291 0.301606 6.3295 0.190303 -0.0629841 0.0707397 109.894 408 457534
1.19489 6.19295 0.168807 6.3295 0.190602 -0.0840222 0.0707397 109.332 405 457534
1.09532 6.22126 0.301606 6.3295 0.174275 -0.0629841 0.0707397 106.894 392 457534
1.09532 6.21133 0.168807 6.3295 0.174548 -0.0840222 0.0707397 106.707 391 457534
1.19489 6.20291 0.301606 6.3295 0.190303 -0.0629841 -0 118.519 454 457534
1.19489 6.19295 0.168807 6.3295 0.190602 -0.0840222 -0 118.332 453 457534
1.19489 6.20291 0.301606 6.3295 0.190303 -0.0629841 -0.0707397 111.957 419 457534
1.19489 6.19295 0.168807 6.3295 0.190602 -0.0840222 -0.0707397 111.582 417 457534
1.74406 6.27034 0.289533 6.5213 0.271288 -0.0629841 0.0707397 113.832 429 457534
1.84665 6.24089 0.289533 6.5213 0.287687 -0.0629841 -0 119.269 458 457534
1.74406 6.27034 0.289533 6.5213 0.271288 -0.0629841 -0 121.707 471 457534
1.74406 6.25988 0.152711 6.5213 0.271719 -0.0840222 -0 119.269 458 457534
1.64147 6.29797 0.289533 6.5213 0.254962 -0.0629841 -0 119.082 457 457534
1.84665 6.24089 0.289533 6.5213 0.287687 -0.0629841 -0.0707397 113.082 425 457534
1.74406 6.27034 0.289533 6.5213 0.271288 -0.0629841 -0.0707397 115.144 436 457534
1.68975 6.49696 0.7 6.7131 0.254446 0 0.0707397 122.394 464 457534
1.79536 6.46857 0.7 6.7131 0.270736 0 -0 127.269 490 457534
1.68975 6.49696 0.7 6.7131 0.254446 0 -0 129.144 500 457534
1.68975 6.49544 0.559153 6.7131 0.254503 -0.0209824 -0 125.019 478 457534
1.68975 6.49544 0.840847 6.7131 0.254503 0.0209824 -0 125.207 479 457534
1.79536 6.46857 0.7 6.7131 0.270736 0 -0.0707397 120.519 454 457534
1.68975 6.49696 0.7 6.7131 0.254446 0 -0.0707397 122.394 464 457534
1.95528 6.60801 0.265388 6.90491 0.287687 -0.0629841 0.0707397 120.519 454 457534
1.84665 6.65339 0.7 6.90491 0.270736 0 0.0707397 122.394 464 457534
1.73803 6.68259 0.7 6.90491 0.254446 0 0.0707397 123.707 471 457534
1.84665 6.65339 0.7 6.90491 0.270736 0 -0 130.269 506 457534
1.73803 6.68259 0.7 6.90491 0.254446 0 -0 131.582 513 457534
1.95528 6.60801 0.265388 6.90491 0.287687 -0.0629841 -0.0707397 122.207 463 457534
1.84665 6.65339 0.7 6.90491 0.270736 0 -0.0707397 123.894 472 457534
1.73803 6.68259 0.7 6.90491 0.254446 0 -0.0707397 125.207 479 457534
1.73803 6.68102 0.555129 6.90491 0.254503 -0.0209824 -0.0707397 121.644 460 457534
1.89795 6.8236 0.253315 7.09671 0.271288 -0.0629841 -0 121.644 460 457534
1.78631 6.85368 0.253315 7.09671 0.254962 -0.0629841 -0 123.707 471 457534
1.67466 6.88181 0.253315 7.09671 0.238706 -0.0629841 -0 125.957 483 457534
1.56302 6.90802 0.253315 7.09671 0.222515 -0.0629841 -0 123.707 471 457534
1.37594 7.14274 0.241243 7.28851 0.190303 -0.0629841 -0 119.582 449 457534
1.88286 7.23266 0.386113 7.48032 0.254675 -0.041974 -0 124.394 464 457534
1.76518 7.26228 0.386113 7.48032 0.238438 -0.041974 -0 125.894 472 457534
1.76518 7.2538 0.22917 7.48032 0.238706 -0.0629841 -0 124.394 464 457534
2.84542 7.32366 0.370017 7.86392 0.370574 -0.041974 0.0707397 110.707 391 457534
2.84542 7.31436 0.205025 7.86392 0.371003 -0.0629841 0.0707397 112.582 401 457534
2.47427 7.45723 0.370017 7.86392 0.320366 -0.041974 0.0707397 114.457 411 457534
2.47427 7.4481 0.205025 7.86392 0.320732 -0.0629841 0.0707397 115.207 415 457534
1.85571 7.64005 0.535008 7.86392 0.238277 -0.0209824 -0 126.832 477 457534
1.85571 7.63471 0.370017 7.86392 0.238438 -0.041974 -0 127.019 478 457534
1.73199 7.66904 0.535008 7.86392 0.222116 -0.0209824 -0 124.019 462 457534
1.73199 7.66372 0.370017 7.86392 0.222265 -0.041974 -0 124.207 463 457534
2.84542 7.32366 0.370017 7.86392 0.370574 -0.041974 -0.0707397 109.957 387 457534
2.84542 7.31436 0.205025 7.86392 0.371003 -0.0629841 -0.0707397 112.207 399 457534
2.47427 7.4481 0.205025 7.86392 0.320732 -0.0629841 -0.0707397 114.457 411 457534
1.90097 7.8264 0.530984 8.05573 0.238277 -0.0209824 0.0707397 126.269 474 457534
1.90097 7.82092 0.361968 8.05573 0.238438 -0.041974 0.0707397 131.332 501 457534
1.90097 7.81178 0.192952 8.05573 0.238706 -0.0629841 0.0707397 128.332 485 457534
1.77424 7.85064 0.361968 8.05573 0.222265 -0.041974 0.0707397 128.144 484 457534
1.90097 7.8264 0.530984 8.05573 0.238277 -0.0209824 -0 133.957 515 457534
1.90097 7.82092 0.361968 8.05573 0.238438 -0.041974 -0 139.207 543 457534
1.90097 7.81178 0.192952 8.05573 0.238706 -0.0629841 -0 136.019 526 457534
1.77424 7.85064 0.361968 8.05573 0.222265 -0.041974 -0 135.644 524 457534
1.90097 7.8264 0.530984 8.05573 0.238277 -0.0209824 -0.0707397 127.207 479 457534
1.90097 7.82092 0.361968 8.05573 0.238438 -0.041974 -0.0707397 131.894 504 457534
1.90097 7.81178 0.192952 8.05573 0.238706 -0.0629841 -0.0707397 128.894 488 457534
1.77424 7.85064 0.361968 8.05573 0.222265 -0.041974 -0.0707397 128.519 486 457534
1.94623 8.00713 0.35392 8.24753 0.238438 -0.041974 0.0707397 124.082 457 457534
1.94623 8.00713 0.35392 8.24753 0.238438 -0.041974 -0 132.144 500 457534
1.94623 7.99778 0.18088 8.24753 0.238706 -0.0629841 -0 130.644 492 457534
1.81648 8.03756 0.35392 8.24753 0.222265 -0.041974 -0 128.394 480 457534
1.81648 8.02824 0.18088 8.24753 0.222515 -0.0629841 -0 127.269 474 457534
1.94623 8.00713 0.35392 8.24753 0.238438 -0.041974 -0.0707397 125.957 467 457534
1.94623 7.99778 0.18088 8.24753 0.238706 -0.0629841 -0.0707397 124.457 459 457534
1.99149 8.19334 0.345872 8.43933 0.238438 -0.041974 -0 125.207 463 457534
1.32766 8.32672 0.345872 8.43933 0.158115 -0.041974 -0 117.707 423 457534
1.6294 8.4682 0.337823 8.63113 0.190091 -0.041974 -0 121.269 442 457534
1.49362 8.4932 0.337823 8.63113 0.17408 -0.041974 -0 119.394 432 457534
4.68 7.69546 0.321726 9.01474 0.546391 -0.041974 -0 115.207 399 457534
3.12 8.44914 0.321726 9.01474 0.353736 -0.041974 -0 117.457 411 457534
2.97818 8.50017 0.321726 9.01474 0.337002 -0.041974 -0 118.394 416 457534
3.76573 8.39229 0.313678 9.20654 0.421783 -0.041974 -0 117.269 410 457534
3.62089 8.4624 0.506839 9.20654 0.404307 -0.0209824 -0 115.207 399 457534
3.62089 8.45579 0.313678 9.20654 0.40459 -0.041974 -0 120.269 426 457534
3.62089 8.44475 0.120517 9.20654 0.405063 -0.0629841 -0 116.519 406 457534
3.47605 8.51635 0.313678 9.20654 0.387523 -0.041974 -0 116.707 407 457534
0 10.1566 0.273436 10.1656 0 -0.041974 -0.0707397 117.707 407 457534
0.159923 10.1553 0.273436 10.1656 0.0157463 -0.041974 -0.0707397 119.957 419 457534
0.159923 10.1441 0.0601543 10.1656 0.0157637 -0.0629841 -0.0707397 116.019 398 457534
0.159923 10.1621 0.486718 10.1656 0.0157359 -0.0209824 -0.212219 116.957 403 457534
0 10.1656 0.7 10.1656 0 0 -0.282959 117.707 407 457534
0 10.1633 0.486718 10.1656 0 -0.0209824 -0.282959 117.332 405 457534
0.159923 10.1643 0.7 10.1656 0.0157325 0 -0.282959 119.019 414 457534
0.159923 10.1621 0.486718 10.1656 0.0157359 -0.0209824 -0.282959 118.457 411 457534
0.159923 10.1553 0.273436 10.1656 0.0157463 -0.041974 -0.141479 116.582 401 457534
0.159923 10.1082 -0.366409 10.1656 0.0158198 -0.105098 -0.141479 115.832 397 457534
-2.4441 10.0555 0.265388 10.3574 -0.238438 -0.041974 0.0707397 114.332 389 457534
7.98406 6.58337 0.265388 10.3574 0.881256 -0.041974 0.0707397 115.082 393 457534
0 10.1656 0.7 10.1656 0 0 -0.707397 117.519 406 457534
0 10.1633 0.913282 10.1656 0 0.0209824 -0.707397 117.519 406 457534
0.159923 10.1643 0.7 10.1656 0.0157325 0 -0.707397 118.832 413 457534
0.159923 10.1621 0.913282 10.1656 0.0157359 0.0209824 -0.707397 119.019 414 457534
0 10.3482 0.265388 10.3574 0 -0.041974 -0.0707397 116.394 400 457534
-2.28116 10.0937 0.265388 10.3574 -0.222265 -0.041974 -0.0707397 113.957 387 457534
-2.4441 10.0555 0.265388 10.3574 -0.238438 -0.041974 -0.0707397 114.144 388 457534
7.98406 6.58337 0.265388 10.3574 0.881256 -0.041974 -0.0707397 116.394 400 457534
0.16294 10.347 0.265388 10.3574 0.0157463 -0.041974 -0.0707397 118.082 409 457534
0 10.1656 0.7 10.1656 0 0 -0.636658 116.207 399 457534
0.159923 10.1643 0.7 10.1656 0.0157325 0 -0.636658 117.332 405 457534
-2.28116 10.0937 0.265388 10.3574 -0.222265 -0.041974 -0 120.332 421 457534
-2.4441 10.0555 0.265388 10.3574 -0.238438 -0.041974 -0 120.894 424 457534
7.98406 6.59412 0.482694 10.3574 0.880455 -0.0209824 -0 119.394 416 457534
7.98406 6.58337 0.265388 10.3574 0.881256 -0.041974 -0 123.144 436 457534
0.159923 10.1643 0.7 10.1656 0.0157325 0 -0.565918 117.144 404 457534
0 10.3368 1.35192 10.3574 0 0.0629841 -0.778137 117.144 404 457534
-0.16294 10.3355 1.35192 10.3574 -0.0157637 0.0629841 -0.778137 120.332 421 457534
-0.16294 10.347 1.13461 10.3574 -0.0157463 0.041974 -0.778137 118.832 413 457534
-0.32588 10.3317 1.35192 10.3574 -0.0315314 0.0629841 -0.778137 116.019 398 457534
-0.159923 10.1441 1.33985 10.1656 -0.0157637 0.0629841 -0.848877 125.019 446 457534
-0.159923 10.1553 1.12656 10.1656 -0.0157463 0.041974 -0.848877 125.207 447 457534
-0.319845 10.1404 1.33985 10.1656 -0.0315314 0.0629841 -0.848877 122.394 432 457534
-0.319845 10.1516 1.12656 10.1656 -0.0314966 0.041974 -0.848877 122.394 432 457534
-0.16294 10.3355 1.35192 10.3574 -0.0157637 0.0629841 -0.848877 126.519 454 457534
-0.16294 10.347 1.13461 10.3574 -0.0157463 0.041974 -0.848877 126.144 452 457534
-0.32588 10.3317 1.35192 10.3574 -0.0315314 0.0629841 -0.848877 123.519 438 457534
-0.32588 10.3431 1.13461 10.3574 -0.0314966 0.041974 -0.848877 123.144 436 457534
-0.16294 10.3355 1.35192 10.3574 -0.0157637 0.0629841 -0.919617 124.832 445 457534
-0.16294 10.347 1.13461 10.3574 -0.0157463 0.041974 -0.919617 125.394 448 457534
-0.32588 10.3317 1.35192 10.3574 -0.0315314 0.0629841 -0.919617 121.644 428 457534
-0.32588 10.3431 1.13461 10.3574 -0.0314966 0.041974 -0.919617 121.832 429 457534
-0.159923 10.1441 1.33985 10.1656 -0.0157637 0.0629841 -0.919617 123.519 438 457534
-0.159923 10.1553 1.12656 10.1656 -0.0157463 0.041974 -0.919617 123.519 438 457534
-0.319845 10.1404 1.33985 10.1656 -0.0315314 0.0629841 -0.919617 120.707 423 457534
-0.319845 10.1516 1.12656 10.1656 -0.0314966 0.041974 -0.919617 120.519 422 457534
-0.159923 10.1441 1.33985 10.1656 -0.0157637 0.0629841 -0.778137 118.457 411 457534
-0.159923 10.1553 1.12656 10.1656 -0.0157463 0.041974 -0.778137 118.832 413 457534
-0.319845 10.1404 1.33985 10.1656 -0.0315314 0.0629841 -0.778137 115.832 397 457534
-0.319845 10.1516 1.12656 10.1656 -0.0314966 0.041974 -0.778137 116.207 399 457534
-0.159923 10.1441 1.33985 10.1656 -0.0157637 0.0629841 -0.990356 125.394 448 457534
-0.159923 10.1553 1.12656 10.1656 -0.0157463 0.041974 -0.990356 125.207 447 457534
-0.16294 10.3355 1.35192 10.3574 -0.0157637 0.0629841 -0.990356 126.144 452 457534
-0.16294 10.347 1.13461 10.3574 -0.0157463 0.041974 -0.990356 127.082 457 457534
0 10.1454 1.33985 10.1656 0 0.0629841 -1.0611 121.082 425 457534
0 10.1566 1.12656 10.1656 0 0.041974 -1.0611 119.957 419 457534
-0.159923 10.1441 1.33985 10.1656 -0.0157637 0.0629841 -1.0611 123.332 437 457534
-0.159923 10.1553 1.12656 10.1656 -0.0157463 0.041974 -1.0611 122.394 432 457534
0 10.2451 -0.821143 10.3574 0 -0.147399 -1.0611 120.144 420 457534
-0.16294 10.3355 1.35192 10.3574 -0.0157637 0.0629841 -1.0611 122.957 435 457534
-0.16294 10.347 1.13461 10.3574 -0.0157463 0.041974 -1.0611 122.582 433 457534
0 10.1297 1.55313 10.1656 0 0.0840222 -1.13184 128.957 467 457534
0 10.1566 1.12656 10.1656 0 0.041974 -1.13184 131.957 483 457534
0 10.1633 0.913282 10.1656 0 0.0209824 -1.13184 130.644 476 457534
0 10.3482 1.13461 10.3574 0 0.041974 -1.13184 126.707 455 457534
0 10.3551 0.917306 10.3574 0 0.0209824 -1.13184 125.207 447 457534
0.16294 10.347 1.13461 10.3574 0.0157463 0.041974 -1.13184 123.332 437 457534
0 10.1297 1.55313 10.1656 0 0.0840222 -1.20258 132.519 486 457534
0 10.1566 1.12656 10.1656 0 0.041974 -1.20258 132.144 484 457534
0 10.1633 0.913282 10.1656 0 0.0209824 -1.20258 130.832 477 457534
0 10.3482 1.13461 10.3574 0 0.041974 -1.20258 127.457 459 457534
0 10.3551 0.917306 10.3574 0 0.0209824 -1.20258 127.269 458 457534
0 10.1656 0.7 10.1656 0 0 -1.34406 128.957 467 457534
0 10.1633 0.913282 10.1656 0 0.0209824 -1.34406 127.832 461 457534
0.159923 10.1643 0.7 10.1656 0.0157325 0 -1.34406 124.832 445 457534
0 10.3574 0.7 10.3574 0 0 -1.34406 123.894 440 457534
0 10.3551 0.917306 10.3574 0 0.0209824 -1.34406 121.644 428 457534
0 10.3574 0.7 10.3574 0 0 -1.27332 126.144 452 457534
0 10.3551 0.917306 10.3574 0 0.0209824 -1.27332 121.457 427 457534
0.16294 10.3561 0.7 10.3574 0.0157325 0 -1.27332 123.332 437 457534
0 10.1656 0.7 10.1656 0 0 -1.27332 130.269 474 457534
0 10.1454 1.33985 10.1656 0 0.0629841 -1.27332 126.144 452 457534
0 10.1633 0.913282 10.1656 0 0.0209824 -1.27332 125.957 451 457534
0.159923 10.1643 0.7 10.1656 0.0157325 0 -1.27332 127.082 457 457534
0 10.1656 0.7 10.1656 0 0 -1.41479 121.269 426 457534
0 10.1633 0.913282 10.1656 0 0.0209824 -1.41479 122.019 430 457534
-0.159923 10.1643 0.7 10.1656 -0.0157325 0 -1.41479 117.519 406 457534
-0.159923 10.1621 0.913282 10.1656 -0.0157359 0.0209824 -1.41479 118.832 413 457534
0 10.3574 0.7 10.3574 0 0 -1.41479 118.269 410 457534
0.159923 10.1441 1.33985 10.1656 0.0157637 0.0629841 -1.55627 122.207 431 457534
0.32588 10.3317 1.35192 10.3574 0.0315314 0.0629841 -1.55627 121.269 426 457534
0.16294 10.3355 1.35192 10.3574 0.0157637 0.0629841 -1.55627 124.832 445 457534
0.16294 10.347 1.13461 10.3574 0.0157463 0.041974 -1.55627 123.519 438 457534
0 10.1454 1.33985 10.1656 0 0.0629841 -1.62701 116.957 403 457534
0.319845 10.1404 1.33985 10.1656 0.0315314 0.0629841 -1.62701 118.082 409 457534
0.319845 10.1516 1.12656 10.1656 0.0314966 0.041974 -1.62701 116.957 403 457534
0.159923 10.1441 1.33985 10.1656 0.0157637 0.0629841 -1.62701 121.457 427 457534
0.159923 10.1553 1.12656 10.1656 0.0157463 0.041974 -1.62701 119.582 417 457534
0.159923 10.1441 1.33985 10.1656 0.0157637 0.0629841 -1.48553 115.832 397 457534
0.319845 10.1404 1.33985 10.1656 0.0315314 0.0629841 -1.76849 119.394 416 457534
0.319845 10.1516 1.12656 10.1656 0.0314966 0.041974 -1.76849 119.957 419 457534
0.159923 10.1441 1.33985 10.1656 0.0157637 0.0629841 -1.76849 120.519 422 457534
0.159923 10.1553 1.12656 10.1656 0.0157463 0.041974 -1.76849 120.519 422 457534
0.32588 10.3317 1.35192 10.3574 0.0315314 0.0629841 -1.76849 119.207 415 457534
0.32588 10.3431 1.13461 10.3574 0.0314966 0.041974 -1.76849 120.332 421 457534
0.16294 10.3355 1.35192 10.3574 0.0157637 0.0629841 -1.76849 119.207 415 457534
0.16294 10.347 1.13461 10.3574 0.0157463 0.041974 -1.76849 120.332 421 457534
0.32588 10.3317 1.35192 10.3574 0.0315314 0.0629841 -1.48553 115.832 397 457534
0.16294 10.3355 1.35192 10.3574 0.0157637 0.0629841 -1.48553 120.144 420 457534
0.16294 10.347 1.13461 10.3574 0.0157463 0.041974 -1.48553 119.207 415 457534
0 10.1656 0.7 10.1656 0 0 -1.83923 117.894 408 457534
-0.159923 10.1643 0.7 10.1656 -0.0157325 0 -1.83923 117.144 404 457534
-1.72596 9.82105 0.490742 9.97375 -0.173964 -0.0209824 -0 116.207 399 457534
-1.88286 9.79218 0.490742 9.97375 -0.189964 -0.0209824 -0 114.707 391 457534
-2.03977 9.7607 0.490742 9.97375 -0.206013 -0.0209824 -0 118.832 413 457534
-2.03977 9.75397 0.281485 9.97375 -0.206151 -0.041974 -0 113.957 387 457534
-2.19667 9.72659 0.490742 9.97375 -0.222116 -0.0209824 -0 115.457 395 457534
0 10.1656 0.7 10.1656 0 0 -1.90997 116.582 401 457534
-0.159923 10.1643 0.7 10.1656 -0.0157325 0 -1.90997 116.019 398 457534
0 10.1656 0.7 10.1656 0 0 -1.98071 118.457 411 457534
-0.159923 10.1643 0.7 10.1656 -0.0157325 0 -1.98071 116.019 398 457534
0.32588 10.3431 1.13461 10.3574 0.0314966 0.041974 -1.98071 117.332 405 457534
0.16294 10.347 1.13461 10.3574 0.0157463 0.041974 -1.98071 119.582 417 457534
0.16294 10.347 1.13461 10.3574 0.0157463 0.041974 -1.90997 116.019 398 457534
0.32588 10.3317 1.35192 10.3574 0.0315314 0.0629841 -1.62701 119.394 416 457534
0.32588 10.3431 1.13461 10.3574 0.0314966 0.041974 -1.62701 119.394 416 457534
0.16294 10.3355 1.35192 10.3574 0.0157637 0.0629841 -1.62701 122.582 433 457534
0.16294 10.347 1.13461 10.3574 0.0157463 0.041974 -1.62701 122.582 433 457534
0 10.1656 0.7 10.1656 0 0 -2.05145 122.957 435 457534
0 10.1633 0.486718 10.1656 0 -0.0209824 -2.05145 118.832 413 457534
0 10.1633 0.913282 10.1656 0 0.0209824 -2.05145 118.269 410 457534
-0.159923 10.1643 0.7 10.1656 -0.0157325 0 -2.05145 119.957 419 457534
0 10.1656 0.7 10.1656 0 0 -2.12219 127.269 458 457534
0 10.1633 0.486718 10.1656 0 -0.0209824 -2.12219 124.457 443 457534
-0.159923 10.1643 0.7 10.1656 -0.0157325 0 -2.12219 125.207 447 457534
0.319845 10.1516 1.12656 10.1656 0.0314966 0.041974 -2.12219 123.519 438 457534
0.32588 10.3317 1.35192 10.3574 0.0315314 0.0629841 -2.12219 121.457 427 457534
0.32588 10.3431 1.13461 10.3574 0.0314966 0.041974 -2.12219 125.394 448 457534
0.16294 10.3355 1.35192 10.3574 0.0157637 0.0629841 -2.12219 121.082 425 457534
0.16294 10.347 1.13461 10.3574 0.0157463 0.041974 -2.12219 125.207 447 457534
0.32588 10.3431 1.13461 10.3574 0.0314966 0.041974 -2.05145 115.832 397 457534
0.16294 10.347 1.13461 10.3574 0.0157463 0.041974 -2.05145 116.207 399 457534
0.32588 10.2698 -0.603836 10.3574 0.0317212 -0.12622 -2.26367 116.957 403 457534
0.16294 10.2989 -0.38653 10.3574 0.0158198 -0.105098 -2.26367 115.832 397 457534
0.16294 10.2737 -0.603836 10.3574 0.0158586 -0.12622 -2.26367 119.957 419 457534
0.16294 10.2438 -0.821143 10.3574 0.0159049 -0.147399 -2.26367 117.519 406 457534
0 10.1656 0.7 10.1656 0 0 -2.33441 117.332 405 457534
0 10.1633 0.486718 10.1656 0 -0.0209824 -2.33441 120.332 421 457534
0 10.2451 -0.821143 10.3574 0 -0.147399 -2.33441 115.832 397 457534
0.16294 10.2737 -0.603836 10.3574 0.0158586 -0.12622 -2.33441 117.332 405 457534
0.16294 10.2438 -0.821143 10.3574 0.0159049 -0.147399 -2.33441 117.144 404 457534
0 9.74744 1.52093 9.78195 0 0.0840222 -1.20258 118.082 409 457534
3.8472 8.9913 0.494766 9.78195 0.404307 -0.0209824 -0 119.582 417 457534
3.8472 8.98427 0.289533 9.78195 0.40459 -0.041974 -0 120.894 424 457534
3.69331 9.0556 0.494766 9.78195 0.387253 -0.0209824 -0 118.457 411 457534
3.69331 9.04862 0.289533 9.78195 0.387523 -0.041974 -0 119.394 416 457534
0 9.91872 1.74629 9.97375 0 0.105098 -1.20258 118.082 409 457534
0 9.93857 1.53703 9.97375 0 0.0840222 -1.20258 119.582 417 457534
0 9.97375 0.7 9.97375 0 0 -2.12219 117.144 404 457534
0 9.97156 0.490742 9.97375 0 -0.0209824 -2.12219 116.207 399 457534
0 9.91872 1.74629 9.97375 0 0.105098 -1.13184 116.957 403 457534
0 9.93857 1.53703 9.97375 0 0.0840222 -1.13184 117.707 407 457534
0 10.1656 0.7 10.1656 0 0 -2.26367 116.957 403 457534
0 10.1633 0.486718 10.1656 0 -0.0209824 -2.26367 118.832 413 457534
-0.159923 10.1621 0.486718 10.1656 -0.0157359 -0.0209824 -2.26367 115.832 397 457534
0.319845 10.1516 1.12656 10.1656 0.0314966 0.041974 -2.54663 117.144 404 457534
0.319845 10.1583 0.913282 10.1656 0.0314757 0.0209824 -2.54663 116.019 398 457534
0 10.1656 0.7 10.1656 0 0 -2.19293 126.894 456 457534
0 10.1633 0.486718 10.1656 0 -0.0209824 -2.19293 125.957 451 457534
-0.159923 10.1643 0.7 10.1656 -0.0157325 0 -2.19293 125.582 449 457534
0.319845 10.1516 1.12656 10.1656 0.0314966 0.041974 -2.19293 124.832 445 457534
0.32588 10.3431 1.13461 10.3574 0.0314966 0.041974 -2.47589 117.332 405 457534
0.32588 10.35 0.917306 10.3574 0.0314757 0.0209824 -2.47589 116.207 399 457534
0.16294 10.347 1.13461 10.3574 0.0157463 0.041974 -2.47589 116.207 399 457534
0.32588 10.3431 1.13461 10.3574 0.0314966 0.041974 -2.54663 118.269 410 457534
0.32588 10.35 0.917306 10.3574 0.0314757 0.0209824 -2.54663 117.519 406 457534
0.16294 10.347 1.13461 10.3574 0.0157463 0.041974 -2.54663 117.894 408 457534
0.16294 10.3538 0.917306 10.3574 0.0157359 0.0209824 -2.54663 116.019 398 457534
0.32588 10.3431 1.13461 10.3574 0.0314966 0.041974 -2.19293 126.519 454 457534
0.32588 10.35 0.917306 10.3574 0.0314757 0.0209824 -2.19293 122.957 435 457534
0.16294 10.347 1.13461 10.3574 0.0157463 0.041974 -2.19293 125.582 449 457534
-2.3234 10.2877 0.47867 10.5492 -0.222116 -0.0209824 -0 119.457 411 457534
-2.3234 10.2806 0.257339 10.5492 -0.222265 -0.041974 -0 121.332 421 457534
-2.48936 10.2489 0.47867 10.5492 -0.238277 -0.0209824 -0 119.269 410 457534
-2.48936 10.2417 0.257339 10.5492 -0.238438 -0.041974 -0 121.332 421 457534
8.13192 6.71624 0.47867 10.5492 0.880455 -0.0209824 -0 121.144 420 457534
8.13192 6.70529 0.257339 10.5492 0.881256 -0.041974 -0 124.144 436 457534
8.13192 6.70529 0.257339 10.5492 0.881256 -0.041974 -0.0707397 117.957 403 457534
5.84774 9.22599 0.241243 10.9328 0.564926 -0.041974 -0 118.332 405 457534
5.95033 9.39655 0.466597 11.1246 0.564507 -0.0209824 -0 121.707 423 457534
5.95033 9.38785 0.233194 11.1246 0.564926 -0.041974 -0 122.832 429 457534
5.77532 9.49652 0.233194 11.1246 0.546391 -0.041974 -0 117.582 401 457534
6.23095 9.44348 0.462573 11.3164 0.583244 -0.0209824 0.0707397 118.582 401 457534
6.23095 9.43452 0.225146 11.3164 0.58368 -0.041974 0.0707397 118.582 401 457534
6.05292 9.55856 0.462573 11.3164 0.564507 -0.0209824 0.0707397 124.019 430 457534
6.05292 9.54971 0.225146 11.3164 0.564926 -0.041974 0.0707397 124.957 435 457534
6.05292 9.55856 0.462573 11.3164 0.564507 -0.0209824 -0 131.519 470 457534
6.05292 9.54971 0.225146 11.3164 0.564926 -0.041974 -0 132.644 476 457534
6.05292 9.55856 0.462573 11.3164 0.564507 -0.0209824 -0.0707397 124.394 432 457534
6.05292 9.54971 0.225146 11.3164 0.564926 -0.041974 -0.0707397 125.332 437 457534
6.15551 9.72057 0.458549 11.5082 0.564507 -0.0209824 -0 120.832 413 457534
6.15551 9.71157 0.217098 11.5082 0.564926 -0.041974 -0 121.582 417 457534
5.97447 9.53489 3.11451 11.5082 0.559742 0.211379 -0 121.394 416 457534
5.97447 9.59279 2.87306 11.5082 0.557021 0.189968 -0 123.457 427 457534
1.39404 12.5708 0.168807 12.659 0.110444 -0.041974 -0 121.082 409 457534
6.15551 11.4954 0.426355 13.0426 0.491624 -0.0209824 -0 139.519 502 457534
5.95033 11.6029 0.426355 13.0426 0.473858 -0.0209824 -0 137.832 493 457534
9.90615 8.1816 0.96962 12.8508 0.880455 0.0209824 -0.990356 120.957 403 457534
9.70399 8.35539 1.77848 12.8508 0.859935 0.0840222 -0.990356 121.332 405 457534
9.90615 8.07427 2.0481 12.8508 0.88693 0.105098 -1.0611 120.582 401 457534
9.90615 8.11468 1.77848 12.8508 0.884484 0.0840222 -1.0611 123.394 416 457534
9.70399 8.31615 2.0481 12.8508 0.862262 0.105098 -1.0611 123.207 415 457534
9.70399 8.35539 1.77848 12.8508 0.859935 0.0840222 -1.0611 125.082 425 457534
9.90615 8.11468 1.77848 12.8508 0.884484 0.0840222 -1.13184 123.019 414 457534
9.70399 8.35539 1.77848 12.8508 0.859935 0.0840222 -1.13184 122.457 411 457534
9.84882 8.4801 1.79458 13.0426 0.859935 0.0840222 -0.990356 121.144 404 457534
10.054 8.2358 1.79458 13.0426 0.884484 0.0840222 -1.0611 120.394 400 457534
9.84882 8.44027 2.06822 13.0426 0.862262 0.105098 -1.0611 120.957 403 457534
9.84882 8.4801 1.79458 13.0426 0.859935 0.0840222 -1.0611 123.207 415 457534
10.054 8.2358 1.79458 13.0426 0.884484 0.0840222 -1.13184 120.582 401 457534
9.84882 8.4801 1.79458 13.0426 0.859935 0.0840222 -1.13184 120.394 400 457534
6.24604 11.6645 0.422331 13.2344 0.491624 -0.0209824 -0 143.644 524 457534
6.24604 11.6545 0.144662 13.2344 0.491978 -0.041974 -0 140.457 507 457534
6.03783 11.7736 0.422331 13.2344 0.473858 -0.0209824 -0 141.957 515 457534
6.03783 11.7637 0.144662 13.2344 0.474198 -0.041974 -0 138.394 496 457534
6.33656 11.8335 0.418307 13.4262 0.491624 -0.0209824 0.0707397 145.519 534 457534
6.33656 11.8234 0.136614 13.4262 0.491978 -0.041974 0.0707397 141.582 513 457534
6.12534 11.9442 0.418307 13.4262 0.473858 -0.0209824 0.0707397 143.457 523 457534
6.33656 11.8335 0.418307 13.4262 0.491624 -0.0209824 -0 153.207 575 457534
6.33656 11.8234 0.136614 13.4262 0.491978 -0.041974 -0 149.269 554 457534
6.12534 11.9442 0.418307 13.4262 0.473858 -0.0209824 -0 151.144 564 457534
6.33656 11.8335 0.418307 13.4262 0.491624 -0.0209824 -0.0707397 146.082 537 457534
6.33656 11.8234 0.136614 13.4262 0.491978 -0.041974 -0.0707397 142.332 517 457534
6.12534 11.9442 0.418307 13.4262 0.473858 -0.0209824 -0.0707397 144.207 527 457534
6.42708 12.0026 0.414283 13.618 0.491624 -0.0209824 -0 140.894 504 457534
6.42708 11.8382 2.70002 13.618 0.497384 0.147399 -0 139.019 494 457534
6.21284 12.1148 0.414283 13.618 0.473858 -0.0209824 -0 138.832 493 457534
6.21284 11.9007 2.98574 13.618 0.481138 0.168645 -0 137.707 487 457534
6.21284 11.952 2.70002 13.618 0.479374 0.147399 -0 142.019 510 457534
6.5176 12.1716 0.410259 13.8098 0.491624 -0.0209824 -0 138.269 490 457534
6.30035 12.2855 0.410259 13.8098 0.473858 -0.0209824 -0 137.332 485 457534
6.1193 13.6519 0.7 14.9606 0.421388 0 -0 131.582 449 457534
-7.15126 13.2981 -0.571643 15.1524 -0.493402 -0.0840222 -0 126.394 416 457534
-7.38963 13.2284 0.7 15.1524 -0.509437 0 -0 128.457 427 457534
-7.38963 13.2245 0.382089 15.1524 -0.50956 -0.0209824 -0 128.832 429 457534
-7.38963 13.1671 -0.571643 15.1524 -0.511416 -0.0840222 -0 130.519 438 457534
6.82538 15.2271 0.7 16.6869 0.421388 0 0.0707397 145.207 511 457534
6.56286 15.3421 0.7 16.6869 0.404213 0 0.0707397 149.519 534 457534
6.56286 15.3381 1.0501 16.6869 0.404307 0.0209824 0.0707397 149.332 533 457534
6.82538 15.2271 0.7 16.6869 0.421388 0 -0 152.894 552 457534
6.56286 15.3421 0.7 16.6869 0.404213 0 -0 156.832 573 457534
6.56286 15.3381 1.0501 16.6869 0.404307 0.0209824 -0 156.832 573 457534
6.82538 15.2271 0.7 16.6869 0.421388 0 -0.0707397 145.957 515 457534
6.56286 15.3421 0.7 16.6869 0.404213 0 -0.0707397 149.707 535 457534
6.56286 15.3381 1.0501 16.6869 0.404307 0.0209824 -0.0707397 149.707 535 457534
6.6383 15.5184 0.7 16.8787 0.404213 0 0.0707397 149.519 534 457534
6.6383 15.5144 1.05413 16.8787 0.404307 0.0209824 0.0707397 149.144 532 457534
6.6383 15.5184 0.7 16.8787 0.404213 0 -0 157.394 576 457534
6.6383 15.5144 1.05413 16.8787 0.404307 0.0209824 -0 157.207 575 457534
6.6383 15.5184 0.7 16.8787 0.404213 0 -0.0707397 150.644 540 457534
6.6383 15.5144 1.05413 16.8787 0.404307 0.0209824 -0.0707397 150.269 538 457534
-7.3323 15.6276 0.7 17.2623 -0.438696 0 -0 130.957 435 457534
-7.3323 15.6234 0.337823 17.2623 -0.438799 -0.0209824 -0 135.644 460 457534
-7.3323 15.6108 -0.0243536 17.2623 -0.439109 -0.041974 -0 132.457 443 457534
-7.60387 15.4931 0.337823 17.2623 -0.456253 -0.0209824 -0 133.207 447 457534
6.73486 16.5174 0.7 17.8377 0.387164 0 0.0707397 148.269 522 457534
6.73486 16.5132 0.325751 17.8377 0.387253 -0.0209824 0.0707397 148.644 524 457534
6.45424 16.6291 0.7 17.8377 0.370232 0 0.0707397 145.832 509 457534
6.45424 16.6248 0.325751 17.8377 0.370317 -0.0209824 0.0707397 146.019 510 457534
6.73486 16.5174 0.7 17.8377 0.387164 0 -0 155.957 563 457534
6.73486 16.5132 0.325751 17.8377 0.387253 -0.0209824 -0 156.144 564 457534
6.45424 16.6291 0.7 17.8377 0.370232 0 -0 152.957 547 457534
6.45424 16.6248 0.325751 17.8377 0.370317 -0.0209824 -0 153.332 549 457534
6.73486 16.5174 0.7 17.8377 0.387164 0 -0.0707397 148.644 524 457534
6.73486 16.5132 0.325751 17.8377 0.387253 -0.0209824 -0.0707397 149.207 527 457534
6.45424 16.6291 0.7 17.8377 0.370232 0 -0.0707397 145.644 508 457534
6.45424 16.6248 0.325751 17.8377 0.370317 -0.0209824 -0.0707397 146.207 511 457534
6.80727 16.695 0.7 18.0295 0.387164 0 0.0707397 142.082 489 457534
6.80727 16.6907 0.321726 18.0295 0.387253 -0.0209824 0.0707397 142.457 491 457534
6.80727 16.695 0.7 18.0295 0.387164 0 -0 150.144 532 457534
6.80727 16.6907 0.321726 18.0295 0.387253 -0.0209824 -0 150.707 535 457534
6.52364 16.8079 0.7 18.0295 0.370232 0 -0 147.144 516 457534
6.52364 16.8036 0.321726 18.0295 0.370317 -0.0209824 -0 147.519 518 457534
6.80727 16.695 0.7 18.0295 0.387164 0 -0.0707397 143.957 499 457534
6.80727 16.6907 0.321726 18.0295 0.387253 -0.0209824 -0.0707397 144.519 502 457534
6.87969 16.8726 0.7 18.2213 0.387164 0 -0 146.457 507 457534
6.87969 16.8683 0.317702 18.2213 0.387253 -0.0209824 -0 145.519 502 457534
6.59304 16.9867 0.7 18.2213 0.370232 0 -0 146.269 506 457534
6.59304 16.9824 0.317702 18.2213 0.370317 -0.0209824 -0 145.519 502 457534
3.04758 19.1309 0.7 19.3721 0.157974 0 0.0707397 137.519 454 457534
2.74282 19.1769 0.7 19.3721 0.142064 0 0.0707397 138.269 458 457534
6.46329 18.4654 0.7 19.5639 0.336693 0 -0 152.894 536 457534
6.46329 18.4609 0.289533 19.5639 0.336771 -0.0209824 -0 152.332 533 457534
6.15551 18.5703 0.7 19.5639 0.320073 0 -0 152.144 532 457534
6.15551 18.5658 0.289533 19.5639 0.320146 -0.0209824 -0 151.207 527 457534
7.14824 18.1871 3.60144 19.7557 0.37449 0.147399 -0 143.519 486 457534
5.90507 18.8525 0.7 19.7557 0.303544 0 -0 151.207 527 457534
6.27621 18.9344 0.7 19.9475 0.320073 0 0.0707397 159.457 571 457534
6.27621 18.9298 0.281485 19.9475 0.320146 -0.0209824 0.0707397 155.332 549 457534
6.27621 18.9298 1.11852 19.9475 0.320146 0.0209824 0.0707397 155.519 550 457534
5.9624 19.0356 0.7 19.9475 0.303544 0 0.0707397 158.707 567 457534
6.27621 18.9344 0.7 19.9475 0.320073 0 -0 166.957 611 457534
6.27621 18.9298 0.281485 19.9475 0.320146 -0.0209824 -0 163.019 590 457534
6.27621 18.9298 1.11852 19.9475 0.320146 0.0209824 -0 163.019 590 457534
5.9624 19.0356 0.7 19.9475 0.303544 0 -0 166.207 607 457534
6.27621 18.9344 0.7 19.9475 0.320073 0 -0.0707397 160.019 574 457534
6.27621 18.9298 0.281485 19.9475 0.320146 -0.0209824 -0.0707397 156.082 553 457534
6.27621 18.9298 1.11852 19.9475 0.320146 0.0209824 -0.0707397 155.894 552 457534
5.9624 19.0356 0.7 19.9475 0.303544 0 -0.0707397 159.269 570 457534
6.33656 19.1165 0.7 20.1393 0.320073 0 0.0707397 152.894 536 457534
6.01973 19.2186 0.7 20.1393 0.303544 0 0.0707397 151.582 529 457534
6.33656 19.1165 0.7 20.1393 0.320073 0 -0 161.144 580 457534
6.33656 19.1118 0.27746 20.1393 0.320146 -0.0209824 -0 157.019 558 457534
6.33656 19.1118 1.12254 20.1393 0.320146 0.0209824 -0 157.394 560 457534
6.01973 19.2186 0.7 20.1393 0.303544 0 -0 160.582 577 457534
6.33656 19.1165 0.7 20.1393 0.320073 0 -0.0707397 154.582 545 457534
6.01973 19.2186 0.7 20.1393 0.303544 0 -0.0707397 154.582 545 457534
6.39691 19.2985 0.7 20.3311 0.320073 0 -0 152.707 535 457534
6.07706 19.4016 0.7 20.3311 0.303544 0 -0 151.582 529 457534
1.61431 20.4548 1.13059 20.5229 0.0787578 0.0209824 -0 148.832 509 457534
1.29145 20.4822 0.7 20.5229 0.0629689 0 -0 151.269 522 457534
1.29145 20.4777 1.13059 20.5229 0.0629827 0.0209824 -0 150.332 517 457534
0.968588 20.5 0.7 20.5229 0.047213 0 -0 148.082 505 457534
1.95528 20.6222 0.7 20.7147 0.0945316 0 0.0707397 150.332 517 457534
1.95528 20.6177 1.13461 20.7147 0.0945525 0.0209824 0.0707397 153.707 535 457534
1.6294 20.6505 0.7 20.7147 0.0787404 0 0.0707397 151.269 522 457534
1.6294 20.646 1.13461 20.7147 0.0787578 0.0209824 0.0707397 153.894 536 457534
1.95528 20.6222 0.7 20.7147 0.0945316 0 -0 158.957 563 457534
1.95528 20.6177 1.13461 20.7147 0.0945525 0.0209824 -0 161.582 577 457534
1.6294 20.6505 0.7 20.7147 0.0787404 0 -0 159.707 567 457534
1.6294 20.646 1.13461 20.7147 0.0787578 0.0209824 -0 161.957 579 457534
1.95528 20.6222 0.7 20.7147 0.0945316 0 -0.0707397 151.269 522 457534
1.95528 20.6177 1.13461 20.7147 0.0945525 0.0209824 -0.0707397 154.457 539 457534
1.6294 20.6505 0.7 20.7147 0.0787404 0 -0.0707397 152.394 528 457534
1.6294 20.646 1.13461 20.7147 0.0787578 0.0209824 -0.0707397 154.457 539 457534
4.93346 20.3161 0.7 20.9065 0.238224 0 0.0707397 146.957 499 457534
4.93346 20.2971 1.57727 20.9065 0.238438 0.041974 0.0707397 145.082 489 457534
4.93346 20.3114 1.13864 20.9065 0.238277 0.0209824 0.0707397 148.269 506 457534
4.60457 20.3743 1.57727 20.9065 0.222265 0.041974 0.0707397 145.832 493 457534
4.60457 20.3884 1.13864 20.9065 0.222116 0.0209824 0.0707397 146.957 499 457534
4.93346 20.3114 1.13864 20.9065 0.238277 0.0209824 -0 156.144 548 457534
1.64449 20.8371 1.13864 20.9065 0.0787578 0.0209824 -0 155.207 543 457534
4.93346 20.3161 0.7 20.9065 0.238224 0 -0.0707397 148.082 505 457534
4.93346 20.3114 1.13864 20.9065 0.238277 0.0209824 -0.0707397 149.957 515 457534
4.60457 20.3884 1.13864 20.9065 0.222116 0.0209824 -0.0707397 148.644 508 457534
1.64449 20.8417 0.7 20.9065 0.0787404 0 -0.0707397 148.269 506 457534
1.64449 20.8371 1.13864 20.9065 0.0787578 0.0209824 -0.0707397 149.019 510 457534
1.99149 21.0041 0.7 21.0983 0.0945316 0 -0 147.144 500 457534
1.99149 20.9995 1.14266 21.0983 0.0945525 0.0209824 -0 151.457 523 457534
1.65957 21.0283 1.14266 21.0983 0.0787578 0.0209824 -0 150.894 520 457534
3.68426 20.9499 1.59337 21.2901 0.17408 0.041974 -0 144.894 488 457534
3.68426 20.9642 1.14668 21.2901 0.173964 0.0209824 -0 143.957 483 457534
1.67466 21.2242 0.7 21.2901 0.0787404 0 -0 145.832 493 457534
1.67466 21.2195 1.14668 21.2901 0.0787578 0.0209824 -0 145.644 492 457534
3.71745 21.1386 1.60142 21.4819 0.17408 0.041974 0.0707397 146.582 497 457534
3.71745 21.153 1.15071 21.4819 0.173964 0.0209824 0.0707397 147.894 504 457534
1.3518 21.4394 0.7 21.4819 0.0629689 0 0.0707397 149.957 515 457534
1.3518 21.4346 0.249291 21.4819 0.0629827 -0.0209824 0.0707397 147.144 500 457534
1.3518 21.4346 1.15071 21.4819 0.0629827 0.0209824 0.0707397 148.082 505 457534
1.01385 21.458 0.7 21.4819 0.047213 0 0.0707397 146.394 496 457534
1.3518 21.4394 0.7 21.4819 0.0629689 0 -0 157.269 554 457534
1.3518 21.4346 1.15071 21.4819 0.0629827 0.0209824 -0 155.957 547 457534
3.71745 21.1386 1.60142 21.4819 0.17408 0.041974 -0.0707397 147.332 501 457534
3.71745 21.153 1.15071 21.4819 0.173964 0.0209824 -0.0707397 148.832 509 457534
1.3518 21.4394 0.7 21.4819 0.0629689 0 -0.0707397 150.332 517 457534
1.3518 21.4346 0.249291 21.4819 0.0629827 -0.0209824 -0.0707397 147.894 504 457534
1.3518 21.4346 1.15071 21.4819 0.0629827 0.0209824 -0.0707397 149.019 510 457534
1.36387 21.6308 0.7 21.6737 0.0629689 0 -0 152.394 528 457534
1.36387 21.6308 0.7 21.6737 0.0629689 0 -0.0707397 146.207 495 457534
5.15977 21.2431 1.15876 21.8655 0.238277 0.0209824 0.0707397 149.207 511 457534
4.81578 21.3089 1.61751 21.8655 0.222265 0.041974 0.0707397 149.019 510 457534
4.81578 21.3237 1.15876 21.8655 0.222116 0.0209824 0.0707397 154.082 537 457534
4.4718 21.3985 1.15876 21.8655 0.206013 0.0209824 0.0707397 149.394 512 457534
5.15977 21.2431 1.15876 21.8655 0.238277 0.0209824 -0 156.332 549 457534
4.81578 21.3089 1.61751 21.8655 0.222265 0.041974 -0 156.332 549 457534
4.81578 21.3237 1.15876 21.8655 0.222116 0.0209824 -0 161.394 576 457534
4.4718 21.3985 1.15876 21.8655 0.206013 0.0209824 -0 156.519 550 457534
5.15977 21.2431 1.15876 21.8655 0.238277 0.0209824 -0.0707397 148.644 508 457534
4.81578 21.3089 1.61751 21.8655 0.222265 0.041974 -0.0707397 149.207 511 457534
4.81578 21.3237 1.15876 21.8655 0.222116 0.0209824 -0.0707397 154.082 537 457534
4.4718 21.3985 1.15876 21.8655 0.206013 0.0209824 -0.0707397 149.582 513 457534
4.85803 21.5107 1.16278 22.0573 0.222116 0.0209824 0.0707397 149.457 507 457534
5.20503 21.4294 1.16278 22.0573 0.238277 0.0209824 -0 153.207 527 457534
4.85803 21.4958 1.62556 22.0573 0.222265 0.041974 -0 151.707 519 457534
4.85803 21.5107 1.16278 22.0573 0.222116 0.0209824 -0 157.519 550 457534
4.51103 21.5862 1.16278 22.0573 0.206013 0.0209824 -0 152.269 522 457534
5.20503 21.4294 1.16278 22.0573 0.238277 0.0209824 -0.0707397 146.644 492 457534
4.85803 21.5107 1.16278 22.0573 0.222116 0.0209824 -0.0707397 151.144 516 457534
8.05045 20.7206 1.63361 22.2491 0.370574 0.041974 -0 141.207 463 457534
8.05045 20.7364 1.16681 22.2491 0.370317 0.0209824 -0 142.519 470 457534
4.90027 21.6978 1.16681 22.2491 0.222116 0.0209824 -0 146.644 492 457534
2.80015 22.0722 0.7 22.2491 0.126189 0 -0 142.144 468 457534
2.80015 22.0673 1.16681 22.2491 0.126217 0.0209824 -0 141.582 465 457534
8.05045 20.7206 1.63361 22.2491 0.370574 0.041974 -0.0707397 134.832 429 457534
8.05045 20.7364 1.16681 22.2491 0.370317 0.0209824 -0.0707397 136.144 436 457534
1.79536 22.7538 0.7 22.8246 0.0787404 0 0.0707397 152.519 518 457534
1.43629 22.7793 0.7 22.8246 0.0629689 0 0.0707397 154.957 531 457534
1.43629 22.7743 1.17888 22.8246 0.0629827 0.0209824 0.0707397 150.832 509 457534
1.07721 22.7991 0.7 22.8246 0.047213 0 0.0707397 152.332 517 457534
1.79536 22.7538 0.7 22.8246 0.0787404 0 -0 160.207 559 457534
1.43629 22.7793 0.7 22.8246 0.0629689 0 -0 162.269 570 457534
1.43629 22.7743 1.17888 22.8246 0.0629827 0.0209824 -0 158.332 549 457534
1.07721 22.7991 0.7 22.8246 0.047213 0 -0 159.269 554 457534
1.79536 22.7538 0.7 22.8246 0.0787404 0 -0.0707397 152.707 519 457534
1.43629 22.7793 0.7 22.8246 0.0629689 0 -0.0707397 154.957 531 457534
1.43629 22.7743 1.17888 22.8246 0.0629827 0.0209824 -0.0707397 151.019 510 457534
1.07721 22.7991 0.7 22.8246 0.047213 0 -0.0707397 152.144 516 457534
1.81044 22.945 0.7 23.0164 0.0787404 0 0.0707397 151.957 515 457534
1.44836 22.9707 0.7 23.0164 0.0629689 0 0.0707397 155.519 534 457534
1.44836 22.9657 1.1829 23.0164 0.0629827 0.0209824 0.0707397 151.957 515 457534
1.08627 22.9907 0.7 23.0164 0.047213 0 0.0707397 153.644 524 457534
1.08627 22.9856 1.1829 23.0164 0.0472234 0.0209824 0.0707397 150.832 509 457534
1.81044 22.945 0.7 23.0164 0.0787404 0 -0 160.019 558 457534
1.44836 22.9707 0.7 23.0164 0.0629689 0 -0 163.394 576 457534
1.44836 22.9657 1.1829 23.0164 0.0629827 0.0209824 -0 160.019 558 457534
1.08627 22.9907 0.7 23.0164 0.047213 0 -0 161.519 566 457534
1.81044 22.945 0.7 23.0164 0.0787404 0 -0.0707397 153.269 522 457534
1.44836 22.9707 0.7 23.0164 0.0629689 0 -0.0707397 156.832 541 457534
1.44836 22.9657 1.1829 23.0164 0.0629827 0.0209824 -0.0707397 153.269 522 457534
1.08627 22.9907 0.7 23.0164 0.047213 0 -0.0707397 154.582 529 457534
-14.8456 18.3352 0.7 23.5918 -0.680617 0 0.0707397 138.082 441 457534
-14.8456 18.3285 0.205025 23.5918 -0.680795 -0.0209824 0.0707397 136.019 430 457534
-15.2168 18.0283 0.7 23.5918 -0.701029 0 0.0707397 134.519 422 457534
-14.8456 18.3352 0.7 23.5918 -0.680617 0 -0 145.207 479 457534
-14.8456 18.3285 0.205025 23.5918 -0.680795 -0.0209824 -0 143.332 469 457534
-13.7322 19.1833 0.7 23.5918 -0.621281 0 -0.0707397 134.332 421 457534
-13.7322 19.1769 1.19497 23.5918 -0.621438 0.0209824 -0.0707397 134.894 424 457534
-14.1034 18.9056 1.19497 23.5918 -0.640929 0.0209824 -0.0707397 134.894 424 457534
-14.8456 18.3352 0.7 23.5918 -0.680617 0 -0.0707397 138.457 443 457534
-14.8456 18.3285 0.205025 23.5918 -0.680795 -0.0209824 -0.0707397 136.394 432 457534
-15.2168 18.0283 0.7 23.5918 -0.701029 0 -0.0707397 134.707 423 457534
-7.10901 22.6908 0.201001 23.7836 -0.303613 -0.0209824 0.0707397 135.832 429 457534
-14.5922 18.781 0.7 23.7836 -0.660537 0 0.0707397 138.269 442 457534
-14.9663 18.4842 0.7 23.7836 -0.680617 0 0.0707397 139.019 446 457534
-14.9663 18.4775 0.201001 23.7836 -0.680795 -0.0209824 0.0707397 136.019 430 457534
-14.5922 18.781 0.7 23.7836 -0.660537 0 -0 146.144 484 457534
-14.9663 18.4842 0.7 23.7836 -0.680617 0 -0 146.894 488 457534
-14.5922 18.781 0.7 23.7836 -0.660537 0 -0.0707397 139.582 449 457534
-14.9663 18.4842 0.7 23.7836 -0.680617 0 -0.0707397 140.707 455 457534
-14.9663 18.4775 0.201001 23.7836 -0.680795 -0.0209824 -0.0707397 137.519 438 457534
1.52077 24.1193 0.7 24.1672 0.0629689 0 0.0707397 148.582 497 457534
1.14058 24.1402 0.7 24.1672 0.047213 0 0.0707397 149.332 501 457534
1.14058 24.1349 1.20705 24.1672 0.0472234 0.0209824 0.0707397 147.457 491 457534
1.52077 24.1193 0.7 24.1672 0.0629689 0 -0 155.894 536 457534
1.52077 24.1139 1.20705 24.1672 0.0629827 0.0209824 -0 154.207 527 457534
1.14058 24.1402 0.7 24.1672 0.047213 0 -0 156.457 539 457534
1.14058 24.1349 1.20705 24.1672 0.0472234 0.0209824 -0 154.957 531 457534
1.52077 24.1193 0.7 24.1672 0.0629689 0 -0.0707397 148.394 496 457534
1.14058 24.1402 0.7 24.1672 0.047213 0 -0.0707397 148.957 499 457534
1.14058 24.1349 1.20705 24.1672 0.0472234 0.0209824 -0.0707397 147.457 491 457534
1.53284 24.3107 0.7 24.359 0.0629689 0 0.0707397 150.144 500 457534
1.53284 24.3053 1.21107 24.359 0.0629827 0.0209824 0.0707397 149.207 495 457534
1.14963 24.3318 0.7 24.359 0.047213 0 0.0707397 150.332 501 457534
1.14963 24.3265 1.21107 24.359 0.0472234 0.0209824 0.0707397 149.207 495 457534
1.53284 24.3107 0.7 24.359 0.0629689 0 -0 157.832 541 457534
1.53284 24.3053 1.21107 24.359 0.0629827 0.0209824 -0 156.707 535 457534
1.14963 24.3318 0.7 24.359 0.047213 0 -0 158.394 544 457534
1.14963 24.3265 1.21107 24.359 0.0472234 0.0209824 -0 156.894 536 457534
1.53284 24.3107 0.7 24.359 0.0629689 0 -0.0707397 151.082 505 457534
1.53284 24.3053 1.21107 24.359 0.0629827 0.0209824 -0.0707397 150.144 500 457534
1.14963 24.3318 0.7 24.359 0.047213 0 -0.0707397 152.019 510 457534
1.14963 24.3265 1.21107 24.359 0.0472234 0.0209824 -0.0707397 150.519 502 457534
10.0419 22.4031 0.7 24.5508 0.421388 0 -0 137.207 431 457534
9.65571 22.5723 0.7 24.5508 0.404213 0 -0 137.019 430 457534
9.09145 23.4237 0.7 25.1262 0.370232 0 -0 134.394 416 457534
11.1523 22.7046 1.76239 25.318 0.456578 0.041974 -0 140.019 446 457534
11.1523 22.7232 1.23119 25.318 0.456253 0.0209824 -0 140.394 448 457534
10.754 22.8959 1.76239 25.318 0.439109 0.041974 -0 138.144 436 457534
10.754 22.9144 1.23119 25.318 0.438799 0.0209824 -0 138.519 438 457534
-16.7014 19.7872 0.7 25.8934 -0.701029 0 0.0707397 135.582 417 457534
-16.294 20.124 0.7 25.8934 -0.680617 0 -0 140.457 443 457534
-16.294 20.1166 0.156735 25.8934 -0.680795 -0.0209824 -0 138.582 433 457534
-16.7014 19.7872 0.7 25.8934 -0.701029 0 -0 142.332 453 457534
-16.7014 19.7797 0.156735 25.8934 -0.701215 -0.0209824 -0 140.832 445 457534
-16.7014 19.7797 1.24327 25.8934 -0.701215 0.0209824 -0 137.457 427 457534
-16.7014 19.7872 0.7 25.8934 -0.701029 0 -0.0707397 135.019 414 457534
-16.4147 20.273 0.7 26.0852 -0.680617 0 0.0707397 142.332 453 457534
-16.4147 20.2656 0.152711 26.0852 -0.680795 -0.0209824 0.0707397 139.894 440 457534
-16.8251 19.9338 0.7 26.0852 -0.701029 0 0.0707397 142.519 454 457534
-16.8251 19.9263 0.152711 26.0852 -0.701215 -0.0209824 0.0707397 140.644 444 457534
-16.4147 20.273 0.7 26.0852 -0.680617 0 -0 149.832 493 457534
-16.4147 20.2656 0.152711 26.0852 -0.680795 -0.0209824 -0 147.394 480 457534
-16.8251 19.9338 0.7 26.0852 -0.701029 0 -0 150.019 494 457534
-16.8251 19.9263 0.152711 26.0852 -0.701215 -0.0209824 -0 148.144 484 457534
-16.4147 20.273 0.7 26.0852 -0.680617 0 -0.0707397 142.894 456 457534
-16.4147 20.2656 0.152711 26.0852 -0.680795 -0.0209824 -0.0707397 140.644 444 457534
-16.8251 19.9338 0.7 26.0852 -0.701029 0 -0.0707397 143.082 457 457534
-16.8251 19.9263 0.152711 26.0852 -0.701215 -0.0209824 -0.0707397 141.394 448 457534
6.71072 25.583 4.05617 26.6606 0.256532 0.12622 -0 136.332 421 457534
6.2913 25.6894 4.05617 26.6606 0.240172 0.12622 -0 138.394 432 457534
6.2913 25.7563 3.49681 26.6606 0.239572 0.105098 -0 135.582 417 457534
-15.6302 21.8346 0.7 26.8524 -0.621281 0 0.0707397 132.582 401 457534
6.75899 25.8347 3.51693 26.8524 0.255889 0.105098 -0 142.144 452 457534
6.33656 25.9416 3.51693 26.8524 0.239572 0.105098 -0 143.082 457 457534
-15.2077 22.1309 0.7 26.8524 -0.602065 0 -0.0707397 132.394 400 457534
-15.6302 21.8346 0.7 26.8524 -0.621281 0 -0.0707397 132.207 399 457534
6.33656 25.9416 3.51693 26.8524 0.239572 0.105098 -0.0707397 136.332 421 457534
-15.5336 22.6051 0.7 27.4278 -0.602065 0 -0 135.644 412 457534
-15.9651 22.3025 0.7 27.4278 -0.621281 0 -0 138.644 428 457534
-15.9651 22.2951 0.124541 27.4278 -0.621438 -0.0209824 -0 135.832 413 457534
-16.3966 21.9872 0.7 27.4278 -0.640765 0 -0 138.082 425 457534
-16.3966 21.9797 0.124541 27.4278 -0.640929 -0.0209824 -0 135.457 411 457534
-16.8281 21.6587 0.7 27.4278 -0.660537 0 -0 135.269 410 457534
10.8627 25.3938 0.7 27.6196 0.404213 0 0.0707397 134.519 406 457534
10.4282 25.5753 0.7 27.6196 0.387164 0 0.0707397 136.394 416 457534
10.4282 25.5753 0.7 27.6196 0.387164 0 -0 143.332 453 457534
6.5176 26.8146 1.85897 27.6196 0.238438 0.041974 -0 144.457 459 457534
6.5176 26.8334 1.27948 27.6196 0.238277 0.0209824 -0 143.894 456 457534
6.0831 26.9165 1.85897 27.6196 0.222265 0.041974 -0 143.519 454 457534
10.8627 25.3938 0.7 27.6196 0.404213 0 -0.0707397 135.644 412 457534
10.4282 25.5753 0.7 27.6196 0.387164 0 -0.0707397 136.207 415 457534
11.089 25.9229 0.7 28.195 0.404213 0 -0 139.394 432 457534
10.6454 26.1081 0.7 28.195 0.387164 0 -0 140.707 439 457534
6.65339 26.1171 8.98178 28.195 0.249446 0.298128 -0 141.644 444 457534
6.20983 26.2261 8.98178 28.195 0.232498 0.298128 -0 140.894 440 457534
-16.0768 23.3955 0.7 28.3868 -0.602065 0 -0 140.707 439 457534
-16.0768 23.3879 1.29558 28.3868 -0.602216 0.0209824 -0 139.957 435 457534
-16.5233 23.0823 0.7 28.3868 -0.621281 0 -0 141.082 441 457534
-15.947 24.1765 0.7 28.9622 -0.583099 0 -0 139.644 428 457534
-16.4026 23.8698 0.7 28.9622 -0.602065 0 -0 139.457 427 457534
-16.4026 23.862 0.0923478 28.9622 -0.602216 -0.0209824 -0 137.957 419 457534
2.73377 28.8329 0.7 28.9622 0.0945316 0 -0 135.707 407 457534
2.73377 28.8265 1.30765 28.9622 0.0945525 0.0209824 -0 137.207 415 457534
-16.0526 24.3366 0.7 29.1541 -0.583099 0 -0 145.644 460 457534
-16.0526 24.329 1.31168 29.1541 -0.583244 0.0209824 -0 143.207 447 457534
-16.5113 24.0278 0.7 29.1541 -0.602065 0 -0 141.707 439 457534
-16.5113 24.0201 1.31168 29.1541 -0.602216 0.0209824 -0 141.332 437 457534
-15.9017 25.1192 0.7 29.7295 -0.564368 0 -0 141.332 437 457534
-16.3694 24.817 0.7 29.7295 -0.583099 0 -0 143.207 447 457534
-16.3694 24.8091 0.076251 29.7295 -0.583244 -0.0209824 -0 141.144 436 457534
3.74159 29.4865 1.32375 29.7295 0.126217 0.0209824 -0 140.957 435 457534
3.27389 29.5421 1.32375 29.7295 0.110371 0.0209824 -0 141.519 438 457534
3.29501 29.7327 1.32777 29.9213 0.110371 0.0209824 -0 139.832 429 457534
3.35838 30.3112 0.7 30.4967 0.110346 0 -0 141.207 431 457534
3.35838 30.3044 1.33985 30.4967 0.110371 0.0209824 -0 141.957 435 457534
2.87861 30.3605 0.7 30.4967 0.0945316 0 -0 141.957 435 457534
2.87861 30.3538 1.33985 30.4967 0.0945525 0.0209824 -0 143.832 445 457534
-7.24178 29.8148 0.0561301 30.6885 -0.238277 -0.0209824 0.0707397 137.457 411 457534
6.27621 30.0398 0.7 30.6885 0.205967 0 -0 153.582 497 457534
6.27621 30.0329 1.34387 30.6885 0.206013 0.0209824 -0 153.957 499 457534
5.79342 30.1367 0.7 30.6885 0.189921 0 -0 150.582 481 457534
5.79342 30.1298 1.34387 30.6885 0.189964 0.0209824 -0 151.144 484 457534
-7.24178 29.8148 0.0561301 30.6885 -0.238277 -0.0209824 -0.0707397 138.207 415 457534
6.84348 30.3091 0.7 31.0721 0.222066 0 0.0707397 155.082 505 457534
6.35466 30.4153 0.7 31.0721 0.205967 0 0.0707397 159.394 528 457534
6.35466 30.4083 1.35192 31.0721 0.206013 0.0209824 0.0707397 159.207 527 457534
5.86584 30.5064 1.35192 31.0721 0.189964 0.0209824 0.0707397 154.519 502 457534
6.84348 30.3091 0.7 31.0721 0.222066 0 -0 162.957 547 457534
6.35466 30.4153 0.7 31.0721 0.205967 0 -0 166.894 568 457534
6.35466 30.4083 1.35192 31.0721 0.206013 0.0209824 -0 166.894 568 457534
6.84348 30.3091 0.7 31.0721 0.222066 0 -0.0707397 156.019 510 457534
6.35466 30.4153 0.7 31.0721 0.205967 0 -0.0707397 160.144 532 457534
6.35466 30.4083 1.35192 31.0721 0.206013 0.0209824 -0.0707397 160.144 532 457534
6.88573 30.4962 0.7 31.2639 0.222066 0 -0 153.394 496 457534
6.39389 30.6031 0.7 31.2639 0.205967 0 -0 157.894 520 457534
6.39389 30.5961 1.35594 31.2639 0.206013 0.0209824 -0 157.144 516 457534
6.39389 30.6031 0.7 31.2639 0.205967 0 -0.0707397 151.894 488 457534
6.39389 30.5961 1.35594 31.2639 0.206013 0.0209824 -0.0707397 151.144 484 457534
6.43311 30.7908 0.7 31.4557 0.205967 0 -0 152.082 489 457534
6.43311 30.7838 1.35997 31.4557 0.206013 0.0209824 -0 152.644 492 457534
1.48456 31.4206 0.7 31.4557 0.047213 0 -0 153.394 496 457534
1.52077 32.187 0.7 32.2229 0.047213 0 -0 155.644 508 457534
1.52077 32.1799 0.0239366 32.2229 0.0472234 -0.0209824 -0 153.582 497 457534
1.01385 32.2069 0.7 32.2229 0.0314688 0 -0 153.957 499 457534
1.01385 32.1999 0.0239366 32.2229 0.0314757 -0.0209824 -0 151.332 485 457534
1.53888 32.5702 0.7 32.6065 0.047213 0 0.0707397 160.332 533 457534
1.53888 32.563 0.0158883 32.6065 0.0472234 -0.0209824 0.0707397 159.394 528 457534
1.02592 32.5904 0.7 32.6065 0.0314688 0 0.0707397 158.082 521 457534
1.02592 32.5832 0.0158883 32.6065 0.0314757 -0.0209824 0.0707397 156.582 513 457534
1.53888 32.5702 0.7 32.6065 0.047213 0 -0 168.019 574 457534
1.53888 32.563 0.0158883 32.6065 0.0472234 -0.0209824 -0 166.894 568 457534
1.02592 32.5904 0.7 32.6065 0.0314688 0 -0 165.582 561 457534
1.02592 32.5832 0.0158883 32.6065 0.0314757 -0.0209824 -0 164.269 554 457534
1.53888 32.5702 0.7 32.6065 0.047213 0 -0.0707397 160.894 536 457534
1.53888 32.563 0.0158883 32.6065 0.0472234 -0.0209824 -0.0707397 159.957 531 457534
1.02592 32.5904 0.7 32.6065 0.0314688 0 -0.0707397 158.832 525 457534
1.02592 32.5832 0.0158883 32.6065 0.0314757 -0.0209824 -0.0707397 157.332 517 457534
1.54793 32.7618 0.7 32.7983 0.047213 0 -0 158.144 516 457534
1.54793 32.7545 0.0118641 32.7983 0.0472234 -0.0209824 -0 158.519 518 457534
1.03195 32.7821 0.7 32.7983 0.0314688 0 -0 155.144 500 457534
1.03195 32.7748 0.0118641 32.7983 0.0314757 -0.0209824 -0 155.707 503 457534
1.54793 32.7545 0.0118641 32.7983 0.0472234 -0.0209824 -0.0707397 152.519 486 457534
-6.74692 32.2854 0.00783986 32.9901 -0.206013 -0.0209824 0.0707397 138.644 412 457534
-7.26592 32.18 0.7 32.9901 -0.222066 0 0.0707397 137.519 406 457534
-7.26592 32.1726 0.00783986 32.9901 -0.222116 -0.0209824 0.0707397 142.019 430 457534
-7.26592 32.1726 0.00783986 32.9901 -0.222116 -0.0209824 -0 149.332 469 457534
1.55698 32.9534 0.7 32.9901 0.047213 0 -0 153.082 489 457534
1.55698 32.9461 0.00783986 32.9901 0.0472234 -0.0209824 -0 152.519 486 457534
-6.74692 32.2854 0.00783986 32.9901 -0.206013 -0.0209824 -0.0707397 139.207 415 457534
-7.26592 32.1726 0.00783986 32.9901 -0.222116 -0.0209824 -0.0707397 142.207 431 457534
-22.8357 23.5563 4.1608 32.9901 -0.769868 0.105098 -0.0707397 139.394 416 457534
-23.3547 23.0418 4.1608 32.9901 -0.792142 0.105098 -0.0707397 139.207 415 457534
3.69633 33.175 4.22116 33.5655 0.110961 0.105098 -0 143.519 438 457534
10.0329 31.8369 4.22116 33.5655 0.305283 0.105098 -0.0707397 135.832 397 457534
5.28046 32.96 4.22116 33.5655 0.158858 0.105098 -0.0707397 136.394 400 457534
4.75242 33.0403 4.22116 33.5655 0.142857 0.105098 -0.0707397 135.644 396 457534
-16.994 29.1592 1.40826 33.7573 -0.527678 0.0209824 0.0707397 133.019 382 457534
-16.463 29.4708 0.7 33.7573 -0.509437 0 -0 137.894 408 457534
-16.463 29.4623 1.40826 33.7573 -0.50956 0.0209824 -0 139.394 416 457534
-16.994 29.1678 0.7 33.7573 -0.52755 0 -0 139.582 417 457534
-16.994 29.1592 1.40826 33.7573 -0.527678 0.0209824 -0 139.957 419 457534
10.2622 32.5646 4.30165 34.3327 0.305283 0.105098 -0 136.269 394 457534
4.86104 33.7109 5.02198 34.3327 0.143211 0.12622 -0 134.957 387 457534
4.86104 33.7955 4.30165 34.3327 0.142857 0.105098 -0 134.582 385 457534
-16.5656 30.9362 1.43643 35.0999 -0.491624 0.0209824 0.0707397 143.207 431 457534
-17.1178 30.6341 1.43643 35.0999 -0.50956 0.0209824 0.0707397 145.269 442 457534
5.52186 34.5375 3.6457 35.0999 0.158538 0.0840222 0.0707397 144.144 436 457534
-17.1178 30.6341 1.43643 35.0999 -0.50956 0.0209824 -0 152.957 483 457534
-16.5656 30.9362 1.43643 35.0999 -0.491624 0.0209824 -0.0707397 143.957 435 457534
-17.1178 30.6341 1.43643 35.0999 -0.50956 0.0209824 -0.0707397 145.644 444 457534
5.52186 34.5375 3.6457 35.0999 0.158538 0.0840222 -0.0707397 144.144 436 457534
5.55203 34.6551 4.40225 35.2917 0.158858 0.105098 0.0707397 137.019 398 457534
4.99683 34.6526 5.1427 35.2917 0.143211 0.12622 0.0707397 138.332 405 457534
4.99683 34.7395 4.40225 35.2917 0.142857 0.105098 0.0707397 139.644 412 457534
4.99683 34.8104 3.6618 35.2917 0.14257 0.0840222 0.0707397 136.644 396 457534
4.99683 34.7395 4.40225 35.2917 0.142857 0.105098 -0 146.582 449 457534
-7.21764 34.5379 -0.0404503 35.2917 -0.206013 -0.0209824 -0.0707397 136.457 395 457534
5.55203 34.6551 4.40225 35.2917 0.158858 0.105098 -0.0707397 137.957 403 457534
5.55203 34.7262 3.6618 35.2917 0.158538 0.0840222 -0.0707397 136.457 395 457534
4.99683 34.6526 5.1427 35.2917 0.143211 0.12622 -0.0707397 136.832 397 457534
4.99683 34.7395 4.40225 35.2917 0.142857 0.105098 -0.0707397 140.019 414 457534
4.99683 34.8104 3.6618 35.2917 0.14257 0.0840222 -0.0707397 137.582 401 457534
6.77106 35.0934 3.71009 35.8672 0.190602 0.0840222 0.0707397 138.519 406 457534
5.64255 35.2924 3.71009 35.8672 0.158538 0.0840222 0.0707397 135.144 388 457534
6.77106 35.0934 3.71009 35.8672 0.190602 0.0840222 -0 146.207 447 457534
6.20681 35.1976 3.71009 35.8672 0.174548 0.0840222 -0 145.832 445 457534
6.77106 35.0934 3.71009 35.8672 0.190602 0.0840222 -0.0707397 139.269 410 457534
6.20681 35.1976 3.71009 35.8672 0.174548 0.0840222 -0.0707397 139.457 411 457534
5.64255 35.2924 3.71009 35.8672 0.158538 0.0840222 -0.0707397 136.269 394 457534
5.67273 35.4085 4.48274 36.059 0.158858 0.105098 0.0707397 136.269 394 457534
5.67273 35.4811 3.72619 36.059 0.158538 0.0840222 0.0707397 138.707 407 457534
5.10545 35.5672 3.72619 36.059 0.14257 0.0840222 0.0707397 135.144 388 457534
7.37455 35.1668 3.72619 36.059 0.206706 0.0840222 -0 144.707 439 457534
6.80727 35.281 3.72619 36.059 0.190602 0.0840222 -0 145.082 441 457534
5.67273 35.4811 3.72619 36.059 0.158538 0.0840222 -0 146.019 446 457534
5.67273 35.4085 4.48274 36.059 0.158858 0.105098 -0.0707397 137.207 399 457534
5.67273 35.4811 3.72619 36.059 0.158538 0.0840222 -0.0707397 139.832 413 457534
5.10545 35.5672 3.72619 36.059 0.14257 0.0840222 -0.0707397 135.519 390 457534
1.72897 36.5855 -0.0686197 36.6344 0.0472234 -0.0209824 0.0707397 147.957 451 457534
1.72897 36.5855 1.46862 36.6344 0.0472234 0.0209824 0.0707397 153.019 478 457534
1.15265 36.6082 1.46862 36.6344 0.0314757 0.0209824 0.0707397 152.082 473 457534
1.72897 36.5855 1.46862 36.6344 0.0472234 0.0209824 -0 160.332 517 457534
1.15265 36.6082 1.46862 36.6344 0.0314757 0.0209824 -0 159.207 511 457534
1.72897 36.5612 2.23724 36.6344 0.0472546 0.041974 -0.0707397 147.582 449 457534
1.72897 36.5855 1.46862 36.6344 0.0472234 0.0209824 -0.0707397 153.019 478 457534
1.15265 36.6082 -0.0686197 36.6344 0.0314757 -0.0209824 -0.0707397 147.394 448 457534
1.15265 36.6082 1.46862 36.6344 0.0314757 0.0209824 -0.0707397 151.894 472 457534
1.73803 36.777 -0.0726438 36.8262 0.0472234 -0.0209824 0.0707397 152.832 477 457534
1.73803 36.777 1.47264 36.8262 0.0472234 0.0209824 0.0707397 154.894 488 457534
1.15868 36.7998 -0.0726438 36.8262 0.0314757 -0.0209824 0.0707397 151.144 468 457534
1.15868 36.7998 1.47264 36.8262 0.0314757 0.0209824 0.0707397 153.582 481 457534
1.73803 36.777 -0.0726438 36.8262 0.0472234 -0.0209824 -0 160.144 516 457534
1.73803 36.777 1.47264 36.8262 0.0472234 0.0209824 -0 162.582 529 457534
1.15868 36.7998 -0.0726438 36.8262 0.0314757 -0.0209824 -0 158.644 508 457534
1.15868 36.7998 1.47264 36.8262 0.0314757 0.0209824 -0 161.269 522 457534
1.73803 36.777 -0.0726438 36.8262 0.0472234 -0.0209824 -0.0707397 153.394 480 457534
1.73803 36.777 1.47264 36.8262 0.0472234 0.0209824 -0.0707397 155.832 493 457534
1.15868 36.7998 1.47264 36.8262 0.0314757 0.0209824 -0.0707397 154.519 486 457534
-15.2983 34.1298 0.7 37.4016 -0.421388 0 0.0707397 147.207 447 457534
-15.8867 33.8599 0.7 37.4016 -0.438696 0 0.0707397 149.832 461 457534
-15.2983 34.1298 0.7 37.4016 -0.421388 0 -0 153.957 483 457534
-15.8867 33.8599 0.7 37.4016 -0.438696 0 -0 156.957 499 457534
-15.8867 33.8508 -0.0847164 37.4016 -0.438799 -0.0209824 -0 151.519 470 457534
-15.8867 33.8508 1.48472 37.4016 -0.438799 0.0209824 -0 152.457 475 457534
-15.8867 33.8599 0.7 37.4016 -0.438696 0 -0.0707397 149.644 460 457534
-15.3767 34.3048 0.7 37.5934 -0.421388 0 0.0707397 154.332 485 457534
-15.9681 34.0335 0.7 37.5934 -0.438696 0 0.0707397 155.644 492 457534
-15.9681 34.0244 -0.0887406 37.5934 -0.438799 -0.0209824 0.0707397 151.332 469 457534
-15.9681 34.0244 1.48874 37.5934 -0.438799 0.0209824 0.0707397 151.144 468 457534
-15.3767 34.3048 0.7 37.5934 -0.421388 0 -0 162.207 527 457534
-15.9681 34.0335 0.7 37.5934 -0.438696 0 -0 163.519 534 457534
-15.9681 34.0244 -0.0887406 37.5934 -0.438799 -0.0209824 -0 159.207 511 457534
-15.9681 34.0244 1.48874 37.5934 -0.438799 0.0209824 -0 159.019 510 457534
-15.3767 34.3048 0.7 37.5934 -0.421388 0 -0.0707397 154.707 487 457534
-15.9681 34.0335 0.7 37.5934 -0.438696 0 -0.0707397 156.394 496 457534
-15.9681 34.0244 -0.0887406 37.5934 -0.438799 -0.0209824 -0.0707397 152.082 473 457534
-15.9681 34.0244 1.48874 37.5934 -0.438799 0.0209824 -0.0707397 151.707 471 457534
7.80604 37.3277 2.30163 38.1688 0.206151 0.041974 -0 136.332 389 457534
7.20557 37.4482 2.30163 38.1688 0.190091 0.041974 -0 136.332 389 457534
6.60511 37.3791 4.70407 38.1688 0.1749 0.105098 -0 138.207 399 457534
6.60511 37.4562 3.90325 38.1688 0.174548 0.0840222 -0 138.957 403 457534
6.00464 37.4802 4.70407 38.1688 0.158858 0.105098 -0 139.519 406 457534
6.00464 37.5572 3.90325 38.1688 0.158538 0.0840222 -0 138.207 399 457534
24.7427 29.3144 0.7 38.3606 0.701029 0 -0 141.957 419 457534
7.24178 37.6364 2.30967 38.3606 0.190091 0.041974 -0 140.269 410 457534
6.6383 37.7475 2.30967 38.3606 0.17408 0.041974 -0 139.144 404 457534
24.5014 30.2494 1.51691 38.936 0.680795 0.0209824 -0 139.582 401 457534
-15.9259 35.53 0.7 38.936 -0.421388 0 -0 141.082 409 457534
4.28774 38.6906 1.51691 38.936 0.110371 0.0209824 -0 136.957 387 457534
-15.3888 35.9652 -0.120934 39.1278 -0.404307 -0.0209824 -0 143.144 420 457534
6.15551 38.6319 1.52093 39.1278 0.158009 0.0209824 -0 138.644 396 457534
-15.6151 36.4941 -0.133007 39.7032 -0.404307 -0.0209824 -0 140.894 408 457534
-6.90383 39.2931 0.7 39.895 -0.173925 0 0.0707397 135.644 380 457534
-7.53145 39.1777 0.7 39.895 -0.189921 0 0.0707397 133.582 369 457534
-6.90383 39.2931 0.7 39.895 -0.173925 0 -0.0707397 135.082 377 457534
-15.0629 36.9421 0.7 39.895 -0.387164 0 -0.0707397 137.894 392 457534
8.91342 39.3944 3.24731 40.4704 0.222515 0.0629841 -0 138.457 395 457534
8.27675 39.6059 1.5491 40.4704 0.206013 0.0209824 -0 137.894 392 457534
-15.3526 37.6526 0.7 40.6622 -0.387164 0 0.0707397 137.519 390 457534
-15.3526 37.6429 1.55313 40.6622 -0.387253 0.0209824 0.0707397 139.394 400 457534
-15.9923 37.3756 1.55313 40.6622 -0.404307 0.0209824 0.0707397 140.519 406 457534
-15.3526 37.6526 0.7 40.6622 -0.387164 0 -0 143.894 424 457534
-15.3526 37.6429 1.55313 40.6622 -0.387253 0.0209824 -0 145.582 433 457534
-15.9923 37.3854 0.7 40.6622 -0.404213 0 -0 145.207 431 457534
-15.9923 37.3756 1.55313 40.6622 -0.404307 0.0209824 -0 146.707 439 457534
-15.9923 37.3756 1.55313 40.6622 -0.404307 0.0209824 -0.0707397 139.207 399 457534
-19.4623 36.191 -2.7608 41.2376 -0.493402 -0.0840222 -0 139.082 393 457534
-20.111 35.9908 1.5652 41.2376 -0.50956 0.0209824 -0 139.644 396 457534
-20.7598 35.6206 1.5652 41.2376 -0.527678 0.0209824 -0 138.332 389 457534
-19.5528 36.3593 4.1769 41.4294 -0.493402 0.0840222 -0.0707397 134.582 369 457534
32.3798 26.7573 0.7 42.0049 0.880188 0 -0 136.832 381 457534
31.719 27.5375 0.7 42.0049 0.855848 0 -0 137.957 387 457534
6.60812 41.4724 1.5813 42.0049 0.158009 0.0209824 -0 136.269 378 457534
-6.6383 41.6618 1.58532 42.1967 -0.158009 0.0209824 0.0707397 138.707 391 457534
-7.30213 41.5506 1.58532 42.1967 -0.173964 0.0209824 0.0707397 138.894 392 457534
29.8723 29.7895 1.58532 42.1967 0.786786 0.0209824 0.0707397 135.707 375 457534
29.2085 30.4407 1.58532 42.1967 0.764744 0.0209824 0.0707397 135.894 376 457534
-15.2681 39.3276 1.58532 42.1967 -0.370317 0.0209824 0.0707397 136.082 377 457534
-6.6383 41.6618 1.58532 42.1967 -0.158009 0.0209824 -0 146.207 431 457534
-7.30213 41.5506 1.58532 42.1967 -0.173964 0.0209824 -0 146.207 431 457534
-6.6383 41.6618 1.58532 42.1967 -0.158009 0.0209824 -0.0707397 138.519 390 457534
-7.30213 41.5506 1.58532 42.1967 -0.173964 0.0209824 -0.0707397 139.082 393 457534
29.8723 29.7895 1.58532 42.1967 0.786786 0.0209824 -0.0707397 134.957 371 457534
29.2085 30.4021 2.47064 42.1967 0.765378 0.041974 -0.0707397 135.144 372 457534
29.2085 30.4407 1.58532 42.1967 0.764744 0.0209824 -0.0707397 136.082 377 457534
28.9339 31.5004 0.7 42.7721 0.742956 0 0.0707397 138.707 391 457534
28.9339 31.4876 1.59739 42.7721 0.743158 0.0209824 0.0707397 137.582 385 457534
28.261 32.1055 0.7 42.7721 0.721799 0 0.0707397 141.894 408 457534
28.261 32.0929 1.59739 42.7721 0.721993 0.0209824 0.0707397 140.207 399 457534
28.9339 31.5004 0.7 42.7721 0.742956 0 -0 147.519 438 457534
28.9339 31.4876 1.59739 42.7721 0.743158 0.0209824 -0 146.582 433 457534
28.261 32.1055 0.7 42.7721 0.721799 0 -0 150.332 453 457534
28.261 32.0929 1.59739 42.7721 0.721993 0.0209824 -0 149.207 447 457534
28.9339 31.5004 0.7 42.7721 0.742956 0 -0.0707397 142.832 413 457534
28.9339 31.4876 1.59739 42.7721 0.743158 0.0209824 -0.0707397 141.519 406 457534
28.261 32.1055 0.7 42.7721 0.721799 0 -0.0707397 145.457 427 457534
28.261 32.0929 1.59739 42.7721 0.721993 0.0209824 -0.0707397 144.144 420 457534
29.0637 31.6417 0.7 42.9639 0.742956 0 0.0707397 135.332 373 457534
29.0637 31.6288 1.60142 42.9639 0.743158 0.0209824 0.0707397 134.582 369 457534
28.3878 32.2495 0.7 42.9639 0.721799 0 0.0707397 138.332 389 457534
28.3878 32.2369 1.60142 42.9639 0.721993 0.0209824 0.0707397 136.832 381 457534
29.0637 31.6417 0.7 42.9639 0.742956 0 -0 143.394 416 457534
29.0637 31.6288 1.60142 42.9639 0.743158 0.0209824 -0 142.644 412 457534
28.3878 32.2495 0.7 42.9639 0.721799 0 -0 146.582 433 457534
28.3878 32.2369 1.60142 42.9639 0.721993 0.0209824 -0 145.082 425 457534
29.0637 31.6417 0.7 42.9639 0.742956 0 -0.0707397 138.519 390 457534
29.0637 31.6288 1.60142 42.9639 0.743158 0.0209824 -0.0707397 137.394 384 457534
28.3878 32.2495 0.7 42.9639 0.721799 0 -0.0707397 141.332 405 457534
28.3878 32.2369 1.60142 42.9639 0.721993 0.0209824 -0.0707397 139.832 397 457534
6.84952 42.9874 1.61349 43.5393 0.158009 0.0209824 0.0707397 134.644 364 457534
6.16457 43.0619 2.52698 43.5393 0.14219 0.041974 0.0707397 135.957 371 457534
6.16457 43.091 1.61349 43.5393 0.142095 0.0209824 0.0707397 138.207 383 457534
6.84952 42.9874 1.61349 43.5393 0.158009 0.0209824 -0 142.519 406 457534
6.16457 43.0619 2.52698 43.5393 0.14219 0.041974 -0 142.894 408 457534
6.16457 43.091 1.61349 43.5393 0.142095 0.0209824 -0 145.707 423 457534
6.84952 42.9874 1.61349 43.5393 0.158009 0.0209824 -0.0707397 136.894 376 457534
6.16457 43.0619 2.52698 43.5393 0.14219 0.041974 -0.0707397 136.332 373 457534
6.16457 43.091 1.61349 43.5393 0.142095 0.0209824 -0.0707397 139.332 389 457534
28.2067 33.4184 0.7 43.7311 0.701029 0 0.0707397 135.207 367 457534
28.2067 33.4058 1.61751 43.7311 0.701215 0.0209824 0.0707397 136.332 373 457534
28.2067 33.4184 0.7 43.7311 0.701029 0 -0.0707397 135.207 367 457534
28.2067 33.4058 1.61751 43.7311 0.701215 0.0209824 -0.0707397 135.582 369 457534
6.19172 43.2808 1.61751 43.7311 0.142095 0.0209824 -0.0707397 134.269 362 457534
-16.0315 41.3044 0.7 44.3065 -0.370232 0 0.0707397 138.207 383 457534
-16.0315 41.294 -0.229587 44.3065 -0.370317 -0.0209824 0.0707397 136.332 373 457534
-16.7285 41.0271 0.7 44.3065 -0.387164 0 0.0707397 135.582 369 457534
6.27319 43.8207 2.55917 44.3065 0.14219 0.041974 0.0707397 133.894 360 457534
6.27319 43.8503 1.62959 44.3065 0.142095 0.0209824 0.0707397 133.707 359 457534
-16.0315 41.3044 0.7 44.3065 -0.370232 0 -0 145.519 422 457534
-16.0315 41.294 -0.229587 44.3065 -0.370317 -0.0209824 -0 143.644 412 457534
-16.7285 41.0271 0.7 44.3065 -0.387164 0 -0 142.144 404 457534
-16.0315 41.3044 0.7 44.3065 -0.370232 0 -0.0707397 137.832 381 457534
-16.0315 41.294 -0.229587 44.3065 -0.370317 -0.0209824 -0.0707397 136.144 372 457534
6.27319 43.8207 2.55917 44.3065 0.14219 0.041974 -0.0707397 134.082 361 457534
-16.1009 41.4832 0.7 44.4983 -0.370232 0 -0.0707397 133.707 359 457534
-16.1009 41.4727 1.63361 44.4983 -0.370317 0.0209824 -0.0707397 132.207 351 457534
7.00039 43.9343 1.63361 44.4983 0.158009 0.0209824 -0.0707397 132.957 355 457534
6.30035 44.05 0.7 44.4983 0.142064 0 -0.0707397 132.019 350 457534
6.30035 44.0401 1.63361 44.4983 0.142095 0.0209824 -0.0707397 132.207 351 457534
-1.41818 45.0514 0.7 45.0737 -0.0314688 0 0.0707397 139.894 392 457534
-1.41818 45.0415 -0.245684 45.0737 -0.0314757 -0.0209824 0.0707397 139.519 390 457534
-2.12727 45.0135 -0.245684 45.0737 -0.0472234 -0.0209824 0.0707397 138.957 387 457534
-4.96364 44.7996 0.7 45.0737 -0.110346 0 0.0707397 137.644 380 457534
-1.41818 45.0514 0.7 45.0737 -0.0314688 0 -0 147.582 433 457534
-1.41818 45.0415 -0.245684 45.0737 -0.0314757 -0.0209824 -0 147.207 431 457534
-2.12727 45.0135 -0.245684 45.0737 -0.0472234 -0.0209824 -0 146.457 427 457534
-1.41818 45.0514 0.7 45.0737 -0.0314688 0 -0.0707397 140.269 394 457534
-1.41818 45.0415 -0.245684 45.0737 -0.0314757 -0.0209824 -0.0707397 139.894 392 457534
-2.12727 45.0135 -0.245684 45.0737 -0.0472234 -0.0209824 -0.0707397 139.707 391 457534
-2.83636 44.9744 -0.245684 45.0737 -0.0629827 -0.0209824 -0.0707397 138.019 382 457534
-3.56054 45.1253 0.7 45.2655 -0.0787404 0 0.0707397 144.207 415 457534
-3.56054 45.1153 -0.249708 45.2655 -0.0787578 -0.0209824 0.0707397 143.457 411 457534
-4.27265 45.0634 0.7 45.2655 -0.0945316 0 0.0707397 142.894 408 457534
-4.27265 45.0534 -0.249708 45.2655 -0.0945525 -0.0209824 0.0707397 141.582 401 457534
-3.56054 45.1253 0.7 45.2655 -0.0787404 0 -0 150.582 449 457534
-3.56054 45.1153 -0.249708 45.2655 -0.0787578 -0.0209824 -0 150.207 447 457534
-4.27265 45.0634 0.7 45.2655 -0.0945316 0 -0 149.269 442 457534
-4.27265 45.0534 -0.249708 45.2655 -0.0945525 -0.0209824 -0 148.519 438 457534
-3.56054 45.1253 0.7 45.2655 -0.0787404 0 -0.0707397 142.894 408 457534
-3.56054 45.1153 -0.249708 45.2655 -0.0787578 -0.0209824 -0.0707397 142.332 405 457534
-4.27265 45.0634 0.7 45.2655 -0.0945316 0 -0.0707397 141.957 403 457534
-4.27265 45.0534 -0.249708 45.2655 -0.0945525 -0.0209824 -0.0707397 141.394 400 457534
-7.24178 45.4595 0.7 46.0327 -0.157974 0 0.0707397 141.019 398 457534
-7.24178 45.4493 -0.265805 46.0327 -0.158009 -0.0209824 0.0707397 140.832 397 457534
-20.5304 41.8428 0.7 46.6081 -0.456145 0 0.0707397 134.519 358 457534
-21.2637 41.475 0.7 46.6081 -0.473746 0 0.0707397 136.019 366 457534
-21.2637 41.4634 1.67788 46.6081 -0.473858 0.0209824 0.0707397 131.707 343 457534
-21.9969 41.0908 0.7 46.6081 -0.491506 0 0.0707397 131.519 342 457534
-21.2637 41.475 0.7 46.6081 -0.473746 0 -0 141.644 396 457534
-20.5304 41.8428 0.7 46.6081 -0.456145 0 -0.0707397 131.894 344 457534
-21.2637 41.475 0.7 46.6081 -0.473746 0 -0.0707397 134.894 360 457534
-21.2637 41.4634 1.67788 46.6081 -0.473858 0.0209824 -0.0707397 132.269 346 457534
-21.9969 41.0908 0.7 46.6081 -0.491506 0 -0.0707397 131.519 342 457534
-11.78 45.2931 0.7 46.7999 -0.254446 0 -0 141.269 394 457534
-12.5162 45.0952 0.7 46.7999 -0.270736 0 -0 139.394 384 457534
-11.78 45.2931 0.7 46.7999 -0.254446 0 -0.0707397 134.519 358 457534
-15.7147 44.8963 0.7 47.5671 -0.336693 0 0.0707397 131.894 344 457534
-15.7147 44.8963 0.7 47.5671 -0.336693 0 -0 139.957 387 457534
-14.9663 45.1513 0.7 47.5671 -0.320073 0 -0.0707397 132.832 349 457534
-15.7147 44.8963 0.7 47.5671 -0.336693 0 -0.0707397 132.457 347 457534
-24.2358 41.4867 3.73021 48.1425 -0.528708 0.0629841 0.0707397 132.644 348 457534
25.0928 41.3106 0.7 48.3344 0.545856 0 0.0707397 133.207 351 457534
25.0928 41.2981 1.7141 48.3344 0.54599 0.0209824 0.0707397 131.707 343 457534
25.0928 41.3106 0.7 48.3344 0.545856 0 -0.0707397 134.144 356 457534
25.0928 41.2607 -1.32819 48.3344 0.546391 -0.041974 -0.0707397 132.269 346 457534
25.0928 41.2981 1.7141 48.3344 0.54599 0.0209824 -0.0707397 132.269 346 457534
23.572 42.1968 0.7 48.3344 0.509437 0 -0.0707397 132.457 347 457534
9.23327 48.0194 1.72617 48.9098 0.189964 0.0209824 -0 138.144 372 457534
10.0419 48.0637 0.7 49.1016 0.205967 0 0.0707397 135.894 360 457534
10.0419 48.0527 1.73019 49.1016 0.206013 0.0209824 0.0707397 136.269 362 457534
9.26948 48.1746 2.76038 49.1016 0.190091 0.041974 0.0707397 135.332 357 457534
9.26948 48.2077 1.73019 49.1016 0.189964 0.0209824 0.0707397 137.957 371 457534
4.63474 48.8823 0.7 49.1016 0.0945316 0 0.0707397 135.894 360 457534
9.26948 48.2077 1.73019 49.1016 0.189964 0.0209824 -0 144.707 407 457534
4.63474 48.8823 0.7 49.1016 0.0945316 0 -0 144.894 408 457534
10.0419 48.0527 1.73019 49.1016 0.206013 0.0209824 -0.0707397 135.144 356 457534
9.26948 48.2077 1.73019 49.1016 0.189964 0.0209824 -0.0707397 135.894 360 457534
4.63474 48.8823 0.7 49.1016 0.0945316 0 -0.0707397 138.894 376 457534
4.63474 48.8715 1.73019 49.1016 0.0945525 0.0209824 -0.0707397 136.644 364 457534
3.86228 48.9494 0.7 49.1016 0.0787404 0 -0.0707397 135.519 358 457534
22.6638 44.2058 0.7 49.677 0.473746 0 -0 134.019 350 457534
22.6638 44.1935 1.74226 49.677 0.473858 0.0209824 -0 132.894 344 457534
6.25207 49.1827 3.82679 49.677 0.126441 0.0629841 -0 134.019 350 457534
-28.2429 41.1003 0.7 49.8688 -0.602065 0 -0 137.207 367 457534
-23.8074 44.4602 1.75836 50.4442 -0.491624 0.0209824 -0 132.707 343 457534
-24.6009 44.0387 0.7 50.4442 -0.509437 0 -0 132.519 342 457534
-24.6009 44.026 1.75836 50.4442 -0.50956 0.0209824 -0 135.894 360 457534
21.4266 45.6552 1.75836 50.4442 0.438799 0.0209824 -0 132.519 342 457534
7.93578 49.8048 1.75836 50.4442 0.158009 0.0209824 -0 132.519 342 457534
4.76147 50.1743 2.81672 50.4442 0.0946152 0.041974 -0 132.707 343 457534
28.6774 41.7326 0.7 50.636 0.602065 0 -0 133.457 347 457534
18.3217 47.1931 1.76239 50.636 0.370317 0.0209824 -0 133.269 346 457534
3.22259 51.0986 1.77446 51.2114 0.0629827 0.0209824 -0 133.644 348 457534
32.3466 39.9498 0.7 51.4032 0.680617 0 -0 134.394 352 457534
25.8773 44.4146 0.7 51.4032 0.52755 0 -0 133.832 349 457534
25.0686 44.876 0.7 51.4032 0.509437 0 -0 134.207 351 457534
4.85199 51.1737 0.7 51.4032 0.0945316 0 -0 135.332 357 457534
4.85199 51.1623 1.77848 51.4032 0.0945525 0.0209824 -0 133.832 349 457534
4.04333 51.2439 0.7 51.4032 0.0787404 0 -0 134.957 355 457534
6.54174 51.5653 0.7 51.9786 0.126189 0 -0 134.082 345 457534
6.54174 51.5538 1.79055 51.9786 0.126217 0.0209824 -0 135.019 350 457534
5.72402 51.6625 0.7 51.9786 0.110346 0 -0 134.832 349 457534
4.08859 51.7716 2.88111 51.9786 0.07881 0.041974 -0 135.957 355 457534
4.08859 51.8061 1.79055 51.9786 0.0787578 0.0209824 -0 137.644 364 457534
-26.2635 45.0775 0.7 52.1704 -0.52755 0 -0 133.707 343 457534
-26.2635 45.0642 1.79458 52.1704 -0.527678 0.0209824 -0 133.707 343 457534
-0.829787 52.7277 1.80665 52.7458 -0.0157359 0.0209824 -0 145.894 408 457534
-1.65957 52.7081 1.80665 52.7458 -0.0314757 0.0209824 -0 145.519 406 457534
-0.829787 52.7277 1.80665 52.7458 -0.0157359 0.0209824 -0.0707397 139.519 374 457534
-0.832805 52.9311 0.7 52.9376 -0.0157325 0 -0 141.394 384 457534
-0.832805 52.9194 -0.410675 52.9376 -0.0157359 -0.0209824 -0 138.582 369 457534
-0.832805 52.9194 1.81068 52.9376 -0.0157359 0.0209824 -0 138.957 371 457534
2.49841 52.8786 0.7 52.9376 0.047213 0 -0 139.707 375 457534
1.66561 52.9114 0.7 52.9376 0.0314688 0 -0 141.207 383 457534
1.66561 52.8998 1.81068 52.9376 0.0314757 0.0209824 -0 141.957 387 457534
-2.52557 53.4534 0.7 53.513 -0.047213 0 0.0707397 147.394 416 457534
-2.52557 53.4416 -0.422748 53.513 -0.0472234 -0.0209824 0.0707397 145.894 408 457534
-3.36743 53.407 0.7 53.513 -0.0629689 0 0.0707397 147.207 415 457534
-3.36743 53.3952 -0.422748 53.513 -0.0629827 -0.0209824 0.0707397 144.394 400 457534
-2.52557 53.4534 0.7 53.513 -0.047213 0 -0 154.894 456 457534
-2.52557 53.4416 -0.422748 53.513 -0.0472234 -0.0209824 -0 152.832 445 457534
-3.36743 53.407 0.7 53.513 -0.0629689 0 -0 154.519 454 457534
-2.52557 53.4534 0.7 53.513 -0.047213 0 -0.0707397 147.207 415 457534
-2.52557 53.4416 -0.422748 53.513 -0.0472234 -0.0209824 -0.0707397 145.332 405 457534
-3.36743 53.407 0.7 53.513 -0.0629689 0 -0.0707397 147.207 415 457534
-3.36743 53.3952 -0.422748 53.513 -0.0629827 -0.0209824 -0.0707397 144.394 400 457534
-3.3795 53.5866 -0.426772 53.7048 -0.0629827 -0.0209824 0.0707397 141.394 384 457534
-3.3795 53.551 -1.55354 53.7048 -0.0630244 -0.041974 0.0707397 140.644 380 457534
-4.22437 53.5384 0.7 53.7048 -0.0787404 0 0.0707397 144.394 400 457534
-4.22437 53.5266 -0.426772 53.7048 -0.0787578 -0.0209824 0.0707397 145.332 405 457534
-4.22437 53.5384 0.7 53.7048 -0.0787404 0 -0 151.332 437 457534
-4.22437 53.5266 -0.426772 53.7048 -0.0787578 -0.0209824 -0 151.894 440 457534
-3.3795 53.5984 0.7 53.7048 -0.0629689 0 -0.0707397 141.582 385 457534
-3.3795 53.5866 -0.426772 53.7048 -0.0629827 -0.0209824 -0.0707397 141.957 387 457534
-3.3795 53.5866 1.82677 53.7048 -0.0629827 0.0209824 -0.0707397 141.394 384 457534
-4.22437 53.5384 0.7 53.7048 -0.0787404 0 -0.0707397 145.144 404 457534
-4.22437 53.5266 -0.426772 53.7048 -0.0787578 -0.0209824 -0.0707397 144.582 401 457534
-9.39319 53.4613 0.7 54.2802 -0.173925 0 0.0707397 149.457 427 457534
-9.39319 53.4613 0.7 54.2802 -0.173925 0 -0 156.957 467 457534
-9.39319 53.4613 0.7 54.2802 -0.173925 0 -0.0707397 150.207 431 457534
-12.8542 52.9337 0.7 54.472 -0.238224 0 0.0707397 140.269 378 457534
-12.8542 52.9213 1.84287 54.472 -0.238277 0.0209824 0.0707397 139.144 372 457534
-13.7111 52.7182 0.7 54.472 -0.254446 0 0.0707397 138.957 371 457534
-13.7111 52.7058 1.84287 54.472 -0.254503 0.0209824 0.0707397 137.832 365 457534
-41.1333 35.7107 0.7 54.472 -0.855848 0 0.0707397 141.207 383 457534
-2.57083 54.4113 0.7 54.472 -0.047213 0 -0.0707397 138.582 369 457534
-2.57083 54.3993 -0.442869 54.472 -0.0472234 -0.0209824 -0.0707397 139.144 372 457534
-12.8542 52.9337 0.7 54.472 -0.238224 0 -0.0707397 138.582 369 457534
-41.1333 35.7107 0.7 54.472 -0.855848 0 -0.0707397 141.019 382 457534
-12.9899 53.4928 0.7 55.0475 -0.238224 0 -0.0707397 136.207 351 457534
-13.8559 53.2751 0.7 55.0475 -0.254446 0 -0.0707397 134.894 344 457534
1.73199 55.0081 -0.454942 55.0475 0.0314757 -0.0209824 -0.0707397 136.957 355 457534
1.73199 54.9717 -1.60988 55.0475 0.0314966 -0.041974 -0.0707397 135.269 346 457534
-4.40542 55.7835 -1.65013 56.0065 -0.07881 -0.041974 0.0707397 139.582 369 457534
-4.40542 55.7835 -1.65013 56.0065 -0.07881 -0.041974 -0.0707397 141.457 379 457534
-19.6494 53.2649 0.7 56.7737 -0.353411 0 0.0707397 142.207 383 457534
-19.6494 53.2516 -0.491159 56.7737 -0.353492 -0.0209824 0.0707397 140.332 373 457534
-20.5425 52.9269 0.7 56.7737 -0.370232 0 0.0707397 142.394 384 457534
-20.5425 52.9135 -0.491159 56.7737 -0.370317 -0.0209824 0.0707397 138.269 362 457534
-19.6494 53.2649 0.7 56.7737 -0.353411 0 -0 149.144 420 457534
-19.6494 53.2516 -0.491159 56.7737 -0.353492 -0.0209824 -0 147.269 410 457534
-20.5425 52.9269 0.7 56.7737 -0.370232 0 -0 149.332 421 457534
-19.6494 53.2649 0.7 56.7737 -0.353411 0 -0.0707397 141.644 380 457534
-19.6494 53.2516 -0.491159 56.7737 -0.353492 -0.0209824 -0.0707397 139.957 371 457534
-20.5425 52.9269 0.7 56.7737 -0.370232 0 -0.0707397 142.207 383 457534
-20.5425 52.9135 -0.491159 56.7737 -0.370317 -0.0209824 -0.0707397 138.457 363 457534
-19.8485 53.8048 0.7 57.3491 -0.353411 0 0.0707397 134.894 344 457534
-16.2397 54.9491 -1.70646 57.3491 -0.287361 -0.041974 -0 142.019 382 457534
-19.8485 53.8048 0.7 57.3491 -0.353411 0 -0 141.644 380 457534
-19.8485 53.8048 0.7 57.3491 -0.353411 0 -0.0707397 134.707 343 457534
-16.294 55.1328 -1.71451 57.5409 -0.287361 -0.041974 0.0707397 145.207 399 457534
-16.294 55.0667 -2.92177 57.5409 -0.287687 -0.0629841 0.0707397 139.957 371 457534
-17.1992 54.8572 -1.71451 57.5409 -0.303821 -0.041974 0.0707397 141.457 379 457534
-16.294 55.1328 -1.71451 57.5409 -0.287361 -0.041974 -0 152.894 440 457534
-17.1992 54.8572 -1.71451 57.5409 -0.303821 -0.041974 -0 149.144 420 457534
-16.294 55.1328 -1.71451 57.5409 -0.287361 -0.041974 -0.0707397 146.332 405 457534
-16.294 55.0667 -2.92177 57.5409 -0.287687 -0.0629841 -0.0707397 141.644 380 457534
-17.1992 54.8572 -1.71451 57.5409 -0.303821 -0.041974 -0.0707397 142.582 385 457534
-1.82855 58.0363 3.13866 58.1163 -0.0314966 0.041974 -0 135.269 346 457534
-15.5427 55.9994 0.7 58.1163 -0.270736 0 -0 136.957 355 457534
30.1711 49.6561 1.91933 58.1163 0.54599 0.0209824 -0 134.894 344 457534
27.4282 51.2367 0.7 58.1163 0.491506 0 -0 136.207 351 457534
27.4282 51.2222 1.91933 58.1163 0.491624 0.0209824 -0 136.582 353 457534
-19.2631 55.0342 0.7 58.3081 -0.336693 0 -0 136.957 355 457534
27.5188 51.4058 0.7 58.3081 0.491506 0 -0 136.019 350 457534
4.63172 58.6881 1.93543 58.8835 0.0787578 0.0209824 -0 135.144 340 457534
-6.50553 58.716 0.7 59.0753 -0.110346 0 -0 135.144 340 457534
-7.43489 58.6056 0.7 59.0753 -0.126189 0 -0 134.957 339 457534
-13.0111 57.5714 3.1789 59.0753 -0.222265 0.041974 -0 135.519 342 457534
31.9061 50.385 1.95152 59.6507 0.564507 0.0209824 -0 134.957 339 457534
30.0292 51.5256 1.95152 59.6507 0.527678 0.0209824 -0 135.894 344 457534
29.0908 52.0612 1.95152 59.6507 0.50956 0.0209824 -0 137.019 350 457534
28.2429 52.7436 1.95555 59.8425 0.491624 0.0209824 -0 139.269 362 457534
-19.0097 57.2934 3.23524 60.4179 -0.320366 0.041974 -0 135.894 344 457534
-19.0097 57.3354 1.96762 60.4179 -0.320146 0.0209824 -0 134.957 339 457534
30.4155 52.1421 3.23524 60.4179 0.528064 0.041974 -0 135.332 341 457534
30.4155 52.1883 1.96762 60.4179 0.527678 0.0209824 -0 137.957 355 457534
29.465 52.685 3.23524 60.4179 0.50993 0.041974 -0 135.519 342 457534
29.465 52.7308 1.96762 60.4179 0.50956 0.0209824 -0 138.144 356 457534
30.512 52.3694 0.7 60.6097 0.52755 0 -0 137.582 353 457534
30.512 52.354 1.97164 60.6097 0.527678 0.0209824 -0 140.019 366 457534
29.5585 52.9135 0.7 60.6097 0.509437 0 -0 139.832 365 457534
29.5585 52.8982 1.97164 60.6097 0.50956 0.0209824 -0 140.957 371 457534
-22.2081 57.2183 0.7 61.377 -0.370232 0 -0 135.519 342 457534
-23.1737 56.8341 0.7 61.377 -0.387164 0 -0 138.144 356 457534
33.2398 52.4425 3.30767 62.1442 0.564926 0.041974 -0 137.269 346 457534
33.2398 52.4911 2.00384 62.1442 0.564507 0.0209824 -0 138.019 350 457534
34.2657 53.9775 4.73223 64.0622 0.565626 0.0629841 -0 135.957 339 457534
37.4008 52.1775 3.39621 64.254 0.621912 0.041974 -0 136.144 340 457534
37.4008 52.2297 2.0481 64.254 0.621438 0.0209824 -0 138.957 355 457534
36.3899 52.8874 3.39621 64.254 0.60267 0.041974 -0 137.644 348 457534
36.3899 52.9389 2.0481 64.254 0.602216 0.0209824 -0 138.582 353 457534
-9.23327 64.5561 0.7 65.213 -0.142064 0 -0 136.332 341 457534
-46.3353 48.3105 0.7 66.9392 -0.764533 0 -0 140.707 359 457534
-46.3353 48.29 -0.704441 66.9392 -0.764744 -0.0209824 -0 137.332 341 457534
-47.3884 47.2779 0.7 66.9392 -0.786565 0 -0 139.019 350 457534
-45.412 49.4401 0.7 67.131 -0.742956 0 -0 136.957 339 457534
-46.4681 48.4489 0.7 67.131 -0.764533 0 -0 137.894 344 457534
-47.5242 47.4134 0.7 67.131 -0.786565 0 -0 137.144 340 457534
-47.5242 47.3925 2.10847 67.131 -0.786786 0.0209824 -0 137.144 340 457534
12.6731 65.9089 2.10847 67.131 0.189964 0.0209824 -0 136.957 339 457534
13.7684 65.8848 2.11249 67.3228 0.206013 0.0209824 -0 137.707 343 457534
12.7093 66.0519 3.52498 67.3228 0.190091 0.041974 -0 139.957 355 457534
12.7093 66.0972 2.11249 67.3228 0.189964 0.0209824 -0 140.332 357 457534
11.6502 66.2469 3.52498 67.3228 0.17408 0.041974 -0 138.269 346 457534
11.6502 66.2921 2.11249 67.3228 0.173964 0.0209824 -0 137.707 343 457534
-2.1846 69.2606 5.07027 69.4327 -0.0315314 0.0629841 -0 137.519 342 457534
-2.1846 69.3371 3.61351 69.4327 -0.0314966 0.041974 -0 140.332 357 457534
-2.1846 69.383 2.15676 69.4327 -0.0314757 0.0209824 -0 138.644 348 457534
-3.27691 69.2175 5.07027 69.4327 -0.0473068 0.0629841 -0 137.332 341 457534
-3.27691 69.2941 3.61351 69.4327 -0.0472546 0.041974 -0 138.644 348 457534
-3.27691 69.34 2.15676 69.4327 -0.0472234 0.0209824 -0 138.082 345 457534
-13.3611 69.4392 3.66985 70.7753 -0.190091 0.041974 -0 144.144 372 457534
-13.3611 69.4868 2.18492 70.7753 -0.189964 0.0209824 -0 141.894 360 457534
-14.4745 69.2157 3.66985 70.7753 -0.206151 0.041974 -0 141.519 358 457534
-14.4745 69.2635 2.18492 70.7753 -0.206013 0.0209824 -0 139.832 349 457534
-13.3973 69.6274 3.6779 70.9671 -0.190091 0.041974 -0 146.394 384 457534
-13.3973 69.6751 2.18895 70.9671 -0.189964 0.0209824 -0 144.144 372 457534
-14.5137 69.4033 3.6779 70.9671 -0.206151 0.041974 -0 144.519 374 457534
-14.5137 69.4512 2.18895 70.9671 -0.206013 0.0209824 -0 142.644 364 457534
6.78917 71.5891 2.20907 71.9261 0.0945525 0.0209824 -0 140.019 350 457534
2.26306 71.8905 0.7 71.9261 0.0314688 0 -0 142.832 365 457534
2.26306 71.8747 2.20907 71.9261 0.0314757 0.0209824 -0 144.519 374 457534
1.13153 71.9014 2.20907 71.9261 0.0157359 0.0209824 -0 141.144 356 457534
3.40364 72.0217 2.21309 72.1179 0.0472234 0.0209824 -0 138.332 341 457534
2.26909 72.0822 0.7 72.1179 0.0314688 0 -0 139.644 348 457534
2.26909 72.0663 2.21309 72.1179 0.0314757 0.0209824 -0 142.269 362 457534
24.1423 68.9056 3.76643 73.0769 0.337002 0.041974 -0 139.644 348 457534
24.2057 69.0009 5.31172 73.2687 0.337389 0.0629841 -0 142.457 363 457534
24.2057 69.0865 3.77448 73.2687 0.337002 0.041974 -0 146.207 383 457534
24.2057 69.1378 2.23724 73.2687 0.336771 0.0209824 -0 140.957 355 457534
23.053 69.4796 3.77448 73.2687 0.320366 0.041974 -0 142.832 365 457534
