1.43629 2.22362 0.249291 2.68524 0.573504 -0.168645 -0 97.9567 419 458803
1.30956 2.30053 0.249291 2.68524 0.517495 -0.168645 -0 98.3317 421 458803
1.09834 2.40854 0.249291 2.68524 0.427848 -0.168645 -0 97.2067 415 458803
1.26731 2.53734 0.217098 2.87704 0.463219 -0.168645 -0 105.144 436 458803
1.22205 2.5701 0.27746 2.87704 0.443845 -0.147399 -0 104.019 430 458803
1.22205 2.55945 0.217098 2.87704 0.445458 -0.168645 -0 104.394 432 458803
0.995745 2.644 0.156735 2.87704 0.360177 -0.189968 -0.0707397 97.6442 396 458803
0.995745 2.63088 0.096372 2.87704 0.361822 -0.211379 -0.0707397 97.0817 393 458803
1.30352 2.74145 0.249291 3.06885 0.443845 -0.147399 -0 102.144 420 458803
1.30352 2.73008 0.184904 3.06885 0.445458 -0.168645 -0 100.832 413 458803
1.15868 2.80573 0.249291 3.06885 0.391638 -0.147399 -0 102.144 420 458803
0.917292 2.87064 0.120517 3.06885 0.309288 -0.189968 -0 98.9567 403 458803
0.917292 2.85689 0.0561301 3.06885 0.310683 -0.211379 -0 98.9567 403 458803
1.12851 3.03147 0.289533 3.26065 0.356371 -0.12622 0.0707397 99.8942 408 458803
1.12851 3.02142 0.221122 3.26065 0.357458 -0.147399 0.0707397 102.144 420 458803
1.07721 3.05008 0.289533 3.26065 0.339502 -0.12622 0.0707397 97.0817 393 458803
1.07721 3.04009 0.221122 3.26065 0.340533 -0.147399 0.0707397 98.9567 403 458803
1.12851 3.02142 0.221122 3.26065 0.357458 -0.147399 -0 109.457 459 458803
1.12851 3.03147 0.289533 3.26065 0.356371 -0.12622 -0.0707397 99.7067 407 458803
1.12851 3.02142 0.221122 3.26065 0.357458 -0.147399 -0.0707397 102.332 421 458803
1.07721 3.05008 0.289533 3.26065 0.339502 -0.12622 -0.0707397 97.0817 393 458803
1.07721 3.04009 0.221122 3.26065 0.340533 -0.147399 -0.0707397 98.3942 400 458803
1.79234 2.91857 0.265388 3.45245 0.550734 -0.12622 -0 103.082 425 458803
1.30352 3.16724 0.265388 3.45245 0.390435 -0.12622 -0 104.207 431 458803
-2.3234 3.49448 1.14266 4.21967 -0.586763 0.105098 1.20258 104.019 414 458803
-2.3234 3.50456 1.05413 4.21967 -0.585436 0.0840222 1.20258 105.519 422 458803
-2.38979 3.44943 1.14266 4.21967 -0.605882 0.105098 1.20258 102.144 404 458803
-2.38979 3.45964 1.05413 4.21967 -0.604499 0.0840222 1.20258 102.707 407 458803
-2.2178 3.25437 -0.145079 4.02786 -0.59819 -0.211379 3.32477 98.3942 384 458803
-2.3234 3.51238 0.965596 4.21967 -0.58441 0.0629841 1.0611 108.707 439 458803
-2.38979 3.45964 1.05413 4.21967 -0.604499 0.0840222 1.0611 109.457 443 458803
-2.38979 3.46756 0.965596 4.21967 -0.60343 0.0629841 1.0611 110.582 449 458803
-2.3234 3.46746 1.31972 4.21967 -0.590347 0.147399 0.990356 114.144 468 458803
-2.3234 3.51238 0.965596 4.21967 -0.58441 0.0629841 0.990356 114.332 469 458803
-2.38979 3.45964 1.05413 4.21967 -0.604499 0.0840222 0.990356 114.144 468 458803
-2.38979 3.46756 0.965596 4.21967 -0.60343 0.0629841 0.990356 114.332 469 458803
-2.25702 3.54768 1.05413 4.21967 -0.56661 0.0840222 1.13184 99.5192 390 458803
-2.3234 3.49448 1.14266 4.21967 -0.586763 0.105098 1.13184 101.394 400 458803
-2.3234 3.50456 1.05413 4.21967 -0.585436 0.0840222 1.13184 103.644 412 458803
-2.38979 3.44943 1.14266 4.21967 -0.605882 0.105098 1.13184 100.269 394 458803
-2.19064 3.53625 1.40826 4.21967 -0.554621 0.168645 0.848877 107.957 435 458803
-2.19064 3.55283 1.31972 4.21967 -0.552528 0.147399 0.848877 108.519 438 458803
-2.19064 3.53625 1.40826 4.21967 -0.554621 0.168645 0.778137 107.582 433 458803
-2.19064 3.55283 1.31972 4.21967 -0.552528 0.147399 0.778137 108.707 439 458803
-2.3234 3.45047 1.40826 4.21967 -0.592621 0.168645 0.919617 110.957 451 458803
-2.3234 3.46746 1.31972 4.21967 -0.590347 0.147399 0.919617 111.707 455 458803
-2.38979 3.47659 0.788532 4.21967 -0.602216 0.0209824 0.707397 97.8317 381 458803
-2.45617 3.43115 0.7 4.21967 -0.621281 0 0.707397 101.207 399 458803
-2.45617 3.43001 0.788532 4.21967 -0.621438 0.0209824 0.707397 101.207 399 458803
-2.38979 3.47659 0.611468 4.21967 -0.602216 -0.0209824 0.565918 105.707 423 458803
-2.45617 3.43115 0.7 4.21967 -0.621281 0 0.565918 106.832 429 458803
-2.45617 3.43001 0.611468 4.21967 -0.621438 -0.0209824 0.565918 110.207 447 458803
-2.45617 3.42658 0.522936 4.21967 -0.621912 -0.041974 0.565918 105.332 421 458803
-2.52255 3.38149 0.611468 4.21967 -0.640929 -0.0209824 0.565918 105.144 420 458803
-2.38979 3.47771 0.7 4.21967 -0.602065 0 0.636658 101.207 399 458803
-2.38979 3.47659 0.788532 4.21967 -0.602216 0.0209824 0.636658 99.8942 392 458803
-2.45617 3.43115 0.7 4.21967 -0.621281 0 0.636658 104.957 419 458803
-2.45617 3.43001 0.788532 4.21967 -0.621438 0.0209824 0.636658 103.457 411 458803
-2.38979 3.47659 0.611468 4.21967 -0.602216 -0.0209824 0.495178 106.832 429 458803
-2.45617 3.43115 0.7 4.21967 -0.621281 0 0.495178 105.707 423 458803
-2.45617 3.43001 0.611468 4.21967 -0.621438 -0.0209824 0.495178 111.144 452 458803
-2.45617 3.42658 0.522936 4.21967 -0.621912 -0.041974 0.495178 107.582 433 458803
-2.52255 3.38149 0.611468 4.21967 -0.640929 -0.0209824 0.495178 106.082 425 458803
-2.45617 3.43001 0.611468 4.21967 -0.621438 -0.0209824 0.424438 100.644 396 458803
-2.45617 3.42658 0.522936 4.21967 -0.621912 -0.041974 0.424438 101.582 401 458803
-2.52255 3.37801 0.522936 4.21967 -0.641423 -0.041974 0.424438 98.5817 385 458803
-2.45617 3.42658 0.522936 4.21967 -0.621912 -0.041974 0.353699 104.957 419 458803
-2.45617 3.42086 0.434404 4.21967 -0.622704 -0.0629841 0.353699 108.332 437 458803
-2.52255 3.3722 0.434404 4.21967 -0.642247 -0.0629841 0.353699 105.519 422 458803
-2.11219 3.15224 1.26339 3.83606 -0.590347 0.147399 0.990356 99.7067 391 458803
-2.11219 3.19307 0.941451 3.83606 -0.58441 0.0629841 0.990356 100.832 397 458803
-2.17253 3.14512 1.02193 3.83606 -0.604499 0.0840222 0.990356 99.3317 389 458803
-2.17253 3.15232 0.941451 3.83606 -0.60343 0.0629841 0.990356 100.269 394 458803
-2.45617 3.41283 0.345872 4.21967 -0.623817 -0.0840222 0.212219 108.519 438 458803
-2.45617 3.40248 0.257339 4.21967 -0.625258 -0.105098 0.212219 107.957 435 458803
-2.52255 3.36406 0.345872 4.21967 -0.643408 -0.0840222 0.212219 105.332 421 458803
-2.52255 3.35356 0.257339 4.21967 -0.644909 -0.105098 0.212219 104.207 415 458803
-2.45617 3.41283 0.345872 4.21967 -0.623817 -0.0840222 0.141479 110.207 447 458803
-2.45617 3.40248 0.257339 4.21967 -0.625258 -0.105098 0.141479 109.457 443 458803
-2.52255 3.36406 0.345872 4.21967 -0.643408 -0.0840222 0.141479 107.394 432 458803
-2.52255 3.35356 0.257339 4.21967 -0.644909 -0.105098 0.141479 106.457 427 458803
-2.45617 3.42658 0.522936 4.21967 -0.621912 -0.041974 0.282959 101.957 403 458803
-2.45617 3.42086 0.434404 4.21967 -0.622704 -0.0629841 0.282959 104.582 417 458803
-2.52255 3.3722 0.434404 4.21967 -0.642247 -0.0629841 0.282959 101.207 399 458803
-2.2178 3.35273 0.953524 4.02786 -0.58441 0.0629841 0.990356 100.644 396 458803
-2.28116 3.30238 1.03803 4.02786 -0.604499 0.0840222 0.990356 99.8942 392 458803
-2.28116 3.30994 0.953524 4.02786 -0.60343 0.0629841 0.990356 101.582 401 458803
1.94925 3.04476 0.241243 3.64426 0.569452 -0.12622 0.0707397 97.2692 378 458803
1.71992 3.17994 0.241243 3.64426 0.495804 -0.12622 0.0707397 98.3942 384 458803
1.4906 3.29367 0.241243 3.64426 0.424985 -0.12622 0.0707397 98.5817 385 458803
1.43327 3.31902 0.241243 3.64426 0.407646 -0.12622 0.0707397 99.8942 392 458803
1.08928 3.44726 0.241243 3.64426 0.306057 -0.12622 0.0707397 99.5192 390 458803
1.94925 3.04476 0.241243 3.64426 0.569452 -0.12622 -0.0707397 97.8317 381 458803
1.71992 3.17994 0.241243 3.64426 0.495804 -0.12622 -0.0707397 101.207 399 458803
1.66259 3.21029 0.241243 3.64426 0.477861 -0.12622 -0.0707397 100.269 394 458803
1.60526 3.25733 0.394162 3.64426 0.457883 -0.0840222 -0.0707397 98.5817 385 458803
1.54793 3.28496 0.394162 3.64426 0.440357 -0.0840222 -0.0707397 98.3942 384 458803
1.43327 3.31902 0.241243 3.64426 0.407646 -0.12622 -0.0707397 99.5192 390 458803
1.14662 3.6385 0.297581 3.83606 0.305283 -0.105098 0.0707397 102.894 408 458803
1.14662 3.6287 0.217098 3.83606 0.306057 -0.12622 0.0707397 102.707 407 458803
1.08627 3.65697 0.297581 3.83606 0.288739 -0.105098 0.0707397 103.082 409 458803
1.08627 3.64722 0.217098 3.83606 0.289469 -0.12622 0.0707397 102.707 407 458803
1.14662 3.6385 0.297581 3.83606 0.305283 -0.105098 -0.0707397 103.082 409 458803
1.52077 3.70572 0.27746 4.02786 0.389427 -0.105098 0.0707397 105.332 421 458803
1.52077 3.70572 0.27746 4.02786 0.389427 -0.105098 -0.0707397 104.957 419 458803
1.59319 3.88219 0.257339 4.21967 0.389427 -0.105098 0.0707397 107.957 435 458803
1.19489 4.02267 0.257339 4.21967 0.288739 -0.105098 0.0707397 108.894 440 458803
1.12851 4.04179 0.257339 4.21967 0.272276 -0.105098 0.0707397 107.957 435 458803
1.59319 3.88219 0.257339 4.21967 0.389427 -0.105098 -0 115.457 475 458803
1.19489 4.02267 0.257339 4.21967 0.288739 -0.105098 -0 116.019 478 458803
1.12851 4.04179 0.257339 4.21967 0.272276 -0.105098 -0 115.269 474 458803
1.59319 3.88219 0.257339 4.21967 0.389427 -0.105098 -0.0707397 108.894 440 458803
1.19489 4.02267 0.257339 4.21967 0.288739 -0.105098 -0.0707397 108.707 439 458803
1.12851 4.04179 0.257339 4.21967 0.272276 -0.105098 -0.0707397 108.144 436 458803
-2.29021 3.72929 0.144662 4.41147 -0.550734 -0.12622 3.32477 102.894 392 458803
-2.35961 3.68577 0.144662 4.41147 -0.569452 -0.12622 3.32477 101.582 385 458803
-2.35961 3.68577 0.144662 4.41147 -0.569452 -0.12622 3.39551 102.144 388 458803
-2.29021 3.76586 0.514887 4.41147 -0.546391 -0.041974 1.41479 105.707 407 458803
-2.29021 3.76017 0.422331 4.41147 -0.547063 -0.0629841 1.41479 103.269 394 458803
-2.35961 3.72277 0.514887 4.41147 -0.564926 -0.041974 1.41479 104.394 400 458803
-2.35961 3.71701 0.422331 4.41147 -0.565626 -0.0629841 1.41479 101.957 387 458803
-2.29021 3.76927 0.607444 4.41147 -0.54599 -0.0209824 1.27332 104.019 398 458803
-2.29021 3.76586 0.514887 4.41147 -0.546391 -0.041974 1.27332 108.519 422 458803
-2.29021 3.76017 0.422331 4.41147 -0.547063 -0.0629841 1.27332 104.207 399 458803
-2.35961 3.72622 0.607444 4.41147 -0.564507 -0.0209824 1.27332 103.644 396 458803
-2.35961 3.72277 0.514887 4.41147 -0.564926 -0.041974 1.27332 107.394 416 458803
-2.29021 3.76927 0.607444 4.41147 -0.54599 -0.0209824 1.34406 106.082 409 458803
-2.29021 3.76586 0.514887 4.41147 -0.546391 -0.041974 1.34406 110.957 435 458803
-2.29021 3.76017 0.422331 4.41147 -0.547063 -0.0629841 1.34406 107.207 415 458803
-2.35961 3.72277 0.514887 4.41147 -0.564926 -0.041974 1.34406 109.082 425 458803
-2.29021 3.76586 0.514887 4.41147 -0.546391 -0.041974 1.20258 104.582 401 458803
-2.35961 3.72277 0.514887 4.41147 -0.564926 -0.041974 1.20258 102.144 388 458803
-2.49841 3.61689 1.07023 4.41147 -0.604499 0.0840222 1.0611 107.207 415 458803
-2.49841 3.62517 0.977669 4.41147 -0.60343 0.0629841 1.0611 108.332 421 458803
-2.56781 3.57635 0.977669 4.41147 -0.622704 0.0629841 1.0611 106.644 412 458803
-2.53462 3.84263 0.7 4.60327 -0.583099 0 1.0611 101.582 385 458803
-2.60704 3.79387 0.7 4.60327 -0.602065 0 1.0611 103.269 394 458803
-2.29021 3.76586 0.514887 4.41147 -0.546391 -0.041974 1.13184 102.707 391 458803
-2.53462 3.84263 0.7 4.60327 -0.583099 0 1.13184 101.582 385 458803
-2.60704 3.79264 0.60342 4.60327 -0.602216 -0.0209824 1.13184 102.144 388 458803
-2.53462 3.76415 1.47264 4.60327 -0.592621 0.168645 0.990356 104.019 398 458803
-2.53462 3.78269 1.37606 4.60327 -0.590347 0.147399 0.990356 104.394 400 458803
-2.53462 3.83169 0.989741 4.60327 -0.58441 0.0629841 0.990356 104.582 401 458803
-2.60704 3.78279 0.989741 4.60327 -0.60343 0.0629841 0.990356 103.269 394 458803
-2.35961 3.58563 1.71812 4.41147 -0.582031 0.232889 0.919617 111.332 437 458803
-2.35961 3.61063 1.62556 4.41147 -0.578845 0.211379 0.919617 110.207 431 458803
-2.42901 3.53898 1.71812 4.41147 -0.601513 0.232889 0.919617 113.582 449 458803
-2.42901 3.56431 1.62556 4.41147 -0.59819 0.211379 0.919617 111.894 440 458803
-2.29021 3.76927 0.607444 4.41147 -0.54599 -0.0209824 0.848877 106.832 413 458803
-2.29021 3.69699 1.44045 4.41147 -0.554621 0.168645 0.848877 105.707 407 458803
-2.29021 3.71433 1.34789 4.41147 -0.552528 0.147399 0.848877 105.519 406 458803
-2.35961 3.72622 0.607444 4.41147 -0.564507 -0.0209824 0.848877 107.394 416 458803
-2.35961 3.72277 0.514887 4.41147 -0.564926 -0.041974 0.848877 105.144 404 458803
-2.29021 3.69699 1.44045 4.41147 -0.554621 0.168645 0.778137 105.707 407 458803
-2.29021 3.71433 1.34789 4.41147 -0.552528 0.147399 0.778137 106.457 411 458803
-2.35961 3.65308 1.44045 4.41147 -0.573504 0.168645 0.778137 101.582 385 458803
-2.35961 3.67063 1.34789 4.41147 -0.571323 0.147399 0.778137 102.144 388 458803
-2.49841 3.63579 0.7 4.41147 -0.602065 0 0.707397 102.707 391 458803
-2.49841 3.63461 0.792556 4.41147 -0.602216 0.0209824 0.707397 103.269 394 458803
-2.56781 3.58711 0.7 4.41147 -0.621281 0 0.707397 102.144 388 458803
-2.56781 3.58592 0.792556 4.41147 -0.621438 0.0209824 0.707397 103.082 393 458803
-2.49841 3.63579 0.7 4.41147 -0.602065 0 0.636658 105.144 404 458803
-2.49841 3.63461 0.792556 4.41147 -0.602216 0.0209824 0.636658 103.832 397 458803
-2.56781 3.58711 0.7 4.41147 -0.621281 0 0.636658 105.519 406 458803
-2.56781 3.58592 0.792556 4.41147 -0.621438 0.0209824 0.636658 103.269 394 458803
-2.49841 3.63461 0.607444 4.41147 -0.602216 -0.0209824 0.565918 107.582 417 458803
-2.56781 3.58711 0.7 4.41147 -0.621281 0 0.565918 108.519 422 458803
-2.56781 3.58592 0.607444 4.41147 -0.621438 -0.0209824 0.565918 111.332 437 458803
-2.56781 3.58233 0.514887 4.41147 -0.621912 -0.041974 0.565918 106.457 411 458803
-2.38979 3.90459 1.1829 4.60327 -0.549229 0.105098 0.565918 101.957 387 458803
-2.56781 3.58592 0.607444 4.41147 -0.621438 -0.0209824 0.424438 102.894 392 458803
-2.56781 3.58233 0.514887 4.41147 -0.621912 -0.041974 0.424438 100.832 381 458803
-2.56781 3.58233 0.514887 4.41147 -0.621912 -0.041974 0.353699 101.394 384 458803
-2.56781 3.57635 0.422331 4.41147 -0.622704 -0.0629841 0.353699 105.707 407 458803
-2.56781 3.56796 0.329775 4.41147 -0.623817 -0.0840222 0.353699 101.207 383 458803
-2.63721 3.52549 0.422331 4.41147 -0.642247 -0.0629841 0.353699 102.707 391 458803
-2.49841 3.63461 0.607444 4.41147 -0.602216 -0.0209824 0.495178 108.894 424 458803
-2.56781 3.58711 0.7 4.41147 -0.621281 0 0.495178 108.894 424 458803
-2.56781 3.58592 0.607444 4.41147 -0.621438 -0.0209824 0.495178 112.644 444 458803
-2.56781 3.58233 0.514887 4.41147 -0.621912 -0.041974 0.495178 108.332 421 458803
-2.63721 3.53519 0.607444 4.41147 -0.640929 -0.0209824 0.495178 107.582 417 458803
-2.49841 3.60622 0.237219 4.41147 -0.605882 -0.105098 0.212219 101.582 385 458803
-2.56781 3.56796 0.329775 4.41147 -0.623817 -0.0840222 0.212219 106.082 409 458803
-2.56781 3.55714 0.237219 4.41147 -0.625258 -0.105098 0.212219 106.082 409 458803
-2.63721 3.51697 0.329775 4.41147 -0.643408 -0.0840222 0.212219 103.269 394 458803
-2.63721 3.50599 0.237219 4.41147 -0.644909 -0.105098 0.212219 103.457 395 458803
-2.56781 3.56796 0.329775 4.41147 -0.623817 -0.0840222 0.141479 108.519 422 458803
-2.56781 3.55714 0.237219 4.41147 -0.625258 -0.105098 0.141479 108.144 420 458803
-2.63721 3.51697 0.329775 4.41147 -0.643408 -0.0840222 0.141479 105.519 406 458803
-2.63721 3.50599 0.237219 4.41147 -0.644909 -0.105098 0.141479 104.957 403 458803
-2.56781 3.57635 0.422331 4.41147 -0.622704 -0.0629841 0.282959 101.582 385 458803
-2.46221 3.74152 1.76239 4.60327 -0.582031 0.232889 0.919617 103.832 397 458803
-2.53462 3.69285 1.76239 4.60327 -0.601513 0.232889 0.919617 104.582 401 458803
-2.53462 3.71928 1.6658 4.60327 -0.59819 0.211379 0.919617 102.707 391 458803
-2.53462 3.78269 1.37606 4.60327 -0.590347 0.147399 0.919617 102.144 388 458803
-2.38979 3.87582 1.37606 4.60327 -0.552528 0.147399 0.848877 102.519 390 458803
-2.46221 3.88463 0.506839 4.60327 -0.564926 -0.041974 0.848877 102.144 388 458803
-2.67946 3.73184 0.410259 4.60327 -0.622704 -0.0629841 0.353699 100.832 381 458803
1.66561 4.05865 0.237219 4.41147 0.389427 -0.105098 0.0707397 105.894 408 458803
1.31861 4.18428 0.237219 4.41147 0.305283 -0.105098 0.0707397 105.519 406 458803
1.66561 4.05865 0.237219 4.41147 0.389427 -0.105098 -0.0707397 107.582 417 458803
1.44836 4.35237 0.313678 4.60327 0.321247 -0.0840222 0.0707397 110.957 435 458803
1.44836 4.34272 0.217098 4.60327 0.321913 -0.105098 0.0707397 110.957 435 458803
1.44836 4.35237 0.313678 4.60327 0.321247 -0.0840222 -0 118.457 475 458803
1.44836 4.34272 0.217098 4.60327 0.321913 -0.105098 -0 118.832 477 458803
1.44836 4.35237 0.313678 4.60327 0.321247 -0.0840222 -0.0707397 111.707 439 458803
1.44836 4.34272 0.217098 4.60327 0.321913 -0.105098 -0.0707397 111.894 440 458803
1.73501 4.45203 0.297581 4.79507 0.371606 -0.0840222 0.0707397 107.019 414 458803
1.20696 4.62321 0.297581 4.79507 0.255367 -0.0840222 0.0707397 108.332 421 458803
1.20696 4.61334 0.196977 4.79507 0.255889 -0.105098 0.0707397 107.957 419 458803
1.13153 4.64225 0.297581 4.79507 0.239084 -0.0840222 0.0707397 108.519 422 458803
1.13153 4.63242 0.196977 4.79507 0.239572 -0.105098 0.0707397 108.144 420 458803
1.20696 4.62321 0.297581 4.79507 0.255367 -0.0840222 -0 116.394 464 458803
1.20696 4.61334 0.196977 4.79507 0.255889 -0.105098 -0 116.394 464 458803
1.13153 4.64225 0.297581 4.79507 0.239084 -0.0840222 -0 116.582 465 458803
1.13153 4.63242 0.196977 4.79507 0.239572 -0.105098 -0 116.394 464 458803
1.20696 4.62321 0.297581 4.79507 0.255367 -0.0840222 -0.0707397 110.207 431 458803
1.20696 4.61334 0.196977 4.79507 0.255889 -0.105098 -0.0707397 110.019 430 458803
1.13153 4.64225 0.297581 4.79507 0.239084 -0.0840222 -0.0707397 110.207 431 458803
1.13153 4.63242 0.196977 4.79507 0.239572 -0.105098 -0.0707397 110.207 431 458803
1.56905 4.71507 0.281485 4.98688 0.321247 -0.0840222 0.0707397 105.144 404 458803
1.41215 4.76441 0.281485 4.98688 0.288146 -0.0840222 0.0707397 106.082 409 458803
1.33369 4.78697 0.281485 4.98688 0.271719 -0.0840222 0.0707397 108.519 422 458803
1.33369 4.77666 0.176856 4.98688 0.272276 -0.105098 0.0707397 105.894 408 458803
1.33369 4.78697 0.281485 4.98688 0.271719 -0.0840222 -0 115.644 460 458803
1.33369 4.78697 0.281485 4.98688 0.271719 -0.0840222 -0.0707397 108.332 421 458803
1.46646 4.94766 0.265388 5.17868 0.288146 -0.0840222 0.0707397 111.644 428 458803
1.46646 4.93691 0.156735 5.17868 0.288739 -0.105098 0.0707397 107.707 407 458803
1.38499 4.97108 0.265388 5.17868 0.271719 -0.0840222 0.0707397 110.144 420 458803
1.05911 5.05056 0.265388 5.17868 0.206706 -0.0840222 0.0707397 107.332 405 458803
1.05911 5.04003 0.156735 5.17868 0.207126 -0.105098 0.0707397 107.144 404 458803
1.46646 4.94766 0.265388 5.17868 0.288146 -0.0840222 -0 119.332 469 458803
1.38499 4.97108 0.265388 5.17868 0.271719 -0.0840222 -0 118.019 462 458803
1.46646 4.94766 0.265388 5.17868 0.288146 -0.0840222 -0.0707397 112.582 433 458803
1.46646 4.93691 0.156735 5.17868 0.288739 -0.105098 -0.0707397 109.019 414 458803
1.38499 4.97108 0.265388 5.17868 0.271719 -0.0840222 -0.0707397 111.644 428 458803
1.60526 5.1138 0.361968 5.37048 0.304167 -0.0629841 0.0707397 106.957 403 458803
1.60526 5.1051 0.249291 5.37048 0.304653 -0.0840222 0.0707397 109.582 417 458803
1.52077 5.13091 0.249291 5.37048 0.288146 -0.0840222 0.0707397 107.707 407 458803
1.18282 5.21918 0.249291 5.37048 0.222865 -0.0840222 0.0707397 107.144 404 458803
1.60526 5.1051 0.249291 5.37048 0.304653 -0.0840222 -0 116.332 453 458803
1.52077 5.13091 0.249291 5.37048 0.288146 -0.0840222 -0 114.832 445 458803
1.60526 5.1138 0.361968 5.37048 0.304167 -0.0629841 -0.0707397 105.269 394 458803
1.60526 5.1051 0.249291 5.37048 0.304653 -0.0840222 -0.0707397 109.207 415 458803
1.52077 5.13091 0.249291 5.37048 0.288146 -0.0840222 -0.0707397 108.644 412 458803
1.18282 5.21918 0.249291 5.37048 0.222865 -0.0840222 -0.0707397 107.894 408 458803
1.22507 5.41439 0.349896 5.56229 0.222515 -0.0629841 0.0707397 107.707 407 458803
1.22507 5.40558 0.233194 5.56229 0.222865 -0.0840222 0.0707397 110.519 422 458803
1.13756 5.43345 0.349896 5.56229 0.206382 -0.0629841 0.0707397 107.332 405 458803
1.13756 5.42467 0.233194 5.56229 0.206706 -0.0840222 0.0707397 110.144 420 458803
1.22507 5.40558 0.233194 5.56229 0.222865 -0.0840222 -0 116.707 455 458803
1.13756 5.42467 0.233194 5.56229 0.206706 -0.0840222 -0 116.894 456 458803
1.66259 5.28743 0.233194 5.56229 0.304653 -0.0840222 -0.0707397 105.457 395 458803
1.40008 5.36292 0.233194 5.56229 0.255367 -0.0840222 -0.0707397 106.582 401 458803
1.22507 5.40558 0.233194 5.56229 0.222865 -0.0840222 -0.0707397 108.082 409 458803
1.13756 5.42467 0.233194 5.56229 0.206706 -0.0840222 -0.0707397 109.019 414 458803
1.35783 5.57984 0.337823 5.75409 0.238706 -0.0629841 0.0707397 108.644 412 458803
1.35783 5.57069 0.217098 5.75409 0.239084 -0.0840222 0.0707397 110.707 423 458803
1.26731 5.6011 0.337823 5.75409 0.222515 -0.0629841 0.0707397 110.707 423 458803
1.26731 5.59198 0.217098 5.75409 0.222865 -0.0840222 0.0707397 113.707 439 458803
1.17679 5.61173 0.217098 5.75409 0.206706 -0.0840222 0.0707397 108.832 413 458803
1.35783 5.57069 0.217098 5.75409 0.239084 -0.0840222 -0 117.832 461 458803
1.26731 5.6011 0.337823 5.75409 0.222515 -0.0629841 -0 118.019 462 458803
1.26731 5.59198 0.217098 5.75409 0.222865 -0.0840222 -0 121.019 478 458803
1.35783 5.57069 0.217098 5.75409 0.239084 -0.0840222 -0.0707397 110.894 424 458803
1.26731 5.6011 0.337823 5.75409 0.222515 -0.0629841 -0.0707397 110.519 422 458803
1.26731 5.59198 0.217098 5.75409 0.222865 -0.0840222 -0.0707397 113.707 439 458803
1.21602 5.80817 0.325751 5.94589 0.206382 -0.0629841 -0 112.707 423 458803
1.21602 5.79879 0.201001 5.94589 0.206706 -0.0840222 -0 114.207 431 458803
1.12248 5.82697 0.325751 5.94589 0.190303 -0.0629841 -0 110.082 409 458803
1.12248 5.81762 0.201001 5.94589 0.190602 -0.0840222 -0 109.894 408 458803
1.15868 6.01494 0.313678 6.1377 0.190303 -0.0629841 0.0707397 112.519 422 458803
1.15868 6.00528 0.184904 6.1377 0.190602 -0.0840222 0.0707397 112.519 422 458803
1.06213 6.03274 0.313678 6.1377 0.174275 -0.0629841 0.0707397 107.832 397 458803
1.25524 5.98585 0.184904 6.1377 0.206706 -0.0840222 -0 116.457 443 458803
1.15868 6.01494 0.313678 6.1377 0.190303 -0.0629841 -0 120.019 462 458803
1.15868 6.00528 0.184904 6.1377 0.190602 -0.0840222 -0 120.019 462 458803
1.15868 6.01494 0.313678 6.1377 0.190303 -0.0629841 -0.0707397 112.707 423 458803
1.15868 6.00528 0.184904 6.1377 0.190602 -0.0840222 -0.0707397 112.519 422 458803
1.19489 6.20291 0.301606 6.3295 0.190303 -0.0629841 0.0707397 109.144 404 458803
1.19489 6.19295 0.168807 6.3295 0.190602 -0.0840222 0.0707397 108.957 403 458803
1.09532 6.22126 0.301606 6.3295 0.174275 -0.0629841 0.0707397 107.832 397 458803
1.09532 6.21133 0.168807 6.3295 0.174548 -0.0840222 0.0707397 106.144 388 458803
1.19489 6.20291 0.301606 6.3295 0.190303 -0.0629841 -0 117.394 448 458803
1.19489 6.19295 0.168807 6.3295 0.190602 -0.0840222 -0 117.582 449 458803
1.09532 6.22126 0.301606 6.3295 0.174275 -0.0629841 -0 115.894 440 458803
1.19489 6.20291 0.301606 6.3295 0.190303 -0.0629841 -0.0707397 110.832 413 458803
1.19489 6.19295 0.168807 6.3295 0.190602 -0.0840222 -0.0707397 111.207 415 458803
1.09532 6.22126 0.301606 6.3295 0.174275 -0.0629841 -0.0707397 109.144 404 458803
1.09532 6.21133 0.168807 6.3295 0.174548 -0.0840222 -0.0707397 107.644 396 458803
1.74406 6.27034 0.289533 6.5213 0.271288 -0.0629841 0.0707397 113.832 429 458803
1.84665 6.24089 0.289533 6.5213 0.287687 -0.0629841 -0 119.457 459 458803
1.74406 6.27034 0.289533 6.5213 0.271288 -0.0629841 -0 121.707 471 458803
1.74406 6.25988 0.152711 6.5213 0.271719 -0.0840222 -0 119.457 459 458803
1.64147 6.29797 0.289533 6.5213 0.254962 -0.0629841 -0 119.082 457 458803
1.84665 6.24089 0.289533 6.5213 0.287687 -0.0629841 -0.0707397 113.082 425 458803
1.74406 6.27034 0.289533 6.5213 0.271288 -0.0629841 -0.0707397 115.332 437 458803
1.68975 6.49696 0.7 6.7131 0.254446 0 0.0707397 122.394 464 458803
1.79536 6.46857 0.7 6.7131 0.270736 0 -0 127.269 490 458803
1.68975 6.49696 0.7 6.7131 0.254446 0 -0 129.144 500 458803
1.68975 6.49544 0.559153 6.7131 0.254503 -0.0209824 -0 124.644 476 458803
1.68975 6.49544 0.840847 6.7131 0.254503 0.0209824 -0 125.207 479 458803
1.79536 6.46857 0.7 6.7131 0.270736 0 -0.0707397 120.332 453 458803
1.68975 6.49696 0.7 6.7131 0.254446 0 -0.0707397 122.394 464 458803
1.95528 6.60801 0.265388 6.90491 0.287687 -0.0629841 0.0707397 120.332 453 458803
1.84665 6.65339 0.7 6.90491 0.270736 0 0.0707397 122.582 465 458803
1.84665 6.63918 0.265388 6.90491 0.271288 -0.0629841 0.0707397 120.332 453 458803
1.73803 6.68259 0.7 6.90491 0.254446 0 0.0707397 123.894 472 458803
1.84665 6.65339 0.7 6.90491 0.270736 0 -0 130.644 508 458803
1.73803 6.68259 0.7 6.90491 0.254446 0 -0 131.957 515 458803
1.95528 6.60801 0.265388 6.90491 0.287687 -0.0629841 -0.0707397 121.082 457 458803
1.84665 6.65339 0.7 6.90491 0.270736 0 -0.0707397 124.082 473 458803
1.73803 6.68259 0.7 6.90491 0.254446 0 -0.0707397 125.394 480 458803
1.73803 6.68102 0.555129 6.90491 0.254503 -0.0209824 -0.0707397 121.269 458 458803
1.73803 6.68102 0.844871 6.90491 0.254503 0.0209824 -0.0707397 121.269 458 458803
1.89795 6.8236 0.253315 7.09671 0.271288 -0.0629841 -0 121.082 457 458803
1.78631 6.85368 0.253315 7.09671 0.254962 -0.0629841 -0 122.394 464 458803
1.67466 6.88181 0.253315 7.09671 0.238706 -0.0629841 -0 124.644 476 458803
1.56302 6.90802 0.253315 7.09671 0.222515 -0.0629841 -0 123.519 470 458803
1.83458 7.04721 0.394162 7.28851 0.254675 -0.041974 -0 120.332 453 458803
1.37594 7.14274 0.241243 7.28851 0.190303 -0.0629841 -0 119.207 447 458803
1.76518 7.26228 0.386113 7.48032 0.238438 -0.041974 -0 125.332 469 458803
1.76518 7.2538 0.22917 7.48032 0.238706 -0.0629841 -0 124.207 463 458803
1.41215 7.33071 0.22917 7.48032 0.190303 -0.0629841 -0 118.957 435 458803
2.84542 7.31436 0.205025 7.86392 0.371003 -0.0629841 0.0707397 112.019 398 458803
2.47427 7.45723 0.370017 7.86392 0.320366 -0.041974 0.0707397 114.832 413 458803
2.47427 7.4481 0.205025 7.86392 0.320732 -0.0629841 0.0707397 116.144 420 458803
1.85571 7.64005 0.535008 7.86392 0.238277 -0.0209824 -0 126.457 475 458803
1.85571 7.63471 0.370017 7.86392 0.238438 -0.041974 -0 126.832 477 458803
1.73199 7.66904 0.535008 7.86392 0.222116 -0.0209824 -0 123.832 461 458803
1.73199 7.66372 0.370017 7.86392 0.222265 -0.041974 -0 124.207 463 458803
2.84542 7.31436 0.205025 7.86392 0.371003 -0.0629841 -0.0707397 112.019 398 458803
2.47427 7.45723 0.370017 7.86392 0.320366 -0.041974 -0.0707397 115.207 415 458803
2.47427 7.4481 0.205025 7.86392 0.320732 -0.0629841 -0.0707397 115.957 419 458803
1.90097 7.8264 0.530984 8.05573 0.238277 -0.0209824 0.0707397 126.269 474 458803
1.90097 7.82092 0.361968 8.05573 0.238438 -0.041974 0.0707397 131.332 501 458803
1.90097 7.81178 0.192952 8.05573 0.238706 -0.0629841 0.0707397 128.332 485 458803
1.77424 7.85064 0.361968 8.05573 0.222265 -0.041974 0.0707397 127.957 483 458803
1.90097 7.8264 0.530984 8.05573 0.238277 -0.0209824 -0 133.957 515 458803
1.90097 7.82092 0.361968 8.05573 0.238438 -0.041974 -0 139.019 542 458803
1.90097 7.81178 0.192952 8.05573 0.238706 -0.0629841 -0 135.832 525 458803
1.77424 7.85064 0.361968 8.05573 0.222265 -0.041974 -0 135.457 523 458803
1.90097 7.8264 0.530984 8.05573 0.238277 -0.0209824 -0.0707397 126.832 477 458803
1.90097 7.82092 0.361968 8.05573 0.238438 -0.041974 -0.0707397 131.707 503 458803
1.90097 7.81178 0.192952 8.05573 0.238706 -0.0629841 -0.0707397 128.707 487 458803
1.77424 7.85064 0.361968 8.05573 0.222265 -0.041974 -0.0707397 128.332 485 458803
2.63721 8.41144 0.329775 8.82294 0.303821 -0.041974 -0 116.019 414 458803
1.99149 8.19334 0.345872 8.43933 0.238438 -0.041974 -0 125.394 464 458803
1.85872 8.22448 0.345872 8.43933 0.222265 -0.041974 -0 123.332 453 458803
2.4441 8.26993 0.337823 8.63113 0.287361 -0.041974 -0 118.832 429 458803
1.6294 8.4682 0.337823 8.63113 0.190091 -0.041974 -0 121.644 444 458803
1.49362 8.4932 0.337823 8.63113 0.17408 -0.041974 -0 119.582 433 458803
0 8.62353 0.337823 8.63113 0 -0.041974 -0.0707397 114.519 406 458803
0 8.61402 0.156735 8.63113 0 -0.0629841 -0.0707397 115.832 413 458803
-0.135783 8.63007 0.7 8.63113 -0.0157325 0 -1.0611 120.144 436 458803
-0.135783 8.62817 0.881088 8.63113 -0.0157359 0.0209824 -1.0611 122.582 449 458803
-0.271567 8.62686 0.7 8.63113 -0.0314688 0 -1.0611 119.394 432 458803
-0.271567 8.62496 0.881088 8.63113 -0.0314757 0.0209824 -1.0611 120.519 438 458803
-0.135783 8.62246 1.06218 8.63113 -0.0157463 0.041974 -1.13184 124.082 457 458803
-0.135783 8.62817 0.881088 8.63113 -0.0157359 0.0209824 -1.13184 127.832 477 458803
-0.271567 8.62496 0.881088 8.63113 -0.0314757 0.0209824 -1.13184 126.707 471 458803
-0.132766 8.43643 0.877064 8.43933 -0.0157359 0.0209824 -0.990356 115.269 410 458803
-0.265532 8.43515 0.7 8.43933 -0.0314688 0 -0.990356 116.207 415 458803
-0.265532 8.43329 0.877064 8.43933 -0.0314757 0.0209824 -0.990356 115.269 410 458803
-0.398298 8.42993 0.7 8.43933 -0.047213 0 -0.990356 115.832 413 458803
-0.135783 8.63007 0.7 8.63113 -0.0157325 0 -0.990356 115.269 410 458803
-0.135783 8.62817 0.881088 8.63113 -0.0157359 0.0209824 -0.990356 116.207 415 458803
-0.132766 8.43829 0.7 8.43933 -0.0157325 0 -1.0611 119.019 430 458803
-0.132766 8.43085 1.05413 8.43933 -0.0157463 0.041974 -1.0611 118.457 427 458803
-0.132766 8.43643 0.877064 8.43933 -0.0157359 0.0209824 -1.0611 122.957 451 458803
-0.265532 8.43515 0.7 8.43933 -0.0314688 0 -1.0611 118.457 427 458803
-0.265532 8.43329 0.877064 8.43933 -0.0314757 0.0209824 -1.0611 121.082 441 458803
-0.132766 8.43085 1.05413 8.43933 -0.0157463 0.041974 -1.13184 126.332 469 458803
-0.132766 8.43643 0.877064 8.43933 -0.0157359 0.0209824 -1.13184 129.144 484 458803
-0.265532 8.42772 1.05413 8.43933 -0.0314966 0.041974 -1.13184 125.207 463 458803
-0.265532 8.43329 0.877064 8.43933 -0.0314757 0.0209824 -1.13184 128.207 479 458803
-0.138801 8.81407 0.329775 8.82294 -0.0157463 -0.041974 -0.212219 115.644 412 458803
-0.135783 8.62817 0.881088 8.63113 -0.0157359 0.0209824 -1.20258 124.832 461 458803
-0.271567 8.61926 1.06218 8.63113 -0.0314966 0.041974 -1.20258 124.644 460 458803
-0.271567 8.62496 0.881088 8.63113 -0.0314757 0.0209824 -1.20258 126.332 469 458803
-0.132766 8.43085 1.05413 8.43933 -0.0157463 0.041974 -1.20258 123.707 455 458803
-0.132766 8.43643 0.877064 8.43933 -0.0157359 0.0209824 -1.20258 125.582 465 458803
-0.265532 8.42772 1.05413 8.43933 -0.0314966 0.041974 -1.20258 124.457 459 458803
-0.265532 8.43329 0.877064 8.43933 -0.0314757 0.0209824 -1.20258 126.332 469 458803
-0.135783 8.5076 -0.748707 8.63113 -0.0159589 -0.168645 -1.27332 127.457 475 458803
-0.135783 8.47477 -0.929796 8.63113 -0.0160207 -0.189968 -1.27332 126.144 468 458803
-0.265532 8.40537 1.40826 8.43933 -0.0315803 0.0840222 -1.34406 130.644 492 458803
-0.265532 8.41841 1.23119 8.43933 -0.0315314 0.0629841 -1.34406 129.894 488 458803
-0.265532 8.38856 1.58532 8.43933 -0.0316435 0.105098 -1.41479 123.894 456 458803
-0.265532 8.40537 1.40826 8.43933 -0.0315803 0.0840222 -1.41479 122.019 446 458803
-0.132766 8.42155 1.23119 8.43933 -0.0157637 0.0629841 -1.27332 129.144 484 458803
-0.265532 8.40537 1.40826 8.43933 -0.0315803 0.0840222 -1.27332 127.457 475 458803
-0.265532 8.41841 1.23119 8.43933 -0.0315314 0.0629841 -1.27332 130.457 491 458803
1.94623 8.00713 0.35392 8.24753 0.238438 -0.041974 0.0707397 123.707 455 458803
1.94623 8.00713 0.35392 8.24753 0.238438 -0.041974 -0 131.582 497 458803
1.94623 7.99778 0.18088 8.24753 0.238706 -0.0629841 -0 130.082 489 458803
1.81648 8.03756 0.35392 8.24753 0.222265 -0.041974 -0 127.832 477 458803
1.94623 8.00713 0.35392 8.24753 0.238438 -0.041974 -0.0707397 125.207 463 458803
1.94623 7.99778 0.18088 8.24753 0.238706 -0.0629841 -0.0707397 123.894 456 458803
-0.265532 8.43329 0.522936 8.43933 -0.0314757 -0.0209824 -2.26367 115.644 412 458803
-0.265532 8.42772 0.345872 8.43933 -0.0314966 -0.041974 -2.26367 117.894 424 458803
-0.398298 8.42807 0.522936 8.43933 -0.0472234 -0.0209824 -2.26367 114.332 405 458803
-0.398298 8.42249 0.345872 8.43933 -0.0472546 -0.041974 -2.26367 117.707 423 458803
-0.265532 8.42772 0.345872 8.43933 -0.0314966 -0.041974 -2.33441 114.707 407 458803
-0.398298 8.42249 0.345872 8.43933 -0.0472546 -0.041974 -2.33441 116.394 416 458803
-0.265532 8.43329 0.522936 8.43933 -0.0314757 -0.0209824 -2.19293 115.644 412 458803
-0.265532 8.42772 0.345872 8.43933 -0.0314966 -0.041974 -2.19293 114.894 408 458803
-0.135783 8.62246 1.06218 8.63113 -0.0157463 0.041974 -1.41479 119.957 435 458803
-0.271567 8.57921 1.60544 8.63113 -0.0316435 0.105098 -1.41479 120.894 440 458803
-0.271567 8.5964 1.42435 8.63113 -0.0315803 0.0840222 -1.41479 120.519 438 458803
-0.271567 8.5964 1.42435 8.63113 -0.0315803 0.0840222 -1.34406 127.269 474 458803
0 8.80544 0.144662 8.82294 0 -0.0629841 -0.141479 114.707 407 458803
-0.138801 8.80435 0.144662 8.82294 -0.0157637 -0.0629841 -0.141479 114.894 408 458803
-0.138801 8.80435 1.25534 8.82294 -0.0157637 0.0629841 -1.27332 116.019 414 458803
-0.277602 8.80107 1.25534 8.82294 -0.0315314 0.0629841 -1.27332 117.707 423 458803
4.68 7.69546 0.321726 9.01474 0.546391 -0.041974 -0 115.582 401 458803
3.12 8.44914 0.321726 9.01474 0.353736 -0.041974 -0 117.644 412 458803
4.77957 7.85919 0.313678 9.20654 0.546391 -0.041974 -0 114.832 397 458803
3.76573 8.39229 0.313678 9.20654 0.421783 -0.041974 -0 116.707 407 458803
3.62089 8.4624 0.506839 9.20654 0.404307 -0.0209824 -0 115.019 398 458803
3.62089 8.45579 0.313678 9.20654 0.40459 -0.041974 -0 119.707 423 458803
3.62089 8.44475 0.120517 9.20654 0.405063 -0.0629841 -0 115.394 400 458803
3.47605 8.51635 0.313678 9.20654 0.387523 -0.041974 -0 115.957 403 458803
3.62089 8.87804 0.498791 9.59015 0.387253 -0.0209824 -0 114.269 394 458803
3.62089 8.8712 0.297581 9.59015 0.387523 -0.041974 -0 116.519 406 458803
3.8472 8.9913 0.494766 9.78195 0.404307 -0.0209824 -0 119.394 416 458803
3.8472 8.98427 0.289533 9.78195 0.40459 -0.041974 -0 120.707 423 458803
3.69331 9.0556 0.494766 9.78195 0.387253 -0.0209824 -0 117.894 408 458803
3.69331 9.04862 0.289533 9.78195 0.387523 -0.041974 -0 119.019 414 458803
-1.72596 9.82328 0.7 9.97375 -0.173925 0 -0 114.144 388 458803
-1.72596 9.82105 0.490742 9.97375 -0.173964 -0.0209824 -0 116.207 399 458803
-1.88286 9.79218 0.490742 9.97375 -0.189964 -0.0209824 -0 113.957 387 458803
-2.03977 9.7607 0.490742 9.97375 -0.206013 -0.0209824 -0 118.644 412 458803
-2.03977 9.75397 0.281485 9.97375 -0.206151 -0.041974 -0 113.957 387 458803
-2.19667 9.72659 0.490742 9.97375 -0.222116 -0.0209824 -0 115.644 396 458803
7.98406 6.58337 0.265388 10.3574 0.881256 -0.041974 0.0707397 115.832 397 458803
-2.28116 10.0937 0.265388 10.3574 -0.222265 -0.041974 -0 119.582 417 458803
-2.4441 10.0555 0.265388 10.3574 -0.238438 -0.041974 -0 120.519 422 458803
7.98406 6.59412 0.482694 10.3574 0.880455 -0.0209824 -0 119.207 415 458803
7.98406 6.58337 0.265388 10.3574 0.881256 -0.041974 -0 123.144 436 458803
-2.3234 10.2806 0.257339 10.5492 -0.222265 -0.041974 -0 121.332 421 458803
-2.48936 10.2417 0.257339 10.5492 -0.238438 -0.041974 -0 121.332 421 458803
8.13192 6.71624 0.47867 10.5492 0.880455 -0.0209824 -0 120.957 419 458803
8.13192 6.70529 0.257339 10.5492 0.881256 -0.041974 -0 123.957 435 458803
8.13192 6.70529 0.257339 10.5492 0.881256 -0.041974 -0.0707397 117.394 400 458803
5.95033 9.39655 0.466597 11.1246 0.564507 -0.0209824 -0 122.082 425 458803
5.95033 9.38785 0.233194 11.1246 0.564926 -0.041974 -0 123.207 431 458803
5.77532 9.49652 0.233194 11.1246 0.546391 -0.041974 -0 117.394 400 458803
6.05292 9.55856 0.462573 11.3164 0.564507 -0.0209824 0.0707397 123.832 429 458803
6.05292 9.54971 0.225146 11.3164 0.564926 -0.041974 0.0707397 124.957 435 458803
6.05292 9.55856 0.462573 11.3164 0.564507 -0.0209824 -0 131.519 470 458803
6.05292 9.54971 0.225146 11.3164 0.564926 -0.041974 -0 132.644 476 458803
6.23095 9.44348 0.462573 11.3164 0.583244 -0.0209824 -0.0707397 119.144 404 458803
6.05292 9.55856 0.462573 11.3164 0.564507 -0.0209824 -0.0707397 124.394 432 458803
6.05292 9.54971 0.225146 11.3164 0.564926 -0.041974 -0.0707397 125.519 438 458803
6.15551 9.72057 0.458549 11.5082 0.564507 -0.0209824 -0 120.082 409 458803
6.15551 9.71157 0.217098 11.5082 0.564926 -0.041974 -0 121.207 415 458803
5.97447 9.53489 3.11451 11.5082 0.559742 0.211379 -0 121.394 416 458803
5.97447 9.59279 2.87306 11.5082 0.557021 0.189968 -0 123.457 427 458803
1.39404 12.5708 0.168807 12.659 0.110444 -0.041974 -0 120.707 407 458803
6.15551 11.4954 0.426355 13.0426 0.491624 -0.0209824 -0 139.707 503 458803
5.95033 11.6029 0.426355 13.0426 0.473858 -0.0209824 -0 138.019 494 458803
6.24604 11.6645 0.422331 13.2344 0.491624 -0.0209824 -0 143.644 524 458803
6.24604 11.6545 0.144662 13.2344 0.491978 -0.041974 -0 140.644 508 458803
6.03783 11.7736 0.422331 13.2344 0.473858 -0.0209824 -0 141.957 515 458803
6.03783 11.7637 0.144662 13.2344 0.474198 -0.041974 -0 138.394 496 458803
6.33656 11.8335 0.418307 13.4262 0.491624 -0.0209824 0.0707397 145.519 534 458803
6.33656 11.8234 0.136614 13.4262 0.491978 -0.041974 0.0707397 141.582 513 458803
6.12534 11.9442 0.418307 13.4262 0.473858 -0.0209824 0.0707397 143.457 523 458803
6.33656 11.8335 0.418307 13.4262 0.491624 -0.0209824 -0 153.207 575 458803
6.33656 11.8234 0.136614 13.4262 0.491978 -0.041974 -0 149.269 554 458803
6.12534 11.9442 0.418307 13.4262 0.473858 -0.0209824 -0 151.144 564 458803
6.33656 11.8335 0.418307 13.4262 0.491624 -0.0209824 -0.0707397 146.269 538 458803
6.33656 11.8234 0.136614 13.4262 0.491978 -0.041974 -0.0707397 142.519 518 458803
6.12534 11.9442 0.418307 13.4262 0.473858 -0.0209824 -0.0707397 144.394 528 458803
6.42708 12.0026 0.414283 13.618 0.491624 -0.0209824 -0 140.894 504 458803
6.42708 11.8382 2.70002 13.618 0.497384 0.147399 -0 139.019 494 458803
6.21284 12.1148 0.414283 13.618 0.473858 -0.0209824 -0 138.832 493 458803
6.21284 11.9007 2.98574 13.618 0.481138 0.168645 -0 137.894 488 458803
6.21284 11.952 2.70002 13.618 0.479374 0.147399 -0 142.019 510 458803
6.5176 12.1716 0.410259 13.8098 0.491624 -0.0209824 -0 138.269 490 458803
6.30035 12.2855 0.410259 13.8098 0.473858 -0.0209824 -0 137.332 485 458803
6.1193 13.6519 0.7 14.9606 0.421388 0 -0 131.582 449 458803
-7.38963 13.2284 0.7 15.1524 -0.509437 0 -0 129.207 431 458803
-7.38963 13.2245 0.382089 15.1524 -0.50956 -0.0209824 -0 128.082 425 458803
-7.38963 13.1671 -0.571643 15.1524 -0.511416 -0.0840222 -0 130.519 438 458803
6.82538 15.2271 0.7 16.6869 0.421388 0 0.0707397 145.394 512 458803
6.56286 15.3421 0.7 16.6869 0.404213 0 0.0707397 149.519 534 458803
6.56286 15.3381 1.0501 16.6869 0.404307 0.0209824 0.0707397 149.519 534 458803
6.82538 15.2271 0.7 16.6869 0.421388 0 -0 152.894 552 458803
6.56286 15.3421 0.7 16.6869 0.404213 0 -0 156.832 573 458803
6.56286 15.3381 1.0501 16.6869 0.404307 0.0209824 -0 156.832 573 458803
6.82538 15.2271 0.7 16.6869 0.421388 0 -0.0707397 145.582 513 458803
6.56286 15.3421 0.7 16.6869 0.404213 0 -0.0707397 149.707 535 458803
6.56286 15.3381 1.0501 16.6869 0.404307 0.0209824 -0.0707397 149.707 535 458803
6.6383 15.5184 0.7 16.8787 0.404213 0 0.0707397 149.519 534 458803
6.6383 15.5144 1.05413 16.8787 0.404307 0.0209824 0.0707397 149.144 532 458803
6.6383 15.5184 0.7 16.8787 0.404213 0 -0 157.394 576 458803
6.6383 15.5144 1.05413 16.8787 0.404307 0.0209824 -0 157.207 575 458803
6.6383 15.5184 0.7 16.8787 0.404213 0 -0.0707397 150.644 540 458803
6.6383 15.5144 1.05413 16.8787 0.404307 0.0209824 -0.0707397 150.269 538 458803
-7.3323 15.6276 0.7 17.2623 -0.438696 0 -0 130.582 433 458803
-7.3323 15.6234 0.337823 17.2623 -0.438799 -0.0209824 -0 135.644 460 458803
-7.3323 15.6108 -0.0243536 17.2623 -0.439109 -0.041974 -0 132.644 444 458803
-7.60387 15.4931 0.337823 17.2623 -0.456253 -0.0209824 -0 133.019 446 458803
6.73486 16.5174 0.7 17.8377 0.387164 0 0.0707397 148.269 522 458803
6.73486 16.5132 0.325751 17.8377 0.387253 -0.0209824 0.0707397 148.644 524 458803
6.45424 16.6291 0.7 17.8377 0.370232 0 0.0707397 145.644 508 458803
6.45424 16.6248 0.325751 17.8377 0.370317 -0.0209824 0.0707397 145.832 509 458803
6.73486 16.5174 0.7 17.8377 0.387164 0 -0 155.957 563 458803
6.73486 16.5132 0.325751 17.8377 0.387253 -0.0209824 -0 156.144 564 458803
6.45424 16.6291 0.7 17.8377 0.370232 0 -0 152.957 547 458803
6.45424 16.6248 0.325751 17.8377 0.370317 -0.0209824 -0 153.332 549 458803
6.73486 16.5174 0.7 17.8377 0.387164 0 -0.0707397 148.644 524 458803
6.73486 16.5132 0.325751 17.8377 0.387253 -0.0209824 -0.0707397 149.019 526 458803
6.45424 16.6291 0.7 17.8377 0.370232 0 -0.0707397 145.644 508 458803
6.45424 16.6248 0.325751 17.8377 0.370317 -0.0209824 -0.0707397 146.019 510 458803
6.80727 16.695 0.7 18.0295 0.387164 0 0.0707397 142.082 489 458803
6.80727 16.6907 0.321726 18.0295 0.387253 -0.0209824 0.0707397 142.269 490 458803
6.80727 16.695 0.7 18.0295 0.387164 0 -0 150.144 532 458803
6.80727 16.6907 0.321726 18.0295 0.387253 -0.0209824 -0 150.519 534 458803
6.52364 16.8079 0.7 18.0295 0.370232 0 -0 147.144 516 458803
6.52364 16.8036 0.321726 18.0295 0.370317 -0.0209824 -0 147.332 517 458803
6.80727 16.695 0.7 18.0295 0.387164 0 -0.0707397 143.957 499 458803
6.80727 16.6907 0.321726 18.0295 0.387253 -0.0209824 -0.0707397 144.332 501 458803
6.87969 16.8726 0.7 18.2213 0.387164 0 -0 146.269 506 458803
6.87969 16.8683 0.317702 18.2213 0.387253 -0.0209824 -0 145.519 502 458803
6.59304 16.9867 0.7 18.2213 0.370232 0 -0 146.269 506 458803
6.59304 16.9824 0.317702 18.2213 0.370317 -0.0209824 -0 145.519 502 458803
3.04758 19.1309 0.7 19.3721 0.157974 0 0.0707397 137.707 455 458803
2.74282 19.1769 0.7 19.3721 0.142064 0 0.0707397 138.269 458 458803
6.46329 18.4654 0.7 19.5639 0.336693 0 -0 152.894 536 458803
6.46329 18.4609 0.289533 19.5639 0.336771 -0.0209824 -0 152.144 532 458803
6.15551 18.5703 0.7 19.5639 0.320073 0 -0 152.144 532 458803
6.15551 18.5658 0.289533 19.5639 0.320146 -0.0209824 -0 151.207 527 458803
7.14824 18.1871 3.60144 19.7557 0.37449 0.147399 -0 143.332 485 458803
5.90507 18.8525 0.7 19.7557 0.303544 0 -0 151.207 527 458803
6.27621 18.9344 0.7 19.9475 0.320073 0 0.0707397 159.457 571 458803
6.27621 18.9298 0.281485 19.9475 0.320146 -0.0209824 0.0707397 155.332 549 458803
6.27621 18.9298 1.11852 19.9475 0.320146 0.0209824 0.0707397 155.519 550 458803
5.9624 19.0356 0.7 19.9475 0.303544 0 0.0707397 158.894 568 458803
6.27621 18.9344 0.7 19.9475 0.320073 0 -0 166.957 611 458803
6.27621 18.9298 0.281485 19.9475 0.320146 -0.0209824 -0 163.019 590 458803
6.27621 18.9298 1.11852 19.9475 0.320146 0.0209824 -0 163.019 590 458803
5.9624 19.0356 0.7 19.9475 0.303544 0 -0 166.207 607 458803
6.27621 18.9344 0.7 19.9475 0.320073 0 -0.0707397 160.019 574 458803
6.27621 18.9298 0.281485 19.9475 0.320146 -0.0209824 -0.0707397 156.082 553 458803
6.27621 18.9298 1.11852 19.9475 0.320146 0.0209824 -0.0707397 155.894 552 458803
5.9624 19.0356 0.7 19.9475 0.303544 0 -0.0707397 159.269 570 458803
6.33656 19.1165 0.7 20.1393 0.320073 0 0.0707397 152.894 536 458803
6.01973 19.2186 0.7 20.1393 0.303544 0 0.0707397 151.582 529 458803
6.33656 19.1165 0.7 20.1393 0.320073 0 -0 161.144 580 458803
6.33656 19.1118 0.27746 20.1393 0.320146 -0.0209824 -0 157.019 558 458803
6.33656 19.1118 1.12254 20.1393 0.320146 0.0209824 -0 157.394 560 458803
6.01973 19.2186 0.7 20.1393 0.303544 0 -0 160.582 577 458803
6.33656 19.1165 0.7 20.1393 0.320073 0 -0.0707397 154.582 545 458803
6.01973 19.2186 0.7 20.1393 0.303544 0 -0.0707397 154.582 545 458803
6.39691 19.2985 0.7 20.3311 0.320073 0 -0 152.707 535 458803
6.07706 19.4016 0.7 20.3311 0.303544 0 -0 151.582 529 458803
1.93718 20.4268 1.13059 20.5229 0.0945525 0.0209824 -0 148.082 505 458803
1.61431 20.4548 1.13059 20.5229 0.0787578 0.0209824 -0 149.582 513 458803
1.29145 20.4822 0.7 20.5229 0.0629689 0 -0 151.644 524 458803
1.29145 20.4777 1.13059 20.5229 0.0629827 0.0209824 -0 150.332 517 458803
0.968588 20.5 0.7 20.5229 0.047213 0 -0 147.894 504 458803
1.95528 20.6222 0.7 20.7147 0.0945316 0 0.0707397 152.394 528 458803
1.95528 20.6177 1.13461 20.7147 0.0945525 0.0209824 0.0707397 155.207 543 458803
1.6294 20.6505 0.7 20.7147 0.0787404 0 0.0707397 153.332 533 458803
1.6294 20.646 1.13461 20.7147 0.0787578 0.0209824 0.0707397 155.394 544 458803
1.95528 20.6222 0.7 20.7147 0.0945316 0 -0 158.957 563 458803
1.95528 20.6177 1.13461 20.7147 0.0945525 0.0209824 -0 161.957 579 458803
1.6294 20.6505 0.7 20.7147 0.0787404 0 -0 159.894 568 458803
1.6294 20.646 1.13461 20.7147 0.0787578 0.0209824 -0 162.144 580 458803
1.95528 20.6222 0.7 20.7147 0.0945316 0 -0.0707397 151.457 523 458803
1.95528 20.6177 1.13461 20.7147 0.0945525 0.0209824 -0.0707397 154.457 539 458803
1.6294 20.6505 0.7 20.7147 0.0787404 0 -0.0707397 152.957 531 458803
1.6294 20.646 1.13461 20.7147 0.0787578 0.0209824 -0.0707397 155.019 542 458803
4.93346 20.3161 0.7 20.9065 0.238224 0 0.0707397 146.582 497 458803
4.93346 20.2971 1.57727 20.9065 0.238438 0.041974 0.0707397 145.082 489 458803
4.93346 20.3114 1.13864 20.9065 0.238277 0.0209824 0.0707397 148.082 505 458803
4.60457 20.3743 1.57727 20.9065 0.222265 0.041974 0.0707397 145.832 493 458803
4.60457 20.3884 1.13864 20.9065 0.222116 0.0209824 0.0707397 146.957 499 458803
4.93346 20.3114 1.13864 20.9065 0.238277 0.0209824 -0 156.144 548 458803
4.93346 20.3161 0.7 20.9065 0.238224 0 -0.0707397 148.082 505 458803
4.93346 20.3114 1.13864 20.9065 0.238277 0.0209824 -0.0707397 149.957 515 458803
4.60457 20.3743 1.57727 20.9065 0.222265 0.041974 -0.0707397 147.144 500 458803
4.60457 20.3884 1.13864 20.9065 0.222116 0.0209824 -0.0707397 148.457 507 458803
1.64449 20.8417 0.7 20.9065 0.0787404 0 -0.0707397 148.457 507 458803
1.64449 20.8371 1.13864 20.9065 0.0787578 0.0209824 -0.0707397 148.832 509 458803
1.99149 21.0041 0.7 21.0983 0.0945316 0 -0 146.957 499 458803
1.99149 20.9995 1.14266 21.0983 0.0945525 0.0209824 -0 151.269 522 458803
1.65957 21.0283 1.14266 21.0983 0.0787578 0.0209824 -0 150.894 520 458803
3.68426 20.9499 1.59337 21.2901 0.17408 0.041974 -0 144.894 488 458803
3.68426 20.9642 1.14668 21.2901 0.173964 0.0209824 -0 143.957 483 458803
3.71745 21.1386 1.60142 21.4819 0.17408 0.041974 0.0707397 146.582 497 458803
3.71745 21.153 1.15071 21.4819 0.173964 0.0209824 0.0707397 147.894 504 458803
1.3518 21.4394 0.7 21.4819 0.0629689 0 0.0707397 150.144 516 458803
1.3518 21.4346 0.249291 21.4819 0.0629827 -0.0209824 0.0707397 147.707 503 458803
1.3518 21.4346 1.15071 21.4819 0.0629827 0.0209824 0.0707397 148.269 506 458803
1.01385 21.458 0.7 21.4819 0.047213 0 0.0707397 146.957 499 458803
1.3518 21.4394 0.7 21.4819 0.0629689 0 -0 158.019 558 458803
1.3518 21.4346 1.15071 21.4819 0.0629827 0.0209824 -0 156.332 549 458803
3.71745 21.153 1.15071 21.4819 0.173964 0.0209824 -0.0707397 148.832 509 458803
1.3518 21.4394 0.7 21.4819 0.0629689 0 -0.0707397 150.894 520 458803
1.3518 21.4346 0.249291 21.4819 0.0629827 -0.0209824 -0.0707397 148.082 505 458803
1.3518 21.4346 1.15071 21.4819 0.0629827 0.0209824 -0.0707397 149.394 512 458803
1.01385 21.458 0.7 21.4819 0.047213 0 -0.0707397 147.707 503 458803
1.36387 21.6308 0.7 21.6737 0.0629689 0 -0 153.332 533 458803
1.36387 21.6308 0.7 21.6737 0.0629689 0 -0.0707397 147.144 500 458803
5.15977 21.2431 1.15876 21.8655 0.238277 0.0209824 0.0707397 149.207 511 458803
4.81578 21.3089 1.61751 21.8655 0.222265 0.041974 0.0707397 149.019 510 458803
4.81578 21.3237 1.15876 21.8655 0.222116 0.0209824 0.0707397 154.082 537 458803
4.4718 21.3985 1.15876 21.8655 0.206013 0.0209824 0.0707397 149.582 513 458803
5.15977 21.2431 1.15876 21.8655 0.238277 0.0209824 -0 156.332 549 458803
4.81578 21.3089 1.61751 21.8655 0.222265 0.041974 -0 156.332 549 458803
4.81578 21.3237 1.15876 21.8655 0.222116 0.0209824 -0 161.582 577 458803
4.4718 21.3985 1.15876 21.8655 0.206013 0.0209824 -0 156.707 551 458803
5.15977 21.2431 1.15876 21.8655 0.238277 0.0209824 -0.0707397 148.832 509 458803
4.81578 21.3089 1.61751 21.8655 0.222265 0.041974 -0.0707397 149.394 512 458803
4.81578 21.3237 1.15876 21.8655 0.222116 0.0209824 -0.0707397 154.269 538 458803
4.4718 21.3985 1.15876 21.8655 0.206013 0.0209824 -0.0707397 149.957 515 458803
4.85803 21.5107 1.16278 22.0573 0.222116 0.0209824 0.0707397 149.457 507 458803
5.20503 21.4294 1.16278 22.0573 0.238277 0.0209824 -0 153.207 527 458803
4.85803 21.4958 1.62556 22.0573 0.222265 0.041974 -0 151.707 519 458803
4.85803 21.5107 1.16278 22.0573 0.222116 0.0209824 -0 157.519 550 458803
4.51103 21.5862 1.16278 22.0573 0.206013 0.0209824 -0 152.457 523 458803
5.20503 21.4294 1.16278 22.0573 0.238277 0.0209824 -0.0707397 146.832 493 458803
4.85803 21.5107 1.16278 22.0573 0.222116 0.0209824 -0.0707397 151.332 517 458803
4.51103 21.5862 1.16278 22.0573 0.206013 0.0209824 -0.0707397 146.269 490 458803
8.05045 20.7206 1.63361 22.2491 0.370574 0.041974 -0 141.019 462 458803
8.05045 20.7364 1.16681 22.2491 0.370317 0.0209824 -0 142.519 470 458803
4.90027 21.6978 1.16681 22.2491 0.222116 0.0209824 -0 146.832 493 458803
2.80015 22.0722 0.7 22.2491 0.126189 0 -0 141.957 467 458803
2.80015 22.0673 1.16681 22.2491 0.126217 0.0209824 -0 141.582 465 458803
8.05045 20.7364 1.16681 22.2491 0.370317 0.0209824 -0.0707397 135.957 435 458803
1.79536 22.7538 0.7 22.8246 0.0787404 0 0.0707397 153.269 522 458803
1.43629 22.7793 0.7 22.8246 0.0629689 0 0.0707397 154.957 531 458803
1.43629 22.7743 1.17888 22.8246 0.0629827 0.0209824 0.0707397 150.832 509 458803
1.07721 22.7991 0.7 22.8246 0.047213 0 0.0707397 152.332 517 458803
1.79536 22.7538 0.7 22.8246 0.0787404 0 -0 160.394 560 458803
1.43629 22.7793 0.7 22.8246 0.0629689 0 -0 162.082 569 458803
1.43629 22.7743 1.17888 22.8246 0.0629827 0.0209824 -0 158.144 548 458803
1.07721 22.7991 0.7 22.8246 0.047213 0 -0 159.457 555 458803
1.79536 22.7538 0.7 22.8246 0.0787404 0 -0.0707397 153.082 521 458803
1.43629 22.7793 0.7 22.8246 0.0629689 0 -0.0707397 155.144 532 458803
1.43629 22.7743 1.17888 22.8246 0.0629827 0.0209824 -0.0707397 151.207 511 458803
1.07721 22.7991 0.7 22.8246 0.047213 0 -0.0707397 152.332 517 458803
1.81044 22.945 0.7 23.0164 0.0787404 0 0.0707397 152.707 519 458803
1.44836 22.9707 0.7 23.0164 0.0629689 0 0.0707397 155.519 534 458803
1.44836 22.9657 1.1829 23.0164 0.0629827 0.0209824 0.0707397 151.957 515 458803
1.08627 22.9907 0.7 23.0164 0.047213 0 0.0707397 153.832 525 458803
1.08627 22.9856 1.1829 23.0164 0.0472234 0.0209824 0.0707397 151.207 511 458803
1.81044 22.945 0.7 23.0164 0.0787404 0 -0 160.207 559 458803
1.44836 22.9707 0.7 23.0164 0.0629689 0 -0 163.394 576 458803
1.44836 22.9657 1.1829 23.0164 0.0629827 0.0209824 -0 159.644 556 458803
1.08627 22.9907 0.7 23.0164 0.047213 0 -0 161.519 566 458803
1.81044 22.945 0.7 23.0164 0.0787404 0 -0.0707397 153.457 523 458803
1.44836 22.9707 0.7 23.0164 0.0629689 0 -0.0707397 156.644 540 458803
1.44836 22.9657 1.1829 23.0164 0.0629827 0.0209824 -0.0707397 153.082 521 458803
1.08627 22.9907 0.7 23.0164 0.047213 0 -0.0707397 154.582 529 458803
-14.8456 18.3352 0.7 23.5918 -0.680617 0 0.0707397 137.332 437 458803
-14.8456 18.3285 0.205025 23.5918 -0.680795 -0.0209824 0.0707397 135.832 429 458803
-14.8456 18.3352 0.7 23.5918 -0.680617 0 -0 144.082 473 458803
-14.8456 18.3285 0.205025 23.5918 -0.680795 -0.0209824 -0 142.207 463 458803
-13.7322 19.1769 1.19497 23.5918 -0.621438 0.0209824 -0.0707397 133.019 414 458803
-14.1034 18.9056 1.19497 23.5918 -0.640929 0.0209824 -0.0707397 134.332 421 458803
-14.8456 18.3352 0.7 23.5918 -0.680617 0 -0.0707397 137.144 436 458803
-14.8456 18.3285 0.205025 23.5918 -0.680795 -0.0209824 -0.0707397 134.894 424 458803
-15.2168 18.0283 0.7 23.5918 -0.701029 0 -0.0707397 133.957 419 458803
-7.10901 22.6908 0.201001 23.7836 -0.303613 -0.0209824 0.0707397 136.207 431 458803
-14.5922 18.781 0.7 23.7836 -0.660537 0 0.0707397 138.082 441 458803
-14.9663 18.4842 0.7 23.7836 -0.680617 0 0.0707397 138.082 441 458803
-14.9663 18.4775 0.201001 23.7836 -0.680795 -0.0209824 0.0707397 135.832 429 458803
-14.5922 18.781 0.7 23.7836 -0.660537 0 -0 145.207 479 458803
-14.9663 18.4842 0.7 23.7836 -0.680617 0 -0 145.957 483 458803
-7.10901 22.6908 0.201001 23.7836 -0.303613 -0.0209824 -0.0707397 136.019 430 458803
-14.5922 18.781 0.7 23.7836 -0.660537 0 -0.0707397 137.894 440 458803
-14.9663 18.4842 0.7 23.7836 -0.680617 0 -0.0707397 139.019 446 458803
-14.9663 18.4775 0.201001 23.7836 -0.680795 -0.0209824 -0.0707397 136.394 432 458803
1.52077 24.1193 0.7 24.1672 0.0629689 0 0.0707397 148.582 497 458803
1.14058 24.1402 0.7 24.1672 0.047213 0 0.0707397 149.144 500 458803
1.14058 24.1349 1.20705 24.1672 0.0472234 0.0209824 0.0707397 147.082 489 458803
1.52077 24.1193 0.7 24.1672 0.0629689 0 -0 155.894 536 458803
1.52077 24.1139 1.20705 24.1672 0.0629827 0.0209824 -0 154.207 527 458803
1.14058 24.1402 0.7 24.1672 0.047213 0 -0 156.269 538 458803
1.14058 24.1349 1.20705 24.1672 0.0472234 0.0209824 -0 154.394 528 458803
1.52077 24.1193 0.7 24.1672 0.0629689 0 -0.0707397 148.394 496 458803
1.14058 24.1402 0.7 24.1672 0.047213 0 -0.0707397 148.582 497 458803
1.14058 24.1349 1.20705 24.1672 0.0472234 0.0209824 -0.0707397 147.082 489 458803
1.53284 24.3107 0.7 24.359 0.0629689 0 0.0707397 149.957 499 458803
1.53284 24.3053 1.21107 24.359 0.0629827 0.0209824 0.0707397 149.019 494 458803
1.14963 24.3318 0.7 24.359 0.047213 0 0.0707397 150.332 501 458803
1.14963 24.3265 1.21107 24.359 0.0472234 0.0209824 0.0707397 148.644 492 458803
1.53284 24.3107 0.7 24.359 0.0629689 0 -0 157.644 540 458803
1.53284 24.3053 1.21107 24.359 0.0629827 0.0209824 -0 156.519 534 458803
1.14963 24.3318 0.7 24.359 0.047213 0 -0 158.207 543 458803
1.14963 24.3265 1.21107 24.359 0.0472234 0.0209824 -0 156.519 534 458803
1.53284 24.3107 0.7 24.359 0.0629689 0 -0.0707397 150.894 504 458803
1.53284 24.3053 1.21107 24.359 0.0629827 0.0209824 -0.0707397 149.957 499 458803
1.14963 24.3318 0.7 24.359 0.047213 0 -0.0707397 151.644 508 458803
1.14963 24.3265 1.21107 24.359 0.0472234 0.0209824 -0.0707397 150.144 500 458803
10.0419 22.4031 0.7 24.5508 0.421388 0 -0 135.144 420 458803
9.65571 22.5723 0.7 24.5508 0.404213 0 -0 135.519 422 458803
9.48673 23.2664 0.7 25.1262 0.387164 0 -0 134.582 417 458803
9.09145 23.4237 0.7 25.1262 0.370232 0 -0 135.144 420 458803
11.1523 22.7294 0.7 25.318 0.456145 0 -0 136.832 429 458803
11.1523 22.7046 1.76239 25.318 0.456578 0.041974 -0 138.894 440 458803
11.1523 22.7232 1.23119 25.318 0.456253 0.0209824 -0 139.832 445 458803
10.754 22.9144 1.23119 25.318 0.438799 0.0209824 -0 137.394 432 458803
-16.7014 19.7872 0.7 25.8934 -0.701029 0 0.0707397 136.144 420 458803
-16.294 20.124 0.7 25.8934 -0.680617 0 -0 141.019 446 458803
-16.294 20.1166 0.156735 25.8934 -0.680795 -0.0209824 -0 138.957 435 458803
-16.7014 19.7872 0.7 25.8934 -0.701029 0 -0 142.707 455 458803
-16.7014 19.7797 0.156735 25.8934 -0.701215 -0.0209824 -0 141.019 446 458803
-16.7014 19.7797 1.24327 25.8934 -0.701215 0.0209824 -0 138.582 433 458803
-16.7014 19.7872 0.7 25.8934 -0.701029 0 -0.0707397 135.957 419 458803
-16.4147 20.273 0.7 26.0852 -0.680617 0 0.0707397 142.332 453 458803
-16.4147 20.2656 0.152711 26.0852 -0.680795 -0.0209824 0.0707397 139.894 440 458803
-16.8251 19.9338 0.7 26.0852 -0.701029 0 0.0707397 142.144 452 458803
-16.8251 19.9263 0.152711 26.0852 -0.701215 -0.0209824 0.0707397 140.457 443 458803
-16.4147 20.273 0.7 26.0852 -0.680617 0 -0 149.832 493 458803
-16.4147 20.2656 0.152711 26.0852 -0.680795 -0.0209824 -0 147.207 479 458803
-16.8251 19.9338 0.7 26.0852 -0.701029 0 -0 150.019 494 458803
-16.8251 19.9263 0.152711 26.0852 -0.701215 -0.0209824 -0 148.144 484 458803
-16.4147 20.273 0.7 26.0852 -0.680617 0 -0.0707397 142.707 455 458803
-16.4147 20.2656 0.152711 26.0852 -0.680795 -0.0209824 -0.0707397 140.082 441 458803
-16.8251 19.9338 0.7 26.0852 -0.701029 0 -0.0707397 143.082 457 458803
-16.8251 19.9263 0.152711 26.0852 -0.701215 -0.0209824 -0.0707397 141.394 448 458803
11.3243 24.1295 1.25936 26.6606 0.438799 0.0209824 -0 132.582 401 458803
6.71072 25.583 4.05617 26.6606 0.256532 0.12622 -0 135.957 419 458803
6.2913 25.6894 4.05617 26.6606 0.240172 0.12622 -0 138.394 432 458803
6.2913 25.8835 1.81872 26.6606 0.238438 0.041974 -0 136.519 422 458803
6.75899 25.7671 4.08032 26.8524 0.256532 0.12622 -0 140.457 443 458803
6.75899 25.8347 3.51693 26.8524 0.255889 0.105098 -0 141.957 451 458803
6.33656 25.8742 4.08032 26.8524 0.240172 0.12622 -0 140.832 445 458803
6.33656 25.9416 3.51693 26.8524 0.239572 0.105098 -0 142.707 455 458803
6.33656 25.9416 3.51693 26.8524 0.239572 0.105098 -0.0707397 136.144 420 458803
10.8627 25.3938 0.7 27.6196 0.404213 0 0.0707397 133.582 401 458803
10.4282 25.5753 0.7 27.6196 0.387164 0 0.0707397 135.644 412 458803
10.4282 25.5753 0.7 27.6196 0.387164 0 -0 143.332 453 458803
6.5176 26.8146 1.85897 27.6196 0.238438 0.041974 -0 143.707 455 458803
6.5176 26.8334 1.27948 27.6196 0.238277 0.0209824 -0 143.144 452 458803
6.0831 26.9165 1.85897 27.6196 0.222265 0.041974 -0 143.144 452 458803
10.8627 25.3938 0.7 27.6196 0.404213 0 -0.0707397 135.644 412 458803
10.4282 25.5753 0.7 27.6196 0.387164 0 -0.0707397 136.394 416 458803
10.6454 26.1081 0.7 28.195 0.387164 0 -0 140.332 437 458803
6.65339 26.1171 8.98178 28.195 0.249446 0.298128 -0 141.457 443 458803
6.20983 26.2261 8.98178 28.195 0.232498 0.298128 -0 140.707 439 458803
-19.2028 20.9061 0.7 28.3868 -0.742956 0 -0 138.269 426 458803
-19.6494 20.487 0.7 28.3868 -0.764533 0 -0 140.894 440 458803
-19.6494 20.4783 0.10442 28.3868 -0.764744 -0.0209824 -0 139.207 431 458803
3.12603 28.2079 1.29558 28.3868 0.110371 0.0209824 -0 137.519 422 458803
3.12603 28.2079 1.29558 28.3868 0.110371 0.0209824 -0.0707397 133.019 398 458803
2.73377 28.8265 1.30765 28.9622 0.0945525 0.0209824 -0 136.457 411 458803
3.66917 28.9222 0.7 29.1541 0.126189 0 -0 134.957 403 458803
3.66917 28.9158 1.31168 29.1541 0.126217 0.0209824 -0 134.394 400 458803
2.75188 29.0239 0.7 29.1541 0.0945316 0 -0 137.957 419 458803
2.75188 29.0174 1.31168 29.1541 0.0945525 0.0209824 -0 136.457 411 458803
3.74159 29.4931 0.7 29.7295 0.126189 0 -0 140.582 433 458803
3.74159 29.4865 1.32375 29.7295 0.126217 0.0209824 -0 141.707 439 458803
3.27389 29.5486 0.7 29.7295 0.110346 0 -0 140.582 433 458803
3.27389 29.5421 1.32375 29.7295 0.110371 0.0209824 -0 141.894 440 458803
8.9436 28.5534 0.7 29.9213 0.303544 0 -0 139.832 429 458803
3.29501 29.7327 1.32777 29.9213 0.110371 0.0209824 -0 139.644 428 458803
3.35838 30.3112 0.7 30.4967 0.110346 0 -0 141.394 432 458803
3.35838 30.3044 1.33985 30.4967 0.110371 0.0209824 -0 142.144 436 458803
2.87861 30.3605 0.7 30.4967 0.0945316 0 -0 142.144 436 458803
2.87861 30.3538 1.33985 30.4967 0.0945525 0.0209824 -0 143.832 445 458803
-7.24178 29.8148 0.0561301 30.6885 -0.238277 -0.0209824 0.0707397 137.644 412 458803
6.27621 30.0398 0.7 30.6885 0.205967 0 -0 153.582 497 458803
6.27621 30.0329 1.34387 30.6885 0.206013 0.0209824 -0 153.957 499 458803
5.79342 30.1367 0.7 30.6885 0.189921 0 -0 150.582 481 458803
5.79342 30.1298 1.34387 30.6885 0.189964 0.0209824 -0 151.144 484 458803
-7.24178 29.8148 0.0561301 30.6885 -0.238277 -0.0209824 -0.0707397 137.832 413 458803
6.84348 30.3091 0.7 31.0721 0.222066 0 0.0707397 154.894 504 458803
6.35466 30.4153 0.7 31.0721 0.205967 0 0.0707397 159.207 527 458803
6.35466 30.4083 1.35192 31.0721 0.206013 0.0209824 0.0707397 159.207 527 458803
6.84348 30.3091 0.7 31.0721 0.222066 0 -0 162.957 547 458803
6.35466 30.4153 0.7 31.0721 0.205967 0 -0 166.894 568 458803
6.35466 30.4083 1.35192 31.0721 0.206013 0.0209824 -0 166.894 568 458803
6.84348 30.3091 0.7 31.0721 0.222066 0 -0.0707397 156.207 511 458803
6.35466 30.4153 0.7 31.0721 0.205967 0 -0.0707397 160.332 533 458803
6.35466 30.4083 1.35192 31.0721 0.206013 0.0209824 -0.0707397 160.144 532 458803
6.88573 30.4962 0.7 31.2639 0.222066 0 -0 153.394 496 458803
6.39389 30.6031 0.7 31.2639 0.205967 0 -0 157.707 519 458803
6.39389 30.5961 1.35594 31.2639 0.206013 0.0209824 -0 157.144 516 458803
6.39389 30.6031 0.7 31.2639 0.205967 0 -0.0707397 152.082 489 458803
6.39389 30.5961 1.35594 31.2639 0.206013 0.0209824 -0.0707397 151.144 484 458803
6.43311 30.7908 0.7 31.4557 0.205967 0 -0 151.894 488 458803
6.43311 30.7838 1.35997 31.4557 0.206013 0.0209824 -0 152.644 492 458803
1.48456 31.4206 0.7 31.4557 0.047213 0 -0 153.207 495 458803
1.52077 32.187 0.7 32.2229 0.047213 0 -0 155.082 505 458803
1.52077 32.1799 0.0239366 32.2229 0.0472234 -0.0209824 -0 153.394 496 458803
1.01385 32.2069 0.7 32.2229 0.0314688 0 -0 152.644 492 458803
1.53888 32.5702 0.7 32.6065 0.047213 0 0.0707397 160.332 533 458803
1.53888 32.563 0.0158883 32.6065 0.0472234 -0.0209824 0.0707397 159.394 528 458803
1.02592 32.5904 0.7 32.6065 0.0314688 0 0.0707397 157.332 517 458803
1.02592 32.5832 0.0158883 32.6065 0.0314757 -0.0209824 0.0707397 156.207 511 458803
1.53888 32.5702 0.7 32.6065 0.047213 0 -0 167.832 573 458803
1.53888 32.563 0.0158883 32.6065 0.0472234 -0.0209824 -0 166.894 568 458803
1.02592 32.5904 0.7 32.6065 0.0314688 0 -0 165.019 558 458803
1.02592 32.5832 0.0158883 32.6065 0.0314757 -0.0209824 -0 163.519 550 458803
1.53888 32.5702 0.7 32.6065 0.047213 0 -0.0707397 160.894 536 458803
1.53888 32.563 0.0158883 32.6065 0.0472234 -0.0209824 -0.0707397 159.957 531 458803
1.02592 32.5904 0.7 32.6065 0.0314688 0 -0.0707397 157.894 520 458803
1.02592 32.5832 0.0158883 32.6065 0.0314757 -0.0209824 -0.0707397 156.582 513 458803
1.54793 32.7618 0.7 32.7983 0.047213 0 -0 158.144 516 458803
1.54793 32.7545 0.0118641 32.7983 0.0472234 -0.0209824 -0 158.707 519 458803
1.03195 32.7821 0.7 32.7983 0.0314688 0 -0 154.582 497 458803
1.03195 32.7748 0.0118641 32.7983 0.0314757 -0.0209824 -0 155.332 501 458803
1.54793 32.7618 0.7 32.7983 0.047213 0 -0.0707397 152.332 485 458803
1.54793 32.7545 0.0118641 32.7983 0.0472234 -0.0209824 -0.0707397 152.894 488 458803
-6.74692 32.2854 0.00783986 32.9901 -0.206013 -0.0209824 0.0707397 138.457 411 458803
-7.26592 32.18 0.7 32.9901 -0.222066 0 0.0707397 137.519 406 458803
-7.26592 32.1726 0.00783986 32.9901 -0.222116 -0.0209824 0.0707397 142.019 430 458803
-22.8357 23.5563 4.1608 32.9901 -0.769868 0.105098 0.0707397 137.332 405 458803
-7.26592 32.1726 0.00783986 32.9901 -0.222116 -0.0209824 -0 149.332 469 458803
1.55698 32.9534 0.7 32.9901 0.047213 0 -0 153.082 489 458803
1.55698 32.9461 0.00783986 32.9901 0.0472234 -0.0209824 -0 152.332 485 458803
-6.74692 32.2854 0.00783986 32.9901 -0.206013 -0.0209824 -0.0707397 139.394 416 458803
-7.26592 32.1726 0.00783986 32.9901 -0.222116 -0.0209824 -0.0707397 142.394 432 458803
-22.8357 23.5563 4.1608 32.9901 -0.769868 0.105098 -0.0707397 139.019 414 458803
5.28046 32.96 4.22116 33.5655 0.158858 0.105098 0.0707397 136.207 399 458803
5.28046 32.96 4.22116 33.5655 0.158858 0.105098 -0 143.519 438 458803
3.69633 33.175 4.22116 33.5655 0.110961 0.105098 -0 143.519 438 458803
10.0329 31.8369 4.22116 33.5655 0.305283 0.105098 -0.0707397 135.082 393 458803
5.28046 32.96 4.22116 33.5655 0.158858 0.105098 -0.0707397 136.957 403 458803
4.75242 33.0403 4.22116 33.5655 0.142857 0.105098 -0.0707397 135.832 397 458803
18.5872 28.1793 0.7 33.7573 0.583099 0 -0 135.832 397 458803
-16.463 29.4708 0.7 33.7573 -0.509437 0 -0 136.019 398 458803
-16.463 29.4623 1.40826 33.7573 -0.50956 0.0209824 -0 137.332 405 458803
-16.994 29.1678 0.7 33.7573 -0.52755 0 -0 137.894 408 458803
-16.994 29.1592 1.40826 33.7573 -0.527678 0.0209824 -0 138.457 411 458803
10.2622 32.5646 4.30165 34.3327 0.305283 0.105098 -0 136.269 394 458803
5.40116 33.6286 5.02198 34.3327 0.159252 0.12622 -0 135.332 389 458803
4.86104 33.7109 5.02198 34.3327 0.143211 0.12622 -0 134.957 387 458803
4.86104 33.7955 4.30165 34.3327 0.142857 0.105098 -0 135.144 388 458803
-16.5656 30.9362 1.43643 35.0999 -0.491624 0.0209824 0.0707397 142.832 429 458803
-17.1178 30.6341 1.43643 35.0999 -0.50956 0.0209824 0.0707397 144.894 440 458803
5.52186 34.5375 3.6457 35.0999 0.158538 0.0840222 0.0707397 143.582 433 458803
-17.1178 30.6341 1.43643 35.0999 -0.50956 0.0209824 -0 152.207 479 458803
5.52186 34.5375 3.6457 35.0999 0.158538 0.0840222 -0 151.082 473 458803
-16.5656 30.9362 1.43643 35.0999 -0.491624 0.0209824 -0.0707397 143.019 430 458803
-17.1178 30.6341 1.43643 35.0999 -0.50956 0.0209824 -0.0707397 144.894 440 458803
5.52186 34.5375 3.6457 35.0999 0.158538 0.0840222 -0.0707397 144.332 437 458803
-7.21764 34.5379 -0.0404503 35.2917 -0.206013 -0.0209824 0.0707397 134.582 385 458803
4.99683 34.6526 5.1427 35.2917 0.143211 0.12622 0.0707397 138.332 405 458803
4.99683 34.7395 4.40225 35.2917 0.142857 0.105098 0.0707397 139.457 411 458803
4.99683 34.8104 3.6618 35.2917 0.14257 0.0840222 0.0707397 136.269 394 458803
4.99683 34.7395 4.40225 35.2917 0.142857 0.105098 -0 146.957 451 458803
5.55203 34.568 5.1427 35.2917 0.159252 0.12622 -0.0707397 136.457 395 458803
5.55203 34.6551 4.40225 35.2917 0.158858 0.105098 -0.0707397 138.144 404 458803
4.99683 34.6526 5.1427 35.2917 0.143211 0.12622 -0.0707397 137.582 401 458803
4.99683 34.7395 4.40225 35.2917 0.142857 0.105098 -0.0707397 140.582 417 458803
4.99683 34.8104 3.6618 35.2917 0.14257 0.0840222 -0.0707397 137.582 401 458803
6.77106 35.0934 3.71009 35.8672 0.190602 0.0840222 0.0707397 139.457 411 458803
6.77106 35.0934 3.71009 35.8672 0.190602 0.0840222 -0 146.394 448 458803
6.20681 35.1976 3.71009 35.8672 0.174548 0.0840222 -0 145.269 442 458803
6.77106 35.0934 3.71009 35.8672 0.190602 0.0840222 -0.0707397 138.519 406 458803
6.20681 35.1976 3.71009 35.8672 0.174548 0.0840222 -0.0707397 138.519 406 458803
5.67273 35.4811 3.72619 36.059 0.158538 0.0840222 0.0707397 137.394 400 458803
7.37455 35.1668 3.72619 36.059 0.206706 0.0840222 -0 144.332 437 458803
6.80727 35.281 3.72619 36.059 0.190602 0.0840222 -0 144.332 437 458803
5.67273 35.4811 3.72619 36.059 0.158538 0.0840222 -0 144.707 439 458803
5.67273 35.4811 3.72619 36.059 0.158538 0.0840222 -0.0707397 137.394 400 458803
1.72897 36.5855 1.46862 36.6344 0.0472234 0.0209824 0.0707397 154.332 485 458803
1.15265 36.6082 1.46862 36.6344 0.0314757 0.0209824 0.0707397 154.707 487 458803
1.72897 36.5855 1.46862 36.6344 0.0472234 0.0209824 -0 161.082 521 458803
1.15265 36.6082 1.46862 36.6344 0.0314757 0.0209824 -0 161.269 522 458803
1.72897 36.5855 1.46862 36.6344 0.0472234 0.0209824 -0.0707397 153.582 481 458803
1.15265 36.6082 1.46862 36.6344 0.0314757 0.0209824 -0.0707397 154.144 484 458803
1.73803 36.777 -0.0726438 36.8262 0.0472234 -0.0209824 0.0707397 152.082 473 458803
1.73803 36.777 1.47264 36.8262 0.0472234 0.0209824 0.0707397 156.582 497 458803
1.15868 36.7998 1.47264 36.8262 0.0314757 0.0209824 0.0707397 156.394 496 458803
1.73803 36.777 -0.0726438 36.8262 0.0472234 -0.0209824 -0 159.957 515 458803
1.73803 36.777 1.47264 36.8262 0.0472234 0.0209824 -0 163.707 535 458803
1.15868 36.7998 1.47264 36.8262 0.0314757 0.0209824 -0 163.894 536 458803
1.73803 36.777 -0.0726438 36.8262 0.0472234 -0.0209824 -0.0707397 153.207 479 458803
1.73803 36.777 1.47264 36.8262 0.0472234 0.0209824 -0.0707397 156.582 497 458803
1.15868 36.7998 1.47264 36.8262 0.0314757 0.0209824 -0.0707397 156.957 499 458803
-15.8867 33.8599 0.7 37.4016 -0.438696 0 0.0707397 149.082 457 458803
-15.2983 34.1298 0.7 37.4016 -0.421388 0 -0 153.582 481 458803
-15.8867 33.8599 0.7 37.4016 -0.438696 0 -0 156.582 497 458803
-15.8867 33.8508 -0.0847164 37.4016 -0.438799 -0.0209824 -0 151.332 469 458803
-15.8867 33.8508 1.48472 37.4016 -0.438799 0.0209824 -0 152.082 473 458803
-15.8867 33.8599 0.7 37.4016 -0.438696 0 -0.0707397 150.394 464 458803
-15.3767 34.3048 0.7 37.5934 -0.421388 0 0.0707397 154.332 485 458803
-15.9681 34.0335 0.7 37.5934 -0.438696 0 0.0707397 155.644 492 458803
-15.9681 34.0244 -0.0887406 37.5934 -0.438799 -0.0209824 0.0707397 151.332 469 458803
-15.9681 34.0244 1.48874 37.5934 -0.438799 0.0209824 0.0707397 151.144 468 458803
-15.3767 34.3048 0.7 37.5934 -0.421388 0 -0 162.019 526 458803
-15.9681 34.0335 0.7 37.5934 -0.438696 0 -0 163.332 533 458803
-15.9681 34.0244 -0.0887406 37.5934 -0.438799 -0.0209824 -0 159.207 511 458803
-15.9681 34.0244 1.48874 37.5934 -0.438799 0.0209824 -0 158.832 509 458803
-15.3767 34.3048 0.7 37.5934 -0.421388 0 -0.0707397 155.082 489 458803
-15.9681 34.0335 0.7 37.5934 -0.438696 0 -0.0707397 156.394 496 458803
-15.9681 34.0244 -0.0887406 37.5934 -0.438799 -0.0209824 -0.0707397 152.082 473 458803
-15.9681 34.0244 1.48874 37.5934 -0.438799 0.0209824 -0.0707397 151.894 472 458803
7.80604 37.3277 2.30163 38.1688 0.206151 0.041974 -0 135.582 385 458803
7.20557 37.4482 2.30163 38.1688 0.190091 0.041974 -0 136.332 389 458803
6.60511 37.3791 4.70407 38.1688 0.1749 0.105098 -0 136.707 391 458803
6.60511 37.4562 3.90325 38.1688 0.174548 0.0840222 -0 137.269 394 458803
6.60511 37.5588 2.30163 38.1688 0.17408 0.041974 -0 135.957 387 458803
6.00464 37.4802 4.70407 38.1688 0.158858 0.105098 -0 137.082 393 458803
6.00464 37.5572 3.90325 38.1688 0.158538 0.0840222 -0 136.519 390 458803
6.00464 37.4802 4.70407 38.1688 0.158858 0.105098 -0.0707397 135.394 384 458803
24.7427 29.3144 0.7 38.3606 0.701029 0 -0 141.207 415 458803
24.1393 29.8133 0.7 38.3606 0.680617 0 -0 145.332 437 458803
7.24178 37.6364 2.30967 38.3606 0.190091 0.041974 -0 140.832 413 458803
24.5014 30.2494 1.51691 38.936 0.680795 0.0209824 -0 139.582 401 458803
-15.3888 35.9652 -0.120934 39.1278 -0.404307 -0.0209824 -0 142.582 417 458803
6.15551 38.6319 1.52093 39.1278 0.158009 0.0209824 -0 139.019 398 458803
-15.6151 36.4941 -0.133007 39.7032 -0.404307 -0.0209824 -0 141.082 409 458803
-6.90383 39.2931 0.7 39.895 -0.173925 0 0.0707397 134.332 373 458803
-6.90383 39.2931 0.7 39.895 -0.173925 0 -0.0707397 135.457 379 458803
6.27621 39.1753 4.88515 39.895 0.158858 0.105098 -0.0707397 133.582 369 458803
6.27621 39.2557 4.04812 39.895 0.158538 0.0840222 -0.0707397 133.394 368 458803
6.27621 39.3894 1.53703 39.895 0.158009 0.0209824 -0.0707397 133.207 367 458803
8.91342 39.3944 3.24731 40.4704 0.222515 0.0629841 -0 138.644 396 458803
8.27675 39.6059 1.5491 40.4704 0.206013 0.0209824 -0 137.707 391 458803
-15.3526 37.6526 0.7 40.6622 -0.387164 0 0.0707397 137.519 390 458803
-15.3526 37.6429 1.55313 40.6622 -0.387253 0.0209824 0.0707397 140.144 404 458803
-15.9923 37.3756 1.55313 40.6622 -0.404307 0.0209824 0.0707397 140.894 408 458803
-15.3526 37.6526 0.7 40.6622 -0.387164 0 -0 143.332 421 458803
-15.3526 37.6429 1.55313 40.6622 -0.387253 0.0209824 -0 145.394 432 458803
-15.9923 37.3854 0.7 40.6622 -0.404213 0 -0 144.644 428 458803
-15.9923 37.3756 1.55313 40.6622 -0.404307 0.0209824 -0 146.707 439 458803
-19.4623 36.191 -2.7608 41.2376 -0.493402 -0.0840222 -0 139.082 393 458803
-20.111 35.9908 1.5652 41.2376 -0.50956 0.0209824 -0 139.644 396 458803
-19.5528 36.3593 4.1769 41.4294 -0.493402 0.0840222 -0 141.144 404 458803
-19.5528 36.3593 4.1769 41.4294 -0.493402 0.0840222 -0.0707397 134.207 367 458803
32.3798 26.7573 0.7 42.0049 0.880188 0 -0 136.269 378 458803
31.719 27.5375 0.7 42.0049 0.855848 0 -0 136.644 380 458803
28.4149 30.9354 0.7 42.0049 0.742956 0 -0 134.582 369 458803
28.4149 30.9228 1.5813 42.0049 0.743158 0.0209824 -0 134.582 369 458803
-21.146 36.294 0.7 42.0049 -0.52755 0 -0 135.332 373 458803
6.60812 41.4724 1.5813 42.0049 0.158009 0.0209824 -0 135.519 374 458803
5.94731 41.5723 1.5813 42.0049 0.142095 0.0209824 -0 135.144 372 458803
-6.6383 41.6712 0.7 42.1967 -0.157974 0 0.0707397 134.957 371 458803
-6.6383 41.6336 2.47064 42.1967 -0.158115 0.041974 0.0707397 134.957 371 458803
-6.6383 41.6618 1.58532 42.1967 -0.158009 0.0209824 0.0707397 139.644 396 458803
-7.30213 41.5506 1.58532 42.1967 -0.173964 0.0209824 0.0707397 138.894 392 458803
-15.2681 39.3276 1.58532 42.1967 -0.370317 0.0209824 0.0707397 135.707 375 458803
-6.6383 41.6618 1.58532 42.1967 -0.158009 0.0209824 -0 146.582 433 458803
-7.30213 41.5506 1.58532 42.1967 -0.173964 0.0209824 -0 146.207 431 458803
-6.6383 41.6336 2.47064 42.1967 -0.158115 0.041974 -0.0707397 134.582 369 458803
-6.6383 41.6618 1.58532 42.1967 -0.158009 0.0209824 -0.0707397 138.519 390 458803
-7.30213 41.5506 1.58532 42.1967 -0.173964 0.0209824 -0.0707397 138.519 390 458803
-15.2681 39.3276 1.58532 42.1967 -0.370317 0.0209824 -0.0707397 135.144 372 458803
28.9339 31.5004 0.7 42.7721 0.742956 0 0.0707397 140.207 399 458803
28.9339 31.4876 1.59739 42.7721 0.743158 0.0209824 0.0707397 140.019 398 458803
28.261 32.1055 0.7 42.7721 0.721799 0 0.0707397 143.582 417 458803
28.261 32.0929 1.59739 42.7721 0.721993 0.0209824 0.0707397 142.832 413 458803
28.9339 31.5004 0.7 42.7721 0.742956 0 -0 146.582 433 458803
28.9339 31.4876 1.59739 42.7721 0.743158 0.0209824 -0 145.832 429 458803
28.261 32.1055 0.7 42.7721 0.721799 0 -0 149.957 451 458803
28.261 32.0929 1.59739 42.7721 0.721993 0.0209824 -0 148.644 444 458803
28.9339 31.5004 0.7 42.7721 0.742956 0 -0.0707397 137.957 387 458803
28.9339 31.4876 1.59739 42.7721 0.743158 0.0209824 -0.0707397 137.207 383 458803
28.261 32.1055 0.7 42.7721 0.721799 0 -0.0707397 141.332 405 458803
28.261 32.0929 1.59739 42.7721 0.721993 0.0209824 -0.0707397 140.207 399 458803
29.0637 31.6417 0.7 42.9639 0.742956 0 0.0707397 135.144 372 458803
28.3878 32.2495 0.7 42.9639 0.721799 0 0.0707397 138.144 388 458803
28.3878 32.2369 1.60142 42.9639 0.721993 0.0209824 0.0707397 136.457 379 458803
29.0637 31.6417 0.7 42.9639 0.742956 0 -0 143.019 414 458803
28.3878 32.2495 0.7 42.9639 0.721799 0 -0 146.207 431 458803
28.3878 32.2369 1.60142 42.9639 0.721993 0.0209824 -0 144.519 422 458803
29.0637 31.6417 0.7 42.9639 0.742956 0 -0.0707397 135.519 374 458803
28.3878 32.2495 0.7 42.9639 0.721799 0 -0.0707397 138.519 390 458803
28.3878 32.2369 1.60142 42.9639 0.721993 0.0209824 -0.0707397 137.019 382 458803
-20.277 37.7059 -2.90567 42.9639 -0.493402 -0.0840222 -0.0707397 134.394 368 458803
6.84952 42.9874 1.61349 43.5393 0.158009 0.0209824 0.0707397 135.394 368 458803
6.16457 43.0619 2.52698 43.5393 0.14219 0.041974 0.0707397 136.144 372 458803
6.16457 43.091 1.61349 43.5393 0.142095 0.0209824 0.0707397 138.019 382 458803
6.84952 42.9874 1.61349 43.5393 0.158009 0.0209824 -0 142.519 406 458803
6.16457 43.0619 2.52698 43.5393 0.14219 0.041974 -0 143.082 409 458803
6.16457 43.091 1.61349 43.5393 0.142095 0.0209824 -0 145.707 423 458803
6.84952 42.9874 1.61349 43.5393 0.158009 0.0209824 -0.0707397 136.707 375 458803
6.16457 43.0619 2.52698 43.5393 0.14219 0.041974 -0.0707397 137.457 379 458803
6.16457 43.091 1.61349 43.5393 0.142095 0.0209824 -0.0707397 139.707 391 458803
28.2067 33.4184 0.7 43.7311 0.701029 0 0.0707397 134.644 364 458803
28.2067 33.4058 1.61751 43.7311 0.701215 0.0209824 0.0707397 134.457 363 458803
6.19172 43.2808 1.61751 43.7311 0.142095 0.0209824 0.0707397 133.332 357 458803
28.2067 33.4184 0.7 43.7311 0.701029 0 -0.0707397 136.332 373 458803
28.2067 33.4058 1.61751 43.7311 0.701215 0.0209824 -0.0707397 136.144 372 458803
6.19172 43.2808 1.61751 43.7311 0.142095 0.0209824 -0.0707397 134.269 362 458803
5.50375 43.3737 1.61751 43.7311 0.126217 0.0209824 -0.0707397 133.144 356 458803
-16.0315 41.3044 0.7 44.3065 -0.370232 0 0.0707397 137.832 381 458803
-16.0315 41.294 -0.229587 44.3065 -0.370317 -0.0209824 0.0707397 135.957 371 458803
-16.7285 41.0271 0.7 44.3065 -0.387164 0 0.0707397 134.269 362 458803
6.27319 43.8207 2.55917 44.3065 0.14219 0.041974 0.0707397 133.519 358 458803
-16.0315 41.3044 0.7 44.3065 -0.370232 0 -0 145.519 422 458803
-16.0315 41.294 -0.229587 44.3065 -0.370317 -0.0209824 -0 143.457 411 458803
-16.0315 41.3044 0.7 44.3065 -0.370232 0 -0.0707397 138.207 383 458803
-16.0315 41.294 -0.229587 44.3065 -0.370317 -0.0209824 -0.0707397 136.519 374 458803
6.27319 43.8207 2.55917 44.3065 0.14219 0.041974 -0.0707397 135.582 369 458803
6.27319 43.8503 1.62959 44.3065 0.142095 0.0209824 -0.0707397 136.144 372 458803
7.00039 43.9343 1.63361 44.4983 0.158009 0.0209824 0.0707397 131.082 345 458803
6.30035 44.05 0.7 44.4983 0.142064 0 0.0707397 132.019 350 458803
6.30035 44.0401 1.63361 44.4983 0.142095 0.0209824 0.0707397 133.332 357 458803
-16.1009 41.4832 0.7 44.4983 -0.370232 0 -0.0707397 132.582 353 458803
7.00039 43.9442 0.7 44.4983 0.157974 0 -0.0707397 131.457 347 458803
7.00039 43.9343 1.63361 44.4983 0.158009 0.0209824 -0.0707397 133.332 357 458803
6.30035 44.05 0.7 44.4983 0.142064 0 -0.0707397 133.144 356 458803
6.30035 44.0401 1.63361 44.4983 0.142095 0.0209824 -0.0707397 133.332 357 458803
0 45.0737 0.7 45.0737 0 0 0.0707397 136.707 375 458803
0 45.0638 -0.245684 45.0737 0 -0.0209824 0.0707397 137.082 377 458803
-2.83636 44.9844 0.7 45.0737 -0.0629689 0 0.0707397 138.582 385 458803
-2.83636 44.9744 -0.245684 45.0737 -0.0629827 -0.0209824 0.0707397 137.644 380 458803
-4.96364 44.7996 0.7 45.0737 -0.110346 0 0.0707397 138.394 384 458803
-4.96364 44.7896 1.64568 45.0737 -0.110371 0.0209824 0.0707397 137.082 377 458803
0 45.0737 0.7 45.0737 0 0 -0.0707397 137.082 377 458803
0 45.0638 -0.245684 45.0737 0 -0.0209824 -0.0707397 138.394 384 458803
-2.12727 45.0235 0.7 45.0737 -0.047213 0 -0.0707397 136.707 375 458803
-2.83636 44.9844 0.7 45.0737 -0.0629689 0 -0.0707397 138.207 383 458803
-2.83636 44.9744 -0.245684 45.0737 -0.0629827 -0.0209824 -0.0707397 137.082 377 458803
-2.84843 45.1758 0.7 45.2655 -0.0629689 0 0.0707397 139.519 390 458803
-3.56054 45.1253 0.7 45.2655 -0.0787404 0 0.0707397 143.269 410 458803
-3.56054 45.1153 -0.249708 45.2655 -0.0787578 -0.0209824 0.0707397 142.332 405 458803
-4.27265 45.0634 0.7 45.2655 -0.0945316 0 0.0707397 142.332 405 458803
-4.27265 45.0534 -0.249708 45.2655 -0.0945525 -0.0209824 0.0707397 141.207 399 458803
-3.56054 45.1253 0.7 45.2655 -0.0787404 0 -0 150.394 448 458803
-3.56054 45.1153 -0.249708 45.2655 -0.0787578 -0.0209824 -0 149.082 441 458803
-4.27265 45.0634 0.7 45.2655 -0.0945316 0 -0 149.832 445 458803
-4.27265 45.0534 -0.249708 45.2655 -0.0945525 -0.0209824 -0 148.519 438 458803
-3.56054 45.1253 0.7 45.2655 -0.0787404 0 -0.0707397 142.894 408 458803
-3.56054 45.1153 -0.249708 45.2655 -0.0787578 -0.0209824 -0.0707397 141.394 400 458803
-4.27265 45.0634 0.7 45.2655 -0.0945316 0 -0.0707397 143.082 409 458803
-4.27265 45.0534 -0.249708 45.2655 -0.0945525 -0.0209824 -0.0707397 141.394 400 458803
-7.24178 45.4595 0.7 46.0327 -0.157974 0 0.0707397 140.457 395 458803
-7.24178 45.4493 -0.265805 46.0327 -0.158009 -0.0209824 0.0707397 140.269 394 458803
-7.24178 45.4595 0.7 46.0327 -0.157974 0 -0.0707397 141.394 400 458803
-7.24178 45.4493 -0.265805 46.0327 -0.158009 -0.0209824 -0.0707397 141.207 399 458803
-20.5304 41.8428 0.7 46.6081 -0.456145 0 0.0707397 131.707 343 458803
-21.2637 41.475 0.7 46.6081 -0.473746 0 0.0707397 134.144 356 458803
-10.9985 45.2918 0.7 46.6081 -0.238224 0 -0 139.582 385 458803
-21.2637 41.475 0.7 46.6081 -0.473746 0 -0 140.519 390 458803
-10.9985 45.2918 0.7 46.6081 -0.238224 0 -0.0707397 132.457 347 458803
-21.2637 41.475 0.7 46.6081 -0.473746 0 -0.0707397 133.019 350 458803
-21.9969 41.0908 0.7 46.6081 -0.491506 0 -0.0707397 131.519 342 458803
-11.78 45.2931 0.7 46.7999 -0.254446 0 -0 139.207 383 458803
-11.78 45.2931 0.7 46.7999 -0.254446 0 -0.0707397 133.207 351 458803
-11.78 45.2825 -0.281902 46.7999 -0.254503 -0.0209824 -0.0707397 132.457 347 458803
-12.5162 45.0952 0.7 46.7999 -0.270736 0 -0.0707397 133.019 350 458803
-14.9663 45.1513 0.7 47.5671 -0.320073 0 0.0707397 132.269 346 458803
-15.7147 44.8963 0.7 47.5671 -0.336693 0 0.0707397 133.957 355 458803
27.6877 38.6784 0.7 47.5671 0.621281 0 0.0707397 131.707 343 458803
27.6877 38.6656 -0.297998 47.5671 0.621438 -0.0209824 0.0707397 132.457 347 458803
26.9394 39.1906 -0.297998 47.5671 0.602216 -0.0209824 0.0707397 132.457 347 458803
-14.9663 45.1513 0.7 47.5671 -0.320073 0 -0.0707397 133.019 350 458803
-15.7147 44.8963 0.7 47.5671 -0.336693 0 -0.0707397 133.207 351 458803
23.4785 42.0294 0.7 48.1425 0.509437 0 0.0707397 131.894 344 458803
23.4785 42.0294 0.7 48.1425 0.509437 0 -0.0707397 134.144 356 458803
22.7211 42.4436 0.7 48.1425 0.491506 0 -0.0707397 132.269 346 458803
23.572 42.1968 0.7 48.3344 0.509437 0 -0 139.394 384 458803
23.572 42.1968 0.7 48.3344 0.509437 0 -0.0707397 133.207 351 458803
9.23327 48.0303 0.7 48.9098 0.189921 0 -0 134.207 351 458803
9.23327 48.0194 1.72617 48.9098 0.189964 0.0209824 -0 137.019 366 458803
4.61663 48.6914 0.7 48.9098 0.0945316 0 -0 134.207 351 458803
4.61663 48.6806 1.72617 48.9098 0.0945525 0.0209824 -0 133.644 348 458803
3.8472 48.7582 0.7 48.9098 0.0787404 0 -0 134.394 352 458803
3.8472 48.7474 1.72617 48.9098 0.0787578 0.0209824 -0 134.207 351 458803
10.0419 48.0637 0.7 49.1016 0.205967 0 0.0707397 136.644 364 458803
10.0419 48.0527 1.73019 49.1016 0.206013 0.0209824 0.0707397 137.582 369 458803
9.26948 48.2077 1.73019 49.1016 0.189964 0.0209824 0.0707397 138.519 374 458803
4.63474 48.8823 0.7 49.1016 0.0945316 0 0.0707397 138.519 374 458803
9.26948 48.2077 1.73019 49.1016 0.189964 0.0209824 -0 144.894 408 458803
4.63474 48.8823 0.7 49.1016 0.0945316 0 -0 145.269 410 458803
10.0419 48.0637 0.7 49.1016 0.205967 0 -0.0707397 135.144 356 458803
10.0419 48.0527 1.73019 49.1016 0.206013 0.0209824 -0.0707397 135.519 358 458803
9.26948 48.1746 2.76038 49.1016 0.190091 0.041974 -0.0707397 134.582 353 458803
9.26948 48.2077 1.73019 49.1016 0.189964 0.0209824 -0.0707397 137.394 368 458803
4.63474 48.8823 0.7 49.1016 0.0945316 0 -0.0707397 137.207 367 458803
4.63474 48.8715 1.73019 49.1016 0.0945525 0.0209824 -0.0707397 135.332 357 458803
-25.0083 42.9104 1.74226 49.677 -0.527678 0.0209824 -0 132.894 344 458803
6.25207 49.1827 3.82679 49.677 0.126441 0.0629841 -0 133.644 348 458803
6.25207 49.2379 2.78453 49.677 0.126301 0.041974 -0 133.082 345 458803
4.68905 49.4112 2.78453 49.677 0.0946152 0.041974 -0 133.269 346 458803
35.3037 35.0812 3.83887 49.8688 0.788559 0.0629841 -0 133.082 345 458803
16.475 47.0688 0.7 49.8688 0.336693 0 -0 133.457 347 458803
-24.6009 44.026 1.75836 50.4442 -0.50956 0.0209824 -0 135.894 360 458803
21.4266 45.6552 1.75836 50.4442 0.438799 0.0209824 -0 133.457 347 458803
20.633 46.0193 1.75836 50.4442 0.421486 0.0209824 -0 133.644 348 458803
19.0459 46.6625 2.81672 50.4442 0.387523 0.041974 -0 133.082 345 458803
19.0459 46.6985 1.75836 50.4442 0.387253 0.0209824 -0 134.957 355 458803
18.2523 47.0144 1.75836 50.4442 0.370317 0.0209824 -0 133.082 345 458803
-20.7115 46.2065 0.7 50.636 -0.421388 0 -0 132.519 342 458803
3.18638 50.5245 1.76239 50.636 0.0629827 0.0209824 -0 133.269 346 458803
25.8773 44.4146 0.7 51.4032 0.52755 0 -0 135.332 357 458803
25.0686 44.876 0.7 51.4032 0.509437 0 -0 133.457 347 458803
6.46932 50.9831 1.77848 51.4032 0.126217 0.0209824 -0 133.832 349 458803
4.85199 51.1737 0.7 51.4032 0.0945316 0 -0 135.144 356 458803
4.04333 51.2439 0.7 51.4032 0.0787404 0 -0 134.207 351 458803
19.6252 48.1313 0.7 51.9786 0.387164 0 0.0707397 134.644 348 458803
19.6252 48.119 1.79055 51.9786 0.387253 0.0209824 0.0707397 137.269 362 458803
20.4429 47.7773 1.79055 51.9786 0.404307 0.0209824 -0 140.832 381 458803
19.6252 48.1313 0.7 51.9786 0.387164 0 -0 142.519 390 458803
19.6252 48.119 1.79055 51.9786 0.387253 0.0209824 -0 144.957 403 458803
18.8075 48.4444 1.79055 51.9786 0.370317 0.0209824 -0 139.894 376 458803
19.6252 48.1313 0.7 51.9786 0.387164 0 -0.0707397 135.394 352 458803
19.6252 48.119 1.79055 51.9786 0.387253 0.0209824 -0.0707397 137.644 364 458803
19.6976 48.3089 0.7 52.1704 0.387164 0 0.0707397 133.519 342 458803
19.6976 48.2965 1.79458 52.1704 0.387253 0.0209824 0.0707397 134.644 348 458803
20.5184 47.9536 1.79458 52.1704 0.404307 0.0209824 -0 138.019 366 458803
19.6976 48.3089 0.7 52.1704 0.387164 0 -0 141.582 385 458803
19.6976 48.2965 1.79458 52.1704 0.387253 0.0209824 -0 142.894 392 458803
18.8769 48.6232 1.79458 52.1704 0.370317 0.0209824 -0 137.832 365 458803
19.6976 48.3089 0.7 52.1704 0.387164 0 -0.0707397 134.832 349 458803
19.6976 48.2965 1.79458 52.1704 0.387253 0.0209824 -0.0707397 136.707 359 458803
1.65957 52.6732 2.9133 52.7458 0.0314966 0.041974 0.0707397 144.207 399 458803
0.829787 52.6928 2.9133 52.7458 0.0157463 0.041974 0.0707397 144.957 403 458803
0.829787 52.7277 1.80665 52.7458 0.0157359 0.0209824 0.0707397 141.582 385 458803
1.65957 52.6732 2.9133 52.7458 0.0314966 0.041974 -0 151.144 436 458803
0.829787 52.6928 2.9133 52.7458 0.0157463 0.041974 -0 152.269 442 458803
0.829787 52.7277 1.80665 52.7458 0.0157359 0.0209824 -0 149.644 428 458803
1.65957 52.6732 2.9133 52.7458 0.0314966 0.041974 -0.0707397 144.019 398 458803
1.65957 52.7081 1.80665 52.7458 0.0314757 0.0209824 -0.0707397 141.582 385 458803
0.829787 52.6928 2.9133 52.7458 0.0157463 0.041974 -0.0707397 144.957 403 458803
0.829787 52.7277 1.80665 52.7458 0.0157359 0.0209824 -0.0707397 142.707 391 458803
1.66561 52.8998 1.81068 52.9376 0.0314757 0.0209824 0.0707397 139.144 372 458803
1.66561 52.8648 2.92135 52.9376 0.0314966 0.041974 -0 146.832 413 458803
1.66561 52.8998 1.81068 52.9376 0.0314757 0.0209824 -0 147.582 417 458803
0.832805 52.8844 2.92135 52.9376 0.0157463 0.041974 -0 145.144 404 458803
1.66561 52.8648 2.92135 52.9376 0.0314966 0.041974 -0.0707397 141.019 382 458803
1.66561 52.8998 1.81068 52.9376 0.0314757 0.0209824 -0.0707397 141.019 382 458803
-3.36743 53.407 0.7 53.513 -0.0629689 0 0.0707397 144.207 399 458803
-3.36743 53.407 0.7 53.513 -0.0629689 0 -0.0707397 143.832 397 458803
0.841857 53.4946 1.82275 53.513 0.0157359 0.0209824 -0.0707397 143.832 397 458803
-3.3795 53.5984 0.7 53.7048 -0.0629689 0 0.0707397 141.957 387 458803
-3.3795 53.5866 -0.426772 53.7048 -0.0629827 -0.0209824 0.0707397 143.269 394 458803
-3.3795 53.551 -1.55354 53.7048 -0.0630244 -0.041974 0.0707397 141.207 383 458803
-4.22437 53.5384 0.7 53.7048 -0.0787404 0 0.0707397 144.582 401 458803
-4.22437 53.5266 -0.426772 53.7048 -0.0787578 -0.0209824 0.0707397 145.144 404 458803
-4.22437 53.5384 0.7 53.7048 -0.0787404 0 -0 151.894 440 458803
-4.22437 53.5266 -0.426772 53.7048 -0.0787578 -0.0209824 -0 151.894 440 458803
-3.3795 53.5984 0.7 53.7048 -0.0629689 0 -0.0707397 142.707 391 458803
-3.3795 53.5866 -0.426772 53.7048 -0.0629827 -0.0209824 -0.0707397 143.644 396 458803
-4.22437 53.5384 0.7 53.7048 -0.0787404 0 -0.0707397 145.707 407 458803
-4.22437 53.5266 -0.426772 53.7048 -0.0787578 -0.0209824 -0.0707397 144.394 400 458803
-6.83141 53.8486 0.7 54.2802 -0.126189 0 0.0707397 147.957 419 458803
-9.39319 53.4613 0.7 54.2802 -0.173925 0 0.0707397 148.707 423 458803
-6.83141 53.8486 0.7 54.2802 -0.126189 0 -0.0707397 150.207 431 458803
-12.8542 52.9337 0.7 54.472 -0.238224 0 0.0707397 139.894 376 458803
-41.1333 35.7107 0.7 54.472 -0.855848 0 -0.0707397 141.019 382 458803
1.73199 54.9717 -1.60988 55.0475 0.0314966 -0.041974 0.0707397 137.332 357 458803
1.73199 55.0081 1.85494 55.0475 0.0314757 0.0209824 0.0707397 137.332 357 458803
0.865996 55.0406 0.7 55.0475 0.0157325 0 0.0707397 137.332 357 458803
0.865996 54.9921 -1.60988 55.0475 0.0157463 -0.041974 0.0707397 136.957 355 458803
0.865996 55.0285 1.85494 55.0475 0.0157359 0.0209824 0.0707397 139.582 369 458803
0.865996 55.0285 1.85494 55.0475 0.0157359 0.0209824 -0 148.207 415 458803
1.73199 54.9717 -1.60988 55.0475 0.0314966 -0.041974 -0.0707397 140.332 373 458803
0.865996 55.0406 0.7 55.0475 0.0157325 0 -0.0707397 139.207 367 458803
0.865996 55.0285 1.85494 55.0475 0.0157359 0.0209824 -0.0707397 141.457 379 458803
0.869014 55.1838 -1.61793 55.2393 0.0157463 -0.041974 -0.0707397 134.519 342 458803
-4.40542 55.8206 -0.475063 56.0065 -0.0787578 -0.0209824 0.0707397 139.207 367 458803
-4.40542 55.7835 -1.65013 56.0065 -0.07881 -0.041974 0.0707397 140.144 372 458803
-4.40542 55.8206 1.87506 56.0065 -0.0787578 0.0209824 0.0707397 136.957 355 458803
-4.40542 55.8206 -0.475063 56.0065 -0.0787578 -0.0209824 -0.0707397 141.457 379 458803
-4.40542 55.7835 -1.65013 56.0065 -0.07881 -0.041974 -0.0707397 142.394 384 458803
-18.6928 53.4049 0.7 56.5819 -0.336693 0 0.0707397 134.519 342 458803
-18.6928 53.4049 0.7 56.5819 -0.336693 0 -0.0707397 134.894 344 458803
-16.0768 54.4499 0.7 56.7737 -0.287101 0 0.0707397 138.457 363 458803
-19.6494 53.2649 0.7 56.7737 -0.353411 0 0.0707397 141.644 380 458803
-19.6494 53.2516 -0.491159 56.7737 -0.353492 -0.0209824 0.0707397 139.957 371 458803
-20.5425 52.9269 0.7 56.7737 -0.370232 0 0.0707397 142.207 383 458803
-20.5425 52.9135 -0.491159 56.7737 -0.370317 -0.0209824 0.0707397 138.457 363 458803
-19.6494 53.2649 0.7 56.7737 -0.353411 0 -0 149.332 421 458803
-19.6494 53.2516 -0.491159 56.7737 -0.353492 -0.0209824 -0 147.644 412 458803
-20.5425 52.9269 0.7 56.7737 -0.370232 0 -0 149.707 423 458803
-19.6494 53.2649 0.7 56.7737 -0.353411 0 -0.0707397 142.394 384 458803
-19.6494 53.2516 -0.491159 56.7737 -0.353492 -0.0209824 -0.0707397 140.707 375 458803
-20.5425 52.9269 0.7 56.7737 -0.370232 0 -0.0707397 142.582 385 458803
-20.5425 52.9135 -0.491159 56.7737 -0.370317 -0.0209824 -0.0707397 138.832 365 458803
-15.3375 55.247 1.90323 57.3491 -0.270797 0.0209824 -0 139.582 369 458803
-16.2397 54.9491 -1.70646 57.3491 -0.287361 -0.041974 -0 139.957 371 458803
-16.2397 54.9886 1.90323 57.3491 -0.287166 0.0209824 -0 140.707 375 458803
-19.8485 53.8048 0.7 57.3491 -0.353411 0 -0 140.519 374 458803
-19.8485 53.8048 0.7 57.3491 -0.353411 0 -0.0707397 134.332 341 458803
-15.3888 55.3923 -1.71451 57.5409 -0.270981 -0.041974 0.0707397 141.082 377 458803
-16.294 55.1328 -1.71451 57.5409 -0.287361 -0.041974 0.0707397 145.957 403 458803
-17.1992 54.8572 -1.71451 57.5409 -0.303821 -0.041974 0.0707397 141.832 381 458803
-16.294 55.1328 -1.71451 57.5409 -0.287361 -0.041974 -0 153.457 443 458803
-17.1992 54.8572 -1.71451 57.5409 -0.303821 -0.041974 -0 149.332 421 458803
-15.3888 55.3923 -1.71451 57.5409 -0.270981 -0.041974 -0.0707397 141.457 379 458803
-16.294 55.1328 -1.71451 57.5409 -0.287361 -0.041974 -0.0707397 146.144 404 458803
-17.1992 54.8572 -1.71451 57.5409 -0.303821 -0.041974 -0.0707397 142.207 383 458803
-15.5427 55.9994 0.7 58.1163 -0.270736 0 -0 138.457 363 458803
30.1711 49.6561 1.91933 58.1163 0.54599 0.0209824 -0 134.519 342 458803
-29.2568 50.2002 1.91933 58.1163 -0.527678 0.0209824 -0 134.707 343 458803
0 58.3081 0.7 58.3081 0 0 -0 135.832 349 458803
-19.2631 55.0342 0.7 58.3081 -0.336693 0 -0 135.269 346 458803
-23.8496 53.1934 1.92335 58.3081 -0.421486 0.0209824 -0 134.894 344 458803
2.75188 58.2431 0.7 58.3081 0.047213 0 -0 136.394 352 458803
0.917292 58.3009 0.7 58.3081 0.0157325 0 -0 135.832 349 458803
-12.0817 57.7735 3.1789 59.0753 -0.206151 0.041974 -0 135.707 343 458803
7.43489 58.5925 1.93945 59.0753 0.126217 0.0209824 -0 135.144 340 458803
-20.6451 55.9082 3.20304 59.6507 -0.353736 0.041974 -0 135.519 342 458803
-28.1524 52.5746 1.95152 59.6507 -0.491624 0.0209824 -0 134.957 339 458803
30.0292 51.5256 1.95152 59.6507 0.527678 0.0209824 -0 135.707 343 458803
29.0908 52.0762 0.7 59.6507 0.509437 0 -0 135.707 343 458803
29.0908 52.0612 1.95152 59.6507 0.50956 0.0209824 -0 137.019 350 458803
9.38414 58.908 0.7 59.6507 0.157974 0 -0 134.957 339 458803
31.0672 51.131 1.95555 59.8425 0.54599 0.0209824 -0 137.582 353 458803
28.2429 52.7436 1.95555 59.8425 0.491624 0.0209824 -0 138.894 360 458803
-4.75242 60.1106 4.50286 60.4179 -0.0788972 0.0629841 -0 134.394 336 458803
30.4155 52.1421 3.23524 60.4179 0.528064 0.041974 -0 136.457 347 458803
30.4155 52.1883 1.96762 60.4179 0.527678 0.0209824 -0 137.582 353 458803
29.465 52.685 3.23524 60.4179 0.50993 0.041974 -0 136.269 346 458803
29.465 52.7308 1.96762 60.4179 0.50956 0.0209824 -0 136.644 348 458803
30.512 52.3694 0.7 60.6097 0.52755 0 -0 137.019 350 458803
30.512 52.354 1.97164 60.6097 0.527678 0.0209824 -0 139.082 361 458803
29.5585 52.9135 0.7 60.6097 0.509437 0 -0 138.144 356 458803
29.5585 52.8982 1.97164 60.6097 0.50956 0.0209824 -0 139.082 361 458803
-23.1737 56.8341 0.7 61.377 -0.387164 0 -0 136.457 347 458803
33.2398 52.4425 3.30767 62.1442 0.564926 0.041974 -0 137.644 348 458803
33.2398 52.4911 2.00384 62.1442 0.564507 0.0209824 -0 138.957 355 458803
-6.99133 63.0866 -0.632006 63.4868 -0.110371 -0.0209824 -0 136.332 341 458803
37.4008 52.2471 0.7 64.254 0.621281 0 -0 136.519 342 458803
37.4008 52.1775 3.39621 64.254 0.621912 0.041974 -0 137.832 349 458803
37.4008 52.2297 2.0481 64.254 0.621438 0.0209824 -0 140.269 362 458803
36.3899 52.8874 3.39621 64.254 0.60267 0.041974 -0 137.082 345 458803
36.3899 52.9389 2.0481 64.254 0.602216 0.0209824 -0 139.519 358 458803
-46.3353 48.3105 0.7 66.9392 -0.764533 0 -0 138.644 348 458803
-47.3884 47.2779 0.7 66.9392 -0.786565 0 -0 137.707 343 458803
13.7684 65.8848 2.11249 67.3228 0.206013 0.0209824 -0 139.394 352 458803
12.7093 66.0519 3.52498 67.3228 0.190091 0.041974 -0 140.519 358 458803
12.7093 66.0972 2.11249 67.3228 0.189964 0.0209824 -0 142.207 367 458803
2.1665 68.808 2.14468 68.8573 0.0314757 0.0209824 -0 138.832 349 458803
1.08325 68.8336 2.14468 68.8573 0.0157359 0.0209824 -0 137.144 340 458803
2.17253 68.9997 2.14871 69.0491 0.0314757 0.0209824 -0 139.207 351 458803
1.08627 69.0253 2.14871 69.0491 0.0157359 0.0209824 -0 139.207 351 458803
-13.3611 69.4392 3.66985 70.7753 -0.190091 0.041974 -0 144.144 372 458803
-13.3611 69.4868 2.18492 70.7753 -0.189964 0.0209824 -0 143.207 367 458803
-14.4745 69.2157 3.66985 70.7753 -0.206151 0.041974 -0 141.894 360 458803
-14.4745 69.2635 2.18492 70.7753 -0.206013 0.0209824 -0 141.519 358 458803
3.39458 71.846 0.7 71.9261 0.047213 0 -0 140.207 351 458803
3.39458 71.8301 2.20907 71.9261 0.0472234 0.0209824 -0 140.394 352 458803
2.26306 71.8905 0.7 71.9261 0.0314688 0 -0 143.207 367 458803
2.26306 71.8747 2.20907 71.9261 0.0314757 0.0209824 -0 145.269 378 458803
1.13153 71.9014 2.20907 71.9261 0.0157359 0.0209824 -0 140.394 352 458803
2.26909 72.0663 2.21309 72.1179 0.0314757 0.0209824 0.0707397 140.582 353 458803
2.26909 72.0822 0.7 72.1179 0.0314688 0 -0 141.144 356 458803
2.26909 72.0663 2.21309 72.1179 0.0314757 0.0209824 -0 145.832 381 458803
1.13455 72.0931 2.21309 72.1179 0.0157359 0.0209824 -0 143.957 371 458803
2.26909 72.0663 2.21309 72.1179 0.0314757 0.0209824 -0.0707397 138.894 344 458803
25.0264 67.7729 3.73424 72.3097 0.353736 0.041974 -0 138.707 343 458803
2.27513 72.258 2.21712 72.3097 0.0314757 0.0209824 -0 141.707 359 458803
1.13756 72.2849 2.21712 72.3097 0.0157359 0.0209824 -0 141.519 358 458803
24.1423 68.9056 3.76643 73.0769 0.337002 0.041974 -0 139.644 348 458803
