1.52983 1.91185 0.22917 2.49344 0.67485 -0.189968 -0 92.3317 389 459261
1.43629 2.22362 0.249291 2.68524 0.573504 -0.168645 -0 98.3317 421 459261
1.26731 2.53734 0.217098 2.87704 0.463219 -0.168645 -0 105.519 438 459261
1.22205 2.55945 0.217098 2.87704 0.445458 -0.168645 -0 104.957 435 459261
0.995745 2.644 0.156735 2.87704 0.360177 -0.189968 -0.0707397 97.6442 396 459261
1.30352 2.74145 0.249291 3.06885 0.443845 -0.147399 -0 102.332 421 459261
1.15868 2.80573 0.249291 3.06885 0.391638 -0.147399 -0 101.957 419 459261
0.917292 2.87064 0.120517 3.06885 0.309288 -0.189968 -0 99.5192 406 459261
0.917292 2.85689 0.0561301 3.06885 0.310683 -0.211379 -0 98.9567 403 459261
1.12851 3.03147 0.289533 3.26065 0.356371 -0.12622 0.0707397 98.5817 401 459261
1.12851 3.02142 0.221122 3.26065 0.357458 -0.147399 0.0707397 101.582 417 459261
1.07721 3.04009 0.221122 3.26065 0.340533 -0.147399 0.0707397 98.2067 399 459261
1.12851 3.02142 0.221122 3.26065 0.357458 -0.147399 -0 109.269 458 459261
1.12851 3.03147 0.289533 3.26065 0.356371 -0.12622 -0.0707397 99.8942 408 459261
1.12851 3.02142 0.221122 3.26065 0.357458 -0.147399 -0.0707397 102.519 422 459261
1.07721 3.04009 0.221122 3.26065 0.340533 -0.147399 -0.0707397 98.9567 403 459261
1.79234 2.91857 0.265388 3.45245 0.550734 -0.12622 -0 103.644 428 459261
1.79234 2.90686 0.192952 3.45245 0.552528 -0.147399 -0 102.707 423 459261
1.30352 3.16724 0.265388 3.45245 0.390435 -0.12622 -0 104.394 432 459261
1.30352 3.15645 0.192952 3.45245 0.391638 -0.147399 -0 101.957 419 459261
1.24921 3.18905 0.265388 3.45245 0.373346 -0.12622 -0 101.957 419 459261
1.4906 3.29367 0.241243 3.64426 0.424985 -0.12622 0.0707397 100.269 394 459261
1.43327 3.31902 0.241243 3.64426 0.407646 -0.12622 0.0707397 101.207 399 459261
1.08928 3.45658 0.317702 3.64426 0.305283 -0.105098 0.0707397 99.7067 391 459261
1.08928 3.44726 0.241243 3.64426 0.306057 -0.12622 0.0707397 100.457 395 459261
1.4906 3.29367 0.241243 3.64426 0.424985 -0.12622 -0.0707397 99.1442 388 459261
1.43327 3.31902 0.241243 3.64426 0.407646 -0.12622 -0.0707397 99.7067 391 459261
1.5087 3.4937 0.217098 3.83606 0.407646 -0.12622 0.0707397 99.1442 388 459261
1.14662 3.6385 0.297581 3.83606 0.305283 -0.105098 0.0707397 102.332 405 459261
1.14662 3.6287 0.217098 3.83606 0.306057 -0.12622 0.0707397 102.519 406 459261
1.08627 3.65697 0.297581 3.83606 0.288739 -0.105098 0.0707397 101.957 403 459261
1.08627 3.64722 0.217098 3.83606 0.289469 -0.12622 0.0707397 101.957 403 459261
1.14662 3.6385 0.297581 3.83606 0.305283 -0.105098 -0.0707397 103.082 409 459261
1.14662 3.6287 0.217098 3.83606 0.306057 -0.12622 -0.0707397 102.519 406 459261
1.08627 3.65697 0.297581 3.83606 0.288739 -0.105098 -0.0707397 102.332 405 459261
1.08627 3.64722 0.217098 3.83606 0.289469 -0.12622 -0.0707397 101.582 401 459261
1.52077 3.70572 0.27746 4.02786 0.389427 -0.105098 0.0707397 104.957 419 459261
1.52077 3.69511 0.192952 4.02786 0.390435 -0.12622 0.0707397 104.207 415 459261
1.45741 3.7311 0.27746 4.02786 0.372386 -0.105098 0.0707397 103.832 413 459261
1.14058 3.83982 0.27746 4.02786 0.288739 -0.105098 0.0707397 102.894 408 459261
1.52077 3.70572 0.27746 4.02786 0.389427 -0.105098 -0.0707397 104.394 416 459261
1.59319 3.88219 0.257339 4.21967 0.389427 -0.105098 0.0707397 107.957 435 459261
1.19489 4.02267 0.257339 4.21967 0.288739 -0.105098 0.0707397 108.332 437 459261
1.12851 4.04179 0.257339 4.21967 0.272276 -0.105098 0.0707397 107.207 431 459261
1.59319 3.88219 0.257339 4.21967 0.389427 -0.105098 -0 115.457 475 459261
1.19489 4.02267 0.257339 4.21967 0.288739 -0.105098 -0 116.019 478 459261
1.12851 4.04179 0.257339 4.21967 0.272276 -0.105098 -0 115.269 474 459261
1.59319 3.88219 0.257339 4.21967 0.389427 -0.105098 -0.0707397 108.707 439 459261
1.19489 4.02267 0.257339 4.21967 0.288739 -0.105098 -0.0707397 108.707 439 459261
1.12851 4.04179 0.257339 4.21967 0.272276 -0.105098 -0.0707397 108.144 436 459261
-2.27513 4.39302 1.32777 4.98688 -0.477861 0.12622 1.20258 112.082 441 459261
-2.26306 4.16838 1.40423 4.79507 -0.497384 0.147399 0.990356 125.394 512 459261
-2.26306 4.18413 1.30363 4.79507 -0.495804 0.12622 0.990356 125.582 513 459261
-2.33849 4.12653 1.40423 4.79507 -0.515572 0.147399 0.990356 125.957 515 459261
-2.33849 4.14244 1.30363 4.79507 -0.513923 0.12622 0.990356 126.519 518 459261
-2.03675 4.28351 1.40423 4.79507 -0.443845 0.147399 1.0611 114.519 454 459261
-2.11219 4.24682 1.40423 4.79507 -0.461531 0.147399 1.0611 118.269 474 459261
-1.95528 4.11217 1.37606 4.60327 -0.443845 0.147399 1.13184 104.207 399 459261
-2.03675 4.28351 1.40423 4.79507 -0.443845 0.147399 1.13184 106.644 412 459261
-2.03675 4.29884 1.30363 4.79507 -0.442461 0.12622 1.13184 103.644 396 459261
-1.95528 4.11217 1.37606 4.60327 -0.443845 0.147399 1.0611 113.582 449 459261
-2.0277 4.05975 1.47264 4.60327 -0.463219 0.168645 1.0611 113.582 449 459261
-2.0277 4.07695 1.37606 4.60327 -0.461531 0.147399 1.0611 117.894 472 459261
-2.0277 4.09179 1.27948 4.60327 -0.460084 0.12622 1.0611 113.207 447 459261
-2.10012 4.02277 1.47264 4.60327 -0.481138 0.168645 1.0611 112.832 445 459261
-2.11219 4.28596 1.10242 4.79507 -0.457883 0.0840222 0.778137 110.394 432 459261
-2.26306 4.21666 1.00181 4.79507 -0.49257 0.0629841 0.778137 110.957 435 459261
-2.33849 4.1753 1.00181 4.79507 -0.510548 0.0629841 0.778137 113.019 446 459261
-2.17253 4.00164 1.37606 4.60327 -0.497384 0.147399 0.990356 123.144 500 459261
-2.17253 4.01677 1.27948 4.60327 -0.495804 0.12622 0.990356 123.144 500 459261
-2.24495 3.96147 1.37606 4.60327 -0.515572 0.147399 0.990356 123.707 503 459261
-2.24495 3.97674 1.27948 4.60327 -0.513923 0.12622 0.990356 124.082 505 459261
-2.26306 4.16838 1.40423 4.79507 -0.497384 0.147399 0.919617 124.457 507 459261
-2.26306 4.18413 1.30363 4.79507 -0.495804 0.12622 0.919617 125.394 512 459261
-2.33849 4.12653 1.40423 4.79507 -0.515572 0.147399 0.919617 125.207 511 459261
-2.33849 4.14244 1.30363 4.79507 -0.513923 0.12622 0.919617 126.894 520 459261
-2.26306 4.18413 1.30363 4.79507 -0.495804 0.12622 0.848877 113.019 446 459261
-2.33849 4.14244 1.30363 4.79507 -0.513923 0.12622 0.848877 116.582 465 459261
-2.33849 4.15586 1.20302 4.79507 -0.512539 0.105098 0.848877 114.519 454 459261
-2.33849 4.1753 1.00181 4.79507 -0.510548 0.0629841 0.848877 114.332 453 459261
-2.33849 4.18135 0.901209 4.79507 -0.50993 0.041974 0.848877 113.207 447 459261
-2.33849 4.18498 0.599395 4.79507 -0.50956 -0.0209824 0.282959 111.332 437 459261
-2.33849 4.18498 0.599395 4.79507 -0.50956 -0.0209824 0.212219 112.644 444 459261
-2.11822 4.49521 1.11852 4.98688 -0.440357 0.0840222 0.848877 107.207 415 459261
-2.11822 4.50373 1.01389 4.98688 -0.439628 0.0629841 0.848877 103.269 394 459261
-2.19667 4.4574 1.11852 4.98688 -0.457883 0.0840222 0.848877 111.332 437 459261
-2.08201 3.83491 1.34789 4.41147 -0.497384 0.147399 0.919617 110.957 435 459261
-2.08201 3.8494 1.25534 4.41147 -0.495804 0.12622 0.919617 111.332 437 459261
-2.08201 3.83491 1.34789 4.41147 -0.497384 0.147399 0.990356 111.144 436 459261
-2.08201 3.8494 1.25534 4.41147 -0.495804 0.12622 0.990356 110.957 435 459261
-2.15141 3.79641 1.34789 4.41147 -0.515572 0.147399 0.990356 111.519 438 459261
-2.15141 3.81105 1.25534 4.41147 -0.513923 0.12622 0.990356 111.707 439 459261
-2.17253 4.00164 1.37606 4.60327 -0.497384 0.147399 0.919617 121.644 492 459261
-2.17253 4.01677 1.27948 4.60327 -0.495804 0.12622 0.919617 122.394 496 459261
-2.24495 3.96147 1.37606 4.60327 -0.515572 0.147399 0.919617 122.582 497 459261
-2.24495 3.97674 1.27948 4.60327 -0.513923 0.12622 0.919617 123.894 504 459261
-2.24495 3.97674 1.27948 4.60327 -0.513923 0.12622 0.848877 114.144 452 459261
-2.24495 3.98962 1.1829 4.60327 -0.512539 0.105098 0.848877 112.457 443 459261
-2.24495 4.00829 0.989741 4.60327 -0.510548 0.0629841 0.848877 115.269 458 459261
-2.24495 4.0141 0.893161 4.60327 -0.50993 0.041974 0.848877 113.394 448 459261
-2.24495 4.0141 0.506839 4.60327 -0.50993 -0.041974 0.141479 110.582 433 459261
-2.26306 4.08003 -0.406651 4.79507 -0.506419 -0.232889 0.141479 110.582 433 459261
-2.11822 4.49521 1.11852 4.98688 -0.440357 0.0840222 0.707397 106.269 410 459261
-2.11822 4.50373 1.01389 4.98688 -0.439628 0.0629841 0.707397 104.207 399 459261
-2.11822 4.49521 1.11852 4.98688 -0.440357 0.0840222 0.778137 109.457 427 459261
-2.11822 4.50373 1.01389 4.98688 -0.439628 0.0629841 0.778137 107.207 415 459261
-2.19667 4.4574 1.11852 4.98688 -0.457883 0.0840222 0.778137 113.207 447 459261
-2.19667 4.46599 1.01389 4.98688 -0.45712 0.0629841 0.778137 110.207 431 459261
1.66561 4.05865 0.237219 4.41147 0.389427 -0.105098 0.0707397 106.082 409 459261
1.44836 4.35237 0.313678 4.60327 0.321247 -0.0840222 0.0707397 110.394 432 459261
1.44836 4.34272 0.217098 4.60327 0.321913 -0.105098 0.0707397 110.957 435 459261
1.44836 4.35237 0.313678 4.60327 0.321247 -0.0840222 -0 118.269 474 459261
1.44836 4.34272 0.217098 4.60327 0.321913 -0.105098 -0 118.832 477 459261
1.44836 4.35237 0.313678 4.60327 0.321247 -0.0840222 -0.0707397 111.519 438 459261
1.44836 4.34272 0.217098 4.60327 0.321913 -0.105098 -0.0707397 111.894 440 459261
-2.33849 4.15586 0.196977 4.79507 -0.512539 -0.105098 0.0707397 111.144 436 459261
1.20696 4.62321 0.297581 4.79507 0.255367 -0.0840222 0.0707397 109.832 429 459261
1.20696 4.61334 0.196977 4.79507 0.255889 -0.105098 0.0707397 109.457 427 459261
1.13153 4.64225 0.297581 4.79507 0.239084 -0.0840222 0.0707397 109.832 429 459261
1.13153 4.63242 0.196977 4.79507 0.239572 -0.105098 0.0707397 109.269 426 459261
1.20696 4.62321 0.297581 4.79507 0.255367 -0.0840222 -0 116.957 467 459261
1.20696 4.61334 0.196977 4.79507 0.255889 -0.105098 -0 116.957 467 459261
1.13153 4.64225 0.297581 4.79507 0.239084 -0.0840222 -0 116.957 467 459261
1.13153 4.63242 0.196977 4.79507 0.239572 -0.105098 -0 116.957 467 459261
1.20696 4.62321 0.297581 4.79507 0.255367 -0.0840222 -0.0707397 110.394 432 459261
1.20696 4.61334 0.196977 4.79507 0.255889 -0.105098 -0.0707397 110.207 431 459261
1.13153 4.64225 0.297581 4.79507 0.239084 -0.0840222 -0.0707397 110.582 433 459261
1.13153 4.63242 0.196977 4.79507 0.239572 -0.105098 -0.0707397 110.394 432 459261
1.80441 4.63011 0.281485 4.98688 0.371606 -0.0840222 0.0707397 104.207 399 459261
1.56905 4.71507 0.281485 4.98688 0.321247 -0.0840222 0.0707397 104.957 403 459261
1.41215 4.76441 0.281485 4.98688 0.288146 -0.0840222 0.0707397 104.582 401 459261
1.33369 4.78697 0.281485 4.98688 0.271719 -0.0840222 0.0707397 107.207 415 459261
1.33369 4.77666 0.176856 4.98688 0.272276 -0.105098 0.0707397 105.144 404 459261
1.25524 4.80813 0.281485 4.98688 0.255367 -0.0840222 0.0707397 104.019 398 459261
1.33369 4.78697 0.281485 4.98688 0.271719 -0.0840222 -0 113.582 449 459261
1.80441 4.63011 0.281485 4.98688 0.371606 -0.0840222 -0.0707397 104.394 400 459261
1.56905 4.71507 0.281485 4.98688 0.321247 -0.0840222 -0.0707397 104.582 401 459261
1.33369 4.78697 0.281485 4.98688 0.271719 -0.0840222 -0.0707397 106.644 412 459261
1.25524 4.80813 0.281485 4.98688 0.255367 -0.0840222 -0.0707397 105.894 408 459261
1.25524 4.79788 0.176856 4.98688 0.255889 -0.105098 -0.0707397 103.832 397 459261
1.46646 4.94766 0.265388 5.17868 0.288146 -0.0840222 0.0707397 112.019 430 459261
1.46646 4.93691 0.156735 5.17868 0.288739 -0.105098 0.0707397 108.269 410 459261
1.38499 4.97108 0.265388 5.17868 0.271719 -0.0840222 0.0707397 109.957 419 459261
1.46646 4.94766 0.265388 5.17868 0.288146 -0.0840222 -0 119.519 470 459261
1.38499 4.97108 0.265388 5.17868 0.271719 -0.0840222 -0 118.019 462 459261
1.46646 4.94766 0.265388 5.17868 0.288146 -0.0840222 -0.0707397 112.582 433 459261
1.46646 4.93691 0.156735 5.17868 0.288739 -0.105098 -0.0707397 108.457 411 459261
1.38499 4.97108 0.265388 5.17868 0.271719 -0.0840222 -0.0707397 111.457 427 459261
1.60526 5.1138 0.361968 5.37048 0.304167 -0.0629841 0.0707397 106.394 400 459261
1.60526 5.1051 0.249291 5.37048 0.304653 -0.0840222 0.0707397 109.394 416 459261
1.52077 5.13091 0.249291 5.37048 0.288146 -0.0840222 0.0707397 107.707 407 459261
1.18282 5.21918 0.249291 5.37048 0.222865 -0.0840222 0.0707397 107.707 407 459261
1.60526 5.1051 0.249291 5.37048 0.304653 -0.0840222 -0 116.144 452 459261
1.52077 5.13091 0.249291 5.37048 0.288146 -0.0840222 -0 115.207 447 459261
1.60526 5.1051 0.249291 5.37048 0.304653 -0.0840222 -0.0707397 109.207 415 459261
1.52077 5.13091 0.249291 5.37048 0.288146 -0.0840222 -0.0707397 109.019 414 459261
1.18282 5.21918 0.249291 5.37048 0.222865 -0.0840222 -0.0707397 107.894 408 459261
1.22507 5.41439 0.349896 5.56229 0.222515 -0.0629841 0.0707397 108.082 409 459261
1.22507 5.40558 0.233194 5.56229 0.222865 -0.0840222 0.0707397 110.332 421 459261
1.13756 5.43345 0.349896 5.56229 0.206382 -0.0629841 0.0707397 107.332 405 459261
1.13756 5.42467 0.233194 5.56229 0.206706 -0.0840222 0.0707397 110.332 421 459261
1.22507 5.40558 0.233194 5.56229 0.222865 -0.0840222 -0 116.519 454 459261
1.13756 5.42467 0.233194 5.56229 0.206706 -0.0840222 -0 116.894 456 459261
1.22507 5.40558 0.233194 5.56229 0.222865 -0.0840222 -0.0707397 108.644 412 459261
1.13756 5.42467 0.233194 5.56229 0.206706 -0.0840222 -0.0707397 109.582 417 459261
1.35783 5.57984 0.337823 5.75409 0.238706 -0.0629841 0.0707397 109.019 414 459261
1.35783 5.57069 0.217098 5.75409 0.239084 -0.0840222 0.0707397 110.707 423 459261
1.26731 5.6011 0.337823 5.75409 0.222515 -0.0629841 0.0707397 111.269 426 459261
1.26731 5.59198 0.217098 5.75409 0.222865 -0.0840222 0.0707397 114.082 441 459261
1.17679 5.61173 0.217098 5.75409 0.206706 -0.0840222 0.0707397 109.019 414 459261
1.35783 5.57069 0.217098 5.75409 0.239084 -0.0840222 -0 117.832 461 459261
1.26731 5.6011 0.337823 5.75409 0.222515 -0.0629841 -0 118.394 464 459261
1.26731 5.59198 0.217098 5.75409 0.222865 -0.0840222 -0 121.394 480 459261
1.17679 5.61173 0.217098 5.75409 0.206706 -0.0840222 -0 116.332 453 459261
1.35783 5.57069 0.217098 5.75409 0.239084 -0.0840222 -0.0707397 110.707 423 459261
1.26731 5.6011 0.337823 5.75409 0.222515 -0.0629841 -0.0707397 110.707 423 459261
1.26731 5.59198 0.217098 5.75409 0.222865 -0.0840222 -0.0707397 114.082 441 459261
1.17679 5.61173 0.217098 5.75409 0.206706 -0.0840222 -0.0707397 109.207 415 459261
1.21602 5.80817 0.325751 5.94589 0.206382 -0.0629841 -0 113.082 425 459261
1.21602 5.79879 0.201001 5.94589 0.206706 -0.0840222 -0 114.582 433 459261
1.12248 5.82697 0.325751 5.94589 0.190303 -0.0629841 -0 110.644 412 459261
1.12248 5.81762 0.201001 5.94589 0.190602 -0.0840222 -0 110.269 410 459261
1.15868 6.01494 0.313678 6.1377 0.190303 -0.0629841 0.0707397 113.269 426 459261
1.15868 6.00528 0.184904 6.1377 0.190602 -0.0840222 0.0707397 113.269 426 459261
1.06213 6.03274 0.313678 6.1377 0.174275 -0.0629841 0.0707397 111.019 414 459261
1.25524 5.98585 0.184904 6.1377 0.206706 -0.0840222 -0 116.269 442 459261
1.15868 6.01494 0.313678 6.1377 0.190303 -0.0629841 -0 120.582 465 459261
1.15868 6.00528 0.184904 6.1377 0.190602 -0.0840222 -0 120.394 464 459261
1.06213 6.03274 0.313678 6.1377 0.174275 -0.0629841 -0 117.582 449 459261
1.15868 6.01494 0.313678 6.1377 0.190303 -0.0629841 -0.0707397 113.269 426 459261
1.15868 6.00528 0.184904 6.1377 0.190602 -0.0840222 -0.0707397 112.894 424 459261
1.06213 6.03274 0.313678 6.1377 0.174275 -0.0629841 -0.0707397 109.894 408 459261
0.965571 6.02697 0.0561301 6.1377 0.158858 -0.105098 -0.0707397 107.644 396 459261
1.19489 6.20291 0.301606 6.3295 0.190303 -0.0629841 0.0707397 109.707 407 459261
1.19489 6.19295 0.168807 6.3295 0.190602 -0.0840222 0.0707397 109.144 404 459261
1.09532 6.22126 0.301606 6.3295 0.174275 -0.0629841 0.0707397 109.332 405 459261
1.09532 6.21133 0.168807 6.3295 0.174548 -0.0840222 0.0707397 106.707 391 459261
1.19489 6.20291 0.301606 6.3295 0.190303 -0.0629841 -0 117.957 451 459261
1.19489 6.19295 0.168807 6.3295 0.190602 -0.0840222 -0 117.957 451 459261
1.09532 6.22126 0.301606 6.3295 0.174275 -0.0629841 -0 117.394 448 459261
1.19489 6.20291 0.301606 6.3295 0.190303 -0.0629841 -0.0707397 111.019 414 459261
1.19489 6.19295 0.168807 6.3295 0.190602 -0.0840222 -0.0707397 111.207 415 459261
1.09532 6.22126 0.301606 6.3295 0.174275 -0.0629841 -0.0707397 110.457 411 459261
1.09532 6.21133 0.168807 6.3295 0.174548 -0.0840222 -0.0707397 109.144 404 459261
1.74406 6.27034 0.289533 6.5213 0.271288 -0.0629841 0.0707397 114.582 433 459261
1.84665 6.24089 0.289533 6.5213 0.287687 -0.0629841 -0 120.394 464 459261
1.74406 6.27034 0.289533 6.5213 0.271288 -0.0629841 -0 122.269 474 459261
1.74406 6.25988 0.152711 6.5213 0.271719 -0.0840222 -0 120.019 462 459261
1.64147 6.29797 0.289533 6.5213 0.254962 -0.0629841 -0 119.082 457 459261
1.84665 6.24089 0.289533 6.5213 0.287687 -0.0629841 -0.0707397 114.019 430 459261
1.74406 6.27034 0.289533 6.5213 0.271288 -0.0629841 -0.0707397 115.144 436 459261
1.79536 6.46857 0.7 6.7131 0.270736 0 0.0707397 120.707 455 459261
1.68975 6.49696 0.7 6.7131 0.254446 0 0.0707397 122.582 465 459261
1.79536 6.46857 0.7 6.7131 0.270736 0 -0 127.832 493 459261
1.68975 6.49696 0.7 6.7131 0.254446 0 -0 129.332 501 459261
1.68975 6.49544 0.559153 6.7131 0.254503 -0.0209824 -0 124.644 476 459261
1.68975 6.49544 0.840847 6.7131 0.254503 0.0209824 -0 125.207 479 459261
1.79536 6.46857 0.7 6.7131 0.270736 0 -0.0707397 120.519 454 459261
1.68975 6.49696 0.7 6.7131 0.254446 0 -0.0707397 122.207 463 459261
1.95528 6.60801 0.265388 6.90491 0.287687 -0.0629841 0.0707397 121.269 458 459261
1.84665 6.65339 0.7 6.90491 0.270736 0 0.0707397 123.332 469 459261
1.84665 6.63918 0.265388 6.90491 0.271288 -0.0629841 0.0707397 120.894 456 459261
1.73803 6.68259 0.7 6.90491 0.254446 0 0.0707397 123.894 472 459261
1.84665 6.65339 0.7 6.90491 0.270736 0 -0 131.207 511 459261
1.73803 6.68259 0.7 6.90491 0.254446 0 -0 132.144 516 459261
1.95528 6.60801 0.265388 6.90491 0.287687 -0.0629841 -0.0707397 122.019 462 459261
1.84665 6.65339 0.7 6.90491 0.270736 0 -0.0707397 124.457 475 459261
1.73803 6.68259 0.7 6.90491 0.254446 0 -0.0707397 125.394 480 459261
1.89795 6.8236 0.253315 7.09671 0.271288 -0.0629841 -0 120.332 453 459261
1.78631 6.85368 0.253315 7.09671 0.254962 -0.0629841 -0 123.144 468 459261
1.67466 6.88986 0.40221 7.09671 0.238438 -0.041974 -0 120.894 456 459261
1.67466 6.88181 0.253315 7.09671 0.238706 -0.0629841 -0 125.207 479 459261
1.56302 6.90802 0.253315 7.09671 0.222515 -0.0629841 -0 123.332 469 459261
1.37594 7.14274 0.241243 7.28851 0.190303 -0.0629841 -0 119.582 449 459261
-0.247427 7.8531 1.02998 7.86392 -0.0314966 0.041974 0.282959 120.457 443 459261
-0.247427 7.8583 0.864992 7.86392 -0.0314757 0.0209824 0.282959 119.519 438 459261
2.84542 7.32366 0.370017 7.86392 0.370574 -0.041974 0.0707397 111.269 394 459261
2.84542 7.31436 0.205025 7.86392 0.371003 -0.0629841 0.0707397 113.332 405 459261
2.47427 7.45723 0.370017 7.86392 0.320366 -0.041974 0.0707397 114.644 412 459261
2.47427 7.4481 0.205025 7.86392 0.320732 -0.0629841 0.0707397 115.207 415 459261
1.85571 7.64005 0.535008 7.86392 0.238277 -0.0209824 -0 126.457 475 459261
1.85571 7.63471 0.370017 7.86392 0.238438 -0.041974 -0 126.269 474 459261
1.73199 7.66904 0.535008 7.86392 0.222116 -0.0209824 -0 124.207 463 459261
1.73199 7.66372 0.370017 7.86392 0.222265 -0.041974 -0 124.019 462 459261
1.90097 7.8264 0.530984 8.05573 0.238277 -0.0209824 -0 133.957 515 459261
1.90097 7.82092 0.361968 8.05573 0.238438 -0.041974 -0 138.832 541 459261
1.90097 7.81178 0.192952 8.05573 0.238706 -0.0629841 -0 135.644 524 459261
1.77424 7.85064 0.361968 8.05573 0.222265 -0.041974 -0 135.269 522 459261
2.84542 7.31436 0.205025 7.86392 0.371003 -0.0629841 -0.0707397 112.019 398 459261
2.47427 7.45723 0.370017 7.86392 0.320366 -0.041974 -0.0707397 114.832 413 459261
2.47427 7.4481 0.205025 7.86392 0.320732 -0.0629841 -0.0707397 115.394 416 459261
-0.247427 7.84443 1.19497 7.86392 -0.0315314 0.0629841 -0.282959 119.144 436 459261
-0.247427 7.8531 1.02998 7.86392 -0.0314966 0.041974 -0.282959 121.207 447 459261
-0.123714 7.85602 1.02998 7.86392 -0.0157463 0.041974 -0.141479 118.207 431 459261
-0.247427 7.84443 1.19497 7.86392 -0.0315314 0.0629841 -0.141479 118.582 433 459261
-0.247427 7.8531 1.02998 7.86392 -0.0314966 0.041974 -0.141479 123.082 457 459261
-0.371141 7.84823 1.02998 7.86392 -0.0472546 0.041974 -0.141479 119.144 436 459261
1.90097 7.8264 0.530984 8.05573 0.238277 -0.0209824 0.0707397 126.082 473 459261
1.90097 7.82092 0.361968 8.05573 0.238438 -0.041974 0.0707397 131.144 500 459261
1.90097 7.81178 0.192952 8.05573 0.238706 -0.0629841 0.0707397 127.957 483 459261
1.77424 7.85064 0.361968 8.05573 0.222265 -0.041974 0.0707397 127.582 481 459261
-0.247427 7.84443 1.19497 7.86392 -0.0315314 0.0629841 -0.778137 121.207 447 459261
-0.247427 7.8531 1.02998 7.86392 -0.0314966 0.041974 -0.778137 118.582 433 459261
-0.126731 8.04763 1.03803 8.05573 -0.0157463 0.041974 -0.212219 118.582 433 459261
-0.253462 8.03576 1.20705 8.05573 -0.0315314 0.0629841 -0.212219 118.582 433 459261
-0.253462 8.04464 1.03803 8.05573 -0.0314966 0.041974 -0.212219 122.894 456 459261
-0.380193 8.03965 1.03803 8.05573 -0.0472546 0.041974 -0.212219 118.582 433 459261
-0.123714 7.85602 1.02998 7.86392 -0.0157463 0.041974 -0.212219 122.707 455 459261
-0.247427 7.84443 1.19497 7.86392 -0.0315314 0.0629841 -0.212219 124.207 463 459261
-0.247427 7.8531 1.02998 7.86392 -0.0314966 0.041974 -0.212219 127.394 480 459261
-0.371141 7.84823 1.02998 7.86392 -0.0472546 0.041974 -0.212219 123.269 458 459261
-0.247427 7.84443 1.19497 7.86392 -0.0315314 0.0629841 -0.707397 119.332 437 459261
1.90097 7.8264 0.530984 8.05573 0.238277 -0.0209824 -0.0707397 126.832 477 459261
1.90097 7.82092 0.361968 8.05573 0.238438 -0.041974 -0.0707397 131.707 503 459261
1.90097 7.81178 0.192952 8.05573 0.238706 -0.0629841 -0.0707397 128.519 486 459261
1.77424 7.85064 0.361968 8.05573 0.222265 -0.041974 -0.0707397 128.332 485 459261
-0.247427 7.83227 1.35997 7.86392 -0.0315803 0.0840222 -1.13184 122.332 453 459261
-0.247427 7.84443 1.19497 7.86392 -0.0315314 0.0629841 -1.13184 121.207 447 459261
-0.371141 7.82739 1.35997 7.86392 -0.0473802 0.0840222 -1.13184 123.457 459 459261
-0.371141 7.83955 1.19497 7.86392 -0.0473068 0.0629841 -1.13184 122.894 456 459261
-0.494855 7.83271 1.19497 7.86392 -0.0630941 0.0629841 -1.13184 121.019 446 459261
-0.247427 7.83227 1.35997 7.86392 -0.0315803 0.0840222 -1.0611 123.832 461 459261
-0.247427 7.84443 1.19497 7.86392 -0.0315314 0.0629841 -1.0611 124.582 465 459261
-0.371141 7.82739 1.35997 7.86392 -0.0473802 0.0840222 -1.0611 124.019 462 459261
-0.371141 7.83955 1.19497 7.86392 -0.0473068 0.0629841 -1.0611 124.957 467 459261
-0.253462 8.0233 1.37606 8.05573 -0.0315803 0.0840222 -1.0611 119.707 439 459261
-0.253462 8.03576 1.20705 8.05573 -0.0315314 0.0629841 -1.0611 120.457 443 459261
-0.380193 8.0183 1.37606 8.05573 -0.0473802 0.0840222 -1.0611 120.269 442 459261
-0.380193 8.03076 1.20705 8.05573 -0.0473068 0.0629841 -1.0611 121.394 448 459261
-0.247427 7.83227 1.35997 7.86392 -0.0315803 0.0840222 -0.990356 121.207 447 459261
-0.247427 7.84443 1.19497 7.86392 -0.0315314 0.0629841 -0.990356 123.269 458 459261
-0.371141 7.82739 1.35997 7.86392 -0.0473802 0.0840222 -0.990356 120.269 442 459261
-0.371141 7.83955 1.19497 7.86392 -0.0473068 0.0629841 -0.990356 122.707 455 459261
-0.371141 7.82739 1.35997 7.86392 -0.0473802 0.0840222 -1.20258 121.207 447 459261
-0.371141 7.83955 1.19497 7.86392 -0.0473068 0.0629841 -1.20258 123.832 461 459261
-0.371141 7.84823 1.02998 7.86392 -0.0472546 0.041974 -1.20258 121.394 448 459261
-0.494855 7.83271 1.19497 7.86392 -0.0630941 0.0629841 -1.20258 123.457 459 459261
-0.494855 7.8414 1.02998 7.86392 -0.0630244 0.041974 -1.20258 122.332 453 459261
-0.380193 8.03076 1.20705 8.05573 -0.0473068 0.0629841 -1.20258 121.207 447 459261
-0.371141 7.82739 1.35997 7.86392 -0.0473802 0.0840222 -1.27332 133.207 511 459261
-0.371141 7.83955 1.19497 7.86392 -0.0473068 0.0629841 -1.27332 132.644 508 459261
-0.494855 7.82054 1.35997 7.86392 -0.0631921 0.0840222 -1.27332 134.332 517 459261
-0.494855 7.83271 1.19497 7.86392 -0.0630941 0.0629841 -1.27332 134.894 520 459261
-0.380193 8.03076 1.20705 8.05573 -0.0473068 0.0629841 -1.27332 127.019 478 459261
-0.380193 8.03965 1.03803 8.05573 -0.0472546 0.041974 -1.27332 126.832 477 459261
-0.506925 8.01128 1.37606 8.05573 -0.0631921 0.0840222 -1.27332 127.207 479 459261
-0.506925 8.02375 1.20705 8.05573 -0.0630941 0.0629841 -1.27332 129.082 489 459261
-0.506925 8.03265 1.03803 8.05573 -0.0630244 0.041974 -1.27332 126.644 476 459261
-0.380193 8.0183 1.37606 8.05573 -0.0473802 0.0840222 -1.34406 127.957 483 459261
-0.506925 8.01128 1.37606 8.05573 -0.0631921 0.0840222 -1.34406 128.519 486 459261
-0.506925 8.02375 1.20705 8.05573 -0.0630941 0.0629841 -1.34406 126.644 476 459261
1.88286 7.23266 0.386113 7.48032 0.254675 -0.041974 -0 126.832 477 459261
1.88286 7.22415 0.22917 7.48032 0.254962 -0.0629841 -0 123.457 459 459261
1.76518 7.26228 0.386113 7.48032 0.238438 -0.041974 -0 126.457 475 459261
1.76518 7.2538 0.22917 7.48032 0.238706 -0.0629841 -0 124.207 463 459261
-0.353037 7.44556 1.32777 7.48032 -0.0473802 0.0840222 -1.34406 119.707 439 459261
-0.247427 7.81662 1.52496 7.86392 -0.0316435 0.105098 -1.41479 120.457 443 459261
-0.371141 7.81172 1.52496 7.86392 -0.0474751 0.105098 -1.41479 122.332 453 459261
-0.494855 7.78565 1.68995 7.86392 -0.0634745 0.12622 -1.41479 122.894 456 459261
-0.371141 7.82739 1.35997 7.86392 -0.0473802 0.0840222 -1.34406 134.144 516 459261
-0.494855 7.82054 1.35997 7.86392 -0.0631921 0.0840222 -1.34406 134.144 516 459261
-0.494855 7.83271 1.19497 7.86392 -0.0630941 0.0629841 -1.34406 131.332 501 459261
-0.633656 8.00226 1.37606 8.05573 -0.0790197 0.0840222 -1.41479 124.582 465 459261
-0.633656 8.01474 1.20705 8.05573 -0.0788972 0.0629841 -1.41479 124.957 467 459261
-0.760387 7.99121 1.37606 8.05573 -0.0948673 0.0840222 -1.41479 124.207 463 459261
-0.760387 8.00371 1.20705 8.05573 -0.09472 0.0629841 -1.41479 124.957 467 459261
-0.633656 8.00226 1.37606 8.05573 -0.0790197 0.0840222 -1.48553 127.394 480 459261
-0.633656 8.01474 1.20705 8.05573 -0.0788972 0.0629841 -1.48553 129.082 489 459261
-0.760387 7.99121 1.37606 8.05573 -0.0948673 0.0840222 -1.48553 127.582 481 459261
-0.760387 8.00371 1.20705 8.05573 -0.09472 0.0629841 -1.48553 129.457 491 459261
-0.633656 8.01474 1.20705 8.05573 -0.0788972 0.0629841 -1.55627 122.332 453 459261
-0.760387 8.00371 1.20705 8.05573 -0.09472 0.0629841 -1.55627 123.269 458 459261
1.94623 8.00713 0.35392 8.24753 0.238438 -0.041974 0.0707397 123.707 455 459261
1.94623 8.00713 0.35392 8.24753 0.238438 -0.041974 -0 131.582 497 459261
1.94623 7.99778 0.18088 8.24753 0.238706 -0.0629841 -0 130.269 490 459261
1.81648 8.03756 0.35392 8.24753 0.222265 -0.041974 -0 128.019 478 459261
1.81648 8.02824 0.18088 8.24753 0.222515 -0.0629841 -0 126.519 470 459261
1.94623 8.00713 0.35392 8.24753 0.238438 -0.041974 -0.0707397 125.394 464 459261
1.94623 7.99778 0.18088 8.24753 0.238706 -0.0629841 -0.0707397 123.894 456 459261
1.99149 8.19334 0.345872 8.43933 0.238438 -0.041974 -0 125.207 463 459261
1.32766 8.32672 0.345872 8.43933 0.158115 -0.041974 -0 117.519 422 459261
4.68 7.69546 0.321726 9.01474 0.546391 -0.041974 -0 115.582 401 459261
3.12 8.44914 0.321726 9.01474 0.353736 -0.041974 -0 117.082 409 459261
3.76573 8.39229 0.313678 9.20654 0.421783 -0.041974 -0 117.082 409 459261
3.62089 8.45579 0.313678 9.20654 0.40459 -0.041974 -0 120.457 427 459261
3.62089 8.44475 0.120517 9.20654 0.405063 -0.0629841 -0 116.519 406 459261
3.47605 8.51635 0.313678 9.20654 0.387523 -0.041974 -0 116.894 408 459261
-2.00054 9.573 0.494766 9.78195 -0.206013 -0.0209824 -0 117.332 405 459261
3.8472 8.9913 0.494766 9.78195 0.404307 -0.0209824 -0 119.207 415 459261
3.8472 8.98427 0.289533 9.78195 0.40459 -0.041974 -0 120.519 422 459261
3.69331 9.0556 0.494766 9.78195 0.387253 -0.0209824 -0 118.269 410 459261
3.69331 9.04862 0.289533 9.78195 0.387523 -0.041974 -0 119.394 416 459261
-1.72596 9.82105 0.490742 9.97375 -0.173964 -0.0209824 -0 116.019 398 459261
-1.88286 9.79218 0.490742 9.97375 -0.189964 -0.0209824 -0 114.519 390 459261
-2.03977 9.7607 0.490742 9.97375 -0.206013 -0.0209824 -0 119.019 414 459261
-2.03977 9.75397 0.281485 9.97375 -0.206151 -0.041974 -0 114.707 391 459261
-2.19667 9.72659 0.490742 9.97375 -0.222116 -0.0209824 -0 116.207 399 459261
-2.3234 10.2806 0.257339 10.5492 -0.222265 -0.041974 -0 121.332 421 459261
-2.48936 10.2489 0.47867 10.5492 -0.238277 -0.0209824 -0 119.269 410 459261
-2.48936 10.2417 0.257339 10.5492 -0.238438 -0.041974 -0 121.332 421 459261
8.13192 6.71624 0.47867 10.5492 0.880455 -0.0209824 -0 121.144 420 459261
8.13192 6.70529 0.257339 10.5492 0.881256 -0.041974 -0 124.144 436 459261
8.13192 6.70529 0.257339 10.5492 0.881256 -0.041974 -0.0707397 117.582 401 459261
6.23095 9.44348 0.462573 11.3164 0.583244 -0.0209824 0.0707397 118.582 401 459261
6.23095 9.43452 0.225146 11.3164 0.58368 -0.041974 0.0707397 118.582 401 459261
6.05292 9.55856 0.462573 11.3164 0.564507 -0.0209824 0.0707397 123.832 429 459261
6.05292 9.54971 0.225146 11.3164 0.564926 -0.041974 0.0707397 125.144 436 459261
6.05292 9.55856 0.462573 11.3164 0.564507 -0.0209824 -0 131.519 470 459261
6.05292 9.54971 0.225146 11.3164 0.564926 -0.041974 -0 132.644 476 459261
6.23095 9.44348 0.462573 11.3164 0.583244 -0.0209824 -0.0707397 119.332 405 459261
6.23095 9.43452 0.225146 11.3164 0.58368 -0.041974 -0.0707397 119.144 404 459261
6.05292 9.55856 0.462573 11.3164 0.564507 -0.0209824 -0.0707397 124.582 433 459261
6.05292 9.54971 0.225146 11.3164 0.564926 -0.041974 -0.0707397 125.519 438 459261
6.15551 9.72057 0.458549 11.5082 0.564507 -0.0209824 -0 120.082 409 459261
6.15551 9.71157 0.217098 11.5082 0.564926 -0.041974 -0 121.394 416 459261
5.97447 9.53489 3.11451 11.5082 0.559742 0.211379 -0 121.582 417 459261
5.97447 9.59279 2.87306 11.5082 0.557021 0.189968 -0 123.457 427 459261
1.59319 12.5471 0.168807 12.659 0.126301 -0.041974 -0 119.582 401 459261
1.39404 12.5708 0.168807 12.659 0.110444 -0.041974 -0 120.894 408 459261
6.15551 11.4954 0.426355 13.0426 0.491624 -0.0209824 -0 139.707 503 459261
5.95033 11.6029 0.426355 13.0426 0.473858 -0.0209824 -0 137.832 493 459261
6.24604 11.6645 0.422331 13.2344 0.491624 -0.0209824 -0 143.644 524 459261
6.24604 11.6545 0.144662 13.2344 0.491978 -0.041974 -0 140.457 507 459261
6.03783 11.7736 0.422331 13.2344 0.473858 -0.0209824 -0 141.957 515 459261
6.03783 11.7637 0.144662 13.2344 0.474198 -0.041974 -0 138.394 496 459261
6.33656 11.8335 0.418307 13.4262 0.491624 -0.0209824 0.0707397 145.332 533 459261
6.33656 11.8234 0.136614 13.4262 0.491978 -0.041974 0.0707397 141.582 513 459261
6.12534 11.9442 0.418307 13.4262 0.473858 -0.0209824 0.0707397 143.457 523 459261
6.33656 11.8335 0.418307 13.4262 0.491624 -0.0209824 -0 153.207 575 459261
6.33656 11.8234 0.136614 13.4262 0.491978 -0.041974 -0 149.269 554 459261
6.12534 11.9442 0.418307 13.4262 0.473858 -0.0209824 -0 151.144 564 459261
6.33656 11.8335 0.418307 13.4262 0.491624 -0.0209824 -0.0707397 146.269 538 459261
6.33656 11.8234 0.136614 13.4262 0.491978 -0.041974 -0.0707397 142.519 518 459261
6.12534 11.9442 0.418307 13.4262 0.473858 -0.0209824 -0.0707397 144.207 527 459261
6.42708 12.0026 0.414283 13.618 0.491624 -0.0209824 -0 140.894 504 459261
6.42708 11.8382 2.70002 13.618 0.497384 0.147399 -0 139.207 495 459261
6.21284 12.1148 0.414283 13.618 0.473858 -0.0209824 -0 138.832 493 459261
6.21284 11.9007 2.98574 13.618 0.481138 0.168645 -0 137.894 488 459261
6.21284 11.952 2.70002 13.618 0.479374 0.147399 -0 142.019 510 459261
6.5176 12.1716 0.410259 13.8098 0.491624 -0.0209824 -0 138.269 490 459261
6.30035 12.2855 0.410259 13.8098 0.473858 -0.0209824 -0 137.332 485 459261
6.1193 13.6519 0.7 14.9606 0.421388 0 -0 131.957 451 459261
5.88395 13.755 0.7 14.9606 0.404213 0 -0 129.519 438 459261
6.82538 15.2271 0.7 16.6869 0.421388 0 0.0707397 145.394 512 459261
6.56286 15.3421 0.7 16.6869 0.404213 0 0.0707397 149.519 534 459261
6.56286 15.3381 1.0501 16.6869 0.404307 0.0209824 0.0707397 149.519 534 459261
6.82538 15.2271 0.7 16.6869 0.421388 0 -0 152.894 552 459261
6.56286 15.3421 0.7 16.6869 0.404213 0 -0 156.832 573 459261
6.56286 15.3381 1.0501 16.6869 0.404307 0.0209824 -0 156.832 573 459261
6.82538 15.2271 0.7 16.6869 0.421388 0 -0.0707397 145.582 513 459261
6.56286 15.3421 0.7 16.6869 0.404213 0 -0.0707397 149.707 535 459261
6.56286 15.3381 1.0501 16.6869 0.404307 0.0209824 -0.0707397 149.707 535 459261
6.6383 15.5184 0.7 16.8787 0.404213 0 0.0707397 149.519 534 459261
6.6383 15.5144 1.05413 16.8787 0.404307 0.0209824 0.0707397 149.144 532 459261
6.6383 15.5184 0.7 16.8787 0.404213 0 -0 157.394 576 459261
6.6383 15.5144 1.05413 16.8787 0.404307 0.0209824 -0 157.207 575 459261
6.6383 15.5184 0.7 16.8787 0.404213 0 -0.0707397 150.644 540 459261
6.6383 15.5144 1.05413 16.8787 0.404307 0.0209824 -0.0707397 150.269 538 459261
-7.3323 15.6276 0.7 17.2623 -0.438696 0 -0 131.144 436 459261
-7.3323 15.6234 0.337823 17.2623 -0.438799 -0.0209824 -0 135.457 459 459261
-7.3323 15.6108 -0.0243536 17.2623 -0.439109 -0.041974 -0 132.082 441 459261
-7.60387 15.4931 0.337823 17.2623 -0.456253 -0.0209824 -0 132.832 445 459261
6.73486 16.5174 0.7 17.8377 0.387164 0 0.0707397 148.269 522 459261
6.73486 16.5132 0.325751 17.8377 0.387253 -0.0209824 0.0707397 148.644 524 459261
6.45424 16.6291 0.7 17.8377 0.370232 0 0.0707397 145.644 508 459261
6.45424 16.6248 0.325751 17.8377 0.370317 -0.0209824 0.0707397 146.019 510 459261
6.73486 16.5174 0.7 17.8377 0.387164 0 -0 155.957 563 459261
6.73486 16.5132 0.325751 17.8377 0.387253 -0.0209824 -0 156.144 564 459261
6.45424 16.6291 0.7 17.8377 0.370232 0 -0 152.957 547 459261
6.45424 16.6248 0.325751 17.8377 0.370317 -0.0209824 -0 153.332 549 459261
6.73486 16.5174 0.7 17.8377 0.387164 0 -0.0707397 148.644 524 459261
6.73486 16.5132 0.325751 17.8377 0.387253 -0.0209824 -0.0707397 149.019 526 459261
6.45424 16.6291 0.7 17.8377 0.370232 0 -0.0707397 145.644 508 459261
6.45424 16.6248 0.325751 17.8377 0.370317 -0.0209824 -0.0707397 146.019 510 459261
6.80727 16.695 0.7 18.0295 0.387164 0 0.0707397 142.269 490 459261
6.80727 16.6907 0.321726 18.0295 0.387253 -0.0209824 0.0707397 142.457 491 459261
6.80727 16.695 0.7 18.0295 0.387164 0 -0 150.144 532 459261
6.80727 16.6907 0.321726 18.0295 0.387253 -0.0209824 -0 150.519 534 459261
6.52364 16.8079 0.7 18.0295 0.370232 0 -0 147.144 516 459261
6.52364 16.8036 0.321726 18.0295 0.370317 -0.0209824 -0 147.332 517 459261
6.80727 16.695 0.7 18.0295 0.387164 0 -0.0707397 143.957 499 459261
6.80727 16.6907 0.321726 18.0295 0.387253 -0.0209824 -0.0707397 144.332 501 459261
6.87969 16.8726 0.7 18.2213 0.387164 0 -0 146.457 507 459261
6.87969 16.8683 0.317702 18.2213 0.387253 -0.0209824 -0 145.519 502 459261
6.59304 16.9867 0.7 18.2213 0.370232 0 -0 146.269 506 459261
6.59304 16.9824 0.317702 18.2213 0.370317 -0.0209824 -0 145.519 502 459261
3.04758 19.1309 0.7 19.3721 0.157974 0 0.0707397 137.519 454 459261
2.74282 19.1769 0.7 19.3721 0.142064 0 0.0707397 138.269 458 459261
6.46329 18.4654 0.7 19.5639 0.336693 0 -0 152.894 536 459261
6.46329 18.4609 0.289533 19.5639 0.336771 -0.0209824 -0 152.332 533 459261
6.15551 18.5703 0.7 19.5639 0.320073 0 -0 152.144 532 459261
6.15551 18.5658 0.289533 19.5639 0.320146 -0.0209824 -0 151.207 527 459261
7.14824 18.1871 3.60144 19.7557 0.37449 0.147399 -0 143.519 486 459261
5.90507 18.8525 0.7 19.7557 0.303544 0 -0 151.207 527 459261
6.27621 18.9344 0.7 19.9475 0.320073 0 0.0707397 159.457 571 459261
6.27621 18.9298 0.281485 19.9475 0.320146 -0.0209824 0.0707397 155.332 549 459261
6.27621 18.9298 1.11852 19.9475 0.320146 0.0209824 0.0707397 155.519 550 459261
5.9624 19.0356 0.7 19.9475 0.303544 0 0.0707397 158.894 568 459261
6.27621 18.9344 0.7 19.9475 0.320073 0 -0 166.957 611 459261
6.27621 18.9298 0.281485 19.9475 0.320146 -0.0209824 -0 163.019 590 459261
6.27621 18.9298 1.11852 19.9475 0.320146 0.0209824 -0 163.019 590 459261
5.9624 19.0356 0.7 19.9475 0.303544 0 -0 166.207 607 459261
6.27621 18.9344 0.7 19.9475 0.320073 0 -0.0707397 160.019 574 459261
6.27621 18.9298 0.281485 19.9475 0.320146 -0.0209824 -0.0707397 156.082 553 459261
6.27621 18.9298 1.11852 19.9475 0.320146 0.0209824 -0.0707397 155.894 552 459261
5.9624 19.0356 0.7 19.9475 0.303544 0 -0.0707397 159.269 570 459261
6.33656 19.1165 0.7 20.1393 0.320073 0 0.0707397 152.894 536 459261
6.01973 19.2186 0.7 20.1393 0.303544 0 0.0707397 151.582 529 459261
6.33656 19.1165 0.7 20.1393 0.320073 0 -0 161.144 580 459261
6.33656 19.1118 0.27746 20.1393 0.320146 -0.0209824 -0 156.832 557 459261
6.33656 19.1118 1.12254 20.1393 0.320146 0.0209824 -0 157.394 560 459261
6.01973 19.2186 0.7 20.1393 0.303544 0 -0 160.582 577 459261
6.01973 19.214 0.27746 20.1393 0.303613 -0.0209824 -0 156.644 556 459261
6.33656 19.1165 0.7 20.1393 0.320073 0 -0.0707397 154.582 545 459261
6.01973 19.2186 0.7 20.1393 0.303544 0 -0.0707397 154.582 545 459261
6.39691 19.2985 0.7 20.3311 0.320073 0 -0 152.707 535 459261
6.07706 19.4016 0.7 20.3311 0.303544 0 -0 151.582 529 459261
1.93718 20.4268 1.13059 20.5229 0.0945525 0.0209824 -0 147.707 503 459261
1.61431 20.4548 1.13059 20.5229 0.0787578 0.0209824 -0 149.019 510 459261
1.29145 20.4822 0.7 20.5229 0.0629689 0 -0 151.269 522 459261
1.29145 20.4777 1.13059 20.5229 0.0629827 0.0209824 -0 150.144 516 459261
0.968588 20.5 0.7 20.5229 0.047213 0 -0 148.269 506 459261
1.95528 20.6222 0.7 20.7147 0.0945316 0 0.0707397 151.082 521 459261
1.95528 20.6177 1.13461 20.7147 0.0945525 0.0209824 0.0707397 154.269 538 459261
1.6294 20.6505 0.7 20.7147 0.0787404 0 0.0707397 152.207 527 459261
1.6294 20.646 1.13461 20.7147 0.0787578 0.0209824 0.0707397 154.457 539 459261
1.95528 20.6222 0.7 20.7147 0.0945316 0 -0 158.957 563 459261
1.95528 20.6177 1.13461 20.7147 0.0945525 0.0209824 -0 161.957 579 459261
1.6294 20.6505 0.7 20.7147 0.0787404 0 -0 159.707 567 459261
1.6294 20.646 1.13461 20.7147 0.0787578 0.0209824 -0 162.144 580 459261
1.95528 20.6222 0.7 20.7147 0.0945316 0 -0.0707397 151.269 522 459261
1.95528 20.6177 1.13461 20.7147 0.0945525 0.0209824 -0.0707397 154.457 539 459261
1.6294 20.6505 0.7 20.7147 0.0787404 0 -0.0707397 152.019 526 459261
1.6294 20.646 1.13461 20.7147 0.0787578 0.0209824 -0.0707397 154.457 539 459261
4.93346 20.3161 0.7 20.9065 0.238224 0 0.0707397 146.957 499 459261
4.93346 20.2971 1.57727 20.9065 0.238438 0.041974 0.0707397 145.082 489 459261
4.93346 20.3114 1.13864 20.9065 0.238277 0.0209824 0.0707397 148.269 506 459261
4.60457 20.3743 1.57727 20.9065 0.222265 0.041974 0.0707397 145.832 493 459261
4.60457 20.3884 1.13864 20.9065 0.222116 0.0209824 0.0707397 146.582 497 459261
4.93346 20.3114 1.13864 20.9065 0.238277 0.0209824 -0 156.144 548 459261
4.93346 20.3161 0.7 20.9065 0.238224 0 -0.0707397 148.082 505 459261
4.93346 20.3114 1.13864 20.9065 0.238277 0.0209824 -0.0707397 149.957 515 459261
4.60457 20.3884 1.13864 20.9065 0.222116 0.0209824 -0.0707397 148.457 507 459261
1.64449 20.8417 0.7 20.9065 0.0787404 0 -0.0707397 147.707 503 459261
1.64449 20.8371 1.13864 20.9065 0.0787578 0.0209824 -0.0707397 148.457 507 459261
1.99149 21.0041 0.7 21.0983 0.0945316 0 -0 146.957 499 459261
1.99149 20.9995 1.14266 21.0983 0.0945525 0.0209824 -0 151.269 522 459261
1.65957 21.0283 1.14266 21.0983 0.0787578 0.0209824 -0 151.082 521 459261
3.68426 20.9499 1.59337 21.2901 0.17408 0.041974 -0 144.894 488 459261
3.68426 20.9642 1.14668 21.2901 0.173964 0.0209824 -0 143.957 483 459261
3.71745 21.153 1.15071 21.4819 0.173964 0.0209824 0.0707397 147.894 504 459261
1.3518 21.4394 0.7 21.4819 0.0629689 0 0.0707397 150.707 519 459261
1.3518 21.4346 0.249291 21.4819 0.0629827 -0.0209824 0.0707397 147.894 504 459261
1.3518 21.4346 1.15071 21.4819 0.0629827 0.0209824 0.0707397 148.832 509 459261
1.01385 21.458 0.7 21.4819 0.047213 0 0.0707397 148.269 506 459261
1.3518 21.4394 0.7 21.4819 0.0629689 0 -0 158.207 559 459261
1.3518 21.4346 1.15071 21.4819 0.0629827 0.0209824 -0 156.519 550 459261
3.71745 21.153 1.15071 21.4819 0.173964 0.0209824 -0.0707397 148.644 508 459261
1.3518 21.4394 0.7 21.4819 0.0629689 0 -0.0707397 151.082 521 459261
1.3518 21.4346 0.249291 21.4819 0.0629827 -0.0209824 -0.0707397 148.269 506 459261
1.3518 21.4346 1.15071 21.4819 0.0629827 0.0209824 -0.0707397 149.582 513 459261
1.01385 21.458 0.7 21.4819 0.047213 0 -0.0707397 148.269 506 459261
1.36387 21.6308 0.7 21.6737 0.0629689 0 0.0707397 145.832 493 459261
1.36387 21.6308 0.7 21.6737 0.0629689 0 -0 153.894 536 459261
1.36387 21.6308 0.7 21.6737 0.0629689 0 -0.0707397 147.707 503 459261
5.15977 21.2431 1.15876 21.8655 0.238277 0.0209824 0.0707397 149.207 511 459261
4.81578 21.3089 1.61751 21.8655 0.222265 0.041974 0.0707397 149.019 510 459261
4.81578 21.3237 1.15876 21.8655 0.222116 0.0209824 0.0707397 154.082 537 459261
4.4718 21.3985 1.15876 21.8655 0.206013 0.0209824 0.0707397 149.394 512 459261
5.15977 21.2431 1.15876 21.8655 0.238277 0.0209824 -0 156.332 549 459261
4.81578 21.3089 1.61751 21.8655 0.222265 0.041974 -0 156.519 550 459261
4.81578 21.3237 1.15876 21.8655 0.222116 0.0209824 -0 161.394 576 459261
4.4718 21.3985 1.15876 21.8655 0.206013 0.0209824 -0 156.707 551 459261
5.15977 21.2431 1.15876 21.8655 0.238277 0.0209824 -0.0707397 148.644 508 459261
4.81578 21.3089 1.61751 21.8655 0.222265 0.041974 -0.0707397 149.207 511 459261
4.81578 21.3237 1.15876 21.8655 0.222116 0.0209824 -0.0707397 154.082 537 459261
4.4718 21.3985 1.15876 21.8655 0.206013 0.0209824 -0.0707397 149.582 513 459261
4.85803 21.5107 1.16278 22.0573 0.222116 0.0209824 0.0707397 149.082 505 459261
5.20503 21.4294 1.16278 22.0573 0.238277 0.0209824 -0 153.207 527 459261
4.85803 21.4958 1.62556 22.0573 0.222265 0.041974 -0 151.707 519 459261
4.85803 21.5107 1.16278 22.0573 0.222116 0.0209824 -0 157.519 550 459261
4.51103 21.5862 1.16278 22.0573 0.206013 0.0209824 -0 152.457 523 459261
5.20503 21.4294 1.16278 22.0573 0.238277 0.0209824 -0.0707397 146.832 493 459261
4.85803 21.5107 1.16278 22.0573 0.222116 0.0209824 -0.0707397 151.332 517 459261
4.51103 21.5862 1.16278 22.0573 0.206013 0.0209824 -0.0707397 146.269 490 459261
8.05045 20.7364 1.16681 22.2491 0.370317 0.0209824 -0 142.519 470 459261
4.90027 21.6978 1.16681 22.2491 0.222116 0.0209824 -0 147.019 494 459261
2.80015 22.0722 0.7 22.2491 0.126189 0 -0 142.144 468 459261
2.80015 22.0673 1.16681 22.2491 0.126217 0.0209824 -0 141.957 467 459261
2.45014 22.1138 0.7 22.2491 0.110346 0 -0 141.957 467 459261
8.05045 20.7364 1.16681 22.2491 0.370317 0.0209824 -0.0707397 135.582 433 459261
1.79536 22.7538 0.7 22.8246 0.0787404 0 0.0707397 152.144 516 459261
1.43629 22.7793 0.7 22.8246 0.0629689 0 0.0707397 154.582 529 459261
1.43629 22.7743 1.17888 22.8246 0.0629827 0.0209824 0.0707397 150.644 508 459261
1.07721 22.7991 0.7 22.8246 0.047213 0 0.0707397 152.707 519 459261
1.79536 22.7538 0.7 22.8246 0.0787404 0 -0 159.457 555 459261
1.43629 22.7793 0.7 22.8246 0.0629689 0 -0 161.894 568 459261
1.43629 22.7743 1.17888 22.8246 0.0629827 0.0209824 -0 157.957 547 459261
1.07721 22.7991 0.7 22.8246 0.047213 0 -0 159.644 556 459261
1.79536 22.7538 0.7 22.8246 0.0787404 0 -0.0707397 152.332 517 459261
1.43629 22.7793 0.7 22.8246 0.0629689 0 -0.0707397 154.394 528 459261
1.43629 22.7743 1.17888 22.8246 0.0629827 0.0209824 -0.0707397 150.269 506 459261
1.07721 22.7991 0.7 22.8246 0.047213 0 -0.0707397 152.332 517 459261
1.81044 22.945 0.7 23.0164 0.0787404 0 0.0707397 151.207 511 459261
1.44836 22.9707 0.7 23.0164 0.0629689 0 0.0707397 155.332 533 459261
1.44836 22.9657 1.1829 23.0164 0.0629827 0.0209824 0.0707397 151.582 513 459261
1.08627 22.9907 0.7 23.0164 0.047213 0 0.0707397 154.207 527 459261
1.08627 22.9856 1.1829 23.0164 0.0472234 0.0209824 0.0707397 151.582 513 459261
1.81044 22.945 0.7 23.0164 0.0787404 0 -0 159.269 554 459261
1.44836 22.9707 0.7 23.0164 0.0629689 0 -0 163.207 575 459261
1.44836 22.9657 1.1829 23.0164 0.0629827 0.0209824 -0 159.457 555 459261
1.08627 22.9907 0.7 23.0164 0.047213 0 -0 161.707 567 459261
1.08627 22.9856 1.1829 23.0164 0.0472234 0.0209824 -0 159.082 553 459261
1.81044 22.945 0.7 23.0164 0.0787404 0 -0.0707397 152.519 518 459261
1.44836 22.9707 0.7 23.0164 0.0629689 0 -0.0707397 156.082 537 459261
1.44836 22.9657 1.1829 23.0164 0.0629827 0.0209824 -0.0707397 152.519 518 459261
1.08627 22.9907 0.7 23.0164 0.047213 0 -0.0707397 154.957 531 459261
1.08627 22.9856 1.1829 23.0164 0.0472234 0.0209824 -0.0707397 152.144 516 459261
-14.8456 18.3352 0.7 23.5918 -0.680617 0 0.0707397 137.519 438 459261
-14.8456 18.3285 0.205025 23.5918 -0.680795 -0.0209824 0.0707397 135.832 429 459261
-14.8456 18.3352 0.7 23.5918 -0.680617 0 -0 145.207 479 459261
-14.8456 18.3285 0.205025 23.5918 -0.680795 -0.0209824 -0 143.332 469 459261
-13.7322 19.1833 0.7 23.5918 -0.621281 0 -0.0707397 133.957 419 459261
-13.7322 19.1769 1.19497 23.5918 -0.621438 0.0209824 -0.0707397 133.957 419 459261
-14.8456 18.3352 0.7 23.5918 -0.680617 0 -0.0707397 138.457 443 459261
-14.8456 18.3285 0.205025 23.5918 -0.680795 -0.0209824 -0.0707397 136.207 431 459261
-15.2168 18.0283 0.7 23.5918 -0.701029 0 -0.0707397 134.707 423 459261
-7.10901 22.6908 0.201001 23.7836 -0.303613 -0.0209824 0.0707397 136.019 430 459261
-14.5922 18.781 0.7 23.7836 -0.660537 0 0.0707397 139.019 446 459261
-14.9663 18.4842 0.7 23.7836 -0.680617 0 0.0707397 139.207 447 459261
-14.9663 18.4775 0.201001 23.7836 -0.680795 -0.0209824 0.0707397 136.394 432 459261
-14.5922 18.781 0.7 23.7836 -0.660537 0 -0 146.144 484 459261
-14.9663 18.4842 0.7 23.7836 -0.680617 0 -0 146.707 487 459261
-14.5922 18.781 0.7 23.7836 -0.660537 0 -0.0707397 139.394 448 459261
-14.9663 18.4842 0.7 23.7836 -0.680617 0 -0.0707397 140.707 455 459261
-14.9663 18.4775 0.201001 23.7836 -0.680795 -0.0209824 -0.0707397 137.707 439 459261
1.52077 24.1193 0.7 24.1672 0.0629689 0 0.0707397 148.394 496 459261
1.52077 24.1139 1.20705 24.1672 0.0629827 0.0209824 0.0707397 146.519 486 459261
1.14058 24.1402 0.7 24.1672 0.047213 0 0.0707397 148.957 499 459261
1.14058 24.1349 1.20705 24.1672 0.0472234 0.0209824 0.0707397 146.894 488 459261
1.52077 24.1193 0.7 24.1672 0.0629689 0 -0 155.707 535 459261
1.52077 24.1139 1.20705 24.1672 0.0629827 0.0209824 -0 154.019 526 459261
1.14058 24.1402 0.7 24.1672 0.047213 0 -0 156.082 537 459261
1.14058 24.1349 1.20705 24.1672 0.0472234 0.0209824 -0 154.394 528 459261
1.52077 24.1193 0.7 24.1672 0.0629689 0 -0.0707397 148.394 496 459261
1.52077 24.1139 1.20705 24.1672 0.0629827 0.0209824 -0.0707397 146.519 486 459261
1.14058 24.1402 0.7 24.1672 0.047213 0 -0.0707397 148.582 497 459261
1.14058 24.1349 1.20705 24.1672 0.0472234 0.0209824 -0.0707397 146.894 488 459261
1.53284 24.3107 0.7 24.359 0.0629689 0 0.0707397 149.582 497 459261
1.53284 24.3053 1.21107 24.359 0.0629827 0.0209824 0.0707397 148.457 491 459261
1.14963 24.3318 0.7 24.359 0.047213 0 0.0707397 150.144 500 459261
1.14963 24.3265 1.21107 24.359 0.0472234 0.0209824 0.0707397 148.644 492 459261
1.53284 24.3107 0.7 24.359 0.0629689 0 -0 157.644 540 459261
1.53284 24.3053 1.21107 24.359 0.0629827 0.0209824 -0 156.332 533 459261
1.14963 24.3318 0.7 24.359 0.047213 0 -0 158.207 543 459261
1.14963 24.3265 1.21107 24.359 0.0472234 0.0209824 -0 156.519 534 459261
1.53284 24.3107 0.7 24.359 0.0629689 0 -0.0707397 150.894 504 459261
1.53284 24.3053 1.21107 24.359 0.0629827 0.0209824 -0.0707397 149.957 499 459261
1.14963 24.3318 0.7 24.359 0.047213 0 -0.0707397 151.457 507 459261
1.14963 24.3265 1.21107 24.359 0.0472234 0.0209824 -0.0707397 149.957 499 459261
10.0419 22.4031 0.7 24.5508 0.421388 0 -0 137.019 430 459261
9.65571 22.5723 0.7 24.5508 0.404213 0 -0 137.207 431 459261
5.79342 23.8519 1.2151 24.5508 0.238277 0.0209824 -0 137.582 433 459261
11.0679 22.5572 0.7 25.1262 0.456145 0 -0 134.207 415 459261
9.48673 23.2664 0.7 25.1262 0.387164 0 -0 134.394 416 459261
9.09145 23.4237 0.7 25.1262 0.370232 0 -0 135.707 423 459261
11.1523 22.7046 1.76239 25.318 0.456578 0.041974 -0 139.457 443 459261
11.1523 22.7232 1.23119 25.318 0.456253 0.0209824 -0 139.832 445 459261
10.754 22.8959 1.76239 25.318 0.439109 0.041974 -0 137.582 433 459261
10.754 22.9144 1.23119 25.318 0.438799 0.0209824 -0 138.144 436 459261
-16.7014 19.7872 0.7 25.8934 -0.701029 0 0.0707397 136.144 420 459261
-16.294 20.124 0.7 25.8934 -0.680617 0 -0 140.269 442 459261
-16.294 20.1166 0.156735 25.8934 -0.680795 -0.0209824 -0 138.394 432 459261
-16.7014 19.7872 0.7 25.8934 -0.701029 0 -0 142.332 453 459261
-16.7014 19.7797 0.156735 25.8934 -0.701215 -0.0209824 -0 140.832 445 459261
-16.7014 19.7797 1.24327 25.8934 -0.701215 0.0209824 -0 138.207 431 459261
-16.7014 19.7872 0.7 25.8934 -0.701029 0 -0.0707397 135.394 416 459261
-16.4147 20.273 0.7 26.0852 -0.680617 0 0.0707397 142.332 453 459261
-16.4147 20.2656 0.152711 26.0852 -0.680795 -0.0209824 0.0707397 139.894 440 459261
-16.8251 19.9338 0.7 26.0852 -0.701029 0 0.0707397 142.707 455 459261
-16.8251 19.9263 0.152711 26.0852 -0.701215 -0.0209824 0.0707397 140.644 444 459261
-16.4147 20.273 0.7 26.0852 -0.680617 0 -0 149.832 493 459261
-16.4147 20.2656 0.152711 26.0852 -0.680795 -0.0209824 -0 147.207 479 459261
-16.8251 19.9338 0.7 26.0852 -0.701029 0 -0 150.207 495 459261
-16.8251 19.9263 0.152711 26.0852 -0.701215 -0.0209824 -0 148.144 484 459261
-16.4147 20.273 0.7 26.0852 -0.680617 0 -0.0707397 143.082 457 459261
-16.4147 20.2656 0.152711 26.0852 -0.680795 -0.0209824 -0.0707397 140.457 443 459261
-16.8251 19.9338 0.7 26.0852 -0.701029 0 -0.0707397 143.269 458 459261
-16.8251 19.9263 0.152711 26.0852 -0.701215 -0.0209824 -0.0707397 141.207 447 459261
6.71072 25.583 4.05617 26.6606 0.256532 0.12622 -0 136.519 422 459261
6.2913 25.6894 4.05617 26.6606 0.240172 0.12622 -0 138.957 435 459261
6.2913 25.7563 3.49681 26.6606 0.239572 0.105098 -0 135.582 417 459261
6.2913 25.8835 1.81872 26.6606 0.238438 0.041974 -0 136.144 420 459261
-15.6302 21.8346 0.7 26.8524 -0.621281 0 0.0707397 132.207 399 459261
6.75899 25.8347 3.51693 26.8524 0.255889 0.105098 -0 141.957 451 459261
6.33656 25.8742 4.08032 26.8524 0.240172 0.12622 -0 141.207 447 459261
6.33656 25.9416 3.51693 26.8524 0.239572 0.105098 -0 142.894 456 459261
6.75899 25.8347 3.51693 26.8524 0.255889 0.105098 -0.0707397 134.832 413 459261
6.33656 25.9416 3.51693 26.8524 0.239572 0.105098 -0.0707397 136.144 420 459261
-15.5336 22.6051 0.7 27.4278 -0.602065 0 -0 135.457 411 459261
-15.9651 22.3025 0.7 27.4278 -0.621281 0 -0 138.269 426 459261
-15.9651 22.2951 0.124541 27.4278 -0.621438 -0.0209824 -0 135.082 409 459261
-15.9651 22.2951 1.27546 27.4278 -0.621438 0.0209824 -0 133.207 399 459261
-16.3966 21.9872 0.7 27.4278 -0.640765 0 -0 136.957 419 459261
10.8627 25.3938 0.7 27.6196 0.404213 0 0.0707397 134.707 407 459261
10.4282 25.5753 0.7 27.6196 0.387164 0 0.0707397 137.144 420 459261
10.4282 25.5753 0.7 27.6196 0.387164 0 -0 143.144 452 459261
6.5176 26.8146 1.85897 27.6196 0.238438 0.041974 -0 144.082 457 459261
6.5176 26.8334 1.27948 27.6196 0.238277 0.0209824 -0 143.519 454 459261
6.0831 26.9165 1.85897 27.6196 0.222265 0.041974 -0 143.332 453 459261
10.8627 25.3938 0.7 27.6196 0.404213 0 -0.0707397 135.082 409 459261
-16.4117 22.9263 0.7 28.195 -0.621281 0 -0 139.394 432 459261
11.089 25.9229 0.7 28.195 0.404213 0 -0 139.957 435 459261
10.6454 26.1081 0.7 28.195 0.387164 0 -0 140.894 440 459261
6.65339 26.1171 8.98178 28.195 0.249446 0.298128 -0 141.832 445 459261
6.20983 26.2261 8.98178 28.195 0.232498 0.298128 -0 141.082 441 459261
-16.0768 23.3955 0.7 28.3868 -0.602065 0 -0 140.519 438 459261
-16.5233 23.0823 0.7 28.3868 -0.621281 0 -0 140.519 438 459261
-19.6494 20.487 0.7 28.3868 -0.764533 0 -0 141.269 442 459261
-19.6494 20.4783 0.10442 28.3868 -0.764744 -0.0209824 -0 140.144 436 459261
2.73377 28.8329 0.7 28.9622 0.0945316 0 -0 136.082 409 459261
2.73377 28.8265 1.30765 28.9622 0.0945525 0.0209824 -0 137.582 417 459261
-15.594 24.633 0.7 29.1541 -0.564368 0 -0 140.957 435 459261
-16.0526 24.3366 0.7 29.1541 -0.583099 0 -0 145.644 460 459261
-16.0526 24.329 1.31168 29.1541 -0.583244 0.0209824 -0 143.957 451 459261
-16.5113 24.0278 0.7 29.1541 -0.602065 0 -0 141.332 437 459261
-16.5113 24.0201 1.31168 29.1541 -0.602216 0.0209824 -0 141.332 437 459261
-15.9017 25.1192 0.7 29.7295 -0.564368 0 -0 141.707 439 459261
-16.3694 24.817 0.7 29.7295 -0.583099 0 -0 143.207 447 459261
3.27389 29.5421 1.32375 29.7295 0.110371 0.0209824 -0 141.332 437 459261
8.9436 28.5534 0.7 29.9213 0.303544 0 -0 139.832 429 459261
3.29501 29.7327 1.32777 29.9213 0.110371 0.0209824 -0 139.832 429 459261
3.35838 30.3112 0.7 30.4967 0.110346 0 -0 141.207 431 459261
3.35838 30.3044 1.33985 30.4967 0.110371 0.0209824 -0 142.144 436 459261
2.87861 30.3605 0.7 30.4967 0.0945316 0 -0 141.957 435 459261
2.87861 30.3538 1.33985 30.4967 0.0945525 0.0209824 -0 143.832 445 459261
-7.24178 29.8148 0.0561301 30.6885 -0.238277 -0.0209824 0.0707397 137.644 412 459261
6.27621 30.0398 0.7 30.6885 0.205967 0 -0 153.582 497 459261
6.27621 30.0329 1.34387 30.6885 0.206013 0.0209824 -0 153.582 497 459261
5.79342 30.1367 0.7 30.6885 0.189921 0 -0 150.582 481 459261
5.79342 30.1298 1.34387 30.6885 0.189964 0.0209824 -0 150.957 483 459261
-7.24178 29.8148 0.0561301 30.6885 -0.238277 -0.0209824 -0.0707397 137.644 412 459261
6.84348 30.3091 0.7 31.0721 0.222066 0 0.0707397 155.269 506 459261
6.35466 30.4153 0.7 31.0721 0.205967 0 0.0707397 159.394 528 459261
6.35466 30.4083 1.35192 31.0721 0.206013 0.0209824 0.0707397 159.394 528 459261
6.84348 30.3091 0.7 31.0721 0.222066 0 -0 162.957 547 459261
6.35466 30.4153 0.7 31.0721 0.205967 0 -0 166.894 568 459261
6.35466 30.4083 1.35192 31.0721 0.206013 0.0209824 -0 166.894 568 459261
6.84348 30.3091 0.7 31.0721 0.222066 0 -0.0707397 156.207 511 459261
6.35466 30.4153 0.7 31.0721 0.205967 0 -0.0707397 160.144 532 459261
6.35466 30.4083 1.35192 31.0721 0.206013 0.0209824 -0.0707397 160.144 532 459261
5.86584 30.5064 1.35192 31.0721 0.189964 0.0209824 -0.0707397 155.457 507 459261
6.88573 30.4962 0.7 31.2639 0.222066 0 -0 153.394 496 459261
6.39389 30.6031 0.7 31.2639 0.205967 0 -0 157.707 519 459261
6.39389 30.5961 1.35594 31.2639 0.206013 0.0209824 -0 157.144 516 459261
6.39389 30.6031 0.7 31.2639 0.205967 0 -0.0707397 151.894 488 459261
6.39389 30.5961 1.35594 31.2639 0.206013 0.0209824 -0.0707397 151.144 484 459261
6.43311 30.7908 0.7 31.4557 0.205967 0 -0 152.082 489 459261
6.43311 30.7838 1.35997 31.4557 0.206013 0.0209824 -0 152.644 492 459261
1.48456 31.4206 0.7 31.4557 0.047213 0 -0 152.644 492 459261
1.52077 32.187 0.7 32.2229 0.047213 0 -0 155.269 506 459261
1.52077 32.1799 0.0239366 32.2229 0.0472234 -0.0209824 -0 153.394 496 459261
1.01385 32.2069 0.7 32.2229 0.0314688 0 -0 152.644 492 459261
1.53888 32.5702 0.7 32.6065 0.047213 0 0.0707397 160.519 534 459261
1.53888 32.563 0.0158883 32.6065 0.0472234 -0.0209824 0.0707397 159.582 529 459261
1.02592 32.5904 0.7 32.6065 0.0314688 0 0.0707397 157.707 519 459261
1.02592 32.5832 0.0158883 32.6065 0.0314757 -0.0209824 0.0707397 156.582 513 459261
1.53888 32.5702 0.7 32.6065 0.047213 0 -0 168.207 575 459261
1.53888 32.563 0.0158883 32.6065 0.0472234 -0.0209824 -0 167.082 569 459261
1.02592 32.5904 0.7 32.6065 0.0314688 0 -0 165.207 559 459261
1.02592 32.5832 0.0158883 32.6065 0.0314757 -0.0209824 -0 163.894 552 459261
1.53888 32.5702 0.7 32.6065 0.047213 0 -0.0707397 160.894 536 459261
1.53888 32.563 0.0158883 32.6065 0.0472234 -0.0209824 -0.0707397 159.957 531 459261
1.02592 32.5904 0.7 32.6065 0.0314688 0 -0.0707397 158.082 521 459261
1.02592 32.5832 0.0158883 32.6065 0.0314757 -0.0209824 -0.0707397 156.957 515 459261
1.54793 32.7618 0.7 32.7983 0.047213 0 -0 158.332 517 459261
1.54793 32.7545 0.0118641 32.7983 0.0472234 -0.0209824 -0 158.894 520 459261
1.03195 32.7821 0.7 32.7983 0.0314688 0 -0 154.957 499 459261
1.03195 32.7748 0.0118641 32.7983 0.0314757 -0.0209824 -0 155.519 502 459261
1.54793 32.7618 0.7 32.7983 0.047213 0 -0.0707397 152.332 485 459261
1.54793 32.7545 0.0118641 32.7983 0.0472234 -0.0209824 -0.0707397 152.894 488 459261
-6.74692 32.2854 0.00783986 32.9901 -0.206013 -0.0209824 0.0707397 138.457 411 459261
-7.26592 32.1726 0.00783986 32.9901 -0.222116 -0.0209824 0.0707397 141.644 428 459261
-22.8357 23.5563 4.1608 32.9901 -0.769868 0.105098 0.0707397 138.644 412 459261
-7.26592 32.1726 0.00783986 32.9901 -0.222116 -0.0209824 -0 149.144 468 459261
1.55698 32.9534 0.7 32.9901 0.047213 0 -0 153.832 493 459261
1.55698 32.9461 0.00783986 32.9901 0.0472234 -0.0209824 -0 152.707 487 459261
-6.74692 32.2854 0.00783986 32.9901 -0.206013 -0.0209824 -0.0707397 138.832 413 459261
-7.26592 32.18 0.7 32.9901 -0.222066 0 -0.0707397 137.894 408 459261
-7.26592 32.1726 0.00783986 32.9901 -0.222116 -0.0209824 -0.0707397 142.207 431 459261
-22.8357 23.5563 -2.7608 32.9901 -0.769868 -0.105098 -0.0707397 136.957 403 459261
-22.8357 23.5563 4.1608 32.9901 -0.769868 0.105098 -0.0707397 138.644 412 459261
-23.3547 23.0418 4.1608 32.9901 -0.792142 0.105098 -0.0707397 137.707 407 459261
10.0329 31.8369 4.22116 33.5655 0.305283 0.105098 0.0707397 135.082 393 459261
5.28046 32.96 4.22116 33.5655 0.158858 0.105098 -0 142.957 435 459261
3.69633 33.175 4.22116 33.5655 0.110961 0.105098 -0 143.332 437 459261
10.0329 31.8369 4.22116 33.5655 0.305283 0.105098 -0.0707397 135.457 395 459261
5.28046 32.96 4.22116 33.5655 0.158858 0.105098 -0.0707397 136.582 401 459261
4.75242 33.0403 4.22116 33.5655 0.142857 0.105098 -0.0707397 135.457 395 459261
10.6213 32.0429 0.7 33.7573 0.320073 0 -0 135.269 394 459261
10.0902 32.2063 1.40826 33.7573 0.303613 0.0209824 -0 135.457 395 459261
10.2622 32.5646 4.30165 34.3327 0.305283 0.105098 -0 135.707 391 459261
19.0097 28.8106 -0.0243536 34.5245 0.583244 -0.0209824 -0 138.894 408 459261
10.3195 32.7465 4.32177 34.5245 0.305283 0.105098 -0 138.144 404 459261
5.52186 34.5375 3.6457 35.0999 0.158538 0.0840222 0.0707397 143.394 432 459261
4.96967 34.6213 3.6457 35.0999 0.14257 0.0840222 0.0707397 141.144 420 459261
5.52186 34.5375 3.6457 35.0999 0.158538 0.0840222 -0 150.894 472 459261
4.96967 34.6213 3.6457 35.0999 0.14257 0.0840222 -0 148.644 460 459261
5.52186 34.5375 3.6457 35.0999 0.158538 0.0840222 -0.0707397 144.144 436 459261
4.96967 34.6213 3.6457 35.0999 0.14257 0.0840222 -0.0707397 141.144 420 459261
5.55203 34.6551 4.40225 35.2917 0.158858 0.105098 0.0707397 137.019 398 459261
4.99683 34.6526 5.1427 35.2917 0.143211 0.12622 0.0707397 138.707 407 459261
4.99683 34.7395 4.40225 35.2917 0.142857 0.105098 0.0707397 140.019 414 459261
4.99683 34.8104 3.6618 35.2917 0.14257 0.0840222 0.0707397 136.644 396 459261
4.99683 34.7395 4.40225 35.2917 0.142857 0.105098 -0 147.332 453 459261
4.99683 34.8104 3.6618 35.2917 0.14257 0.0840222 -0 144.707 439 459261
5.55203 34.6551 4.40225 35.2917 0.158858 0.105098 -0.0707397 139.269 410 459261
5.55203 34.7262 3.6618 35.2917 0.158538 0.0840222 -0.0707397 137.394 400 459261
4.99683 34.6526 5.1427 35.2917 0.143211 0.12622 -0.0707397 137.957 403 459261
4.99683 34.7395 4.40225 35.2917 0.142857 0.105098 -0.0707397 141.332 421 459261
4.99683 34.8104 3.6618 35.2917 0.14257 0.0840222 -0.0707397 139.269 410 459261
6.77106 35.0934 3.71009 35.8672 0.190602 0.0840222 0.0707397 138.332 405 459261
6.77106 35.0934 3.71009 35.8672 0.190602 0.0840222 -0 146.207 447 459261
6.20681 35.1976 3.71009 35.8672 0.174548 0.0840222 -0 145.457 443 459261
6.77106 35.0934 3.71009 35.8672 0.190602 0.0840222 -0.0707397 139.269 410 459261
6.20681 35.1976 3.71009 35.8672 0.174548 0.0840222 -0.0707397 138.707 407 459261
5.67273 35.4085 4.48274 36.059 0.158858 0.105098 0.0707397 135.519 390 459261
5.67273 35.4811 3.72619 36.059 0.158538 0.0840222 0.0707397 138.332 405 459261
7.37455 35.1668 3.72619 36.059 0.206706 0.0840222 -0 144.144 436 459261
6.80727 35.281 3.72619 36.059 0.190602 0.0840222 -0 144.707 439 459261
5.67273 35.4811 3.72619 36.059 0.158538 0.0840222 -0 144.332 437 459261
1.72897 36.5855 1.46862 36.6344 0.0472234 0.0209824 0.0707397 153.019 478 459261
1.15265 36.6082 1.46862 36.6344 0.0314757 0.0209824 0.0707397 153.582 481 459261
1.72897 36.5855 1.46862 36.6344 0.0472234 0.0209824 -0 160.332 517 459261
1.15265 36.6082 1.46862 36.6344 0.0314757 0.0209824 -0 160.519 518 459261
1.72897 36.5612 2.23724 36.6344 0.0472546 0.041974 -0.0707397 147.582 449 459261
1.72897 36.5855 1.46862 36.6344 0.0472234 0.0209824 -0.0707397 153.019 478 459261
1.15265 36.6082 1.46862 36.6344 0.0314757 0.0209824 -0.0707397 153.394 480 459261
1.73803 36.777 -0.0726438 36.8262 0.0472234 -0.0209824 0.0707397 152.269 474 459261
1.73803 36.777 1.47264 36.8262 0.0472234 0.0209824 0.0707397 154.894 488 459261
1.15868 36.7998 1.47264 36.8262 0.0314757 0.0209824 0.0707397 155.082 489 459261
1.73803 36.777 -0.0726438 36.8262 0.0472234 -0.0209824 -0 160.332 517 459261
1.73803 36.777 1.47264 36.8262 0.0472234 0.0209824 -0 162.582 529 459261
1.15868 36.7998 -0.0726438 36.8262 0.0314757 -0.0209824 -0 159.019 510 459261
1.15868 36.7998 1.47264 36.8262 0.0314757 0.0209824 -0 162.957 531 459261
1.73803 36.777 -0.0726438 36.8262 0.0472234 -0.0209824 -0.0707397 153.957 483 459261
1.73803 36.777 1.47264 36.8262 0.0472234 0.0209824 -0.0707397 156.019 494 459261
1.15868 36.7998 -0.0726438 36.8262 0.0314757 -0.0209824 -0.0707397 152.457 475 459261
1.15868 36.7998 1.47264 36.8262 0.0314757 0.0209824 -0.0707397 156.019 494 459261
-15.8867 33.8599 0.7 37.4016 -0.438696 0 0.0707397 149.082 457 459261
-15.2983 34.1298 0.7 37.4016 -0.421388 0 -0 153.582 481 459261
-15.8867 33.8599 0.7 37.4016 -0.438696 0 -0 156.957 499 459261
-15.8867 33.8508 -0.0847164 37.4016 -0.438799 -0.0209824 -0 151.894 472 459261
-15.8867 33.8508 1.48472 37.4016 -0.438799 0.0209824 -0 152.082 473 459261
-15.8867 33.8599 0.7 37.4016 -0.438696 0 -0.0707397 150.582 465 459261
-15.3767 34.3048 0.7 37.5934 -0.421388 0 0.0707397 154.519 486 459261
-15.9681 34.0335 0.7 37.5934 -0.438696 0 0.0707397 156.019 494 459261
-15.9681 34.0244 -0.0887406 37.5934 -0.438799 -0.0209824 0.0707397 151.707 471 459261
-15.9681 34.0244 1.48874 37.5934 -0.438799 0.0209824 0.0707397 151.519 470 459261
-15.3767 34.3048 0.7 37.5934 -0.421388 0 -0 162.019 526 459261
-15.9681 34.0335 0.7 37.5934 -0.438696 0 -0 163.519 534 459261
-15.9681 34.0244 -0.0887406 37.5934 -0.438799 -0.0209824 -0 159.394 512 459261
-15.9681 34.0244 1.48874 37.5934 -0.438799 0.0209824 -0 159.207 511 459261
-15.3767 34.3048 0.7 37.5934 -0.421388 0 -0.0707397 155.082 489 459261
-15.9681 34.0335 0.7 37.5934 -0.438696 0 -0.0707397 157.144 500 459261
-15.9681 34.0244 -0.0887406 37.5934 -0.438799 -0.0209824 -0.0707397 152.644 476 459261
-15.9681 34.0244 1.48874 37.5934 -0.438799 0.0209824 -0.0707397 152.457 475 459261
7.20557 37.4482 2.30163 38.1688 0.190091 0.041974 -0 137.832 397 459261
6.60511 37.3791 4.70407 38.1688 0.1749 0.105098 -0 138.019 398 459261
6.60511 37.4562 3.90325 38.1688 0.174548 0.0840222 -0 138.582 401 459261
6.00464 37.4802 4.70407 38.1688 0.158858 0.105098 -0 139.144 404 459261
6.00464 37.5572 3.90325 38.1688 0.158538 0.0840222 -0 139.332 405 459261
24.7427 29.3144 0.7 38.3606 0.701029 0 -0 141.582 417 459261
7.24178 37.6364 2.30967 38.3606 0.190091 0.041974 -0 141.207 415 459261
24.5014 30.2494 1.51691 38.936 0.680795 0.0209824 -0 140.332 405 459261
6.15551 38.6406 0.7 39.1278 0.157974 0 0.0707397 133.394 368 459261
6.15551 38.6319 1.52093 39.1278 0.158009 0.0209824 0.0707397 135.832 381 459261
5.53996 38.7249 1.52093 39.1278 0.142095 0.0209824 0.0707397 133.582 369 459261
-15.3888 35.9652 -0.120934 39.1278 -0.404307 -0.0209824 -0 142.957 419 459261
5.53996 38.7249 1.52093 39.1278 0.142095 0.0209824 -0.0707397 133.207 367 459261
-6.90383 39.2931 0.7 39.895 -0.173925 0 0.0707397 134.894 376 459261
-6.90383 39.2931 0.7 39.895 -0.173925 0 -0.0707397 134.144 372 459261
6.27621 39.3894 1.53703 39.895 0.158009 0.0209824 -0.0707397 133.582 369 459261
8.91342 39.3944 3.24731 40.4704 0.222515 0.0629841 -0 137.894 392 459261
8.91342 39.4675 1.5491 40.4704 0.222116 0.0209824 -0 136.019 382 459261
8.27675 39.6059 1.5491 40.4704 0.206013 0.0209824 -0 137.519 390 459261
7.0034 39.8237 2.39821 40.4704 0.17408 0.041974 -0 135.082 377 459261
6.36673 39.9304 2.39821 40.4704 0.158115 0.041974 -0 135.644 380 459261
-15.3526 37.6429 1.55313 40.6622 -0.387253 0.0209824 0.0707397 138.457 395 459261
-15.9923 37.3756 1.55313 40.6622 -0.404307 0.0209824 0.0707397 139.582 401 459261
-15.3526 37.6526 0.7 40.6622 -0.387164 0 -0 142.394 416 459261
-15.3526 37.6429 1.55313 40.6622 -0.387253 0.0209824 -0 144.644 428 459261
-15.9923 37.3854 0.7 40.6622 -0.404213 0 -0 143.894 424 459261
-15.9923 37.3756 1.55313 40.6622 -0.404307 0.0209824 -0 146.144 436 459261
6.48743 40.6874 2.4304 41.2376 0.158115 0.041974 -0 134.582 369 459261
5.83869 40.7855 2.4304 41.2376 0.14219 0.041974 -0 135.519 374 459261
8.47288 40.5538 0.7 41.4294 0.205967 0 -0 139.644 396 459261
8.47288 40.5445 1.56922 41.4294 0.206013 0.0209824 -0 140.019 398 459261
29.0757 30.3023 1.5813 42.0049 0.764744 0.0209824 -0 134.957 371 459261
28.4149 30.9354 0.7 42.0049 0.742956 0 -0 136.082 377 459261
28.4149 30.9228 1.5813 42.0049 0.743158 0.0209824 -0 135.332 373 459261
-6.6383 41.6618 1.58532 42.1967 -0.158009 0.0209824 0.0707397 139.082 393 459261
-7.30213 41.5506 1.58532 42.1967 -0.173964 0.0209824 0.0707397 139.082 393 459261
-6.6383 41.6618 1.58532 42.1967 -0.158009 0.0209824 -0 146.207 431 459261
-7.30213 41.5506 1.58532 42.1967 -0.173964 0.0209824 -0 146.207 431 459261
-6.6383 41.6618 1.58532 42.1967 -0.158009 0.0209824 -0.0707397 138.144 388 459261
-7.30213 41.56 0.7 42.1967 -0.173925 0 -0.0707397 134.394 368 459261
-7.30213 41.5506 1.58532 42.1967 -0.173964 0.0209824 -0.0707397 138.519 390 459261
29.2085 30.4407 1.58532 42.1967 0.764744 0.0209824 -0.0707397 135.332 373 459261
-15.2681 39.3276 1.58532 42.1967 -0.370317 0.0209824 -0.0707397 135.707 375 459261
28.9339 31.5004 0.7 42.7721 0.742956 0 0.0707397 142.457 411 459261
28.9339 31.4876 1.59739 42.7721 0.743158 0.0209824 0.0707397 141.519 406 459261
28.261 32.1055 0.7 42.7721 0.721799 0 0.0707397 144.519 422 459261
28.261 32.0929 1.59739 42.7721 0.721993 0.0209824 0.0707397 143.394 416 459261
28.9339 31.5004 0.7 42.7721 0.742956 0 -0 148.082 441 459261
28.9339 31.4876 1.59739 42.7721 0.743158 0.0209824 -0 147.144 436 459261
28.261 32.1055 0.7 42.7721 0.721799 0 -0 150.707 455 459261
28.261 32.0929 1.59739 42.7721 0.721993 0.0209824 -0 149.582 449 459261
28.9339 31.5004 0.7 42.7721 0.742956 0 -0.0707397 139.832 397 459261
28.9339 31.4876 1.59739 42.7721 0.743158 0.0209824 -0.0707397 138.894 392 459261
28.261 32.1055 0.7 42.7721 0.721799 0 -0.0707397 143.207 415 459261
28.261 32.0929 1.59739 42.7721 0.721993 0.0209824 -0.0707397 142.082 409 459261
29.0637 31.6417 0.7 42.9639 0.742956 0 0.0707397 134.957 371 459261
29.0637 31.6288 1.60142 42.9639 0.743158 0.0209824 0.0707397 134.207 367 459261
28.3878 32.2495 0.7 42.9639 0.721799 0 0.0707397 137.582 385 459261
28.3878 32.2369 1.60142 42.9639 0.721993 0.0209824 0.0707397 136.082 377 459261
29.0637 31.6417 0.7 42.9639 0.742956 0 -0 143.957 419 459261
29.0637 31.6288 1.60142 42.9639 0.743158 0.0209824 -0 142.832 413 459261
28.3878 32.2495 0.7 42.9639 0.721799 0 -0 146.957 435 459261
28.3878 32.2369 1.60142 42.9639 0.721993 0.0209824 -0 145.457 427 459261
29.0637 31.6417 0.7 42.9639 0.742956 0 -0.0707397 137.582 385 459261
29.0637 31.6288 1.60142 42.9639 0.743158 0.0209824 -0.0707397 136.644 380 459261
28.3878 32.2495 0.7 42.9639 0.721799 0 -0.0707397 141.144 404 459261
28.3878 32.2369 1.60142 42.9639 0.721993 0.0209824 -0.0707397 139.644 396 459261
6.84952 42.9583 2.52698 43.5393 0.158115 0.041974 0.0707397 132.019 350 459261
6.84952 42.9874 1.61349 43.5393 0.158009 0.0209824 0.0707397 136.144 372 459261
6.16457 43.0619 2.52698 43.5393 0.14219 0.041974 0.0707397 135.582 369 459261
6.16457 43.091 1.61349 43.5393 0.142095 0.0209824 0.0707397 138.019 382 459261
6.84952 42.9874 1.61349 43.5393 0.158009 0.0209824 -0 142.144 404 459261
6.16457 43.0619 2.52698 43.5393 0.14219 0.041974 -0 142.332 405 459261
6.16457 43.091 1.61349 43.5393 0.142095 0.0209824 -0 145.144 420 459261
6.84952 42.9874 1.61349 43.5393 0.158009 0.0209824 -0.0707397 135.957 371 459261
6.16457 43.0619 2.52698 43.5393 0.14219 0.041974 -0.0707397 135.957 371 459261
6.16457 43.091 1.61349 43.5393 0.142095 0.0209824 -0.0707397 138.582 385 459261
6.87969 43.1768 1.61751 43.7311 0.158009 0.0209824 0.0707397 130.894 344 459261
6.19172 43.2808 1.61751 43.7311 0.142095 0.0209824 0.0707397 132.207 351 459261
5.50375 43.3445 2.53503 43.7311 0.126301 0.041974 0.0707397 131.832 349 459261
5.50375 43.3737 1.61751 43.7311 0.126217 0.0209824 0.0707397 130.894 344 459261
28.2067 33.4184 0.7 43.7311 0.701029 0 -0.0707397 136.332 373 459261
28.2067 33.4058 1.61751 43.7311 0.701215 0.0209824 -0.0707397 135.582 369 459261
6.87969 43.1768 1.61751 43.7311 0.158009 0.0209824 -0.0707397 132.019 350 459261
6.19172 43.2808 1.61751 43.7311 0.142095 0.0209824 -0.0707397 133.519 358 459261
5.50375 43.3445 2.53503 43.7311 0.126301 0.041974 -0.0707397 132.394 352 459261
5.50375 43.3737 1.61751 43.7311 0.126217 0.0209824 -0.0707397 133.144 356 459261
-16.0315 41.3044 0.7 44.3065 -0.370232 0 0.0707397 137.457 379 459261
-16.0315 41.294 -0.229587 44.3065 -0.370317 -0.0209824 0.0707397 136.144 372 459261
6.27319 43.8207 2.55917 44.3065 0.14219 0.041974 0.0707397 134.832 365 459261
-16.0315 41.3044 0.7 44.3065 -0.370232 0 -0 144.582 417 459261
-16.0315 41.294 -0.229587 44.3065 -0.370317 -0.0209824 -0 142.894 408 459261
6.27319 43.8207 2.55917 44.3065 0.14219 0.041974 -0 142.519 406 459261
6.27319 43.8503 1.62959 44.3065 0.142095 0.0209824 -0 142.144 404 459261
-16.0315 41.3044 0.7 44.3065 -0.370232 0 -0.0707397 136.894 376 459261
-16.0315 41.294 -0.229587 44.3065 -0.370317 -0.0209824 -0.0707397 135.582 369 459261
6.27319 43.8207 2.55917 44.3065 0.14219 0.041974 -0.0707397 136.519 374 459261
6.27319 43.8503 1.62959 44.3065 0.142095 0.0209824 -0.0707397 136.894 376 459261
7.00039 43.9343 1.63361 44.4983 0.158009 0.0209824 0.0707397 132.019 350 459261
6.30035 44.05 0.7 44.4983 0.142064 0 0.0707397 132.582 353 459261
6.30035 44.0401 1.63361 44.4983 0.142095 0.0209824 0.0707397 133.332 357 459261
-16.1009 41.4832 0.7 44.4983 -0.370232 0 -0 137.457 379 459261
7.00039 43.9343 1.63361 44.4983 0.158009 0.0209824 -0 139.144 388 459261
6.30035 44.05 0.7 44.4983 0.142064 0 -0 139.144 388 459261
6.30035 44.0401 1.63361 44.4983 0.142095 0.0209824 -0 139.332 389 459261
-16.1009 41.4832 0.7 44.4983 -0.370232 0 -0.0707397 132.207 351 459261
7.00039 43.9343 1.63361 44.4983 0.158009 0.0209824 -0.0707397 131.644 348 459261
6.30035 44.05 0.7 44.4983 0.142064 0 -0.0707397 131.269 346 459261
6.30035 44.0401 1.63361 44.4983 0.142095 0.0209824 -0.0707397 130.894 344 459261
0 45.0638 -0.245684 45.0737 0 -0.0209824 0.0707397 144.582 417 459261
-4.96364 44.7996 0.7 45.0737 -0.110346 0 0.0707397 137.457 379 459261
0 45.0737 0.7 45.0737 0 0 -0 151.332 453 459261
0 45.0638 -0.245684 45.0737 0 -0.0209824 -0 152.832 461 459261
-0.709091 45.0681 0.7 45.0737 -0.0157325 0 -0 151.332 453 459261
-0.709091 45.0582 -0.245684 45.0737 -0.0157359 -0.0209824 -0 150.207 447 459261
0 45.0737 0.7 45.0737 0 0 -0.0707397 145.144 420 459261
0 45.0638 -0.245684 45.0737 0 -0.0209824 -0.0707397 146.832 429 459261
-0.709091 45.0681 0.7 45.0737 -0.0157325 0 -0.0707397 144.957 419 459261
-3.56054 45.1253 0.7 45.2655 -0.0787404 0 0.0707397 145.332 421 459261
-3.56054 45.1153 -0.249708 45.2655 -0.0787578 -0.0209824 0.0707397 144.957 419 459261
-4.27265 45.0634 0.7 45.2655 -0.0945316 0 0.0707397 142.707 407 459261
-4.27265 45.0534 -0.249708 45.2655 -0.0945525 -0.0209824 0.0707397 141.957 403 459261
-3.56054 45.1253 0.7 45.2655 -0.0787404 0 -0 152.269 458 459261
-3.56054 45.1153 -0.249708 45.2655 -0.0787578 -0.0209824 -0 151.894 456 459261
-4.27265 45.0634 0.7 45.2655 -0.0945316 0 -0 149.457 443 459261
-4.27265 45.0534 -0.249708 45.2655 -0.0945525 -0.0209824 -0 148.894 440 459261
-3.56054 45.1253 0.7 45.2655 -0.0787404 0 -0.0707397 144.957 419 459261
-3.56054 45.1153 -0.249708 45.2655 -0.0787578 -0.0209824 -0.0707397 144.582 417 459261
-4.27265 45.0634 0.7 45.2655 -0.0945316 0 -0.0707397 142.519 406 459261
-4.27265 45.0534 -0.249708 45.2655 -0.0945525 -0.0209824 -0.0707397 142.144 404 459261
-9.37509 44.872 0.7 45.8409 -0.205967 0 0.0707397 139.894 392 459261
-9.37509 44.872 0.7 45.8409 -0.205967 0 -0 147.582 433 459261
-9.37509 44.872 0.7 45.8409 -0.205967 0 -0.0707397 140.832 397 459261
-6.5176 45.569 0.7 46.0327 -0.142064 0 0.0707397 138.957 387 459261
-6.5176 45.5587 -0.265805 46.0327 -0.142095 -0.0209824 0.0707397 138.394 384 459261
-7.24178 45.4595 0.7 46.0327 -0.157974 0 0.0707397 140.644 396 459261
-7.24178 45.4493 -0.265805 46.0327 -0.158009 -0.0209824 0.0707397 139.894 392 459261
-7.24178 45.4595 0.7 46.0327 -0.157974 0 -0 147.582 433 459261
-7.24178 45.4493 -0.265805 46.0327 -0.158009 -0.0209824 -0 147.394 432 459261
-7.24178 45.4595 0.7 46.0327 -0.157974 0 -0.0707397 140.457 395 459261
-7.24178 45.4493 -0.265805 46.0327 -0.158009 -0.0209824 -0.0707397 140.269 394 459261
-10.9985 45.2918 0.7 46.6081 -0.238224 0 -0 139.582 385 459261
-10.9985 45.2918 0.7 46.6081 -0.238224 0 -0.0707397 132.644 348 459261
-10.9985 45.2813 1.67788 46.6081 -0.238277 0.0209824 -0.0707397 132.082 345 459261
-20.5304 41.8428 0.7 46.6081 -0.456145 0 -0.0707397 131.519 342 459261
-21.2637 41.475 0.7 46.6081 -0.473746 0 -0.0707397 131.519 342 459261
-11.78 45.2931 0.7 46.7999 -0.254446 0 -0 139.019 382 459261
-12.5162 45.0952 0.7 46.7999 -0.270736 0 -0 138.457 379 459261
-12.5162 45.0952 0.7 46.7999 -0.270736 0 -0.0707397 132.082 345 459261
-14.9663 45.1513 0.7 47.5671 -0.320073 0 0.0707397 133.394 352 459261
-15.7147 44.8963 0.7 47.5671 -0.336693 0 0.0707397 134.144 356 459261
-15.7147 44.8963 0.7 47.5671 -0.336693 0 -0 140.519 390 459261
-14.9663 45.1513 0.7 47.5671 -0.320073 0 -0.0707397 133.207 351 459261
-15.7147 44.8963 0.7 47.5671 -0.336693 0 -0.0707397 133.957 355 459261
25.0928 41.2607 -1.32819 48.3344 0.546391 -0.041974 0.0707397 132.082 345 459261
24.3324 41.763 0.7 48.3344 0.52755 0 0.0707397 131.894 344 459261
25.0928 41.3106 0.7 48.3344 0.545856 0 -0.0707397 133.207 351 459261
25.0928 41.2607 -1.32819 48.3344 0.546391 -0.041974 -0.0707397 133.582 353 459261
25.0928 41.1984 -2.34229 48.3344 0.547063 -0.0629841 -0.0707397 131.707 343 459261
24.3324 41.763 0.7 48.3344 0.52755 0 -0.0707397 131.894 344 459261
26.9304 40.8279 0.7 48.9098 0.583099 0 -0 134.394 352 459261
-25.3915 41.8024 0.7 48.9098 -0.545856 0 -0 134.394 352 459261
-25.3915 41.7898 1.72617 48.9098 -0.54599 0.0209824 -0 134.207 351 459261
10.0027 47.865 1.72617 48.9098 0.206013 0.0209824 -0 133.457 347 459261
9.23327 48.0303 0.7 48.9098 0.189921 0 -0 135.144 356 459261
9.23327 48.0194 1.72617 48.9098 0.189964 0.0209824 -0 137.207 367 459261
10.0419 48.0527 1.73019 49.1016 0.206013 0.0209824 0.0707397 135.519 358 459261
9.26948 48.1746 2.76038 49.1016 0.190091 0.041974 0.0707397 135.332 357 459261
9.26948 48.2077 1.73019 49.1016 0.189964 0.0209824 0.0707397 138.144 372 459261
4.63474 48.8823 0.7 49.1016 0.0945316 0 0.0707397 137.582 369 459261
4.63474 48.8715 1.73019 49.1016 0.0945525 0.0209824 0.0707397 135.144 356 459261
9.26948 48.2077 1.73019 49.1016 0.189964 0.0209824 -0 144.707 407 459261
4.63474 48.8823 0.7 49.1016 0.0945316 0 -0 145.644 412 459261
10.0419 48.0527 1.73019 49.1016 0.206013 0.0209824 -0.0707397 135.519 358 459261
9.26948 48.2077 1.73019 49.1016 0.189964 0.0209824 -0.0707397 136.832 365 459261
4.63474 48.8823 0.7 49.1016 0.0945316 0 -0.0707397 138.894 376 459261
4.63474 48.8715 1.73019 49.1016 0.0945525 0.0209824 -0.0707397 137.207 367 459261
22.6638 44.2058 0.7 49.677 0.473746 0 -0 132.894 344 459261
9.37811 48.7837 0.7 49.677 0.189921 0 -0 133.457 347 459261
9.37811 48.7726 1.74226 49.677 0.189964 0.0209824 -0 134.394 352 459261
8.5966 48.9275 0.7 49.677 0.173925 0 -0 133.644 348 459261
8.5966 48.9164 1.74226 49.677 0.173964 0.0209824 -0 133.457 347 459261
6.25207 49.1827 3.82679 49.677 0.126441 0.0629841 -0 134.019 350 459261
6.25207 49.2379 2.78453 49.677 0.126301 0.041974 -0 133.269 346 459261
29.0275 40.5365 1.74629 49.8688 0.621438 0.0209824 -0 132.707 343 459261
-28.2429 41.1003 0.7 49.8688 -0.602065 0 -0 135.144 356 459261
-28.2429 41.0869 1.74629 49.8688 -0.602216 0.0209824 -0 133.082 345 459261
21.9667 44.7701 0.7 49.8688 0.456145 0 -0 133.644 348 459261
-29.0275 40.55 0.7 49.8688 -0.621281 0 -0 132.707 343 459261
21.1822 45.1465 0.7 49.8688 0.438696 0 -0 135.144 356 459261
7.06074 49.3553 -0.346289 49.8688 0.142095 -0.0209824 -0 133.269 346 459261
-24.6009 44.026 1.75836 50.4442 -0.50956 0.0209824 -0 132.707 343 459261
20.633 46.0193 1.75836 50.4442 0.421486 0.0209824 -0 132.894 344 459261
7.93578 49.8048 1.75836 50.4442 0.158009 0.0209824 -0 134.207 351 459261
4.02824 51.0414 1.77446 51.2114 0.0787578 0.0209824 -0 133.832 349 459261
3.22259 51.0986 1.77446 51.2114 0.0629827 0.0209824 -0 135.519 358 459261
2.41694 51.143 1.77446 51.2114 0.0472234 0.0209824 -0 133.082 345 459261
25.8773 44.4146 0.7 51.4032 0.52755 0 -0 134.207 351 459261
4.85199 51.1737 0.7 51.4032 0.0945316 0 -0 135.519 358 459261
4.85199 51.1623 1.77848 51.4032 0.0945525 0.0209824 -0 133.082 345 459261
4.04333 51.2439 0.7 51.4032 0.0787404 0 -0 135.332 357 459261
19.6252 48.1313 0.7 51.9786 0.387164 0 0.0707397 136.144 356 459261
19.6252 48.119 1.79055 51.9786 0.387253 0.0209824 0.0707397 136.894 360 459261
20.4429 47.7773 1.79055 51.9786 0.404307 0.0209824 -0 140.269 378 459261
19.6252 48.1313 0.7 51.9786 0.387164 0 -0 143.644 396 459261
19.6252 48.119 1.79055 51.9786 0.387253 0.0209824 -0 144.207 399 459261
19.6252 48.1313 0.7 51.9786 0.387164 0 -0.0707397 136.144 356 459261
19.6252 48.119 1.79055 51.9786 0.387253 0.0209824 -0.0707397 136.707 359 459261
19.6976 48.3089 0.7 52.1704 0.387164 0 0.0707397 134.269 346 459261
19.6976 48.2965 1.79458 52.1704 0.387253 0.0209824 0.0707397 134.832 349 459261
19.6976 48.3089 0.7 52.1704 0.387164 0 -0 142.332 389 459261
19.6976 48.2965 1.79458 52.1704 0.387253 0.0209824 -0 142.519 390 459261
18.8769 48.6232 1.79458 52.1704 0.370317 0.0209824 -0 138.207 367 459261
19.6976 48.3089 0.7 52.1704 0.387164 0 -0.0707397 136.707 359 459261
19.6976 48.2965 1.79458 52.1704 0.387253 0.0209824 -0.0707397 136.707 359 459261
0 52.7458 0.7 52.7458 0 0 0.0707397 148.894 424 459261
0 52.7342 1.80665 52.7458 0 0.0209824 0.0707397 149.269 426 459261
-0.829787 52.7393 0.7 52.7458 -0.0157325 0 0.0707397 149.082 425 459261
-0.829787 52.7277 1.80665 52.7458 -0.0157359 0.0209824 0.0707397 150.019 430 459261
0 52.7458 0.7 52.7458 0 0 -0 156.207 463 459261
0 52.7342 1.80665 52.7458 0 0.0209824 -0 156.582 465 459261
-0.829787 52.7393 0.7 52.7458 -0.0157325 0 -0 156.957 467 459261
-0.829787 52.7277 1.80665 52.7458 -0.0157359 0.0209824 -0 157.332 469 459261
0 52.7458 0.7 52.7458 0 0 -0.0707397 149.457 427 459261
0 52.7342 1.80665 52.7458 0 0.0209824 -0.0707397 149.457 427 459261
-0.829787 52.7393 0.7 52.7458 -0.0157325 0 -0.0707397 150.394 432 459261
-0.829787 52.7277 1.80665 52.7458 -0.0157359 0.0209824 -0.0707397 150.394 432 459261
2.49841 52.867 1.81068 52.9376 0.0472234 0.0209824 0.0707397 137.082 361 459261
1.66561 52.8648 2.92135 52.9376 0.0314966 0.041974 -0 147.019 414 459261
1.66561 52.8998 1.81068 52.9376 0.0314757 0.0209824 -0 148.332 421 459261
0.832805 52.8844 2.92135 52.9376 0.0157463 0.041974 -0 146.457 411 459261
0.832805 52.9194 1.81068 52.9376 0.0157359 0.0209824 -0 146.644 412 459261
1.66561 52.8648 2.92135 52.9376 0.0314966 0.041974 -0.0707397 140.457 379 459261
1.66561 52.8998 1.81068 52.9376 0.0314757 0.0209824 -0.0707397 141.394 384 459261
-1.68371 53.4865 0.7 53.513 -0.0314688 0 0.0707397 144.394 400 459261
-2.52557 53.4534 0.7 53.513 -0.047213 0 0.0707397 144.207 399 459261
1.68371 53.4865 0.7 53.513 0.0314688 0 0.0707397 143.269 394 459261
1.68371 53.4748 1.82275 53.513 0.0314757 0.0209824 0.0707397 141.957 387 459261
-1.68371 53.4865 0.7 53.513 -0.0314688 0 -0 152.269 442 459261
-2.52557 53.4534 0.7 53.513 -0.047213 0 -0 152.644 444 459261
-1.68371 53.4865 0.7 53.513 -0.0314688 0 -0.0707397 145.144 404 459261
-2.52557 53.4534 0.7 53.513 -0.047213 0 -0.0707397 145.144 404 459261
1.68371 53.4865 0.7 53.513 0.0314688 0 -0.0707397 143.269 394 459261
1.68371 53.4748 1.82275 53.513 0.0314757 0.0209824 -0.0707397 143.269 394 459261
40.554 35.2077 0.7 53.7048 0.855848 0 0.0707397 138.394 368 459261
40.554 35.2077 0.7 53.7048 0.855848 0 -0.0707397 140.269 378 459261
40.554 35.1897 -0.426772 53.7048 0.856101 -0.0209824 -0.0707397 136.707 359 459261
40.554 35.1897 1.82677 53.7048 0.856101 0.0209824 -0.0707397 136.519 358 459261
39.7091 36.1579 0.7 53.7048 0.832171 0 -0.0707397 135.582 353 459261
-6.83141 53.8486 0.7 54.2802 -0.126189 0 0.0707397 147.957 419 459261
-9.39319 53.4613 0.7 54.2802 -0.173925 0 0.0707397 148.332 421 459261
-9.39319 53.4492 1.83884 54.2802 -0.173964 0.0209824 0.0707397 145.519 406 459261
-6.83141 53.8486 0.7 54.2802 -0.126189 0 -0 155.644 460 459261
-9.39319 53.4613 0.7 54.2802 -0.173925 0 -0 156.019 462 459261
-6.83141 53.8486 0.7 54.2802 -0.126189 0 -0.0707397 148.894 424 459261
-9.39319 53.4613 0.7 54.2802 -0.173925 0 -0.0707397 149.269 426 459261
0 55.0353 1.85494 55.0475 0 0.0209824 0.0707397 140.519 374 459261
1.73199 54.9717 -1.60988 55.0475 0.0314966 -0.041974 0.0707397 139.957 371 459261
0.865996 55.0285 1.85494 55.0475 0.0157359 0.0209824 0.0707397 140.707 375 459261
0.865996 55.0285 1.85494 55.0475 0.0157359 0.0209824 -0 148.582 417 459261
0.865996 55.0285 1.85494 55.0475 0.0157359 0.0209824 -0.0707397 142.207 383 459261
-0.869014 55.1838 3.01793 55.2393 -0.0157463 0.041974 0.0707397 135.832 349 459261
-0.869014 55.2203 1.85897 55.2393 -0.0157359 0.0209824 0.0707397 138.082 361 459261
-0.869014 55.2203 1.85897 55.2393 -0.0157359 0.0209824 -0 146.519 406 459261
0 55.2271 1.85897 55.2393 0 0.0209824 -0.0707397 136.394 352 459261
-0.869014 55.2324 0.7 55.2393 -0.0157325 0 -0.0707397 136.957 355 459261
-0.869014 55.1838 -1.61793 55.2393 -0.0157463 -0.041974 -0.0707397 136.019 350 459261
-0.869014 55.1838 3.01793 55.2393 -0.0157463 0.041974 -0.0707397 136.394 352 459261
-0.869014 55.2203 1.85897 55.2393 -0.0157359 0.0209824 -0.0707397 140.144 372 459261
-1.73803 55.1997 1.85897 55.2393 -0.0314757 0.0209824 -0.0707397 136.207 351 459261
-6.16758 55.6658 0.7 56.0065 -0.110346 0 0.0707397 136.019 350 459261
-7.04867 55.5611 0.7 56.0065 -0.126189 0 0.0707397 137.707 359 459261
-7.04867 55.5487 -0.475063 56.0065 -0.126217 -0.0209824 0.0707397 135.082 345 459261
-12.3352 54.6312 0.7 56.0065 -0.222066 0 0.0707397 136.207 351 459261
-7.04867 55.5611 0.7 56.0065 -0.126189 0 -0.0707397 139.957 371 459261
-18.6928 53.4049 0.7 56.5819 -0.336693 0 0.0707397 134.707 343 459261
-12.4619 55.1925 0.7 56.5819 -0.222066 0 -0.0707397 134.707 343 459261
-18.6928 53.4049 0.7 56.5819 -0.336693 0 -0.0707397 135.644 348 459261
-19.6494 53.2649 0.7 56.7737 -0.353411 0 0.0707397 142.582 385 459261
-19.6494 53.2516 -0.491159 56.7737 -0.353492 -0.0209824 0.0707397 140.519 374 459261
-20.5425 52.9269 0.7 56.7737 -0.370232 0 0.0707397 142.394 384 459261
-20.5425 52.9135 -0.491159 56.7737 -0.370317 -0.0209824 0.0707397 138.269 362 459261
-19.6494 53.2649 0.7 56.7737 -0.353411 0 -0 149.519 422 459261
-19.6494 53.2516 -0.491159 56.7737 -0.353492 -0.0209824 -0 148.019 414 459261
-20.5425 52.9269 0.7 56.7737 -0.370232 0 -0 149.707 423 459261
-19.6494 53.2649 0.7 56.7737 -0.353411 0 -0.0707397 142.582 385 459261
-19.6494 53.2516 -0.491159 56.7737 -0.353492 -0.0209824 -0.0707397 141.644 380 459261
-20.5425 52.9269 0.7 56.7737 -0.370232 0 -0.0707397 142.957 387 459261
-20.5425 52.9135 -0.491159 56.7737 -0.370317 -0.0209824 -0.0707397 139.582 369 459261
-19.8485 53.8048 0.7 57.3491 -0.353411 0 0.0707397 134.894 344 459261
-16.2397 54.9491 -1.70646 57.3491 -0.287361 -0.041974 -0 141.082 377 459261
-18.9463 54.1291 0.7 57.3491 -0.336693 0 -0 139.207 367 459261
-19.8485 53.8048 0.7 57.3491 -0.353411 0 -0 142.207 383 459261
-19.8485 53.8048 0.7 57.3491 -0.353411 0 -0.0707397 135.269 346 459261
-15.3888 55.3923 -1.71451 57.5409 -0.270981 -0.041974 0.0707397 142.207 383 459261
-16.294 55.1328 -1.71451 57.5409 -0.287361 -0.041974 0.0707397 146.519 406 459261
-16.294 55.0667 -2.92177 57.5409 -0.287687 -0.0629841 0.0707397 141.644 380 459261
-17.1992 54.8572 -1.71451 57.5409 -0.303821 -0.041974 0.0707397 142.207 383 459261
-15.3888 55.3923 -1.71451 57.5409 -0.270981 -0.041974 -0 149.144 420 459261
-16.294 55.1328 -1.71451 57.5409 -0.287361 -0.041974 -0 153.832 445 459261
-16.294 55.0667 -2.92177 57.5409 -0.287687 -0.0629841 -0 148.957 419 459261
-17.1992 54.8572 -1.71451 57.5409 -0.303821 -0.041974 -0 149.332 421 459261
-15.3888 55.3923 -1.71451 57.5409 -0.270981 -0.041974 -0.0707397 142.207 383 459261
-16.294 55.1328 -1.71451 57.5409 -0.287361 -0.041974 -0.0707397 146.707 407 459261
-17.1992 54.8572 -1.71451 57.5409 -0.303821 -0.041974 -0.0707397 142.582 385 459261
30.1711 49.6561 1.91933 58.1163 0.54599 0.0209824 -0 134.707 343 459261
0 58.3081 0.7 58.3081 0 0 -0 137.707 359 459261
0 58.2953 -0.523353 58.3081 0 -0.0209824 -0 135.457 347 459261
3.66917 58.1925 0.7 58.3081 0.0629689 0 -0 136.207 351 459261
2.75188 58.2431 0.7 58.3081 0.047213 0 -0 136.582 353 459261
0.917292 58.3009 0.7 58.3081 0.0157325 0 -0 136.957 355 459261
-6.50553 58.7029 -0.53945 59.0753 -0.110371 -0.0209824 -0 135.144 340 459261
-7.43489 58.6056 0.7 59.0753 -0.126189 0 -0 136.082 345 459261
-7.43489 58.5925 -0.53945 59.0753 -0.126217 -0.0209824 -0 136.269 346 459261
-12.0817 57.7735 3.1789 59.0753 -0.206151 0.041974 -0 134.957 339 459261
7.43489 58.6056 0.7 59.0753 0.126189 0 -0 135.144 340 459261
-20.6451 55.8381 4.45457 59.6507 -0.354144 0.0629841 -0 135.144 340 459261
-20.6451 55.9082 3.20304 59.6507 -0.353736 0.041974 -0 136.644 348 459261
30.0292 51.5256 1.95152 59.6507 0.527678 0.0209824 -0 135.144 340 459261
29.0908 52.0612 1.95152 59.6507 0.50956 0.0209824 -0 136.082 345 459261
-29.1844 52.2286 1.95555 59.8425 -0.50956 0.0209824 -0 135.707 343 459261
31.0672 51.131 1.95555 59.8425 0.54599 0.0209824 -0 135.707 343 459261
30.1258 51.6913 -0.555546 59.8425 0.527678 -0.0209824 -0 135.707 343 459261
29.1844 52.2286 1.95555 59.8425 0.50956 0.0209824 -0 135.707 343 459261
28.2429 52.6988 3.21109 59.8425 0.491978 0.041974 -0 136.082 345 459261
28.2429 52.7436 1.95555 59.8425 0.491624 0.0209824 -0 138.894 360 459261
27.3015 53.237 1.95555 59.8425 0.473858 0.0209824 -0 135.519 342 459261
39.9203 45.3508 0.7 60.4179 0.721799 0 -0 135.707 343 459261
30.4155 52.1421 3.23524 60.4179 0.528064 0.041974 -0 135.144 340 459261
30.4155 52.1883 1.96762 60.4179 0.527678 0.0209824 -0 137.582 353 459261
29.465 52.7308 1.96762 60.4179 0.50956 0.0209824 -0 137.207 351 459261
30.512 52.3694 0.7 60.6097 0.52755 0 -0 136.082 345 459261
30.512 52.354 1.97164 60.6097 0.527678 0.0209824 -0 138.894 360 459261
29.5585 52.9135 0.7 60.6097 0.509437 0 -0 138.519 358 459261
29.5585 52.8982 1.97164 60.6097 0.50956 0.0209824 -0 140.207 367 459261
29.5585 52.8982 1.97164 60.6097 0.50956 0.0209824 -0.0707397 134.957 339 459261
-23.1737 56.8341 0.7 61.377 -0.387164 0 -0 135.144 340 459261
33.2398 52.4425 3.30767 62.1442 0.564926 0.041974 -0 137.457 347 459261
33.2398 52.4911 2.00384 62.1442 0.564507 0.0209824 -0 138.957 355 459261
8.06252 63.5528 0.7 64.0622 0.126189 0 -0 136.332 341 459261
7.0547 63.6726 0.7 64.0622 0.110346 0 -0 136.894 344 459261
37.4008 52.1775 3.39621 64.254 0.621912 0.041974 -0 136.519 342 459261
37.4008 52.2297 2.0481 64.254 0.621438 0.0209824 -0 139.144 356 459261
36.3899 52.8874 3.39621 64.254 0.60267 0.041974 -0 136.144 340 459261
36.3899 52.9389 2.0481 64.254 0.602216 0.0209824 -0 138.207 351 459261
37.5124 52.3856 2.05213 64.4458 0.621438 0.0209824 -0 136.519 342 459261
-9.26043 64.7459 0.7 65.4048 -0.142064 0 -0 135.957 339 459261
12.7093 66.0519 3.52498 67.3228 0.190091 0.041974 -0 139.582 353 459261
12.7093 66.0972 2.11249 67.3228 0.189964 0.0209824 -0 141.082 361 459261
11.6502 66.2921 2.11249 67.3228 0.173964 0.0209824 -0 138.832 349 459261
0 68.6504 2.14066 68.6655 0 0.0209824 -0 137.894 344 459261
1.08023 68.6419 2.14066 68.6655 0.0157359 0.0209824 -0 137.332 341 459261
2.1665 68.8232 0.7 68.8573 0.0314688 0 -0 137.519 342 459261
2.1665 68.808 2.14468 68.8573 0.0314757 0.0209824 -0 139.207 351 459261
2.17253 69.0149 0.7 69.0491 0.0314688 0 -0 141.082 361 459261
2.17253 68.9997 2.14871 69.0491 0.0314757 0.0209824 -0 143.144 372 459261
1.08627 69.0405 0.7 69.0491 0.0157325 0 -0 138.457 347 459261
1.08627 69.0253 2.14871 69.0491 0.0157359 0.0209824 -0 140.519 358 459261
2.17253 68.9997 2.14871 69.0491 0.0314757 0.0209824 -0.0707397 136.957 339 459261
-13.3611 69.4392 3.66985 70.7753 -0.190091 0.041974 -0 144.144 372 459261
-13.3611 69.4868 2.18492 70.7753 -0.189964 0.0209824 -0 142.644 364 459261
-14.4745 69.2157 3.66985 70.7753 -0.206151 0.041974 -0 142.832 365 459261
-14.4745 69.2635 2.18492 70.7753 -0.206013 0.0209824 -0 141.519 358 459261
-13.3973 69.6274 3.6779 70.9671 -0.190091 0.041974 -0 145.269 378 459261
-13.3973 69.6751 2.18895 70.9671 -0.189964 0.0209824 -0 143.019 366 459261
-14.5137 69.4033 3.6779 70.9671 -0.206151 0.041974 -0 144.707 375 459261
-14.5137 69.4512 2.18895 70.9671 -0.206013 0.0209824 -0 143.019 366 459261
-18.0079 69.2228 2.20102 71.5425 -0.254503 0.0209824 -0 138.519 342 459261
2.26306 71.8747 2.20907 71.9261 0.0314757 0.0209824 0.0707397 140.582 353 459261
2.26306 71.8905 0.7 71.9261 0.0314688 0 -0 143.957 371 459261
2.26306 71.8747 2.20907 71.9261 0.0314757 0.0209824 -0 146.582 385 459261
1.13153 71.9014 2.20907 71.9261 0.0157359 0.0209824 -0 142.457 363 459261
2.26306 71.8747 2.20907 71.9261 0.0314757 0.0209824 -0.0707397 139.457 347 459261
-1.13455 72.0931 2.21309 72.1179 -0.0157359 0.0209824 -0 140.582 353 459261
2.26909 72.0822 0.7 72.1179 0.0314688 0 -0 139.832 349 459261
2.26909 72.0663 2.21309 72.1179 0.0314757 0.0209824 -0 144.519 374 459261
1.13455 72.0931 2.21309 72.1179 0.0157359 0.0209824 -0 141.332 357 459261
2.27513 72.258 2.21712 72.3097 0.0314757 0.0209824 -0 140.957 355 459261
1.13756 72.2849 2.21712 72.3097 0.0157359 0.0209824 -0 138.894 344 459261
-10.2924 71.9448 2.22517 72.6933 -0.142095 0.0209824 -0 140.957 355 459261
6.86159 72.3527 2.22517 72.6933 0.0945525 0.0209824 -0 139.082 345 459261
24.1423 68.9056 3.76643 73.0769 0.337002 0.041974 -0 140.019 350 459261
22.9927 69.2977 3.76643 73.0769 0.320366 0.041974 -0 139.644 348 459261
24.2057 69.0009 5.31172 73.2687 0.337389 0.0629841 -0 142.832 365 459261
24.2057 69.0865 3.77448 73.2687 0.337002 0.041974 -0 145.269 378 459261
23.053 69.4796 3.77448 73.2687 0.320366 0.041974 -0 142.457 363 459261
