1.52983 1.91185 0.22917 2.49344 0.67485 -0.189968 -0 92.5192 390 460479
1.09834 2.40854 0.249291 2.68524 0.427848 -0.168645 -0 97.5817 417 460479
1.26731 2.53734 0.217098 2.87704 0.463219 -0.168645 -0 105.332 437 460479
1.22205 2.5701 0.27746 2.87704 0.443845 -0.147399 -0 104.019 430 460479
1.22205 2.55945 0.217098 2.87704 0.445458 -0.168645 -0 104.582 433 460479
0.995745 2.644 0.156735 2.87704 0.360177 -0.189968 -0 104.207 431 460479
0.995745 2.644 0.156735 2.87704 0.360177 -0.189968 -0.0707397 98.2067 399 460479
0.995745 2.63088 0.096372 2.87704 0.361822 -0.211379 -0.0707397 97.8317 397 460479
1.30352 2.74145 0.249291 3.06885 0.443845 -0.147399 -0 102.519 422 460479
1.15868 2.80573 0.249291 3.06885 0.391638 -0.147399 -0 102.332 421 460479
1.06213 2.82027 0.120517 3.06885 0.360177 -0.189968 -0 99.7067 407 460479
0.917292 2.87064 0.120517 3.06885 0.309288 -0.189968 -0 98.5817 401 460479
1.12851 3.03147 0.289533 3.26065 0.356371 -0.12622 0.0707397 100.082 409 460479
1.12851 3.02142 0.221122 3.26065 0.357458 -0.147399 0.0707397 102.144 420 460479
1.07721 3.05008 0.289533 3.26065 0.339502 -0.12622 0.0707397 97.4567 395 460479
1.07721 3.04009 0.221122 3.26065 0.340533 -0.147399 0.0707397 98.5817 401 460479
1.12851 3.02142 0.221122 3.26065 0.357458 -0.147399 -0 109.269 458 460479
1.12851 3.03147 0.289533 3.26065 0.356371 -0.12622 -0.0707397 99.8942 408 460479
1.12851 3.02142 0.221122 3.26065 0.357458 -0.147399 -0.0707397 102.144 420 460479
1.07721 3.05008 0.289533 3.26065 0.339502 -0.12622 -0.0707397 97.2692 394 460479
1.07721 3.04009 0.221122 3.26065 0.340533 -0.147399 -0.0707397 98.9567 403 460479
1.79234 2.91857 0.265388 3.45245 0.550734 -0.12622 -0 103.457 427 460479
1.79234 2.90686 0.192952 3.45245 0.552528 -0.147399 -0 102.519 422 460479
1.30352 3.16724 0.265388 3.45245 0.390435 -0.12622 -0 103.644 428 460479
1.19489 3.19915 0.192952 3.45245 0.357458 -0.147399 -0 101.582 417 460479
1.14058 3.22949 0.265388 3.45245 0.339502 -0.12622 -0 101.582 417 460479
1.71992 3.17994 0.241243 3.64426 0.495804 -0.12622 0.0707397 99.7067 391 460479
1.4906 3.29367 0.241243 3.64426 0.424985 -0.12622 0.0707397 98.9567 387 460479
1.43327 3.31902 0.241243 3.64426 0.407646 -0.12622 0.0707397 100.457 395 460479
1.08928 3.45658 0.317702 3.64426 0.305283 -0.105098 0.0707397 99.7067 391 460479
1.08928 3.44726 0.241243 3.64426 0.306057 -0.12622 0.0707397 99.8942 392 460479
1.94925 3.04476 0.241243 3.64426 0.569452 -0.12622 -0.0707397 97.8317 381 460479
1.71992 3.17994 0.241243 3.64426 0.495804 -0.12622 -0.0707397 100.269 394 460479
1.66259 3.21029 0.241243 3.64426 0.477861 -0.12622 -0.0707397 98.9567 387 460479
1.43327 3.31902 0.241243 3.64426 0.407646 -0.12622 -0.0707397 99.7067 391 460479
1.14662 3.6385 0.297581 3.83606 0.305283 -0.105098 0.0707397 102.332 405 460479
1.14662 3.6287 0.217098 3.83606 0.306057 -0.12622 0.0707397 102.707 407 460479
1.08627 3.65697 0.297581 3.83606 0.288739 -0.105098 0.0707397 102.144 404 460479
1.08627 3.64722 0.217098 3.83606 0.289469 -0.12622 0.0707397 101.582 401 460479
1.52077 3.70572 0.27746 4.02786 0.389427 -0.105098 0.0707397 104.957 419 460479
1.52077 3.69511 0.192952 4.02786 0.390435 -0.12622 0.0707397 104.019 414 460479
1.45741 3.7311 0.27746 4.02786 0.372386 -0.105098 0.0707397 103.269 410 460479
1.52077 3.70572 0.27746 4.02786 0.389427 -0.105098 -0.0707397 104.207 415 460479
1.59319 3.88219 0.257339 4.21967 0.389427 -0.105098 0.0707397 107.394 432 460479
1.19489 4.02267 0.257339 4.21967 0.288739 -0.105098 0.0707397 108.332 437 460479
1.12851 4.04179 0.257339 4.21967 0.272276 -0.105098 0.0707397 107.207 431 460479
1.59319 3.88219 0.257339 4.21967 0.389427 -0.105098 -0 115.082 473 460479
1.19489 4.02267 0.257339 4.21967 0.288739 -0.105098 -0 115.832 477 460479
1.12851 4.04179 0.257339 4.21967 0.272276 -0.105098 -0 114.707 471 460479
1.59319 3.88219 0.257339 4.21967 0.389427 -0.105098 -0.0707397 108.519 438 460479
1.19489 4.02267 0.257339 4.21967 0.288739 -0.105098 -0.0707397 108.519 438 460479
1.12851 4.04179 0.257339 4.21967 0.272276 -0.105098 -0.0707397 107.582 433 460479
1.66561 4.05865 0.237219 4.41147 0.389427 -0.105098 0.0707397 105.894 408 460479
1.24921 4.20552 0.237219 4.41147 0.288739 -0.105098 -0.0707397 107.582 417 460479
1.44836 4.35237 0.313678 4.60327 0.321247 -0.0840222 0.0707397 110.957 435 460479
1.44836 4.34272 0.217098 4.60327 0.321913 -0.105098 0.0707397 110.957 435 460479
1.44836 4.35237 0.313678 4.60327 0.321247 -0.0840222 -0 118.457 475 460479
1.44836 4.34272 0.217098 4.60327 0.321913 -0.105098 -0 118.644 476 460479
1.44836 4.35237 0.313678 4.60327 0.321247 -0.0840222 -0.0707397 111.894 440 460479
1.44836 4.34272 0.217098 4.60327 0.321913 -0.105098 -0.0707397 112.082 441 460479
1.20696 4.62321 0.297581 4.79507 0.255367 -0.0840222 0.0707397 109.457 427 460479
1.20696 4.61334 0.196977 4.79507 0.255889 -0.105098 0.0707397 109.082 425 460479
1.13153 4.64225 0.297581 4.79507 0.239084 -0.0840222 0.0707397 108.707 423 460479
1.13153 4.63242 0.196977 4.79507 0.239572 -0.105098 0.0707397 108.332 421 460479
1.20696 4.62321 0.297581 4.79507 0.255367 -0.0840222 -0 117.144 468 460479
1.20696 4.61334 0.196977 4.79507 0.255889 -0.105098 -0 117.144 468 460479
1.13153 4.64225 0.297581 4.79507 0.239084 -0.0840222 -0 116.582 465 460479
1.13153 4.63242 0.196977 4.79507 0.239572 -0.105098 -0 116.394 464 460479
1.20696 4.62321 0.297581 4.79507 0.255367 -0.0840222 -0.0707397 110.582 433 460479
1.20696 4.61334 0.196977 4.79507 0.255889 -0.105098 -0.0707397 110.394 432 460479
1.13153 4.64225 0.297581 4.79507 0.239084 -0.0840222 -0.0707397 110.207 431 460479
1.13153 4.63242 0.196977 4.79507 0.239572 -0.105098 -0.0707397 110.019 430 460479
1.80441 4.63011 0.281485 4.98688 0.371606 -0.0840222 0.0707397 103.832 397 460479
1.56905 4.71507 0.281485 4.98688 0.321247 -0.0840222 0.0707397 104.394 400 460479
1.41215 4.76441 0.281485 4.98688 0.288146 -0.0840222 0.0707397 105.332 405 460479
1.33369 4.78697 0.281485 4.98688 0.271719 -0.0840222 0.0707397 107.957 419 460479
1.33369 4.77666 0.176856 4.98688 0.272276 -0.105098 0.0707397 105.144 404 460479
1.25524 4.80813 0.281485 4.98688 0.255367 -0.0840222 0.0707397 104.582 401 460479
1.33369 4.78697 0.281485 4.98688 0.271719 -0.0840222 -0 114.519 454 460479
1.80441 4.63011 0.281485 4.98688 0.371606 -0.0840222 -0.0707397 102.894 392 460479
1.56905 4.71507 0.281485 4.98688 0.321247 -0.0840222 -0.0707397 103.832 397 460479
1.33369 4.78697 0.281485 4.98688 0.271719 -0.0840222 -0.0707397 107.207 415 460479
1.25524 4.80813 0.281485 4.98688 0.255367 -0.0840222 -0.0707397 106.082 409 460479
1.25524 4.79788 0.176856 4.98688 0.255889 -0.105098 -0.0707397 104.207 399 460479
1.54793 4.92278 0.265388 5.17868 0.304653 -0.0840222 0.0707397 106.394 400 460479
1.46646 4.956 0.374041 5.17868 0.287687 -0.0629841 0.0707397 106.582 401 460479
1.46646 4.94766 0.265388 5.17868 0.288146 -0.0840222 0.0707397 112.019 430 460479
1.46646 4.93691 0.156735 5.17868 0.288739 -0.105098 0.0707397 107.707 407 460479
1.38499 4.97108 0.265388 5.17868 0.271719 -0.0840222 0.0707397 109.582 417 460479
1.46646 4.94766 0.265388 5.17868 0.288146 -0.0840222 -0 119.332 469 460479
1.38499 4.97108 0.265388 5.17868 0.271719 -0.0840222 -0 117.457 459 460479
1.46646 4.956 0.374041 5.17868 0.287687 -0.0629841 -0.0707397 107.332 405 460479
1.46646 4.94766 0.265388 5.17868 0.288146 -0.0840222 -0.0707397 112.582 433 460479
1.46646 4.93691 0.156735 5.17868 0.288739 -0.105098 -0.0707397 107.894 408 460479
1.38499 4.97108 0.265388 5.17868 0.271719 -0.0840222 -0.0707397 110.894 424 460479
1.60526 5.1138 0.361968 5.37048 0.304167 -0.0629841 0.0707397 106.019 398 460479
1.60526 5.1051 0.249291 5.37048 0.304653 -0.0840222 0.0707397 108.832 413 460479
1.52077 5.13091 0.249291 5.37048 0.288146 -0.0840222 0.0707397 107.332 405 460479
1.60526 5.1051 0.249291 5.37048 0.304653 -0.0840222 -0 115.582 449 460479
1.52077 5.13091 0.249291 5.37048 0.288146 -0.0840222 -0 114.644 444 460479
1.60526 5.1138 0.361968 5.37048 0.304167 -0.0629841 -0.0707397 104.894 392 460479
1.60526 5.1051 0.249291 5.37048 0.304653 -0.0840222 -0.0707397 108.644 412 460479
1.52077 5.13091 0.249291 5.37048 0.288146 -0.0840222 -0.0707397 108.457 411 460479
1.18282 5.21918 0.249291 5.37048 0.222865 -0.0840222 -0.0707397 107.144 404 460479
1.22507 5.41439 0.349896 5.56229 0.222515 -0.0629841 0.0707397 106.582 401 460479
1.22507 5.40558 0.233194 5.56229 0.222865 -0.0840222 0.0707397 109.207 415 460479
1.13756 5.42467 0.233194 5.56229 0.206706 -0.0840222 0.0707397 109.207 415 460479
1.22507 5.40558 0.233194 5.56229 0.222865 -0.0840222 -0 116.144 452 460479
1.13756 5.42467 0.233194 5.56229 0.206706 -0.0840222 -0 116.144 452 460479
1.40008 5.36292 0.233194 5.56229 0.255367 -0.0840222 -0.0707397 106.582 401 460479
1.22507 5.40558 0.233194 5.56229 0.222865 -0.0840222 -0.0707397 107.894 408 460479
1.13756 5.42467 0.233194 5.56229 0.206706 -0.0840222 -0.0707397 108.644 412 460479
1.35783 5.57069 0.217098 5.75409 0.239084 -0.0840222 0.0707397 109.394 416 460479
1.26731 5.6011 0.337823 5.75409 0.222515 -0.0629841 0.0707397 110.332 421 460479
1.26731 5.59198 0.217098 5.75409 0.222865 -0.0840222 0.0707397 113.332 437 460479
1.17679 5.61173 0.217098 5.75409 0.206706 -0.0840222 0.0707397 109.207 415 460479
1.35783 5.57069 0.217098 5.75409 0.239084 -0.0840222 -0 116.707 455 460479
1.26731 5.6011 0.337823 5.75409 0.222515 -0.0629841 -0 117.644 460 460479
1.26731 5.59198 0.217098 5.75409 0.222865 -0.0840222 -0 120.832 477 460479
1.17679 5.61173 0.217098 5.75409 0.206706 -0.0840222 -0 116.519 454 460479
1.35783 5.57069 0.217098 5.75409 0.239084 -0.0840222 -0.0707397 109.207 415 460479
1.26731 5.6011 0.337823 5.75409 0.222515 -0.0629841 -0.0707397 110.144 420 460479
1.26731 5.59198 0.217098 5.75409 0.222865 -0.0840222 -0.0707397 113.519 438 460479
1.17679 5.61173 0.217098 5.75409 0.206706 -0.0840222 -0.0707397 109.394 416 460479
-1.79234 6.01791 1.49679 6.3295 -0.289469 0.12622 1.27332 107.832 397 460479
-1.79234 6.034 1.36399 6.3295 -0.288739 0.105098 1.27332 108.957 403 460479
-1.69277 6.04667 1.49679 6.3295 -0.272962 0.12622 1.20258 109.519 406 460479
-1.69277 6.06269 1.36399 6.3295 -0.272276 0.105098 1.20258 110.457 411 460479
-1.79234 6.01791 1.49679 6.3295 -0.289469 0.12622 1.20258 112.707 423 460479
-1.79234 6.034 1.36399 6.3295 -0.288739 0.105098 1.20258 114.582 433 460479
-1.79234 6.04714 1.23119 6.3295 -0.288146 0.0840222 1.20258 108.957 403 460479
-2.0277 5.74132 1.47264 6.1377 -0.339502 0.12622 1.13184 124.894 488 460479
-2.0277 5.75718 1.34387 6.1377 -0.338636 0.105098 1.13184 124.332 485 460479
-2.12426 5.7063 1.47264 6.1377 -0.356371 0.12622 1.13184 126.394 496 460479
-2.12426 5.72226 1.34387 6.1377 -0.355458 0.105098 1.13184 125.832 493 460479
-1.96433 5.5619 1.4485 5.94589 -0.339502 0.12622 1.0611 130.332 517 460479
-1.96433 5.57727 1.32375 5.94589 -0.338636 0.105098 1.0611 129.582 513 460479
-2.05787 5.52798 1.4485 5.94589 -0.356371 0.12622 1.0611 131.269 522 460479
-2.05787 5.54344 1.32375 5.94589 -0.355458 0.105098 1.0611 130.894 520 460479
-1.96433 5.60649 0.9495 5.94589 -0.337002 0.041974 0.990356 124.144 484 460479
-1.96433 5.61066 0.82475 5.94589 -0.336771 0.0209824 0.990356 123.207 479 460479
-2.05787 5.57284 0.9495 5.94589 -0.353736 0.041974 0.990356 122.269 474 460479
-2.05787 5.57703 0.82475 5.94589 -0.353492 0.0209824 0.990356 121.519 470 460479
-2.0277 5.74132 1.47264 6.1377 -0.339502 0.12622 0.990356 119.082 457 460479
-2.0277 5.78735 0.957548 6.1377 -0.337002 0.041974 0.990356 119.832 461 460479
-2.0277 5.79165 0.828774 6.1377 -0.336771 0.0209824 0.990356 119.082 457 460479
-2.12426 5.7063 1.47264 6.1377 -0.356371 0.12622 0.990356 118.894 456 460479
-2.12426 5.72226 1.34387 6.1377 -0.355458 0.105098 0.990356 119.082 457 460479
-2.12426 5.75261 0.957548 6.1377 -0.353736 0.041974 0.990356 118.894 456 460479
-1.96433 5.5619 1.4485 5.94589 -0.339502 0.12622 1.13184 126.957 499 460479
-1.96433 5.57727 1.32375 5.94589 -0.338636 0.105098 1.13184 126.582 497 460479
-2.05787 5.52798 1.4485 5.94589 -0.356371 0.12622 1.13184 128.269 506 460479
-2.05787 5.54344 1.32375 5.94589 -0.355458 0.105098 1.13184 127.707 503 460479
-2.0277 5.74132 1.47264 6.1377 -0.339502 0.12622 1.0611 129.207 511 460479
-2.0277 5.75718 1.34387 6.1377 -0.338636 0.105098 1.0611 128.269 506 460479
-2.12426 5.7063 1.47264 6.1377 -0.356371 0.12622 1.0611 130.144 516 460479
-2.12426 5.72226 1.34387 6.1377 -0.355458 0.105098 1.0611 129.582 513 460479
-1.96433 5.61204 0.7 5.94589 -0.336693 0 0.778137 117.019 446 460479
-1.96433 5.60649 0.9495 5.94589 -0.337002 0.041974 0.778137 115.144 436 460479
-1.96433 5.61066 0.82475 5.94589 -0.336771 0.0209824 0.778137 119.457 459 460479
-2.05787 5.57842 0.7 5.94589 -0.353411 0 0.778137 118.707 455 460479
-2.05787 5.57703 0.82475 5.94589 -0.353492 0.0209824 0.778137 116.457 443 460479
-1.96433 5.60649 0.9495 5.94589 -0.337002 0.041974 0.919617 119.269 458 460479
-1.96433 5.61066 0.82475 5.94589 -0.336771 0.0209824 0.919617 117.957 451 460479
-2.05787 5.57284 0.9495 5.94589 -0.353736 0.041974 0.919617 118.144 452 460479
-2.05787 5.57703 0.82475 5.94589 -0.353492 0.0209824 0.919617 116.269 442 460479
-1.96433 5.61204 0.7 5.94589 -0.336693 0 0.848877 115.144 436 460479
-1.96433 5.61066 0.82475 5.94589 -0.336771 0.0209824 0.848877 116.644 444 460479
-2.05787 5.57842 0.7 5.94589 -0.353411 0 0.848877 119.269 458 460479
-2.05787 5.57703 0.57525 5.94589 -0.353492 -0.0209824 0.848877 115.519 438 460479
-2.05787 5.57703 0.82475 5.94589 -0.353492 0.0209824 0.848877 117.019 446 460479
-2.0277 5.79165 0.828774 6.1377 -0.336771 0.0209824 0.848877 115.144 436 460479
-2.12426 5.75837 0.7 6.1377 -0.353411 0 0.848877 116.832 445 460479
-2.05787 5.57703 0.57525 5.94589 -0.353492 -0.0209824 0.565918 114.582 433 460479
-2.05787 5.57284 0.4505 5.94589 -0.353736 -0.041974 0.565918 118.519 454 460479
-2.15141 5.54162 0.57525 5.94589 -0.370317 -0.0209824 0.565918 115.707 439 460479
-2.15141 5.5374 0.4505 5.94589 -0.370574 -0.041974 0.565918 119.644 460 460479
-2.15141 5.53037 0.325751 5.94589 -0.371003 -0.0629841 0.565918 114.957 435 460479
-2.05787 5.56585 0.325751 5.94589 -0.354144 -0.0629841 0.495178 114.582 433 460479
-2.15141 5.53037 0.325751 5.94589 -0.371003 -0.0629841 0.495178 116.269 442 460479
-2.05787 5.57284 0.4505 5.94589 -0.353736 -0.041974 0.353699 117.394 448 460479
-2.05787 5.56585 0.325751 5.94589 -0.354144 -0.0629841 0.353699 118.332 453 460479
-2.15141 5.5374 0.4505 5.94589 -0.370574 -0.041974 0.353699 119.832 461 460479
-2.15141 5.53037 0.325751 5.94589 -0.371003 -0.0629841 0.353699 120.394 464 460479
-2.05787 5.57284 0.4505 5.94589 -0.353736 -0.041974 0.424438 122.832 477 460479
-2.05787 5.56585 0.325751 5.94589 -0.354144 -0.0629841 0.424438 121.894 472 460479
-2.15141 5.5374 0.4505 5.94589 -0.370574 -0.041974 0.424438 124.144 484 460479
-2.15141 5.53037 0.325751 5.94589 -0.371003 -0.0629841 0.424438 123.207 479 460479
-2.15141 5.5374 0.4505 5.94589 -0.370574 -0.041974 0.282959 116.082 441 460479
-2.15141 5.53037 0.325751 5.94589 -0.371003 -0.0629841 0.282959 115.144 436 460479
-2.05787 5.52798 -0.0484987 5.94589 -0.356371 -0.12622 0.212219 117.207 447 460479
-2.15141 5.50781 0.076251 5.94589 -0.372386 -0.105098 0.212219 118.519 454 460479
-2.15141 5.49225 -0.0484987 5.94589 -0.373346 -0.12622 0.212219 121.144 468 460479
-2.15141 5.4738 -0.173249 5.94589 -0.37449 -0.147399 0.212219 117.957 451 460479
-1.99149 5.99481 1.09839 6.3295 -0.320732 0.0629841 1.0611 115.144 436 460479
-2.09106 5.92074 1.49679 6.3295 -0.339502 0.12622 1.0611 115.894 440 460479
-1.99149 5.99481 1.09839 6.3295 -0.320732 0.0629841 0.990356 115.144 436 460479
-2.12426 5.75261 0.442452 6.1377 -0.353736 -0.041974 0.424438 115.707 439 460479
-2.22081 5.71603 0.442452 6.1377 -0.370574 -0.041974 0.424438 115.519 438 460479
-1.84665 6.20027 1.52093 6.5213 -0.289469 0.12622 1.20258 107.082 393 460479
-1.84665 6.21685 1.38411 6.5213 -0.288739 0.105098 1.20258 109.332 405 460479
-2.0277 5.78735 0.957548 6.1377 -0.337002 0.041974 0.919617 116.269 442 460479
-2.0277 5.79165 0.828774 6.1377 -0.336771 0.0209824 0.919617 115.144 436 460479
-2.12426 5.75837 0.7 6.1377 -0.353411 0 0.919617 114.957 435 460479
-2.12426 5.75261 0.957548 6.1377 -0.353736 0.041974 0.919617 115.519 438 460479
-2.12426 5.75693 0.828774 6.1377 -0.353492 0.0209824 0.919617 115.519 438 460479
-2.0277 5.79165 0.828774 6.1377 -0.336771 0.0209824 0.778137 117.019 446 460479
-2.12426 5.75837 0.7 6.1377 -0.353411 0 0.778137 115.894 440 460479
1.15868 6.01494 0.313678 6.1377 0.190303 -0.0629841 -0.0707397 111.957 419 460479
1.15868 6.00528 0.184904 6.1377 0.190602 -0.0840222 -0.0707397 111.957 419 460479
1.06213 6.03274 0.313678 6.1377 0.174275 -0.0629841 -0.0707397 107.457 395 460479
0.965571 6.02697 0.0561301 6.1377 0.158858 -0.105098 -0.0707397 107.457 395 460479
1.15868 6.01494 0.313678 6.1377 0.190303 -0.0629841 0.0707397 112.332 421 460479
1.15868 6.00528 0.184904 6.1377 0.190602 -0.0840222 0.0707397 112.707 423 460479
1.06213 6.03274 0.313678 6.1377 0.174275 -0.0629841 0.0707397 107.082 393 460479
1.25524 5.98585 0.184904 6.1377 0.206706 -0.0840222 -0 115.894 440 460479
1.15868 6.01494 0.313678 6.1377 0.190303 -0.0629841 -0 119.457 459 460479
1.15868 6.00528 0.184904 6.1377 0.190602 -0.0840222 -0 119.644 460 460479
1.19489 6.20291 0.301606 6.3295 0.190303 -0.0629841 -0.0707397 110.457 411 460479
1.19489 6.19295 0.168807 6.3295 0.190602 -0.0840222 -0.0707397 111.207 415 460479
1.09532 6.22126 0.301606 6.3295 0.174275 -0.0629841 -0.0707397 109.332 405 460479
1.09532 6.21133 0.168807 6.3295 0.174548 -0.0840222 -0.0707397 108.582 401 460479
1.84665 6.24089 0.289533 6.5213 0.287687 -0.0629841 -0.0707397 113.269 426 460479
1.74406 6.27034 0.289533 6.5213 0.271288 -0.0629841 -0.0707397 114.582 433 460479
-1.06213 6.03274 0.313678 6.1377 -0.174275 -0.0629841 -1.13184 116.832 445 460479
-1.15868 6.01494 0.313678 6.1377 -0.190303 -0.0629841 -1.13184 118.144 452 460479
-1.29447 6.1729 1.23119 6.3295 -0.206706 0.0840222 -1.34406 121.144 468 460479
-1.29447 6.18289 1.09839 6.3295 -0.206382 0.0629841 -1.34406 117.207 447 460479
-1.39404 6.15118 1.23119 6.3295 -0.222865 0.0840222 -1.34406 118.332 453 460479
2.29021 5.88717 0.301606 6.3295 0.371003 -0.0629841 0.0707397 104.832 381 460479
1.19489 6.20291 0.301606 6.3295 0.190303 -0.0629841 0.0707397 109.332 405 460479
1.19489 6.19295 0.168807 6.3295 0.190602 -0.0840222 0.0707397 108.957 403 460479
1.09532 6.22126 0.301606 6.3295 0.174275 -0.0629841 0.0707397 107.832 397 460479
1.09532 6.21133 0.168807 6.3295 0.174548 -0.0840222 0.0707397 106.144 388 460479
1.74406 6.27034 0.289533 6.5213 0.271288 -0.0629841 0.0707397 113.832 429 460479
1.19489 6.20291 0.301606 6.3295 0.190303 -0.0629841 -0 117.207 447 460479
1.19489 6.19295 0.168807 6.3295 0.190602 -0.0840222 -0 117.394 448 460479
1.09532 6.22126 0.301606 6.3295 0.174275 -0.0629841 -0 116.082 441 460479
1.84665 6.24089 0.289533 6.5213 0.287687 -0.0629841 -0 120.019 462 460479
1.74406 6.27034 0.289533 6.5213 0.271288 -0.0629841 -0 121.707 471 460479
1.74406 6.25988 0.152711 6.5213 0.271719 -0.0840222 -0 119.269 458 460479
1.64147 6.29797 0.289533 6.5213 0.254962 -0.0629841 -0 118.707 455 460479
-1.43629 6.33758 1.24729 6.5213 -0.222865 0.0840222 -1.34406 113.269 426 460479
-0.869014 6.04165 1.34387 6.1377 -0.142857 0.105098 -1.55627 117.019 446 460479
-0.965571 6.05579 0.957548 6.1377 -0.158115 0.041974 -1.55627 116.832 445 460479
-1.06213 6.02311 1.2151 6.1377 -0.174548 0.0840222 -1.55627 116.832 445 460479
-1.06213 6.03274 1.08632 6.1377 -0.174275 0.0629841 -1.55627 118.894 456 460479
-1.06213 6.03961 0.957548 6.1377 -0.17408 0.041974 -1.55627 119.269 458 460479
-1.06213 6.03961 0.442452 6.1377 -0.17408 -0.041974 -1.27332 119.644 460 460479
-1.06213 6.03274 0.313678 6.1377 -0.174275 -0.0629841 -1.27332 120.207 463 460479
-1.15868 6.02183 0.442452 6.1377 -0.190091 -0.041974 -1.27332 119.832 461 460479
-1.15868 6.01494 0.313678 6.1377 -0.190303 -0.0629841 -1.27332 120.207 463 460479
-1.06213 6.03961 0.442452 6.1377 -0.17408 -0.041974 -1.20258 117.582 449 460479
-1.06213 6.03274 0.313678 6.1377 -0.174275 -0.0629841 -1.20258 117.582 449 460479
-1.15868 6.02183 0.442452 6.1377 -0.190091 -0.041974 -1.20258 117.582 449 460479
-1.15868 6.01494 0.313678 6.1377 -0.190303 -0.0629841 -1.20258 117.207 447 460479
-1.19489 6.19295 1.23119 6.3295 -0.190602 0.0840222 -1.41479 122.832 477 460479
-1.29447 6.16003 1.36399 6.3295 -0.207126 0.105098 -1.41479 124.144 484 460479
-1.29447 6.1729 1.23119 6.3295 -0.206706 0.0840222 -1.41479 128.082 505 460479
-1.29447 6.18289 1.09839 6.3295 -0.206382 0.0629841 -1.41479 123.207 479 460479
-1.39404 6.15118 1.23119 6.3295 -0.222865 0.0840222 -1.41479 124.519 486 460479
-1.19489 6.19295 1.23119 6.3295 -0.190602 0.0840222 -1.48553 120.207 463 460479
-1.29447 6.16003 1.36399 6.3295 -0.207126 0.105098 -1.48553 120.019 462 460479
-1.29447 6.1729 1.23119 6.3295 -0.206706 0.0840222 -1.48553 124.332 485 460479
-1.29447 6.18289 1.09839 6.3295 -0.206382 0.0629841 -1.48553 120.207 463 460479
-1.39404 6.15118 1.23119 6.3295 -0.222865 0.0840222 -1.48553 120.207 463 460479
-0.89617 6.23045 1.36399 6.3295 -0.142857 0.105098 -1.55627 120.207 463 460479
-0.995745 6.21532 1.36399 6.3295 -0.158858 0.105098 -1.55627 120.207 463 460479
-0.995745 6.24504 0.965596 6.3295 -0.158115 0.041974 -1.55627 120.582 465 460479
-1.09532 6.22126 1.09839 6.3295 -0.174275 0.0629841 -1.55627 120.394 464 460479
-1.09532 6.22835 0.965596 6.3295 -0.17408 0.041974 -1.55627 121.707 471 460479
-0.995745 6.22807 1.23119 6.3295 -0.158538 0.0840222 -1.62701 132.394 528 460479
-0.995745 6.23797 1.09839 6.3295 -0.158291 0.0629841 -1.62701 128.832 509 460479
-1.09532 6.21133 1.23119 6.3295 -0.174548 0.0840222 -1.62701 133.144 532 460479
-1.09532 6.22126 1.09839 6.3295 -0.174275 0.0629841 -1.62701 130.707 519 460479
-0.965571 6.03934 1.2151 6.1377 -0.158538 0.0840222 -1.62701 130.707 519 460479
-1.06213 6.02311 1.2151 6.1377 -0.174548 0.0840222 -1.62701 131.457 523 460479
-1.06213 6.03274 1.08632 6.1377 -0.174275 0.0629841 -1.62701 128.644 508 460479
-2.15141 5.52051 0.201001 5.94589 -0.371606 -0.0840222 0.0707397 118.332 453 460479
-2.24495 5.48314 0.201001 5.94589 -0.388608 -0.0840222 0.0707397 116.644 444 460479
1.21602 5.80817 0.325751 5.94589 0.206382 -0.0629841 -0 112.707 423 460479
1.21602 5.79879 0.201001 5.94589 0.206706 -0.0840222 -0 114.207 431 460479
1.12248 5.82697 0.325751 5.94589 0.190303 -0.0629841 -0 109.894 408 460479
1.12248 5.81762 0.201001 5.94589 0.190602 -0.0840222 -0 109.519 406 460479
-2.15141 5.52051 0.201001 5.94589 -0.371606 -0.0840222 0.141479 117.019 446 460479
-2.15141 5.50781 0.076251 5.94589 -0.372386 -0.105098 0.141479 117.207 447 460479
-2.15141 5.49225 -0.0484987 5.94589 -0.373346 -0.12622 0.141479 119.082 457 460479
-2.15141 5.4738 -0.173249 5.94589 -0.37449 -0.147399 0.141479 117.019 446 460479
-1.06213 6.0451 0.7 6.1377 -0.173925 0 -1.83923 121.332 469 460479
-1.06213 6.04372 0.571226 6.1377 -0.173964 -0.0209824 -1.83923 121.332 469 460479
-1.15868 6.02733 0.7 6.1377 -0.189921 0 -1.83923 119.082 457 460479
-1.15868 6.02596 0.571226 6.1377 -0.189964 -0.0209824 -1.83923 118.894 456 460479
-0.965571 6.03934 1.2151 6.1377 -0.158538 0.0840222 -1.69775 128.832 509 460479
-1.06213 6.02311 1.2151 6.1377 -0.174548 0.0840222 -1.69775 129.582 513 460479
-1.06213 6.0451 0.7 6.1377 -0.173925 0 -1.76849 127.707 503 460479
-1.06213 6.04372 0.571226 6.1377 -0.173964 -0.0209824 -1.76849 127.332 501 460479
-1.15868 6.02733 0.7 6.1377 -0.189921 0 -1.76849 125.269 490 460479
-1.15868 6.02596 0.571226 6.1377 -0.189964 -0.0209824 -1.76849 124.707 487 460479
-1.09532 6.23259 0.567202 6.3295 -0.173964 -0.0209824 -1.83923 117.019 446 460479
-0.995745 6.22807 1.23119 6.3295 -0.158538 0.0840222 -1.69775 131.082 521 460479
-1.09532 6.21133 1.23119 6.3295 -0.174548 0.0840222 -1.69775 131.644 524 460479
-1.09532 6.22126 1.09839 6.3295 -0.174275 0.0629841 -1.69775 128.082 505 460479
-1.09532 6.23401 0.7 6.3295 -0.173925 0 -1.76849 120.582 465 460479
-1.09532 6.23259 0.567202 6.3295 -0.173964 -0.0209824 -1.76849 120.582 465 460479
-1.19489 6.21569 0.7 6.3295 -0.189921 0 -1.76849 117.394 448 460479
-1.19489 6.21427 0.567202 6.3295 -0.189964 -0.0209824 -1.76849 117.019 446 460479
-1.2311 6.38061 1.24729 6.5213 -0.190602 0.0840222 -1.41479 119.082 457 460479
-1.33369 6.3467 1.38411 6.5213 -0.207126 0.105098 -1.41479 120.019 462 460479
-1.33369 6.35996 1.24729 6.5213 -0.206706 0.0840222 -1.41479 124.144 484 460479
-1.33369 6.37025 1.11047 6.5213 -0.206382 0.0629841 -1.41479 119.082 457 460479
-1.43629 6.33758 1.24729 6.5213 -0.222865 0.0840222 -1.41479 120.394 464 460479
-1.2311 6.38061 1.24729 6.5213 -0.190602 0.0840222 -1.48553 117.582 449 460479
-1.33369 6.3467 1.38411 6.5213 -0.207126 0.105098 -1.48553 116.832 445 460479
-1.33369 6.35996 1.24729 6.5213 -0.206706 0.0840222 -1.48553 121.519 470 460479
-1.33369 6.37025 1.11047 6.5213 -0.206382 0.0629841 -1.48553 117.957 451 460479
-1.43629 6.33758 1.24729 6.5213 -0.222865 0.0840222 -1.48553 117.394 448 460479
-1.43629 6.34791 1.11047 6.5213 -0.222515 0.0629841 -1.55627 112.707 423 460479
1.79536 6.46857 0.7 6.7131 0.270736 0 0.0707397 120.519 454 460479
1.68975 6.49696 0.7 6.7131 0.254446 0 0.0707397 122.394 464 460479
1.79536 6.46857 0.7 6.7131 0.270736 0 -0 127.644 492 460479
1.68975 6.49696 0.7 6.7131 0.254446 0 -0 129.144 500 460479
1.68975 6.49544 0.559153 6.7131 0.254503 -0.0209824 -0 124.644 476 460479
1.68975 6.49544 0.840847 6.7131 0.254503 0.0209824 -0 125.207 479 460479
1.79536 6.46857 0.7 6.7131 0.270736 0 -0.0707397 120.332 453 460479
1.68975 6.49696 0.7 6.7131 0.254446 0 -0.0707397 122.207 463 460479
1.95528 6.60801 0.265388 6.90491 0.287687 -0.0629841 0.0707397 121.457 459 460479
1.84665 6.65339 0.7 6.90491 0.270736 0 0.0707397 123.144 468 460479
1.84665 6.63918 0.265388 6.90491 0.271288 -0.0629841 0.0707397 120.519 454 460479
1.73803 6.68259 0.7 6.90491 0.254446 0 0.0707397 123.894 472 460479
1.84665 6.65339 0.7 6.90491 0.270736 0 -0 131.019 510 460479
1.73803 6.68259 0.7 6.90491 0.254446 0 -0 131.957 515 460479
1.95528 6.60801 0.265388 6.90491 0.287687 -0.0629841 -0.0707397 122.394 464 460479
1.84665 6.65339 0.7 6.90491 0.270736 0 -0.0707397 124.457 475 460479
1.73803 6.68259 0.7 6.90491 0.254446 0 -0.0707397 125.394 480 460479
1.67466 6.88181 0.253315 7.09671 0.238706 -0.0629841 -0 124.269 474 460479
1.56302 6.90802 0.253315 7.09671 0.222515 -0.0629841 -0 123.707 471 460479
1.37594 7.14274 0.241243 7.28851 0.190303 -0.0629841 -0 119.394 448 460479
1.88286 7.23266 0.386113 7.48032 0.254675 -0.041974 -0 122.894 456 460479
1.76518 7.26228 0.386113 7.48032 0.238438 -0.041974 -0 124.957 467 460479
1.41215 7.33071 0.22917 7.48032 0.190303 -0.0629841 -0 119.519 438 460479
2.84542 7.31436 0.205025 7.86392 0.371003 -0.0629841 0.0707397 112.957 403 460479
2.47427 7.4481 0.205025 7.86392 0.320732 -0.0629841 0.0707397 115.019 414 460479
1.85571 7.64005 0.535008 7.86392 0.238277 -0.0209824 -0 126.269 474 460479
1.85571 7.63471 0.370017 7.86392 0.238438 -0.041974 -0 126.269 474 460479
1.90097 7.8264 0.530984 8.05573 0.238277 -0.0209824 0.0707397 126.082 473 460479
1.90097 7.82092 0.361968 8.05573 0.238438 -0.041974 0.0707397 131.144 500 460479
1.90097 7.81178 0.192952 8.05573 0.238706 -0.0629841 0.0707397 128.144 484 460479
1.77424 7.85064 0.361968 8.05573 0.222265 -0.041974 0.0707397 127.582 481 460479
1.90097 7.8264 0.530984 8.05573 0.238277 -0.0209824 -0 133.957 515 460479
1.90097 7.82092 0.361968 8.05573 0.238438 -0.041974 -0 138.832 541 460479
1.90097 7.81178 0.192952 8.05573 0.238706 -0.0629841 -0 135.644 524 460479
1.77424 7.85064 0.361968 8.05573 0.222265 -0.041974 -0 135.269 522 460479
1.90097 7.8264 0.530984 8.05573 0.238277 -0.0209824 -0.0707397 126.832 477 460479
1.90097 7.82092 0.361968 8.05573 0.238438 -0.041974 -0.0707397 131.707 503 460479
1.90097 7.81178 0.192952 8.05573 0.238706 -0.0629841 -0.0707397 128.519 486 460479
1.77424 7.85064 0.361968 8.05573 0.222265 -0.041974 -0.0707397 128.332 485 460479
1.94623 8.00713 0.35392 8.24753 0.238438 -0.041974 0.0707397 123.894 456 460479
1.94623 8.00713 0.35392 8.24753 0.238438 -0.041974 -0 131.957 499 460479
1.94623 7.99778 0.18088 8.24753 0.238706 -0.0629841 -0 130.269 490 460479
1.81648 8.03756 0.35392 8.24753 0.222265 -0.041974 -0 128.207 479 460479
1.81648 8.02824 0.18088 8.24753 0.222515 -0.0629841 -0 126.894 472 460479
1.94623 8.00713 0.35392 8.24753 0.238438 -0.041974 -0.0707397 125.394 464 460479
1.94623 7.99778 0.18088 8.24753 0.238706 -0.0629841 -0.0707397 124.082 457 460479
1.99149 8.19334 0.345872 8.43933 0.238438 -0.041974 -0 125.207 463 460479
1.32766 8.32672 0.345872 8.43933 0.158115 -0.041974 -0 117.332 421 460479
4.68 7.69546 0.321726 9.01474 0.546391 -0.041974 -0 114.644 396 460479
3.12 8.44914 0.321726 9.01474 0.353736 -0.041974 -0 117.832 413 460479
2.97818 8.50017 0.321726 9.01474 0.337002 -0.041974 -0 117.269 410 460479
3.76573 8.39229 0.313678 9.20654 0.421783 -0.041974 -0 116.519 406 460479
3.62089 8.45579 0.313678 9.20654 0.40459 -0.041974 -0 120.082 425 460479
3.62089 8.44475 0.120517 9.20654 0.405063 -0.0629841 -0 116.519 406 460479
3.47605 8.51635 0.313678 9.20654 0.387523 -0.041974 -0 116.707 407 460479
-0.799613 10.1138 0.0601543 10.1656 -0.0788972 -0.0629841 -0.778137 114.144 388 460479
-0.799613 10.0981 -0.153128 10.1656 -0.0790197 -0.0840222 -0.778137 114.519 390 460479
-0.959536 10.1179 0.486718 10.1656 -0.0945525 -0.0209824 -0.778137 115.082 393 460479
-0.959536 10.0999 0.0601543 10.1656 -0.09472 -0.0629841 -0.778137 114.519 390 460479
-0.959536 10.0841 -0.153128 10.1656 -0.0948673 -0.0840222 -0.778137 115.457 395 460479
-2.28116 10.0937 0.265388 10.3574 -0.222265 -0.041974 0.0707397 113.957 387 460479
-2.4441 10.0555 0.265388 10.3574 -0.238438 -0.041974 0.0707397 114.707 391 460479
7.98406 6.58337 0.265388 10.3574 0.881256 -0.041974 0.0707397 116.394 400 460479
3.8472 8.9913 0.494766 9.78195 0.404307 -0.0209824 -0 119.582 417 460479
3.8472 8.98427 0.289533 9.78195 0.40459 -0.041974 -0 120.519 422 460479
3.69331 9.0556 0.494766 9.78195 0.387253 -0.0209824 -0 118.832 413 460479
3.69331 9.04862 0.289533 9.78195 0.387523 -0.041974 -0 119.394 416 460479
-1.72596 9.82105 0.490742 9.97375 -0.173964 -0.0209824 -0 115.457 395 460479
-1.88286 9.79218 0.490742 9.97375 -0.189964 -0.0209824 -0 114.519 390 460479
-2.03977 9.7607 0.490742 9.97375 -0.206013 -0.0209824 -0 118.832 413 460479
-2.03977 9.75397 0.281485 9.97375 -0.206151 -0.041974 -0 114.519 390 460479
-2.19667 9.72659 0.490742 9.97375 -0.222116 -0.0209824 -0 115.269 394 460479
-0.959536 10.0638 1.76641 10.1656 -0.0950577 0.105098 -0.990356 114.707 391 460479
-0.959536 10.0841 1.55313 10.1656 -0.0948673 0.0840222 -0.990356 115.082 393 460479
-1.11946 10.0676 1.55313 10.1656 -0.110739 0.0840222 -0.990356 114.519 390 460479
3.99807 9.3439 0.486718 10.1656 0.404307 -0.0209824 -0 116.582 401 460479
-0.97764 10.2537 1.78653 10.3574 -0.0950577 0.105098 -0.990356 116.207 399 460479
-0.97764 10.2744 1.56922 10.3574 -0.0948673 0.0840222 -0.990356 116.207 399 460479
-1.14058 10.2576 1.56922 10.3574 -0.110739 0.0840222 -0.990356 114.332 389 460479
-2.4441 10.0555 0.265388 10.3574 -0.238438 -0.041974 -0.0707397 114.144 388 460479
7.98406 6.58337 0.265388 10.3574 0.881256 -0.041974 -0.0707397 116.582 401 460479
-2.3234 10.2806 0.257339 10.5492 -0.222265 -0.041974 -0 121.707 423 460479
-2.48936 10.2417 0.257339 10.5492 -0.238438 -0.041974 -0 121.707 423 460479
8.13192 6.71624 0.47867 10.5492 0.880455 -0.0209824 -0 121.707 423 460479
8.13192 6.70529 0.257339 10.5492 0.881256 -0.041974 -0 124.519 438 460479
8.13192 6.70529 0.257339 10.5492 0.881256 -0.041974 -0.0707397 118.144 404 460479
5.84774 9.22599 0.241243 10.9328 0.564926 -0.041974 -0 117.582 401 460479
6.23095 9.43452 0.225146 11.3164 0.58368 -0.041974 0.0707397 118.582 401 460479
6.05292 9.55856 0.462573 11.3164 0.564507 -0.0209824 0.0707397 123.832 429 460479
6.05292 9.54971 0.225146 11.3164 0.564926 -0.041974 0.0707397 125.144 436 460479
6.05292 9.55856 0.462573 11.3164 0.564507 -0.0209824 -0 131.519 470 460479
6.05292 9.54971 0.225146 11.3164 0.564926 -0.041974 -0 132.644 476 460479
6.23095 9.44348 0.462573 11.3164 0.583244 -0.0209824 -0.0707397 119.332 405 460479
6.23095 9.43452 0.225146 11.3164 0.58368 -0.041974 -0.0707397 119.144 404 460479
6.05292 9.55856 0.462573 11.3164 0.564507 -0.0209824 -0.0707397 124.582 433 460479
6.05292 9.54971 0.225146 11.3164 0.564926 -0.041974 -0.0707397 125.519 438 460479
6.15551 9.72057 0.458549 11.5082 0.564507 -0.0209824 -0 120.457 411 460479
6.15551 9.71157 0.217098 11.5082 0.564926 -0.041974 -0 121.957 419 460479
5.97447 9.53489 3.11451 11.5082 0.559742 0.211379 -0 121.207 415 460479
5.97447 9.59279 2.87306 11.5082 0.557021 0.189968 -0 123.457 427 460479
1.39404 12.5708 0.168807 12.659 0.110444 -0.041974 -0 120.332 405 460479
6.15551 11.4954 0.426355 13.0426 0.491624 -0.0209824 -0 139.707 503 460479
5.95033 11.6029 0.426355 13.0426 0.473858 -0.0209824 -0 137.832 493 460479
6.24604 11.6645 0.422331 13.2344 0.491624 -0.0209824 -0 143.644 524 460479
6.24604 11.6545 0.144662 13.2344 0.491978 -0.041974 -0 140.457 507 460479
6.03783 11.7736 0.422331 13.2344 0.473858 -0.0209824 -0 141.957 515 460479
6.03783 11.7637 0.144662 13.2344 0.474198 -0.041974 -0 138.394 496 460479
6.33656 11.8335 0.418307 13.4262 0.491624 -0.0209824 0.0707397 145.519 534 460479
6.33656 11.8234 0.136614 13.4262 0.491978 -0.041974 0.0707397 141.957 515 460479
6.12534 11.9442 0.418307 13.4262 0.473858 -0.0209824 0.0707397 143.457 523 460479
6.33656 11.8335 0.418307 13.4262 0.491624 -0.0209824 -0 153.207 575 460479
6.33656 11.8234 0.136614 13.4262 0.491978 -0.041974 -0 149.269 554 460479
6.12534 11.9442 0.418307 13.4262 0.473858 -0.0209824 -0 151.144 564 460479
6.33656 11.8335 0.418307 13.4262 0.491624 -0.0209824 -0.0707397 146.082 537 460479
6.33656 11.8234 0.136614 13.4262 0.491978 -0.041974 -0.0707397 142.519 518 460479
6.12534 11.9442 0.418307 13.4262 0.473858 -0.0209824 -0.0707397 144.207 527 460479
6.42708 12.0026 0.414283 13.618 0.491624 -0.0209824 -0 141.082 505 460479
6.42708 11.8382 2.70002 13.618 0.497384 0.147399 -0 139.207 495 460479
6.21284 12.1148 0.414283 13.618 0.473858 -0.0209824 -0 139.019 494 460479
6.21284 11.9007 2.98574 13.618 0.481138 0.168645 -0 137.894 488 460479
6.21284 11.952 2.70002 13.618 0.479374 0.147399 -0 142.019 510 460479
6.5176 12.1716 0.410259 13.8098 0.491624 -0.0209824 -0 138.269 490 460479
6.1193 13.6519 0.7 14.9606 0.421388 0 -0 131.582 449 460479
-7.15126 13.2981 -0.571643 15.1524 -0.493402 -0.0840222 -0 126.394 416 460479
-7.38963 13.2284 0.7 15.1524 -0.509437 0 -0 128.644 428 460479
-7.38963 13.2245 0.382089 15.1524 -0.50956 -0.0209824 -0 128.457 427 460479
-7.38963 13.1671 -0.571643 15.1524 -0.511416 -0.0840222 -0 130.519 438 460479
6.82538 15.2271 0.7 16.6869 0.421388 0 0.0707397 145.394 512 460479
6.56286 15.3421 0.7 16.6869 0.404213 0 0.0707397 149.519 534 460479
6.56286 15.3381 1.0501 16.6869 0.404307 0.0209824 0.0707397 149.519 534 460479
6.82538 15.2271 0.7 16.6869 0.421388 0 -0 152.894 552 460479
6.56286 15.3421 0.7 16.6869 0.404213 0 -0 156.832 573 460479
6.56286 15.3381 1.0501 16.6869 0.404307 0.0209824 -0 156.832 573 460479
6.82538 15.2271 0.7 16.6869 0.421388 0 -0.0707397 145.582 513 460479
6.56286 15.3421 0.7 16.6869 0.404213 0 -0.0707397 149.707 535 460479
6.56286 15.3381 1.0501 16.6869 0.404307 0.0209824 -0.0707397 149.707 535 460479
6.6383 15.5184 0.7 16.8787 0.404213 0 0.0707397 149.332 533 460479
6.6383 15.5144 1.05413 16.8787 0.404307 0.0209824 0.0707397 149.144 532 460479
6.6383 15.5184 0.7 16.8787 0.404213 0 -0 157.394 576 460479
6.6383 15.5144 1.05413 16.8787 0.404307 0.0209824 -0 157.207 575 460479
6.6383 15.5184 0.7 16.8787 0.404213 0 -0.0707397 150.644 540 460479
6.6383 15.5144 1.05413 16.8787 0.404307 0.0209824 -0.0707397 150.269 538 460479
-7.3323 15.6276 0.7 17.2623 -0.438696 0 -0 130.582 433 460479
-7.3323 15.6234 0.337823 17.2623 -0.438799 -0.0209824 -0 135.269 458 460479
-7.3323 15.6108 -0.0243536 17.2623 -0.439109 -0.041974 -0 132.269 442 460479
-7.60387 15.4931 0.337823 17.2623 -0.456253 -0.0209824 -0 132.644 444 460479
6.73486 16.5174 0.7 17.8377 0.387164 0 0.0707397 148.269 522 460479
6.73486 16.5132 0.325751 17.8377 0.387253 -0.0209824 0.0707397 148.644 524 460479
6.45424 16.6291 0.7 17.8377 0.370232 0 0.0707397 145.644 508 460479
6.45424 16.6248 0.325751 17.8377 0.370317 -0.0209824 0.0707397 145.832 509 460479
6.73486 16.5174 0.7 17.8377 0.387164 0 -0 155.957 563 460479
6.73486 16.5132 0.325751 17.8377 0.387253 -0.0209824 -0 156.144 564 460479
6.45424 16.6291 0.7 17.8377 0.370232 0 -0 152.957 547 460479
6.45424 16.6248 0.325751 17.8377 0.370317 -0.0209824 -0 153.144 548 460479
6.73486 16.5174 0.7 17.8377 0.387164 0 -0.0707397 148.644 524 460479
6.73486 16.5132 0.325751 17.8377 0.387253 -0.0209824 -0.0707397 149.207 527 460479
6.45424 16.6291 0.7 17.8377 0.370232 0 -0.0707397 145.644 508 460479
6.45424 16.6248 0.325751 17.8377 0.370317 -0.0209824 -0.0707397 146.207 511 460479
6.80727 16.695 0.7 18.0295 0.387164 0 0.0707397 142.082 489 460479
6.80727 16.6907 0.321726 18.0295 0.387253 -0.0209824 0.0707397 142.269 490 460479
6.80727 16.695 0.7 18.0295 0.387164 0 -0 150.144 532 460479
6.80727 16.6907 0.321726 18.0295 0.387253 -0.0209824 -0 150.519 534 460479
6.52364 16.8079 0.7 18.0295 0.370232 0 -0 147.144 516 460479
6.52364 16.8036 0.321726 18.0295 0.370317 -0.0209824 -0 147.332 517 460479
6.80727 16.695 0.7 18.0295 0.387164 0 -0.0707397 143.957 499 460479
6.80727 16.6907 0.321726 18.0295 0.387253 -0.0209824 -0.0707397 144.519 502 460479
6.87969 16.8726 0.7 18.2213 0.387164 0 -0 146.457 507 460479
6.87969 16.8683 0.317702 18.2213 0.387253 -0.0209824 -0 145.519 502 460479
6.59304 16.9867 0.7 18.2213 0.370232 0 -0 146.269 506 460479
6.59304 16.9824 0.317702 18.2213 0.370317 -0.0209824 -0 145.519 502 460479
3.04758 19.1309 0.7 19.3721 0.157974 0 0.0707397 137.519 454 460479
2.74282 19.1769 0.7 19.3721 0.142064 0 0.0707397 138.457 459 460479
6.46329 18.4654 0.7 19.5639 0.336693 0 -0 152.894 536 460479
6.46329 18.4609 0.289533 19.5639 0.336771 -0.0209824 -0 152.332 533 460479
6.15551 18.5703 0.7 19.5639 0.320073 0 -0 152.144 532 460479
6.15551 18.5658 0.289533 19.5639 0.320146 -0.0209824 -0 151.207 527 460479
7.14824 18.1871 3.60144 19.7557 0.37449 0.147399 -0 143.332 485 460479
5.90507 18.8525 0.7 19.7557 0.303544 0 -0 151.207 527 460479
6.27621 18.9344 0.7 19.9475 0.320073 0 0.0707397 159.457 571 460479
6.27621 18.9298 0.281485 19.9475 0.320146 -0.0209824 0.0707397 155.332 549 460479
6.27621 18.9298 1.11852 19.9475 0.320146 0.0209824 0.0707397 155.519 550 460479
5.9624 19.0356 0.7 19.9475 0.303544 0 0.0707397 158.894 568 460479
6.27621 18.9344 0.7 19.9475 0.320073 0 -0 166.957 611 460479
6.27621 18.9298 0.281485 19.9475 0.320146 -0.0209824 -0 163.019 590 460479
6.27621 18.9298 1.11852 19.9475 0.320146 0.0209824 -0 163.019 590 460479
5.9624 19.0356 0.7 19.9475 0.303544 0 -0 166.207 607 460479
6.27621 18.9344 0.7 19.9475 0.320073 0 -0.0707397 160.019 574 460479
6.27621 18.9298 0.281485 19.9475 0.320146 -0.0209824 -0.0707397 156.082 553 460479
6.27621 18.9298 1.11852 19.9475 0.320146 0.0209824 -0.0707397 155.894 552 460479
5.9624 19.0356 0.7 19.9475 0.303544 0 -0.0707397 159.269 570 460479
6.33656 19.1165 0.7 20.1393 0.320073 0 0.0707397 152.894 536 460479
6.01973 19.2186 0.7 20.1393 0.303544 0 0.0707397 151.582 529 460479
6.33656 19.1165 0.7 20.1393 0.320073 0 -0 161.144 580 460479
6.33656 19.1118 0.27746 20.1393 0.320146 -0.0209824 -0 157.019 558 460479
6.33656 19.1118 1.12254 20.1393 0.320146 0.0209824 -0 157.394 560 460479
6.01973 19.2186 0.7 20.1393 0.303544 0 -0 160.582 577 460479
6.33656 19.1165 0.7 20.1393 0.320073 0 -0.0707397 154.582 545 460479
6.01973 19.2186 0.7 20.1393 0.303544 0 -0.0707397 154.582 545 460479
6.39691 19.2985 0.7 20.3311 0.320073 0 -0 152.707 535 460479
6.07706 19.4016 0.7 20.3311 0.303544 0 -0 151.582 529 460479
1.93718 20.4268 1.13059 20.5229 0.0945525 0.0209824 -0 147.707 503 460479
1.61431 20.4548 1.13059 20.5229 0.0787578 0.0209824 -0 148.832 509 460479
1.29145 20.4822 0.7 20.5229 0.0629689 0 -0 151.269 522 460479
1.29145 20.4777 1.13059 20.5229 0.0629827 0.0209824 -0 150.144 516 460479
0.968588 20.5 0.7 20.5229 0.047213 0 -0 148.457 507 460479
1.95528 20.6222 0.7 20.7147 0.0945316 0 0.0707397 151.082 521 460479
1.95528 20.6177 1.13461 20.7147 0.0945525 0.0209824 0.0707397 153.894 536 460479
1.6294 20.6505 0.7 20.7147 0.0787404 0 0.0707397 152.207 527 460479
1.6294 20.646 1.13461 20.7147 0.0787578 0.0209824 0.0707397 154.269 538 460479
1.95528 20.6177 1.13461 20.7147 0.0945525 0.0209824 -0 161.582 577 460479
1.6294 20.6505 0.7 20.7147 0.0787404 0 -0 159.707 567 460479
1.6294 20.646 1.13461 20.7147 0.0787578 0.0209824 -0 161.957 579 460479
1.95528 20.6222 0.7 20.7147 0.0945316 0 -0.0707397 151.832 525 460479
1.95528 20.6177 1.13461 20.7147 0.0945525 0.0209824 -0.0707397 154.832 541 460479
1.6294 20.6505 0.7 20.7147 0.0787404 0 -0.0707397 152.582 529 460479
1.6294 20.646 1.13461 20.7147 0.0787578 0.0209824 -0.0707397 155.019 542 460479
4.93346 20.3161 0.7 20.9065 0.238224 0 0.0707397 146.957 499 460479
4.93346 20.2971 1.57727 20.9065 0.238438 0.041974 0.0707397 145.082 489 460479
4.93346 20.3114 1.13864 20.9065 0.238277 0.0209824 0.0707397 148.269 506 460479
4.60457 20.3743 1.57727 20.9065 0.222265 0.041974 0.0707397 145.644 492 460479
4.60457 20.3884 1.13864 20.9065 0.222116 0.0209824 0.0707397 146.957 499 460479
4.93346 20.3114 1.13864 20.9065 0.238277 0.0209824 -0 156.332 549 460479
4.60457 20.3884 1.13864 20.9065 0.222116 0.0209824 -0 155.019 542 460479
4.93346 20.3161 0.7 20.9065 0.238224 0 -0.0707397 148.082 505 460479
4.93346 20.3114 1.13864 20.9065 0.238277 0.0209824 -0.0707397 149.957 515 460479
4.60457 20.3884 1.13864 20.9065 0.222116 0.0209824 -0.0707397 148.269 506 460479
1.64449 20.8417 0.7 20.9065 0.0787404 0 -0.0707397 148.082 505 460479
1.64449 20.8371 1.13864 20.9065 0.0787578 0.0209824 -0.0707397 148.832 509 460479
1.99149 21.0041 0.7 21.0983 0.0945316 0 -0 147.144 500 460479
1.99149 20.9995 1.14266 21.0983 0.0945525 0.0209824 -0 151.269 522 460479
1.65957 21.0283 1.14266 21.0983 0.0787578 0.0209824 -0 151.082 521 460479
3.68426 20.9499 1.59337 21.2901 0.17408 0.041974 -0 144.894 488 460479
3.68426 20.9642 1.14668 21.2901 0.173964 0.0209824 -0 143.957 483 460479
1.67466 21.2242 0.7 21.2901 0.0787404 0 -0 145.269 490 460479
1.67466 21.2195 1.14668 21.2901 0.0787578 0.0209824 -0 145.269 490 460479
3.71745 21.153 1.15071 21.4819 0.173964 0.0209824 0.0707397 147.894 504 460479
1.3518 21.4394 0.7 21.4819 0.0629689 0 0.0707397 150.707 519 460479
1.3518 21.4346 0.249291 21.4819 0.0629827 -0.0209824 0.0707397 147.707 503 460479
1.3518 21.4346 1.15071 21.4819 0.0629827 0.0209824 0.0707397 149.019 510 460479
1.01385 21.458 0.7 21.4819 0.047213 0 0.0707397 147.894 504 460479
1.3518 21.4394 0.7 21.4819 0.0629689 0 -0 158.207 559 460479
1.3518 21.4346 1.15071 21.4819 0.0629827 0.0209824 -0 156.519 550 460479
3.71745 21.153 1.15071 21.4819 0.173964 0.0209824 -0.0707397 148.644 508 460479
1.3518 21.4394 0.7 21.4819 0.0629689 0 -0.0707397 151.082 521 460479
1.3518 21.4346 0.249291 21.4819 0.0629827 -0.0209824 -0.0707397 148.082 505 460479
1.3518 21.4346 1.15071 21.4819 0.0629827 0.0209824 -0.0707397 149.582 513 460479
1.01385 21.458 0.7 21.4819 0.047213 0 -0.0707397 148.082 505 460479
1.36387 21.6308 0.7 21.6737 0.0629689 0 0.0707397 146.019 494 460479
1.36387 21.6308 0.7 21.6737 0.0629689 0 -0 153.707 535 460479
1.36387 21.6308 0.7 21.6737 0.0629689 0 -0.0707397 147.332 501 460479
5.15977 21.2431 1.15876 21.8655 0.238277 0.0209824 0.0707397 149.207 511 460479
4.81578 21.3089 1.61751 21.8655 0.222265 0.041974 0.0707397 149.207 511 460479
4.81578 21.3237 1.15876 21.8655 0.222116 0.0209824 0.0707397 154.082 537 460479
4.4718 21.3985 1.15876 21.8655 0.206013 0.0209824 0.0707397 149.394 512 460479
5.15977 21.2431 1.15876 21.8655 0.238277 0.0209824 -0 156.332 549 460479
4.81578 21.3089 1.61751 21.8655 0.222265 0.041974 -0 156.519 550 460479
4.81578 21.3237 1.15876 21.8655 0.222116 0.0209824 -0 161.394 576 460479
4.4718 21.3985 1.15876 21.8655 0.206013 0.0209824 -0 156.707 551 460479
5.15977 21.2431 1.15876 21.8655 0.238277 0.0209824 -0.0707397 148.644 508 460479
4.81578 21.3089 1.61751 21.8655 0.222265 0.041974 -0.0707397 149.207 511 460479
4.81578 21.3237 1.15876 21.8655 0.222116 0.0209824 -0.0707397 154.269 538 460479
4.4718 21.3985 1.15876 21.8655 0.206013 0.0209824 -0.0707397 149.957 515 460479
4.85803 21.5107 1.16278 22.0573 0.222116 0.0209824 0.0707397 149.269 506 460479
5.20503 21.4294 1.16278 22.0573 0.238277 0.0209824 -0 153.207 527 460479
4.85803 21.4958 1.62556 22.0573 0.222265 0.041974 -0 151.707 519 460479
4.85803 21.5107 1.16278 22.0573 0.222116 0.0209824 -0 157.519 550 460479
4.51103 21.5862 1.16278 22.0573 0.206013 0.0209824 -0 152.457 523 460479
5.20503 21.4294 1.16278 22.0573 0.238277 0.0209824 -0.0707397 146.644 492 460479
4.85803 21.5107 1.16278 22.0573 0.222116 0.0209824 -0.0707397 151.332 517 460479
4.51103 21.5862 1.16278 22.0573 0.206013 0.0209824 -0.0707397 146.269 490 460479
8.05045 20.7206 1.63361 22.2491 0.370574 0.041974 -0 141.207 463 460479
8.05045 20.7364 1.16681 22.2491 0.370317 0.0209824 -0 142.707 471 460479
4.90027 21.6978 1.16681 22.2491 0.222116 0.0209824 -0 147.019 494 460479
2.80015 22.0722 0.7 22.2491 0.126189 0 -0 142.144 468 460479
2.80015 22.0673 1.16681 22.2491 0.126217 0.0209824 -0 141.957 467 460479
8.05045 20.7206 1.63361 22.2491 0.370574 0.041974 -0.0707397 135.394 432 460479
8.05045 20.7364 1.16681 22.2491 0.370317 0.0209824 -0.0707397 136.519 438 460479
1.79536 22.7538 0.7 22.8246 0.0787404 0 0.0707397 152.519 518 460479
1.43629 22.7793 0.7 22.8246 0.0629689 0 0.0707397 154.957 531 460479
1.43629 22.7743 1.17888 22.8246 0.0629827 0.0209824 0.0707397 151.019 510 460479
1.07721 22.7991 0.7 22.8246 0.047213 0 0.0707397 152.519 518 460479
1.79536 22.7538 0.7 22.8246 0.0787404 0 -0 160.019 558 460479
1.43629 22.7793 0.7 22.8246 0.0629689 0 -0 162.082 569 460479
1.43629 22.7743 1.17888 22.8246 0.0629827 0.0209824 -0 158.144 548 460479
1.07721 22.7991 0.7 22.8246 0.047213 0 -0 159.457 555 460479
1.79536 22.7538 0.7 22.8246 0.0787404 0 -0.0707397 152.707 519 460479
1.43629 22.7793 0.7 22.8246 0.0629689 0 -0.0707397 154.582 529 460479
1.43629 22.7743 1.17888 22.8246 0.0629827 0.0209824 -0.0707397 150.457 507 460479
1.07721 22.7991 0.7 22.8246 0.047213 0 -0.0707397 152.144 516 460479
1.81044 22.945 0.7 23.0164 0.0787404 0 0.0707397 151.582 513 460479
1.44836 22.9707 0.7 23.0164 0.0629689 0 0.0707397 155.144 532 460479
1.44836 22.9657 1.1829 23.0164 0.0629827 0.0209824 0.0707397 151.582 513 460479
1.08627 22.9907 0.7 23.0164 0.047213 0 0.0707397 153.457 523 460479
1.08627 22.9856 1.1829 23.0164 0.0472234 0.0209824 0.0707397 150.832 509 460479
1.81044 22.945 0.7 23.0164 0.0787404 0 -0 159.832 557 460479
1.44836 22.9707 0.7 23.0164 0.0629689 0 -0 163.207 575 460479
1.44836 22.9657 1.1829 23.0164 0.0629827 0.0209824 -0 159.644 556 460479
1.08627 22.9907 0.7 23.0164 0.047213 0 -0 161.519 566 460479
1.81044 22.945 0.7 23.0164 0.0787404 0 -0.0707397 152.894 520 460479
1.44836 22.9707 0.7 23.0164 0.0629689 0 -0.0707397 156.269 538 460479
1.44836 22.9657 1.1829 23.0164 0.0629827 0.0209824 -0.0707397 152.707 519 460479
1.08627 22.9907 0.7 23.0164 0.047213 0 -0.0707397 154.582 529 460479
1.08627 22.9856 1.1829 23.0164 0.0472234 0.0209824 -0.0707397 152.144 516 460479
-14.8456 18.3352 0.7 23.5918 -0.680617 0 0.0707397 138.269 442 460479
-14.8456 18.3285 0.205025 23.5918 -0.680795 -0.0209824 0.0707397 136.394 432 460479
-15.2168 18.0283 0.7 23.5918 -0.701029 0 0.0707397 134.519 422 460479
-14.8456 18.3352 0.7 23.5918 -0.680617 0 -0 145.207 479 460479
-14.8456 18.3285 0.205025 23.5918 -0.680795 -0.0209824 -0 143.332 469 460479
-13.7322 19.1833 0.7 23.5918 -0.621281 0 -0.0707397 133.957 419 460479
-13.7322 19.1769 1.19497 23.5918 -0.621438 0.0209824 -0.0707397 133.957 419 460479
-14.1034 18.9056 1.19497 23.5918 -0.640929 0.0209824 -0.0707397 133.394 416 460479
-14.8456 18.3352 0.7 23.5918 -0.680617 0 -0.0707397 138.457 443 460479
-14.8456 18.3285 0.205025 23.5918 -0.680795 -0.0209824 -0.0707397 136.207 431 460479
-15.2168 18.0283 0.7 23.5918 -0.701029 0 -0.0707397 134.894 424 460479
-7.10901 22.6908 0.201001 23.7836 -0.303613 -0.0209824 0.0707397 136.394 432 460479
-14.5922 18.781 0.7 23.7836 -0.660537 0 0.0707397 138.457 443 460479
-14.9663 18.4842 0.7 23.7836 -0.680617 0 0.0707397 139.019 446 460479
-14.9663 18.4775 0.201001 23.7836 -0.680795 -0.0209824 0.0707397 136.394 432 460479
-14.5922 18.781 0.7 23.7836 -0.660537 0 -0 145.957 483 460479
-14.9663 18.4842 0.7 23.7836 -0.680617 0 -0 146.707 487 460479
-14.5922 18.781 0.7 23.7836 -0.660537 0 -0.0707397 139.207 447 460479
-14.9663 18.4842 0.7 23.7836 -0.680617 0 -0.0707397 140.707 455 460479
-14.9663 18.4775 0.201001 23.7836 -0.680795 -0.0209824 -0.0707397 137.519 438 460479
1.52077 24.1193 0.7 24.1672 0.0629689 0 0.0707397 148.582 497 460479
1.52077 24.1139 1.20705 24.1672 0.0629827 0.0209824 0.0707397 146.707 487 460479
1.14058 24.1402 0.7 24.1672 0.047213 0 0.0707397 148.957 499 460479
1.14058 24.1349 1.20705 24.1672 0.0472234 0.0209824 0.0707397 147.082 489 460479
1.52077 24.1193 0.7 24.1672 0.0629689 0 -0 155.707 535 460479
1.52077 24.1139 1.20705 24.1672 0.0629827 0.0209824 -0 154.019 526 460479
1.14058 24.1402 0.7 24.1672 0.047213 0 -0 156.082 537 460479
1.14058 24.1349 1.20705 24.1672 0.0472234 0.0209824 -0 154.394 528 460479
1.52077 24.1193 0.7 24.1672 0.0629689 0 -0.0707397 148.394 496 460479
1.52077 24.1139 1.20705 24.1672 0.0629827 0.0209824 -0.0707397 146.519 486 460479
1.14058 24.1402 0.7 24.1672 0.047213 0 -0.0707397 148.394 496 460479
1.14058 24.1349 1.20705 24.1672 0.0472234 0.0209824 -0.0707397 146.894 488 460479
1.53284 24.3107 0.7 24.359 0.0629689 0 0.0707397 149.957 499 460479
1.53284 24.3053 1.21107 24.359 0.0629827 0.0209824 0.0707397 148.832 493 460479
1.14963 24.3318 0.7 24.359 0.047213 0 0.0707397 150.144 500 460479
1.14963 24.3265 1.21107 24.359 0.0472234 0.0209824 0.0707397 148.832 493 460479
1.53284 24.3107 0.7 24.359 0.0629689 0 -0 157.644 540 460479
1.53284 24.3053 1.21107 24.359 0.0629827 0.0209824 -0 156.519 534 460479
1.14963 24.3318 0.7 24.359 0.047213 0 -0 158.207 543 460479
1.14963 24.3265 1.21107 24.359 0.0472234 0.0209824 -0 156.519 534 460479
1.53284 24.3107 0.7 24.359 0.0629689 0 -0.0707397 150.894 504 460479
1.53284 24.3053 1.21107 24.359 0.0629827 0.0209824 -0.0707397 149.957 499 460479
1.14963 24.3318 0.7 24.359 0.047213 0 -0.0707397 151.269 506 460479
1.14963 24.3265 1.21107 24.359 0.0472234 0.0209824 -0.0707397 149.957 499 460479
10.0419 22.4031 0.7 24.5508 0.421388 0 -0 137.207 431 460479
10.0419 22.3972 0.184904 24.5508 0.421486 -0.0209824 -0 134.207 415 460479
9.65571 22.5723 0.7 24.5508 0.404213 0 -0 137.019 430 460479
5.79342 23.8519 1.2151 24.5508 0.238277 0.0209824 -0 137.957 435 460479
9.48673 23.2664 0.7 25.1262 0.387164 0 -0 134.207 415 460479
9.09145 23.4237 0.7 25.1262 0.370232 0 -0 135.144 420 460479
11.1523 22.7046 1.76239 25.318 0.456578 0.041974 -0 139.269 442 460479
11.1523 22.7232 1.23119 25.318 0.456253 0.0209824 -0 139.644 444 460479
10.754 22.8959 1.76239 25.318 0.439109 0.041974 -0 137.394 432 460479
10.754 22.9144 1.23119 25.318 0.438799 0.0209824 -0 137.957 435 460479
-16.7014 19.7872 0.7 25.8934 -0.701029 0 0.0707397 135.582 417 460479
-16.294 20.124 0.7 25.8934 -0.680617 0 -0 140.269 442 460479
-16.294 20.1166 0.156735 25.8934 -0.680795 -0.0209824 -0 138.207 431 460479
-16.7014 19.7872 0.7 25.8934 -0.701029 0 -0 142.332 453 460479
-16.7014 19.7797 0.156735 25.8934 -0.701215 -0.0209824 -0 140.269 442 460479
-16.7014 19.7797 1.24327 25.8934 -0.701215 0.0209824 -0 138.207 431 460479
-16.7014 19.7872 0.7 25.8934 -0.701029 0 -0.0707397 135.582 417 460479
-16.4147 20.273 0.7 26.0852 -0.680617 0 0.0707397 142.144 452 460479
-16.4147 20.2656 0.152711 26.0852 -0.680795 -0.0209824 0.0707397 139.519 438 460479
-16.8251 19.9338 0.7 26.0852 -0.701029 0 0.0707397 142.332 453 460479
-16.8251 19.9263 0.152711 26.0852 -0.701215 -0.0209824 0.0707397 140.269 442 460479
-16.4147 20.273 0.7 26.0852 -0.680617 0 -0 149.644 492 460479
-16.4147 20.2656 0.152711 26.0852 -0.680795 -0.0209824 -0 147.207 479 460479
-16.8251 19.9338 0.7 26.0852 -0.701029 0 -0 150.207 495 460479
-16.8251 19.9263 0.152711 26.0852 -0.701215 -0.0209824 -0 147.957 483 460479
-16.4147 20.273 0.7 26.0852 -0.680617 0 -0.0707397 142.894 456 460479
-16.4147 20.2656 0.152711 26.0852 -0.680795 -0.0209824 -0.0707397 140.269 442 460479
-16.8251 19.9338 0.7 26.0852 -0.701029 0 -0.0707397 143.269 458 460479
-16.8251 19.9263 0.152711 26.0852 -0.701215 -0.0209824 -0.0707397 141.207 447 460479
6.71072 25.583 4.05617 26.6606 0.256532 0.12622 -0 136.519 422 460479
6.2913 25.6894 4.05617 26.6606 0.240172 0.12622 -0 138.582 433 460479
6.2913 25.7563 3.49681 26.6606 0.239572 0.105098 -0 135.582 417 460479
6.2913 25.8835 1.81872 26.6606 0.238438 0.041974 -0 136.332 421 460479
6.75899 25.8347 3.51693 26.8524 0.255889 0.105098 -0 141.957 451 460479
6.33656 25.9416 3.51693 26.8524 0.239572 0.105098 -0 142.894 456 460479
6.33656 25.9416 3.51693 26.8524 0.239572 0.105098 -0.0707397 136.332 421 460479
-15.5336 22.6051 0.7 27.4278 -0.602065 0 -0 134.707 407 460479
-15.9651 22.3025 0.7 27.4278 -0.621281 0 -0 137.894 424 460479
-15.9651 22.2951 0.124541 27.4278 -0.621438 -0.0209824 -0 135.082 409 460479
-16.3966 21.9872 0.7 27.4278 -0.640765 0 -0 137.144 420 460479
-16.3966 21.9797 0.124541 27.4278 -0.640929 -0.0209824 -0 134.894 408 460479
10.8627 25.3938 0.7 27.6196 0.404213 0 0.0707397 134.519 406 460479
10.4282 25.5753 0.7 27.6196 0.387164 0 0.0707397 136.957 419 460479
10.4282 25.5753 0.7 27.6196 0.387164 0 -0 143.332 453 460479
6.5176 26.8146 1.85897 27.6196 0.238438 0.041974 -0 144.082 457 460479
6.5176 26.8334 1.27948 27.6196 0.238277 0.0209824 -0 143.519 454 460479
6.0831 26.9165 1.85897 27.6196 0.222265 0.041974 -0 143.144 452 460479
10.8627 25.3938 0.7 27.6196 0.404213 0 -0.0707397 135.269 410 460479
-16.4117 22.9263 0.7 28.195 -0.621281 0 -0 138.644 428 460479
11.089 25.9229 0.7 28.195 0.404213 0 -0 139.582 433 460479
10.6454 26.1081 0.7 28.195 0.387164 0 -0 140.894 440 460479
6.65339 26.1171 8.98178 28.195 0.249446 0.298128 -0 141.457 443 460479
6.20983 26.2261 8.98178 28.195 0.232498 0.298128 -0 140.707 439 460479
10.6454 26.1081 0.7 28.195 0.387164 0 -0.0707397 134.707 407 460479
-16.0768 23.3955 0.7 28.3868 -0.602065 0 -0 140.144 436 460479
-16.5233 23.0823 0.7 28.3868 -0.621281 0 -0 140.332 437 460479
-19.6494 20.487 0.7 28.3868 -0.764533 0 -0 140.894 440 460479
-19.6494 20.4783 0.10442 28.3868 -0.764744 -0.0209824 -0 140.144 436 460479
-16.4026 23.8698 0.7 28.9622 -0.602065 0 -0 139.082 425 460479
-16.4026 23.862 0.0923478 28.9622 -0.602216 -0.0209824 -0 137.582 417 460479
2.73377 28.8329 0.7 28.9622 0.0945316 0 -0 135.894 408 460479
2.73377 28.8265 1.30765 28.9622 0.0945525 0.0209824 -0 137.394 416 460479
-16.0526 24.3366 0.7 29.1541 -0.583099 0 -0 145.832 461 460479
-16.0526 24.329 1.31168 29.1541 -0.583244 0.0209824 -0 143.582 449 460479
-16.5113 24.0278 0.7 29.1541 -0.602065 0 -0 141.894 440 460479
-16.5113 24.0201 1.31168 29.1541 -0.602216 0.0209824 -0 141.332 437 460479
-16.0526 24.3366 0.7 29.1541 -0.583099 0 -0.0707397 139.457 427 460479
-15.9017 25.1192 0.7 29.7295 -0.564368 0 -0 141.894 440 460479
-16.3694 24.817 0.7 29.7295 -0.583099 0 -0 143.394 448 460479
-16.3694 24.8091 0.076251 29.7295 -0.583244 -0.0209824 -0 141.707 439 460479
3.27389 29.5421 1.32375 29.7295 0.110371 0.0209824 -0 141.519 438 460479
8.9436 28.5534 0.7 29.9213 0.303544 0 -0 140.207 431 460479
3.29501 29.7327 1.32777 29.9213 0.110371 0.0209824 -0 140.019 430 460479
3.35838 30.3112 0.7 30.4967 0.110346 0 -0 141.394 432 460479
3.35838 30.3044 1.33985 30.4967 0.110371 0.0209824 -0 142.144 436 460479
2.87861 30.3605 0.7 30.4967 0.0945316 0 -0 142.144 436 460479
2.87861 30.3538 1.33985 30.4967 0.0945525 0.0209824 -0 143.832 445 460479
-7.24178 29.8148 0.0561301 30.6885 -0.238277 -0.0209824 0.0707397 138.019 414 460479
6.27621 30.0398 0.7 30.6885 0.205967 0 -0 153.582 497 460479
6.27621 30.0329 1.34387 30.6885 0.206013 0.0209824 -0 153.582 497 460479
5.79342 30.1298 1.34387 30.6885 0.189964 0.0209824 -0 150.957 483 460479
-7.24178 29.8148 0.0561301 30.6885 -0.238277 -0.0209824 -0.0707397 138.207 415 460479
6.84348 30.3091 0.7 31.0721 0.222066 0 0.0707397 155.457 507 460479
6.35466 30.4153 0.7 31.0721 0.205967 0 0.0707397 159.582 529 460479
6.35466 30.4083 1.35192 31.0721 0.206013 0.0209824 0.0707397 159.394 528 460479
6.84348 30.3091 0.7 31.0721 0.222066 0 -0 162.957 547 460479
6.35466 30.4153 0.7 31.0721 0.205967 0 -0 166.894 568 460479
6.35466 30.4083 1.35192 31.0721 0.206013 0.0209824 -0 166.894 568 460479
6.84348 30.3091 0.7 31.0721 0.222066 0 -0.0707397 156.207 511 460479
6.35466 30.4153 0.7 31.0721 0.205967 0 -0.0707397 160.144 532 460479
6.35466 30.4083 1.35192 31.0721 0.206013 0.0209824 -0.0707397 160.144 532 460479
6.88573 30.4962 0.7 31.2639 0.222066 0 -0 153.394 496 460479
6.39389 30.6031 0.7 31.2639 0.205967 0 -0 157.707 519 460479
6.39389 30.5961 1.35594 31.2639 0.206013 0.0209824 -0 157.144 516 460479
6.39389 30.6031 0.7 31.2639 0.205967 0 -0.0707397 151.894 488 460479
6.39389 30.5961 1.35594 31.2639 0.206013 0.0209824 -0.0707397 150.957 483 460479
6.43311 30.7908 0.7 31.4557 0.205967 0 -0 152.082 489 460479
6.43311 30.7838 1.35997 31.4557 0.206013 0.0209824 -0 152.832 493 460479
1.48456 31.4206 0.7 31.4557 0.047213 0 -0 152.644 492 460479
1.52077 32.187 0.7 32.2229 0.047213 0 -0 155.082 505 460479
1.52077 32.1799 0.0239366 32.2229 0.0472234 -0.0209824 -0 153.394 496 460479
1.01385 32.2069 0.7 32.2229 0.0314688 0 -0 152.644 492 460479
1.53888 32.5702 0.7 32.6065 0.047213 0 0.0707397 160.519 534 460479
1.53888 32.563 0.0158883 32.6065 0.0472234 -0.0209824 0.0707397 159.582 529 460479
1.02592 32.5904 0.7 32.6065 0.0314688 0 0.0707397 157.707 519 460479
1.02592 32.5832 0.0158883 32.6065 0.0314757 -0.0209824 0.0707397 156.207 511 460479
1.53888 32.5702 0.7 32.6065 0.047213 0 -0 168.019 574 460479
1.53888 32.563 0.0158883 32.6065 0.0472234 -0.0209824 -0 167.082 569 460479
1.02592 32.5904 0.7 32.6065 0.0314688 0 -0 165.207 559 460479
1.02592 32.5832 0.0158883 32.6065 0.0314757 -0.0209824 -0 163.707 551 460479
1.53888 32.5702 0.7 32.6065 0.047213 0 -0.0707397 160.894 536 460479
1.53888 32.563 0.0158883 32.6065 0.0472234 -0.0209824 -0.0707397 160.144 532 460479
1.02592 32.5904 0.7 32.6065 0.0314688 0 -0.0707397 158.082 521 460479
1.02592 32.5832 0.0158883 32.6065 0.0314757 -0.0209824 -0.0707397 156.957 515 460479
1.54793 32.7618 0.7 32.7983 0.047213 0 -0 158.144 516 460479
1.54793 32.7545 0.0118641 32.7983 0.0472234 -0.0209824 -0 158.894 520 460479
1.03195 32.7821 0.7 32.7983 0.0314688 0 -0 154.582 497 460479
1.03195 32.7748 0.0118641 32.7983 0.0314757 -0.0209824 -0 155.332 501 460479
1.54793 32.7618 0.7 32.7983 0.047213 0 -0.0707397 152.332 485 460479
1.54793 32.7545 0.0118641 32.7983 0.0472234 -0.0209824 -0.0707397 152.894 488 460479
-6.74692 32.2854 0.00783986 32.9901 -0.206013 -0.0209824 0.0707397 138.644 412 460479
-7.26592 32.1726 0.00783986 32.9901 -0.222116 -0.0209824 0.0707397 142.207 431 460479
-7.26592 32.1502 -0.68432 32.9901 -0.222265 -0.041974 0.0707397 137.519 406 460479
-22.8357 23.5563 4.1608 32.9901 -0.769868 0.105098 0.0707397 137.519 406 460479
-7.26592 32.1726 0.00783986 32.9901 -0.222116 -0.0209824 -0 149.707 471 460479
1.55698 32.9534 0.7 32.9901 0.047213 0 -0 153.832 493 460479
1.55698 32.9461 0.00783986 32.9901 0.0472234 -0.0209824 -0 152.707 487 460479
-6.74692 32.2854 0.00783986 32.9901 -0.206013 -0.0209824 -0.0707397 138.832 413 460479
-7.26592 32.1726 0.00783986 32.9901 -0.222116 -0.0209824 -0.0707397 142.957 435 460479
-7.26592 32.1502 -0.68432 32.9901 -0.222265 -0.041974 -0.0707397 138.457 411 460479
-7.78491 32.051 0.00783986 32.9901 -0.238277 -0.0209824 -0.0707397 138.457 411 460479
-22.8357 23.5563 4.1608 32.9901 -0.769868 0.105098 -0.0707397 139.019 414 460479
5.28046 32.96 4.22116 33.5655 0.158858 0.105098 -0 143.332 437 460479
3.69633 33.175 4.22116 33.5655 0.110961 0.105098 -0 143.144 436 460479
10.0329 31.8369 4.22116 33.5655 0.305283 0.105098 -0.0707397 135.082 393 460479
5.28046 32.96 4.22116 33.5655 0.158858 0.105098 -0.0707397 137.332 405 460479
5.28046 33.0277 3.51693 33.5655 0.158538 0.0840222 -0.0707397 136.207 399 460479
4.75242 33.0403 4.22116 33.5655 0.142857 0.105098 -0.0707397 136.394 400 460479
-16.994 29.1678 0.7 33.7573 -0.52755 0 0.0707397 133.394 384 460479
-16.994 29.1592 1.40826 33.7573 -0.527678 0.0209824 0.0707397 133.582 385 460479
-16.463 29.4708 0.7 33.7573 -0.509437 0 -0 138.269 410 460479
-16.463 29.4623 1.40826 33.7573 -0.50956 0.0209824 -0 139.582 417 460479
-16.994 29.1678 0.7 33.7573 -0.52755 0 -0 140.144 420 460479
-16.994 29.1592 1.40826 33.7573 -0.527678 0.0209824 -0 140.519 422 460479
10.2622 32.5646 4.30165 34.3327 0.305283 0.105098 -0 136.457 395 460479
4.86104 33.7109 5.02198 34.3327 0.143211 0.12622 -0 134.207 383 460479
4.86104 33.7955 4.30165 34.3327 0.142857 0.105098 -0 134.394 384 460479
19.0097 28.8106 -0.0243536 34.5245 0.583244 -0.0209824 -0 139.269 410 460479
-16.5656 30.9362 1.43643 35.0999 -0.491624 0.0209824 0.0707397 143.019 430 460479
-17.1178 30.6341 1.43643 35.0999 -0.50956 0.0209824 0.0707397 145.269 442 460479
5.52186 34.5375 3.6457 35.0999 0.158538 0.0840222 0.0707397 143.019 430 460479
-17.1178 30.6341 1.43643 35.0999 -0.50956 0.0209824 -0 152.957 483 460479
-16.5656 30.9362 1.43643 35.0999 -0.491624 0.0209824 -0.0707397 143.582 433 460479
-17.1178 30.6341 1.43643 35.0999 -0.50956 0.0209824 -0.0707397 145.832 445 460479
5.52186 34.5375 3.6457 35.0999 0.158538 0.0840222 -0.0707397 144.144 436 460479
5.55203 34.6551 4.40225 35.2917 0.158858 0.105098 0.0707397 138.144 404 460479
5.55203 34.7262 3.6618 35.2917 0.158538 0.0840222 0.0707397 136.832 397 460479
4.99683 34.6526 5.1427 35.2917 0.143211 0.12622 0.0707397 138.332 405 460479
4.99683 34.7395 4.40225 35.2917 0.142857 0.105098 0.0707397 140.019 414 460479
4.99683 34.8104 3.6618 35.2917 0.14257 0.0840222 0.0707397 137.394 400 460479
4.99683 34.7395 4.40225 35.2917 0.142857 0.105098 -0 147.519 454 460479
5.55203 34.6551 4.40225 35.2917 0.158858 0.105098 -0.0707397 140.207 415 460479
5.55203 34.7262 3.6618 35.2917 0.158538 0.0840222 -0.0707397 138.707 407 460479
4.99683 34.7395 4.40225 35.2917 0.142857 0.105098 -0.0707397 141.144 420 460479
4.99683 34.8104 3.6618 35.2917 0.14257 0.0840222 -0.0707397 138.707 407 460479
6.77106 35.0934 3.71009 35.8672 0.190602 0.0840222 0.0707397 139.269 410 460479
6.20681 35.1976 3.71009 35.8672 0.174548 0.0840222 0.0707397 138.519 406 460479
5.64255 35.2924 3.71009 35.8672 0.158538 0.0840222 0.0707397 134.582 385 460479
6.77106 35.0934 3.71009 35.8672 0.190602 0.0840222 -0 146.207 447 460479
6.20681 35.1976 3.71009 35.8672 0.174548 0.0840222 -0 146.019 446 460479
-17.4919 31.3127 0.7 35.8672 -0.509437 0 -0.0707397 136.644 396 460479
6.77106 35.0934 3.71009 35.8672 0.190602 0.0840222 -0.0707397 138.519 406 460479
6.20681 35.1976 3.71009 35.8672 0.174548 0.0840222 -0.0707397 139.082 409 460479
5.64255 35.2924 3.71009 35.8672 0.158538 0.0840222 -0.0707397 136.082 393 460479
6.80727 35.281 3.72619 36.059 0.190602 0.0840222 0.0707397 138.519 406 460479
6.24 35.3858 3.72619 36.059 0.174548 0.0840222 0.0707397 139.269 410 460479
5.67273 35.4085 4.48274 36.059 0.158858 0.105098 0.0707397 136.644 396 460479
5.67273 35.4811 3.72619 36.059 0.158538 0.0840222 0.0707397 140.207 415 460479
6.80727 35.281 3.72619 36.059 0.190602 0.0840222 -0 145.269 442 460479
6.24 35.3858 3.72619 36.059 0.174548 0.0840222 -0 145.082 441 460479
5.67273 35.4811 3.72619 36.059 0.158538 0.0840222 -0 145.644 444 460479
5.67273 35.4811 3.72619 36.059 0.158538 0.0840222 -0.0707397 136.082 393 460479
1.72897 36.5855 -0.0686197 36.6344 0.0472234 -0.0209824 0.0707397 148.144 452 460479
1.72897 36.5855 1.46862 36.6344 0.0472234 0.0209824 0.0707397 153.207 479 460479
1.15265 36.6082 1.46862 36.6344 0.0314757 0.0209824 0.0707397 153.394 480 460479
1.72897 36.5855 1.46862 36.6344 0.0472234 0.0209824 -0 160.332 517 460479
1.15265 36.6082 1.46862 36.6344 0.0314757 0.0209824 -0 160.519 518 460479
1.72897 36.5855 1.46862 36.6344 0.0472234 0.0209824 -0.0707397 153.019 478 460479
1.15265 36.6082 1.46862 36.6344 0.0314757 0.0209824 -0.0707397 153.207 479 460479
1.73803 36.777 -0.0726438 36.8262 0.0472234 -0.0209824 0.0707397 152.832 477 460479
1.73803 36.777 1.47264 36.8262 0.0472234 0.0209824 0.0707397 155.269 490 460479
1.15868 36.7998 -0.0726438 36.8262 0.0314757 -0.0209824 0.0707397 151.519 470 460479
1.15868 36.7998 1.47264 36.8262 0.0314757 0.0209824 0.0707397 154.707 487 460479
1.73803 36.777 -0.0726438 36.8262 0.0472234 -0.0209824 -0 160.519 518 460479
1.73803 36.777 1.47264 36.8262 0.0472234 0.0209824 -0 162.957 531 460479
1.15868 36.7998 -0.0726438 36.8262 0.0314757 -0.0209824 -0 159.394 512 460479
1.15868 36.7998 1.47264 36.8262 0.0314757 0.0209824 -0 162.957 531 460479
1.73803 36.777 -0.0726438 36.8262 0.0472234 -0.0209824 -0.0707397 153.957 483 460479
1.73803 36.777 1.47264 36.8262 0.0472234 0.0209824 -0.0707397 156.207 495 460479
1.15868 36.7998 -0.0726438 36.8262 0.0314757 -0.0209824 -0.0707397 152.457 475 460479
1.15868 36.7998 1.47264 36.8262 0.0314757 0.0209824 -0.0707397 156.207 495 460479
-15.8867 33.8599 0.7 37.4016 -0.438696 0 0.0707397 148.894 456 460479
-15.2983 34.1298 0.7 37.4016 -0.421388 0 -0 154.144 484 460479
-15.8867 33.8599 0.7 37.4016 -0.438696 0 -0 157.144 500 460479
-15.8867 33.8508 -0.0847164 37.4016 -0.438799 -0.0209824 -0 151.894 472 460479
-15.8867 33.8508 1.48472 37.4016 -0.438799 0.0209824 -0 152.457 475 460479
-15.2983 34.1298 0.7 37.4016 -0.421388 0 -0.0707397 147.582 449 460479
-15.8867 33.8599 0.7 37.4016 -0.438696 0 -0.0707397 151.144 468 460479
-15.3767 34.3048 0.7 37.5934 -0.421388 0 0.0707397 154.332 485 460479
-15.9681 34.0335 0.7 37.5934 -0.438696 0 0.0707397 155.457 491 460479
-15.9681 34.0244 -0.0887406 37.5934 -0.438799 -0.0209824 0.0707397 150.957 467 460479
-15.9681 34.0244 1.48874 37.5934 -0.438799 0.0209824 0.0707397 151.144 468 460479
-15.3767 34.3048 0.7 37.5934 -0.421388 0 -0 162.207 527 460479
-15.9681 34.0335 0.7 37.5934 -0.438696 0 -0 163.519 534 460479
-15.9681 34.0244 -0.0887406 37.5934 -0.438799 -0.0209824 -0 159.207 511 460479
-15.9681 34.0244 1.48874 37.5934 -0.438799 0.0209824 -0 159.207 511 460479
-15.3767 34.3048 0.7 37.5934 -0.421388 0 -0.0707397 155.832 493 460479
-15.9681 34.0335 0.7 37.5934 -0.438696 0 -0.0707397 157.144 500 460479
-15.9681 34.0244 -0.0887406 37.5934 -0.438799 -0.0209824 -0.0707397 152.832 477 460479
-15.9681 34.0244 1.48874 37.5934 -0.438799 0.0209824 -0.0707397 152.644 476 460479
6.00464 37.4802 4.70407 38.1688 0.158858 0.105098 -0 139.332 405 460479
6.00464 37.5572 3.90325 38.1688 0.158538 0.0840222 -0 139.144 404 460479
-15.9259 35.53 0.7 38.936 -0.421388 0 -0 141.457 411 460479
-15.3888 35.9652 -0.120934 39.1278 -0.404307 -0.0209824 -0 142.582 417 460479
-15.6151 36.4941 -0.133007 39.7032 -0.404307 -0.0209824 -0 143.144 420 460479
-15.0629 36.9421 0.7 39.895 -0.387164 0 -0.0707397 137.707 391 460479
-16.5535 36.9302 0.7 40.4704 -0.421388 0 -0 138.644 396 460479
-16.5535 36.9204 -0.149103 40.4704 -0.421486 -0.0209824 -0 138.457 395 460479
-15.3526 37.6429 1.55313 40.6622 -0.387253 0.0209824 0.0707397 137.707 391 460479
-15.9923 37.3756 1.55313 40.6622 -0.404307 0.0209824 0.0707397 139.394 400 460479
-15.3526 37.6526 0.7 40.6622 -0.387164 0 -0 142.582 417 460479
-15.3526 37.6429 1.55313 40.6622 -0.387253 0.0209824 -0 145.207 431 460479
-15.9923 37.3854 0.7 40.6622 -0.404213 0 -0 144.457 427 460479
-15.9923 37.3756 1.55313 40.6622 -0.404307 0.0209824 -0 146.332 437 460479
-19.4623 36.191 -2.7608 41.2376 -0.493402 -0.0840222 0.0707397 134.582 369 460479
-19.4623 36.191 -2.7608 41.2376 -0.493402 -0.0840222 -0 139.644 396 460479
-20.111 35.9908 1.5652 41.2376 -0.50956 0.0209824 -0 139.269 394 460479
-20.7598 35.6206 1.5652 41.2376 -0.527678 0.0209824 -0 137.957 387 460479
32.3798 26.7573 0.7 42.0049 0.880188 0 -0 137.957 387 460479
31.719 27.5375 0.7 42.0049 0.855848 0 -0 137.957 387 460479
29.8723 29.7895 1.58532 42.1967 0.786786 0.0209824 0.0707397 135.144 372 460479
29.2085 30.4407 1.58532 42.1967 0.764744 0.0209824 0.0707397 135.894 376 460479
-15.2681 39.3276 1.58532 42.1967 -0.370317 0.0209824 0.0707397 135.144 372 460479
29.8723 29.7895 1.58532 42.1967 0.786786 0.0209824 -0.0707397 135.519 374 460479
29.2085 30.4407 1.58532 42.1967 0.764744 0.0209824 -0.0707397 136.832 381 460479
-15.2681 39.3276 1.58532 42.1967 -0.370317 0.0209824 -0.0707397 136.082 377 460479
28.9339 31.5004 0.7 42.7721 0.742956 0 0.0707397 141.144 404 460479
28.9339 31.4876 1.59739 42.7721 0.743158 0.0209824 0.0707397 140.019 398 460479
28.261 32.1055 0.7 42.7721 0.721799 0 0.0707397 144.144 420 460479
28.261 32.0929 1.59739 42.7721 0.721993 0.0209824 0.0707397 143.019 414 460479
28.9339 31.5004 0.7 42.7721 0.742956 0 -0 147.894 440 460479
28.9339 31.4876 1.59739 42.7721 0.743158 0.0209824 -0 146.957 435 460479
28.261 32.1055 0.7 42.7721 0.721799 0 -0 150.707 455 460479
28.261 32.0929 1.59739 42.7721 0.721993 0.0209824 -0 149.394 448 460479
28.9339 31.5004 0.7 42.7721 0.742956 0 -0.0707397 141.144 404 460479
28.9339 31.4876 1.59739 42.7721 0.743158 0.0209824 -0.0707397 140.019 398 460479
28.261 32.1055 0.7 42.7721 0.721799 0 -0.0707397 143.582 417 460479
28.261 32.0929 1.59739 42.7721 0.721993 0.0209824 -0.0707397 142.269 410 460479
29.0637 31.6417 0.7 42.9639 0.742956 0 0.0707397 136.644 380 460479
29.0637 31.6288 1.60142 42.9639 0.743158 0.0209824 0.0707397 135.332 373 460479
28.3878 32.2495 0.7 42.9639 0.721799 0 0.0707397 140.019 398 460479
28.3878 32.2369 1.60142 42.9639 0.721993 0.0209824 0.0707397 138.144 388 460479
27.7119 32.8321 0.7 42.9639 0.701029 0 0.0707397 135.144 372 460479
29.0637 31.6417 0.7 42.9639 0.742956 0 -0 143.582 417 460479
29.0637 31.6288 1.60142 42.9639 0.743158 0.0209824 -0 142.832 413 460479
28.3878 32.2495 0.7 42.9639 0.721799 0 -0 146.957 435 460479
28.3878 32.2369 1.60142 42.9639 0.721993 0.0209824 -0 145.457 427 460479
29.0637 31.6417 0.7 42.9639 0.742956 0 -0.0707397 137.207 383 460479
29.0637 31.6288 1.60142 42.9639 0.743158 0.0209824 -0.0707397 136.457 379 460479
28.3878 32.2495 0.7 42.9639 0.721799 0 -0.0707397 140.019 398 460479
28.3878 32.2369 1.60142 42.9639 0.721993 0.0209824 -0.0707397 138.894 392 460479
6.84952 42.9874 1.61349 43.5393 0.158009 0.0209824 0.0707397 135.582 369 460479
6.16457 43.0619 2.52698 43.5393 0.14219 0.041974 0.0707397 135.582 369 460479
6.16457 43.091 1.61349 43.5393 0.142095 0.0209824 0.0707397 138.394 384 460479
6.84952 42.9874 1.61349 43.5393 0.158009 0.0209824 -0 142.707 407 460479
6.16457 43.0619 2.52698 43.5393 0.14219 0.041974 -0 143.269 410 460479
6.16457 43.091 1.61349 43.5393 0.142095 0.0209824 -0 145.894 424 460479
6.84952 42.9874 1.61349 43.5393 0.158009 0.0209824 -0.0707397 136.332 373 460479
6.16457 43.0619 2.52698 43.5393 0.14219 0.041974 -0.0707397 137.269 378 460479
6.16457 43.091 1.61349 43.5393 0.142095 0.0209824 -0.0707397 139.519 390 460479
6.87969 43.1768 1.61751 43.7311 0.158009 0.0209824 0.0707397 130.707 343 460479
6.19172 43.2808 1.61751 43.7311 0.142095 0.0209824 0.0707397 131.457 347 460479
5.50375 43.3737 1.61751 43.7311 0.126217 0.0209824 0.0707397 131.269 346 460479
28.8947 32.8253 0.7 43.7311 0.721799 0 -0.0707397 135.957 371 460479
28.2067 33.4184 0.7 43.7311 0.701029 0 -0.0707397 137.457 379 460479
28.2067 33.4058 1.61751 43.7311 0.701215 0.0209824 -0.0707397 136.144 372 460479
6.19172 43.2808 1.61751 43.7311 0.142095 0.0209824 -0.0707397 134.082 361 460479
6.27319 43.8207 2.55917 44.3065 0.14219 0.041974 0.0707397 133.894 360 460479
6.27319 43.8503 1.62959 44.3065 0.142095 0.0209824 0.0707397 132.957 355 460479
5.57617 43.9149 2.55917 44.3065 0.126301 0.041974 0.0707397 133.144 356 460479
6.27319 43.8207 2.55917 44.3065 0.14219 0.041974 -0 141.957 403 460479
6.27319 43.8503 1.62959 44.3065 0.142095 0.0209824 -0 141.394 400 460479
5.57617 43.9149 2.55917 44.3065 0.126301 0.041974 -0 140.082 393 460479
6.27319 43.8207 2.55917 44.3065 0.14219 0.041974 -0.0707397 135.582 369 460479
6.27319 43.8503 1.62959 44.3065 0.142095 0.0209824 -0.0707397 135.207 367 460479
5.57617 43.9149 2.55917 44.3065 0.126301 0.041974 -0.0707397 133.144 356 460479
5.57617 43.9444 1.62959 44.3065 0.126217 0.0209824 -0.0707397 131.457 347 460479
7.00039 43.9343 1.63361 44.4983 0.158009 0.0209824 0.0707397 131.457 347 460479
6.30035 44.05 0.7 44.4983 0.142064 0 0.0707397 132.207 351 460479
6.30035 44.0401 1.63361 44.4983 0.142095 0.0209824 0.0707397 132.394 352 460479
7.00039 43.9343 1.63361 44.4983 0.158009 0.0209824 -0 139.332 389 460479
6.30035 44.05 0.7 44.4983 0.142064 0 -0 139.332 389 460479
6.30035 44.0401 1.63361 44.4983 0.142095 0.0209824 -0 139.144 388 460479
2.10012 44.4487 0.7 44.4983 0.047213 0 -0 138.957 387 460479
2.10012 44.4389 1.63361 44.4983 0.0472234 0.0209824 -0 139.332 389 460479
7.00039 43.9442 0.7 44.4983 0.157974 0 -0.0707397 130.894 344 460479
7.00039 43.9343 1.63361 44.4983 0.158009 0.0209824 -0.0707397 132.394 352 460479
6.30035 44.05 0.7 44.4983 0.142064 0 -0.0707397 132.019 350 460479
6.30035 44.0401 1.63361 44.4983 0.142095 0.0209824 -0.0707397 130.894 344 460479
0 45.0638 -0.245684 45.0737 0 -0.0209824 0.0707397 144.957 419 460479
-2.83636 44.9744 -0.245684 45.0737 -0.0629827 -0.0209824 0.0707397 137.457 379 460479
-4.96364 44.7996 0.7 45.0737 -0.110346 0 0.0707397 138.207 383 460479
-4.96364 44.7896 1.64568 45.0737 -0.110371 0.0209824 0.0707397 137.832 381 460479
0 45.0737 0.7 45.0737 0 0 -0 151.144 452 460479
0 45.0638 -0.245684 45.0737 0 -0.0209824 -0 153.207 463 460479
-0.709091 45.0681 0.7 45.0737 -0.0157325 0 -0 150.582 449 460479
-0.709091 45.0582 -0.245684 45.0737 -0.0157359 -0.0209824 -0 150.582 449 460479
0 45.0737 0.7 45.0737 0 0 -0.0707397 144.582 417 460479
0 45.0638 -0.245684 45.0737 0 -0.0209824 -0.0707397 146.832 429 460479
-0.709091 45.0681 0.7 45.0737 -0.0157325 0 -0.0707397 144.207 415 460479
-0.709091 45.0582 -0.245684 45.0737 -0.0157359 -0.0209824 -0.0707397 144.207 415 460479
-3.56054 45.1253 0.7 45.2655 -0.0787404 0 0.0707397 144.582 417 460479
-3.56054 45.1153 -0.249708 45.2655 -0.0787578 -0.0209824 0.0707397 144.207 415 460479
-4.27265 45.0634 0.7 45.2655 -0.0945316 0 0.0707397 142.707 407 460479
-4.27265 45.0534 -0.249708 45.2655 -0.0945525 -0.0209824 0.0707397 142.894 408 460479
-3.56054 45.1253 0.7 45.2655 -0.0787404 0 -0 151.332 453 460479
-3.56054 45.1153 -0.249708 45.2655 -0.0787578 -0.0209824 -0 150.582 449 460479
-4.27265 45.0634 0.7 45.2655 -0.0945316 0 -0 149.269 442 460479
-4.27265 45.0534 -0.249708 45.2655 -0.0945525 -0.0209824 -0 149.269 442 460479
-3.56054 45.1253 0.7 45.2655 -0.0787404 0 -0.0707397 143.644 412 460479
-3.56054 45.1153 -0.249708 45.2655 -0.0787578 -0.0209824 -0.0707397 142.894 408 460479
-4.27265 45.0634 0.7 45.2655 -0.0945316 0 -0.0707397 142.332 405 460479
-4.27265 45.0534 -0.249708 45.2655 -0.0945525 -0.0209824 -0.0707397 142.332 405 460479
-6.5176 45.569 0.7 46.0327 -0.142064 0 0.0707397 145.519 422 460479
-6.5176 45.5587 -0.265805 46.0327 -0.142095 -0.0209824 0.0707397 144.957 419 460479
-7.24178 45.4595 0.7 46.0327 -0.157974 0 0.0707397 147.019 430 460479
-7.24178 45.4493 -0.265805 46.0327 -0.158009 -0.0209824 0.0707397 146.457 427 460479
34.6157 30.0523 0.7 45.8409 0.855848 0 0.0707397 141.207 399 460479
34.6157 30.0523 0.7 45.8409 0.855848 0 -0.0707397 141.394 400 460479
-14.4836 43.6948 0.7 46.0327 -0.320073 0 -0.141479 130.894 344 460479
-6.5176 45.569 0.7 46.0327 -0.142064 0 -0 152.457 459 460479
-6.5176 45.5587 -0.265805 46.0327 -0.142095 -0.0209824 -0 151.894 456 460479
-7.24178 45.4595 0.7 46.0327 -0.157974 0 -0 154.144 468 460479
-7.24178 45.4493 -0.265805 46.0327 -0.158009 -0.0209824 -0 153.394 464 460479
-6.5176 45.569 0.7 46.0327 -0.142064 0 -0.0707397 145.332 421 460479
-6.5176 45.5587 -0.265805 46.0327 -0.142095 -0.0209824 -0.0707397 144.957 419 460479
-7.24178 45.4595 0.7 46.0327 -0.157974 0 -0.0707397 147.019 430 460479
-7.24178 45.4493 -0.265805 46.0327 -0.158009 -0.0209824 -0.0707397 146.082 425 460479
-20.5304 41.8428 0.7 46.6081 -0.456145 0 0.0707397 131.707 343 460479
-21.2637 41.475 0.7 46.6081 -0.473746 0 0.0707397 135.082 361 460479
-21.2637 41.4634 1.67788 46.6081 -0.473858 0.0209824 0.0707397 132.269 346 460479
-21.2637 41.475 0.7 46.6081 -0.473746 0 -0 140.144 388 460479
-10.9985 45.2918 0.7 46.6081 -0.238224 0 -0.0707397 132.832 349 460479
-12.5162 45.0952 0.7 46.7999 -0.270736 0 -0 138.457 379 460479
27.7994 38.8344 0.7 47.7589 0.621281 0 0.0707397 132.457 347 460479
27.7994 38.8215 -0.302023 47.7589 0.621438 -0.0209824 0.0707397 134.894 360 460479
27.7994 38.7827 -1.30404 47.7589 0.621912 -0.041974 0.0707397 131.519 342 460479
27.7994 38.7179 -2.30607 47.7589 0.622704 -0.0629841 0.0707397 132.269 346 460479
27.048 39.3486 -0.302023 47.7589 0.602216 -0.0209824 0.0707397 131.519 342 460479
23.4785 42.0294 0.7 48.1425 0.509437 0 0.0707397 133.207 351 460479
25.0928 41.3106 0.7 48.3344 0.545856 0 0.0707397 132.457 347 460479
-23.572 42.148 -1.32819 48.3344 -0.50993 -0.041974 -0.0707397 132.082 345 460479
25.0928 41.3106 0.7 48.3344 0.545856 0 -0.0707397 132.269 346 460479
25.0928 41.2607 -1.32819 48.3344 0.546391 -0.041974 -0.0707397 133.582 353 460479
-23.6655 42.3643 0.7 48.5262 -0.509437 0 0.0707397 133.394 352 460479
-23.6655 42.352 1.71812 48.5262 -0.50956 0.0209824 0.0707397 132.457 347 460479
-24.4289 41.9287 0.7 48.5262 -0.52755 0 0.0707397 134.519 358 460479
-24.4289 41.9163 1.71812 48.5262 -0.527678 0.0209824 0.0707397 133.957 355 460479
26.9304 40.8279 0.7 48.9098 0.583099 0 -0 135.144 356 460479
10.0027 47.865 1.72617 48.9098 0.206013 0.0209824 -0 134.957 355 460479
9.23327 48.0303 0.7 48.9098 0.189921 0 -0 135.894 360 460479
9.23327 48.0194 1.72617 48.9098 0.189964 0.0209824 -0 138.707 375 460479
10.0419 48.0637 0.7 49.1016 0.205967 0 0.0707397 135.519 358 460479
10.0419 48.0527 1.73019 49.1016 0.206013 0.0209824 0.0707397 136.269 362 460479
9.26948 48.1746 2.76038 49.1016 0.190091 0.041974 0.0707397 135.707 359 460479
9.26948 48.2077 1.73019 49.1016 0.189964 0.0209824 0.0707397 138.519 374 460479
4.63474 48.8823 0.7 49.1016 0.0945316 0 0.0707397 136.644 364 460479
4.63474 48.8715 1.73019 49.1016 0.0945525 0.0209824 0.0707397 135.707 359 460479
9.26948 48.2077 1.73019 49.1016 0.189964 0.0209824 -0 145.082 409 460479
4.63474 48.8823 0.7 49.1016 0.0945316 0 -0 145.457 411 460479
10.0419 48.0527 1.73019 49.1016 0.206013 0.0209824 -0.0707397 136.457 363 460479
9.26948 48.2077 1.73019 49.1016 0.189964 0.0209824 -0.0707397 138.144 372 460479
4.63474 48.8823 0.7 49.1016 0.0945316 0 -0.0707397 139.082 377 460479
4.63474 48.8715 1.73019 49.1016 0.0945525 0.0209824 -0.0707397 137.394 368 460479
3.86228 48.9494 0.7 49.1016 0.0787404 0 -0.0707397 136.457 363 460479
10.0812 48.2515 0.7 49.2934 0.205967 0 0.0707397 134.957 355 460479
10.0812 48.2404 1.73422 49.2934 0.206013 0.0209824 0.0707397 136.457 363 460479
9.30569 48.407 0.7 49.2934 0.189921 0 0.0707397 135.894 360 460479
9.30569 48.3628 2.76843 49.2934 0.190091 0.041974 0.0707397 133.457 347 460479
9.30569 48.396 1.73422 49.2934 0.189964 0.0209824 0.0707397 138.519 374 460479
21.8822 44.5979 0.7 49.677 0.456145 0 -0 133.082 345 460479
8.5966 48.9275 0.7 49.677 0.173925 0 -0 133.269 346 460479
-28.2429 41.1003 0.7 49.8688 -0.602065 0 -0 136.082 361 460479
-28.2429 41.0869 1.74629 49.8688 -0.602216 0.0209824 -0 134.582 353 460479
21.9667 44.7701 0.7 49.8688 0.456145 0 -0 134.207 351 460479
-29.0275 40.55 0.7 49.8688 -0.621281 0 -0 134.582 353 460479
7.93578 49.8048 1.75836 50.4442 0.158009 0.0209824 -0 132.894 344 460479
-21.5081 45.8288 1.76239 50.636 -0.438799 0.0209824 -0 133.644 348 460479
3.22259 51.0986 1.77446 51.2114 0.0629827 0.0209824 -0 134.019 350 460479
25.8773 44.4146 0.7 51.4032 0.52755 0 -0 135.519 358 460479
25.0686 44.876 0.7 51.4032 0.509437 0 -0 135.519 358 460479
25.0686 44.863 1.77848 51.4032 0.50956 0.0209824 -0 133.082 345 460479
4.85199 51.1737 0.7 51.4032 0.0945316 0 -0 135.332 357 460479
4.04333 51.2439 0.7 51.4032 0.0787404 0 -0 133.832 349 460479
4.04333 51.1417 3.93545 51.4032 0.0788972 0.0629841 -0 133.457 347 460479
8.99489 51.1944 0.7 51.9786 0.173925 0 -0 134.269 346 460479
8.99489 51.1828 1.79055 51.9786 0.173964 0.0209824 -0 133.519 342 460479
8.17718 51.3314 0.7 51.9786 0.157974 0 -0 134.269 346 460479
8.17718 51.3198 1.79055 51.9786 0.158009 0.0209824 -0 134.269 346 460479
6.54174 51.5538 1.79055 51.9786 0.126217 0.0209824 -0 133.894 344 460479
-26.2635 45.0775 0.7 52.1704 -0.52755 0 -0 133.707 343 460479
0 52.7458 0.7 52.7458 0 0 0.0707397 147.582 417 460479
0 52.7342 1.80665 52.7458 0 0.0209824 0.0707397 146.644 412 460479
-0.829787 52.7393 0.7 52.7458 -0.0157325 0 0.0707397 147.207 415 460479
-0.829787 52.7277 1.80665 52.7458 -0.0157359 0.0209824 0.0707397 147.019 414 460479
0 52.7458 0.7 52.7458 0 0 -0 155.269 458 460479
0 52.7342 1.80665 52.7458 0 0.0209824 -0 154.519 454 460479
-0.829787 52.7393 0.7 52.7458 -0.0157325 0 -0 155.082 457 460479
-0.829787 52.7277 1.80665 52.7458 -0.0157359 0.0209824 -0 154.707 455 460479
0 52.7458 0.7 52.7458 0 0 -0.0707397 148.707 423 460479
0 52.7342 1.80665 52.7458 0 0.0209824 -0.0707397 147.582 417 460479
-0.829787 52.7393 0.7 52.7458 -0.0157325 0 -0.0707397 148.707 423 460479
-0.829787 52.7277 1.80665 52.7458 -0.0157359 0.0209824 -0.0707397 148.144 420 460479
1.66561 52.8648 2.92135 52.9376 0.0314966 0.041974 -0 146.082 409 460479
1.66561 52.8998 1.81068 52.9376 0.0314757 0.0209824 -0 147.582 417 460479
0.832805 52.8844 2.92135 52.9376 0.0157463 0.041974 -0 145.707 407 460479
0.832805 52.9194 1.81068 52.9376 0.0157359 0.0209824 -0 146.457 411 460479
1.66561 52.8648 2.92135 52.9376 0.0314966 0.041974 -0.0707397 139.332 373 460479
1.66561 52.8998 1.81068 52.9376 0.0314757 0.0209824 -0.0707397 141.207 383 460479
-0.835822 53.1229 0.7 53.1294 -0.0157325 0 0.0707397 145.894 408 460479
-1.67164 53.1031 0.7 53.1294 -0.0314688 0 0.0707397 145.894 408 460479
-1.67164 53.0914 1.8147 53.1294 -0.0314757 0.0209824 0.0707397 144.957 403 460479
2.50747 53.0702 0.7 53.1294 0.047213 0 0.0707397 145.144 404 460479
1.67164 53.1031 0.7 53.1294 0.0314688 0 0.0707397 146.457 411 460479
-2.52557 53.4534 0.7 53.513 -0.047213 0 0.0707397 149.457 427 460479
-2.52557 53.4416 -0.422748 53.513 -0.0472234 -0.0209824 0.0707397 147.957 419 460479
-3.36743 53.407 0.7 53.513 -0.0629689 0 0.0707397 148.332 421 460479
-2.52557 53.4534 0.7 53.513 -0.047213 0 -0 157.519 470 460479
-2.52557 53.4416 -0.422748 53.513 -0.0472234 -0.0209824 -0 155.269 458 460479
-3.36743 53.407 0.7 53.513 -0.0629689 0 -0 156.019 462 460479
-2.52557 53.4534 0.7 53.513 -0.047213 0 -0.0707397 150.582 433 460479
-2.52557 53.4416 -0.422748 53.513 -0.0472234 -0.0209824 -0.0707397 148.707 423 460479
-3.36743 53.407 0.7 53.513 -0.0629689 0 -0.0707397 149.082 425 460479
-4.22437 53.5384 0.7 53.7048 -0.0787404 0 0.0707397 142.519 390 460479
-4.22437 53.5266 -0.426772 53.7048 -0.0787578 -0.0209824 0.0707397 143.832 397 460479
-5.91412 53.3782 0.7 53.7048 -0.110346 0 0.0707397 143.644 396 460479
-5.91412 53.3663 1.82677 53.7048 -0.110371 0.0209824 0.0707397 143.269 394 460479
-3.3795 53.5984 0.7 53.7048 -0.0629689 0 -0.0707397 142.894 392 460479
-3.3795 53.5866 -0.426772 53.7048 -0.0629827 -0.0209824 -0.0707397 141.582 385 460479
-3.3795 53.5866 1.82677 53.7048 -0.0629827 0.0209824 -0.0707397 142.519 390 460479
-4.22437 53.5384 0.7 53.7048 -0.0787404 0 -0.0707397 144.207 399 460479
-4.22437 53.5266 -0.426772 53.7048 -0.0787578 -0.0209824 -0.0707397 143.644 396 460479
-5.93524 53.5688 0.7 53.8966 -0.110346 0 0.0707397 148.707 423 460479
-8.47892 53.2255 0.7 53.8966 -0.157974 0 0.0707397 146.832 413 460479
-6.83141 53.8486 0.7 54.2802 -0.126189 0 -0.0707397 147.019 414 460479
-12.8542 52.9337 0.7 54.472 -0.238224 0 0.0707397 141.207 383 460479
-41.1333 35.7107 0.7 54.472 -0.855848 0 0.0707397 141.207 383 460479
-41.1333 35.7107 0.7 54.472 -0.855848 0 -0.0707397 142.144 388 460479
-10.3195 53.6809 0.7 54.6638 -0.189921 0 0.0707397 138.957 371 460479
0 55.0353 1.85494 55.0475 0 0.0209824 0.0707397 139.957 371 460479
0.865996 55.0285 1.85494 55.0475 0.0157359 0.0209824 0.0707397 140.332 373 460479
0.865996 55.0285 1.85494 55.0475 0.0157359 0.0209824 -0 148.207 415 460479
1.73199 54.9717 -1.60988 55.0475 0.0314966 -0.041974 -0.0707397 139.957 371 460479
0.865996 55.0285 1.85494 55.0475 0.0157359 0.0209824 -0.0707397 140.707 375 460479
-0.869014 55.1838 -1.61793 55.2393 -0.0157463 -0.041974 0.0707397 135.644 348 460479
-0.869014 55.2203 1.85897 55.2393 -0.0157359 0.0209824 0.0707397 137.144 356 460479
-0.869014 55.2203 -0.458966 55.2393 -0.0157359 -0.0209824 -0.0707397 135.269 346 460479
-0.869014 55.1838 -1.61793 55.2393 -0.0157463 -0.041974 -0.0707397 137.894 360 460479
-0.869014 55.1838 3.01793 55.2393 -0.0157463 0.041974 -0.0707397 135.644 348 460479
-0.869014 55.2203 1.85897 55.2393 -0.0157359 0.0209824 -0.0707397 137.707 359 460479
-1.73803 55.1997 1.85897 55.2393 -0.0314757 0.0209824 -0.0707397 135.832 349 460479
-4.39033 55.6417 0.7 55.8147 -0.0787404 0 0.0707397 139.957 371 460479
-4.39033 55.6294 1.87104 55.8147 -0.0787578 0.0209824 0.0707397 139.394 368 460479
-3.51226 55.704 0.7 55.8147 -0.0629689 0 -0.0707397 138.644 364 460479
-3.51226 55.6917 -0.471038 55.8147 -0.0629827 -0.0209824 -0.0707397 138.644 364 460479
-4.39033 55.6417 0.7 55.8147 -0.0787404 0 -0.0707397 139.582 369 460479
-4.39033 55.6294 -0.471038 55.8147 -0.0787578 -0.0209824 -0.0707397 138.832 365 460479
-4.39033 55.6294 1.87104 55.8147 -0.0787578 0.0209824 -0.0707397 138.644 364 460479
-3.52433 55.8831 -0.475063 56.0065 -0.0629827 -0.0209824 0.0707397 136.207 351 460479
-3.52433 55.846 -1.65013 56.0065 -0.0630244 -0.041974 0.0707397 135.457 347 460479
-6.16758 55.6658 0.7 56.0065 -0.110346 0 0.0707397 134.894 344 460479
-6.16758 55.6534 -0.475063 56.0065 -0.110371 -0.0209824 0.0707397 134.332 341 460479
-7.04867 55.5611 0.7 56.0065 -0.126189 0 0.0707397 134.519 342 460479
-12.3352 54.6312 0.7 56.0065 -0.222066 0 0.0707397 135.644 348 460479
-12.3352 54.6186 -0.475063 56.0065 -0.222116 -0.0209824 0.0707397 135.457 347 460479
-12.4619 55.1925 0.7 56.5819 -0.222066 0 -0 139.957 371 460479
42.7265 36.4036 7.82281 56.5819 0.865134 0.12622 -0 139.394 368 460479
-20.5425 52.9269 0.7 56.7737 -0.370232 0 0.0707397 136.019 350 460479
-20.5425 52.9269 0.7 56.7737 -0.370232 0 -0 144.269 394 460479
-20.5425 52.9269 0.7 56.7737 -0.370232 0 -0.0707397 139.207 367 460479
-20.5425 52.9135 -0.491159 56.7737 -0.370317 -0.0209824 -0.0707397 136.207 351 460479
-21.4357 52.5715 0.7 56.7737 -0.387164 0 -0.0707397 137.332 357 460479
7.14522 56.3097 1.89116 56.7737 0.126217 0.0209824 -0.0707397 134.894 344 460479
-15.3375 55.247 1.90323 57.3491 -0.270797 0.0209824 -0 140.332 373 460479
-16.2397 54.9491 -1.70646 57.3491 -0.287361 -0.041974 -0 141.644 380 460479
-16.2397 54.9886 1.90323 57.3491 -0.287166 0.0209824 -0 139.582 369 460479
-15.3888 55.3923 -1.71451 57.5409 -0.270981 -0.041974 0.0707397 142.207 383 460479
-16.294 55.1328 -1.71451 57.5409 -0.287361 -0.041974 0.0707397 146.332 405 460479
-17.1992 54.8572 -1.71451 57.5409 -0.303821 -0.041974 0.0707397 141.644 380 460479
-16.294 55.1328 -1.71451 57.5409 -0.287361 -0.041974 -0 153.644 444 460479
-17.1992 54.8572 -1.71451 57.5409 -0.303821 -0.041974 -0 149.519 422 460479
-16.294 55.1328 -1.71451 57.5409 -0.287361 -0.041974 -0.0707397 146.332 405 460479
-17.1992 54.8572 -1.71451 57.5409 -0.303821 -0.041974 -0.0707397 142.394 384 460479
-15.5427 55.9994 0.7 58.1163 -0.270736 0 -0 137.707 359 460479
29.2568 50.2002 1.91933 58.1163 0.527678 0.0209824 -0 134.144 340 460479
27.4282 51.2367 0.7 58.1163 0.491506 0 -0 136.957 355 460479
27.4282 51.2222 1.91933 58.1163 0.491624 0.0209824 -0 135.644 348 460479
26.514 51.7157 0.7 58.1163 0.473746 0 -0 134.894 344 460479
0 58.3081 0.7 58.3081 0 0 -0 137.707 359 460479
-7.43489 58.6056 0.7 59.0753 -0.126189 0 -0 135.144 340 460479
-14.8698 57.0522 4.41835 59.0753 -0.254962 0.0629841 -0 135.332 341 460479
30.0292 51.5408 0.7 59.6507 0.52755 0 -0 136.644 348 460479
30.0292 51.5256 1.95152 59.6507 0.527678 0.0209824 -0 137.207 351 460479
29.0908 52.0762 0.7 59.6507 0.509437 0 -0 135.144 340 460479
29.0908 52.0612 1.95152 59.6507 0.50956 0.0209824 -0 136.644 348 460479
31.0672 51.131 1.95555 59.8425 0.54599 0.0209824 -0 139.082 361 460479
28.2429 52.6988 3.21109 59.8425 0.491978 0.041974 -0 138.519 358 460479
28.2429 52.7436 1.95555 59.8425 0.491624 0.0209824 -0 139.832 365 460479
39.9203 45.3508 0.7 60.4179 0.721799 0 -0 136.082 345 460479
38.9698 46.1701 0.7 60.4179 0.701029 0 -0 134.582 337 460479
30.4155 52.1421 3.23524 60.4179 0.528064 0.041974 -0 135.144 340 460479
30.4155 52.1883 1.96762 60.4179 0.527678 0.0209824 -0 137.207 351 460479
29.465 52.685 3.23524 60.4179 0.50993 0.041974 -0 135.894 344 460479
29.465 52.7308 1.96762 60.4179 0.50956 0.0209824 -0 137.019 350 460479
30.512 52.354 1.97164 60.6097 0.527678 0.0209824 -0 137.582 353 460479
29.5585 52.9135 0.7 60.6097 0.509437 0 -0 135.894 344 460479
29.5585 52.8982 1.97164 60.6097 0.50956 0.0209824 -0 138.332 357 460479
-23.1737 56.8341 0.7 61.377 -0.387164 0 -0 136.457 347 460479
34.2174 51.8591 2.00384 62.1442 0.583244 0.0209824 -0 135.957 339 460479
33.2398 52.4911 2.00384 62.1442 0.564507 0.0209824 -0 138.394 352 460479
-6.99133 63.0866 -0.632006 63.4868 -0.110371 -0.0209824 -0 137.082 345 460479
37.4008 52.2471 0.7 64.254 0.621281 0 -0 136.894 344 460479
37.4008 52.1775 3.39621 64.254 0.621912 0.041974 -0 136.332 341 460479
37.4008 52.2297 2.0481 64.254 0.621438 0.0209824 -0 140.269 362 460479
36.3899 52.9561 0.7 64.254 0.602065 0 -0 137.644 348 460479
36.3899 52.8874 3.39621 64.254 0.60267 0.041974 -0 137.269 346 460479
36.3899 52.9389 2.0481 64.254 0.602216 0.0209824 -0 140.269 362 460479
-9.23327 64.5561 0.7 65.213 -0.142064 0 -0 135.957 339 460479
-10.2592 64.401 0.7 65.213 -0.157974 0 -0 136.144 340 460479
-46.3353 48.3105 0.7 66.9392 -0.764533 0 -0 137.707 343 460479
-47.3884 47.2779 0.7 66.9392 -0.786565 0 -0 137.519 342 460479
12.7093 66.0519 3.52498 67.3228 0.190091 0.041974 -0 139.207 351 460479
12.7093 66.0972 2.11249 67.3228 0.189964 0.0209824 -0 139.957 355 460479
11.6502 66.2469 3.52498 67.3228 0.17408 0.041974 -0 137.519 342 460479
2.1665 68.8232 0.7 68.8573 0.0314688 0 -0 138.644 348 460479
2.1665 68.808 2.14468 68.8573 0.0314757 0.0209824 -0 140.144 356 460479
1.08325 68.8487 0.7 68.8573 0.0157325 0 -0 137.332 341 460479
1.08325 68.8336 2.14468 68.8573 0.0157359 0.0209824 -0 139.394 352 460479
2.17253 69.0149 0.7 69.0491 0.0314688 0 -0 141.832 365 460479
2.17253 68.9997 2.14871 69.0491 0.0314757 0.0209824 -0 143.519 374 460479
1.08627 69.0253 2.14871 69.0491 0.0157359 0.0209824 -0 141.082 361 460479
2.17253 68.9997 2.14871 69.0491 0.0314757 0.0209824 -0.0707397 136.582 337 460479
2.26306 71.8747 2.20907 71.9261 0.0314757 0.0209824 0.0707397 138.519 342 460479
2.26306 71.8905 0.7 71.9261 0.0314688 0 -0 143.394 368 460479
2.26306 71.8747 2.20907 71.9261 0.0314757 0.0209824 -0 145.832 381 460479
1.13153 71.9014 2.20907 71.9261 0.0157359 0.0209824 -0 141.894 360 460479
3.40364 72.0217 2.21309 72.1179 0.0472234 0.0209824 -0 138.894 344 460479
2.26909 72.0822 0.7 72.1179 0.0314688 0 -0 140.394 352 460479
2.26909 72.0187 3.72619 72.1179 0.0314966 0.041974 -0 139.082 345 460479
2.26909 72.0663 2.21309 72.1179 0.0314757 0.0209824 -0 144.332 373 460479
1.13455 72.0931 2.21309 72.1179 0.0157359 0.0209824 -0 141.332 357 460479
2.27513 72.2739 0.7 72.3097 0.0314688 0 -0 139.082 345 460479
2.27513 72.258 2.21712 72.3097 0.0314757 0.0209824 -0 142.082 361 460479
1.13756 72.2849 2.21712 72.3097 0.0157359 0.0209824 -0 140.019 350 460479
24.1423 68.9056 3.76643 73.0769 0.337002 0.041974 -0 139.082 345 460479
-19.8002 71.3222 2.25334 74.0359 -0.270797 0.0209824 -0 141.144 356 460479
-20.965 70.9886 2.25334 74.0359 -0.287166 0.0209824 -0 140.019 350 460479
