1.39404 2.25034 0.249291 2.68524 0.554621 -0.168645 -0 98.3317 421 460225
1.30956 2.30053 0.249291 2.68524 0.517495 -0.168645 -0 98.3317 421 460225
1.09834 2.40854 0.249291 2.68524 0.427848 -0.168645 -0 97.2067 415 460225
1.26731 2.53734 0.217098 2.87704 0.463219 -0.168645 -0 105.519 438 460225
1.22205 2.55945 0.217098 2.87704 0.445458 -0.168645 -0 104.957 435 460225
0.995745 2.644 0.156735 2.87704 0.360177 -0.189968 -0.0707397 97.8317 397 460225
0.995745 2.63088 0.096372 2.87704 0.361822 -0.211379 -0.0707397 97.4567 395 460225
1.30352 2.74145 0.249291 3.06885 0.443845 -0.147399 -0 102.519 422 460225
1.30352 2.73008 0.184904 3.06885 0.445458 -0.168645 -0 101.019 414 460225
1.15868 2.80573 0.249291 3.06885 0.391638 -0.147399 -0 102.332 421 460225
1.06213 2.82027 0.120517 3.06885 0.360177 -0.189968 -0 99.8942 408 460225
1.12851 3.03147 0.289533 3.26065 0.356371 -0.12622 0.0707397 99.5192 406 460225
1.12851 3.02142 0.221122 3.26065 0.357458 -0.147399 0.0707397 102.144 420 460225
1.07721 3.04009 0.221122 3.26065 0.340533 -0.147399 0.0707397 98.5817 401 460225
1.12851 3.02142 0.221122 3.26065 0.357458 -0.147399 -0 109.457 459 460225
1.12851 3.03147 0.289533 3.26065 0.356371 -0.12622 -0.0707397 99.7067 407 460225
1.12851 3.02142 0.221122 3.26065 0.357458 -0.147399 -0.0707397 102.332 421 460225
1.07721 3.04009 0.221122 3.26065 0.340533 -0.147399 -0.0707397 98.5817 401 460225
1.79234 2.91857 0.265388 3.45245 0.550734 -0.12622 -0 103.082 425 460225
1.30352 3.16724 0.265388 3.45245 0.390435 -0.12622 -0 104.957 435 460225
1.71992 3.17994 0.241243 3.64426 0.495804 -0.12622 0.0707397 100.457 395 460225
1.66259 3.21029 0.241243 3.64426 0.477861 -0.12622 0.0707397 98.9567 387 460225
1.4906 3.29367 0.241243 3.64426 0.424985 -0.12622 0.0707397 98.9567 387 460225
1.43327 3.31902 0.241243 3.64426 0.407646 -0.12622 0.0707397 100.269 394 460225
1.08928 3.44726 0.241243 3.64426 0.306057 -0.12622 0.0707397 99.8942 392 460225
1.94925 3.04476 0.241243 3.64426 0.569452 -0.12622 -0.0707397 98.2067 383 460225
1.71992 3.17994 0.241243 3.64426 0.495804 -0.12622 -0.0707397 100.082 393 460225
1.66259 3.21029 0.241243 3.64426 0.477861 -0.12622 -0.0707397 98.2067 383 460225
1.4906 3.29367 0.241243 3.64426 0.424985 -0.12622 -0.0707397 98.5817 385 460225
1.43327 3.31902 0.241243 3.64426 0.407646 -0.12622 -0.0707397 100.082 393 460225
1.14662 3.6385 0.297581 3.83606 0.305283 -0.105098 0.0707397 102.519 406 460225
1.14662 3.6287 0.217098 3.83606 0.306057 -0.12622 0.0707397 102.519 406 460225
1.08627 3.65697 0.297581 3.83606 0.288739 -0.105098 0.0707397 102.332 405 460225
1.08627 3.64722 0.217098 3.83606 0.289469 -0.12622 0.0707397 101.957 403 460225
1.14662 3.6385 0.297581 3.83606 0.305283 -0.105098 -0.0707397 103.082 409 460225
1.14662 3.6287 0.217098 3.83606 0.306057 -0.12622 -0.0707397 103.082 409 460225
1.52077 3.70572 0.27746 4.02786 0.389427 -0.105098 0.0707397 104.582 417 460225
1.52077 3.69511 0.192952 4.02786 0.390435 -0.12622 0.0707397 103.832 413 460225
1.45741 3.7311 0.27746 4.02786 0.372386 -0.105098 0.0707397 103.457 411 460225
1.14058 3.83982 0.27746 4.02786 0.288739 -0.105098 0.0707397 102.894 408 460225
1.52077 3.70572 0.27746 4.02786 0.389427 -0.105098 -0.0707397 104.394 416 460225
1.59319 3.88219 0.257339 4.21967 0.389427 -0.105098 0.0707397 107.394 432 460225
1.19489 4.02267 0.257339 4.21967 0.288739 -0.105098 0.0707397 108.707 439 460225
1.12851 4.04179 0.257339 4.21967 0.272276 -0.105098 0.0707397 107.957 435 460225
1.59319 3.88219 0.257339 4.21967 0.389427 -0.105098 -0 115.082 473 460225
1.19489 4.02267 0.257339 4.21967 0.288739 -0.105098 -0 116.019 478 460225
1.12851 4.04179 0.257339 4.21967 0.272276 -0.105098 -0 115.082 473 460225
1.59319 3.88219 0.257339 4.21967 0.389427 -0.105098 -0.0707397 108.519 438 460225
1.19489 4.02267 0.257339 4.21967 0.288739 -0.105098 -0.0707397 108.519 438 460225
1.12851 4.04179 0.257339 4.21967 0.272276 -0.105098 -0.0707397 108.144 436 460225
1.66561 4.05865 0.237219 4.41147 0.389427 -0.105098 0.0707397 105.707 407 460225
1.31861 4.18428 0.237219 4.41147 0.305283 -0.105098 0.0707397 105.894 408 460225
1.24921 4.20552 0.237219 4.41147 0.288739 -0.105098 0.0707397 106.269 410 460225
1.24921 4.20552 0.237219 4.41147 0.288739 -0.105098 -0.0707397 107.582 417 460225
1.44836 4.35237 0.313678 4.60327 0.321247 -0.0840222 0.0707397 110.582 433 460225
1.44836 4.34272 0.217098 4.60327 0.321913 -0.105098 0.0707397 110.957 435 460225
1.44836 4.35237 0.313678 4.60327 0.321247 -0.0840222 -0 118.457 475 460225
1.44836 4.34272 0.217098 4.60327 0.321913 -0.105098 -0 118.644 476 460225
1.44836 4.35237 0.313678 4.60327 0.321247 -0.0840222 -0.0707397 111.707 439 460225
1.44836 4.34272 0.217098 4.60327 0.321913 -0.105098 -0.0707397 111.707 439 460225
1.20696 4.62321 0.297581 4.79507 0.255367 -0.0840222 0.0707397 109.457 427 460225
1.20696 4.61334 0.196977 4.79507 0.255889 -0.105098 0.0707397 108.519 422 460225
1.13153 4.64225 0.297581 4.79507 0.239084 -0.0840222 0.0707397 108.894 424 460225
1.13153 4.63242 0.196977 4.79507 0.239572 -0.105098 0.0707397 108.519 422 460225
1.20696 4.62321 0.297581 4.79507 0.255367 -0.0840222 -0 117.144 468 460225
1.20696 4.61334 0.196977 4.79507 0.255889 -0.105098 -0 116.957 467 460225
1.13153 4.64225 0.297581 4.79507 0.239084 -0.0840222 -0 116.582 465 460225
1.13153 4.63242 0.196977 4.79507 0.239572 -0.105098 -0 116.582 465 460225
1.20696 4.62321 0.297581 4.79507 0.255367 -0.0840222 -0.0707397 110.582 433 460225
1.20696 4.61334 0.196977 4.79507 0.255889 -0.105098 -0.0707397 110.394 432 460225
1.13153 4.64225 0.297581 4.79507 0.239084 -0.0840222 -0.0707397 110.207 431 460225
1.13153 4.63242 0.196977 4.79507 0.239572 -0.105098 -0.0707397 110.207 431 460225
1.80441 4.63011 0.281485 4.98688 0.371606 -0.0840222 0.0707397 103.082 393 460225
1.56905 4.71507 0.281485 4.98688 0.321247 -0.0840222 0.0707397 104.582 401 460225
1.56905 4.70461 0.176856 4.98688 0.321913 -0.105098 0.0707397 103.644 396 460225
1.41215 4.76441 0.281485 4.98688 0.288146 -0.0840222 0.0707397 104.019 398 460225
1.33369 4.78697 0.281485 4.98688 0.271719 -0.0840222 0.0707397 106.644 412 460225
1.33369 4.77666 0.176856 4.98688 0.272276 -0.105098 0.0707397 104.394 400 460225
1.33369 4.78697 0.281485 4.98688 0.271719 -0.0840222 -0 113.957 451 460225
1.80441 4.63011 0.281485 4.98688 0.371606 -0.0840222 -0.0707397 104.019 398 460225
1.56905 4.71507 0.281485 4.98688 0.321247 -0.0840222 -0.0707397 104.207 399 460225
1.33369 4.78697 0.281485 4.98688 0.271719 -0.0840222 -0.0707397 106.457 411 460225
1.25524 4.80813 0.281485 4.98688 0.255367 -0.0840222 -0.0707397 105.519 406 460225
-1.94321 4.96074 1.37606 5.37048 -0.373346 0.12622 0.990356 118.957 467 460225
-2.0277 4.92681 1.37606 5.37048 -0.390435 0.12622 0.990356 117.082 457 460225
-2.01261 5.13791 1.40021 5.56229 -0.373346 0.12622 0.990356 119.519 470 460225
-2.10012 5.10277 1.40021 5.56229 -0.390435 0.12622 0.990356 118.019 462 460225
-2.08201 5.31508 1.42435 5.75409 -0.373346 0.12622 0.919617 128.332 517 460225
-2.08201 5.33014 1.30363 5.75409 -0.372386 0.105098 0.919617 125.519 502 460225
-2.08201 5.35197 1.06218 5.75409 -0.371003 0.0629841 0.919617 125.144 500 460225
-2.17253 5.27873 1.42435 5.75409 -0.390435 0.12622 0.919617 127.207 511 460225
-2.17253 5.29389 1.30363 5.75409 -0.389427 0.105098 0.919617 125.519 502 460225
-2.08201 5.29723 1.54508 5.75409 -0.37449 0.147399 1.0611 122.519 486 460225
-2.08201 5.31508 1.42435 5.75409 -0.373346 0.12622 1.0611 125.144 500 460225
-2.17253 5.27873 1.42435 5.75409 -0.390435 0.12622 1.0611 122.144 484 460225
-2.08201 5.29723 1.54508 5.75409 -0.37449 0.147399 0.990356 129.644 524 460225
-2.08201 5.31508 1.42435 5.75409 -0.373346 0.12622 0.990356 133.582 545 460225
-2.08201 5.33014 1.30363 5.75409 -0.372386 0.105098 0.990356 129.457 523 460225
-2.17253 5.27873 1.42435 5.75409 -0.390435 0.12622 0.990356 131.707 535 460225
1.46646 4.94766 0.265388 5.17868 0.288146 -0.0840222 0.0707397 112.207 431 460225
1.46646 4.93691 0.156735 5.17868 0.288739 -0.105098 0.0707397 108.082 409 460225
1.38499 4.97108 0.265388 5.17868 0.271719 -0.0840222 0.0707397 110.144 420 460225
1.46646 4.94766 0.265388 5.17868 0.288146 -0.0840222 -0 119.332 469 460225
1.38499 4.97108 0.265388 5.17868 0.271719 -0.0840222 -0 117.457 459 460225
1.46646 4.94766 0.265388 5.17868 0.288146 -0.0840222 -0.0707397 112.207 431 460225
1.46646 4.93691 0.156735 5.17868 0.288739 -0.105098 -0.0707397 108.269 410 460225
1.38499 4.97108 0.265388 5.17868 0.271719 -0.0840222 -0.0707397 110.332 421 460225
1.60526 5.1138 0.361968 5.37048 0.304167 -0.0629841 0.0707397 106.394 400 460225
1.60526 5.1051 0.249291 5.37048 0.304653 -0.0840222 0.0707397 109.207 415 460225
1.52077 5.13091 0.249291 5.37048 0.288146 -0.0840222 0.0707397 107.707 407 460225
1.18282 5.21918 0.249291 5.37048 0.222865 -0.0840222 0.0707397 108.082 409 460225
1.60526 5.1051 0.249291 5.37048 0.304653 -0.0840222 -0 115.957 451 460225
1.52077 5.13091 0.249291 5.37048 0.288146 -0.0840222 -0 115.019 446 460225
1.18282 5.21918 0.249291 5.37048 0.222865 -0.0840222 -0 115.019 446 460225
1.60526 5.1051 0.249291 5.37048 0.304653 -0.0840222 -0.0707397 109.207 415 460225
1.52077 5.13091 0.249291 5.37048 0.288146 -0.0840222 -0.0707397 108.457 411 460225
1.18282 5.21918 0.249291 5.37048 0.222865 -0.0840222 -0.0707397 108.269 410 460225
1.22507 5.41439 0.349896 5.56229 0.222515 -0.0629841 0.0707397 106.957 403 460225
1.22507 5.40558 0.233194 5.56229 0.222865 -0.0840222 0.0707397 109.582 417 460225
1.13756 5.42467 0.233194 5.56229 0.206706 -0.0840222 0.0707397 109.582 417 460225
1.22507 5.40558 0.233194 5.56229 0.222865 -0.0840222 -0 116.332 453 460225
1.13756 5.42467 0.233194 5.56229 0.206706 -0.0840222 -0 116.519 454 460225
1.35783 5.57069 0.217098 5.75409 0.239084 -0.0840222 -0 117.457 459 460225
1.26731 5.6011 0.337823 5.75409 0.222515 -0.0629841 -0 118.207 463 460225
1.26731 5.59198 0.217098 5.75409 0.222865 -0.0840222 -0 121.207 479 460225
1.17679 5.61173 0.217098 5.75409 0.206706 -0.0840222 -0 116.332 453 460225
-0.718143 6.48019 0.836822 6.5213 -0.110371 0.0209824 0.990356 114.957 435 460225
-0.820735 6.468 0.836822 6.5213 -0.126217 0.0209824 0.990356 115.144 436 460225
-2.15141 5.5374 0.4505 5.94589 -0.370574 -0.041974 0.212219 119.832 461 460225
-0.796596 6.27777 0.832798 6.3295 -0.126217 0.0209824 0.919617 112.332 421 460225
-0.796596 6.27777 0.832798 6.3295 -0.126217 0.0209824 0.990356 112.894 424 460225
-0.718143 6.47586 0.973645 6.5213 -0.110444 0.041974 0.919617 113.832 429 460225
-0.718143 6.48019 0.836822 6.5213 -0.110371 0.0209824 0.919617 117.019 446 460225
-0.820735 6.46366 0.973645 6.5213 -0.126301 0.041974 0.919617 113.457 427 460225
-0.820735 6.468 0.836822 6.5213 -0.126217 0.0209824 0.919617 117.019 446 460225
-0.820735 6.46366 0.973645 6.5213 -0.126301 0.041974 0.778137 114.207 431 460225
-0.820735 6.468 0.836822 6.5213 -0.126217 0.0209824 0.778137 115.144 436 460225
-2.22081 5.66942 1.47264 6.1377 -0.373346 0.12622 0.990356 120.957 467 460225
-2.31737 5.63064 1.47264 6.1377 -0.390435 0.12622 0.990356 119.832 461 460225
1.84665 6.24089 0.289533 6.5213 0.287687 -0.0629841 -0.0707397 113.457 427 460225
1.74406 6.27034 0.289533 6.5213 0.271288 -0.0629841 -0.0707397 114.957 435 460225
1.84665 6.24089 0.289533 6.5213 0.287687 -0.0629841 -0 120.019 462 460225
1.74406 6.27034 0.289533 6.5213 0.271288 -0.0629841 -0 121.894 472 460225
1.74406 6.25988 0.152711 6.5213 0.271719 -0.0840222 -0 119.457 459 460225
1.64147 6.29797 0.289533 6.5213 0.254962 -0.0629841 -0 119.082 457 460225
2.15443 6.14144 0.289533 6.5213 0.337389 -0.0629841 0.0707397 107.269 394 460225
2.15443 6.13076 0.152711 6.5213 0.337933 -0.0840222 0.0707397 107.082 393 460225
1.74406 6.27034 0.289533 6.5213 0.271288 -0.0629841 0.0707397 114.207 431 460225
-1.02592 6.4401 0.7 6.5213 -0.157974 0 -0.282959 113.832 429 460225
-1.02592 6.43864 0.563178 6.5213 -0.158009 -0.0209824 -0.282959 115.144 436 460225
-1.12851 6.42146 0.563178 6.5213 -0.173964 -0.0209824 -0.282959 113.269 426 460225
-1.02592 6.4401 0.7 6.5213 -0.157974 0 -0.353699 113.082 425 460225
1.19489 6.20291 0.301606 6.3295 0.190303 -0.0629841 0.0707397 109.144 404 460225
1.19489 6.19295 0.168807 6.3295 0.190602 -0.0840222 0.0707397 108.394 400 460225
1.09532 6.22126 0.301606 6.3295 0.174275 -0.0629841 0.0707397 106.894 392 460225
1.09532 6.21133 0.168807 6.3295 0.174548 -0.0840222 0.0707397 105.394 384 460225
-1.02592 6.4401 0.7 6.5213 -0.157974 0 -0.212219 114.207 431 460225
-1.02592 6.43864 0.563178 6.5213 -0.158009 -0.0209824 -0.212219 116.457 443 460225
-1.12851 6.42146 0.563178 6.5213 -0.173964 -0.0209824 -0.212219 112.707 423 460225
-1.02592 6.4401 0.7 6.5213 -0.157974 0 -0.495178 124.332 485 460225
-1.02592 6.43864 0.563178 6.5213 -0.158009 -0.0209824 -0.495178 120.394 464 460225
-1.02592 6.43864 0.836822 6.5213 -0.158009 0.0209824 -0.495178 119.269 458 460225
-1.12851 6.42291 0.7 6.5213 -0.173925 0 -0.495178 121.332 469 460225
-1.02592 6.4401 0.7 6.5213 -0.157974 0 -0.707397 118.519 454 460225
-1.02592 6.43864 0.836822 6.5213 -0.158009 0.0209824 -0.707397 117.582 449 460225
-1.12851 6.42291 0.7 6.5213 -0.173925 0 -0.707397 118.519 454 460225
-1.12851 6.42146 0.836822 6.5213 -0.173964 0.0209824 -0.707397 117.582 449 460225
-1.02592 6.4401 0.7 6.5213 -0.157974 0 -0.565918 124.332 485 460225
-1.02592 6.43864 0.563178 6.5213 -0.158009 -0.0209824 -0.565918 120.019 462 460225
-1.02592 6.43864 0.836822 6.5213 -0.158009 0.0209824 -0.565918 119.644 460 460225
-1.12851 6.42291 0.7 6.5213 -0.173925 0 -0.565918 121.519 470 460225
-1.02592 6.4401 0.7 6.5213 -0.157974 0 -0.636658 120.957 467 460225
-1.02592 6.43864 0.836822 6.5213 -0.158009 0.0209824 -0.636658 118.332 453 460225
-1.12851 6.42291 0.7 6.5213 -0.173925 0 -0.636658 119.269 458 460225
-1.12851 6.42146 0.836822 6.5213 -0.173964 0.0209824 -0.636658 117.019 446 460225
-1.02592 6.4401 0.7 6.5213 -0.157974 0 -0.919617 115.519 438 460225
-1.02592 6.43428 0.973645 6.5213 -0.158115 0.041974 -0.919617 113.832 429 460225
-1.02592 6.43864 0.836822 6.5213 -0.158009 0.0209824 -0.919617 118.332 453 460225
-1.12851 6.42146 0.836822 6.5213 -0.173964 0.0209824 -0.919617 115.144 436 460225
-0.820735 6.44626 1.24729 6.5213 -0.126638 0.0840222 -0.990356 117.019 446 460225
-0.820735 6.45641 1.11047 6.5213 -0.126441 0.0629841 -0.990356 117.394 448 460225
-1.02592 6.4401 0.7 6.5213 -0.157974 0 -0.990356 116.644 444 460225
-1.02592 6.43864 0.836822 6.5213 -0.158009 0.0209824 -0.990356 118.519 454 460225
-0.820735 6.43318 1.38411 6.5213 -0.126893 0.105098 -1.0611 118.707 455 460225
-0.820735 6.44626 1.24729 6.5213 -0.126638 0.0840222 -1.0611 118.519 454 460225
-0.923327 6.44254 1.11047 6.5213 -0.142348 0.0629841 -1.0611 115.894 440 460225
-0.820735 6.44626 1.24729 6.5213 -0.126638 0.0840222 -1.13184 120.957 467 460225
-0.923327 6.41925 1.38411 6.5213 -0.142857 0.105098 -1.13184 121.144 468 460225
-0.923327 6.43236 1.24729 6.5213 -0.14257 0.0840222 -1.13184 123.207 479 460225
-1.02592 6.4168 1.24729 6.5213 -0.158538 0.0840222 -1.13184 120.957 467 460225
1.19489 6.20291 0.301606 6.3295 0.190303 -0.0629841 -0.0707397 109.707 407 460225
1.19489 6.19295 0.168807 6.3295 0.190602 -0.0840222 -0.0707397 109.894 408 460225
1.09532 6.22126 0.301606 6.3295 0.174275 -0.0629841 -0.0707397 108.394 400 460225
1.09532 6.21133 0.168807 6.3295 0.174548 -0.0840222 -0.0707397 107.269 394 460225
-2.15141 5.49225 1.4485 5.94589 -0.373346 0.12622 0.919617 123.019 478 460225
-2.15141 5.50781 1.32375 5.94589 -0.372386 0.105098 0.919617 120.207 463 460225
-2.24495 5.45468 1.4485 5.94589 -0.390435 0.12622 0.919617 121.707 471 460225
-2.24495 5.47035 1.32375 5.94589 -0.389427 0.105098 0.919617 120.394 464 460225
1.21602 5.80817 0.325751 5.94589 0.206382 -0.0629841 -0 112.894 424 460225
1.21602 5.79879 0.201001 5.94589 0.206706 -0.0840222 -0 114.582 433 460225
1.12248 5.82697 0.325751 5.94589 0.190303 -0.0629841 -0 110.457 411 460225
1.12248 5.81762 0.201001 5.94589 0.190602 -0.0840222 -0 110.457 411 460225
-2.15141 5.4738 1.57325 5.94589 -0.37449 0.147399 0.990356 124.332 485 460225
-2.15141 5.49225 1.4485 5.94589 -0.373346 0.12622 0.990356 127.519 502 460225
-2.24495 5.45468 1.4485 5.94589 -0.390435 0.12622 0.990356 125.082 489 460225
1.15868 6.01494 0.313678 6.1377 0.190303 -0.0629841 0.0707397 112.707 423 460225
1.15868 6.00528 0.184904 6.1377 0.190602 -0.0840222 0.0707397 112.332 421 460225
1.25524 5.98585 0.184904 6.1377 0.206706 -0.0840222 -0 116.269 442 460225
1.15868 6.01494 0.313678 6.1377 0.190303 -0.0629841 -0 119.644 460 460225
1.15868 6.00528 0.184904 6.1377 0.190602 -0.0840222 -0 119.644 460 460225
1.15868 6.01494 0.313678 6.1377 0.190303 -0.0629841 -0.0707397 112.144 420 460225
1.15868 6.00528 0.184904 6.1377 0.190602 -0.0840222 -0.0707397 111.957 419 460225
-0.995745 6.25068 0.7 6.3295 -0.157974 0 -0.565918 112.332 421 460225
1.69277 6.08592 0.301606 6.3295 0.271288 -0.0629841 -0 115.519 438 460225
1.19489 6.20291 0.301606 6.3295 0.190303 -0.0629841 -0 117.207 447 460225
1.19489 6.19295 0.168807 6.3295 0.190602 -0.0840222 -0 117.207 447 460225
1.09532 6.22126 0.301606 6.3295 0.174275 -0.0629841 -0 115.332 437 460225
-0.995745 6.04413 -0.893578 6.3295 -0.163279 -0.254509 -3.46625 112.519 422 460225
-0.923327 6.43236 1.24729 6.5213 -0.14257 0.0840222 -1.20258 129.207 511 460225
-1.02592 6.4168 1.24729 6.5213 -0.158538 0.0840222 -1.20258 129.019 510 460225
-0.923327 6.43236 1.24729 6.5213 -0.14257 0.0840222 -1.27332 124.144 484 460225
-1.02592 6.4168 1.24729 6.5213 -0.158538 0.0840222 -1.27332 123.207 479 460225
-1.02592 6.36848 1.65776 6.5213 -0.159721 0.147399 -1.34406 114.582 433 460225
-1.12851 6.39956 1.24729 6.5213 -0.174548 0.0840222 -1.34406 114.207 431 460225
1.79536 6.46857 0.7 6.7131 0.270736 0 0.0707397 120.332 453 460225
1.68975 6.49696 0.7 6.7131 0.254446 0 0.0707397 122.394 464 460225
1.95528 6.60801 0.265388 6.90491 0.287687 -0.0629841 0.0707397 119.582 449 460225
1.84665 6.65339 0.7 6.90491 0.270736 0 0.0707397 122.957 467 460225
1.73803 6.68259 0.7 6.90491 0.254446 0 0.0707397 123.707 471 460225
-0.950484 6.63203 0.27746 6.7131 -0.142348 -0.0629841 -0.0707397 120.332 453 460225
-0.950484 6.62155 0.136614 6.7131 -0.14257 -0.0840222 -0.0707397 120.519 454 460225
-1.05609 6.61603 0.27746 6.7131 -0.158291 -0.0629841 -0.0707397 120.519 454 460225
-1.05609 6.60553 0.136614 6.7131 -0.158538 -0.0840222 -0.0707397 121.082 457 460225
1.79536 6.46857 0.7 6.7131 0.270736 0 -0.0707397 120.332 453 460225
1.68975 6.49696 0.7 6.7131 0.254446 0 -0.0707397 122.207 463 460225
1.79536 6.46857 0.7 6.7131 0.270736 0 -0 127.644 492 460225
1.68975 6.49696 0.7 6.7131 0.254446 0 -0 129.144 500 460225
1.68975 6.49544 0.559153 6.7131 0.254503 -0.0209824 -0 124.644 476 460225
1.68975 6.49544 0.840847 6.7131 0.254503 0.0209824 -0 125.207 479 460225
-1.05609 6.62951 0.7 6.7131 -0.157974 0 -0.282959 118.832 445 460225
-1.05609 6.62802 0.559153 6.7131 -0.158009 -0.0209824 -0.282959 119.582 449 460225
-1.1617 6.61182 0.7 6.7131 -0.173925 0 -0.282959 114.894 424 460225
-1.1617 6.61032 0.559153 6.7131 -0.173964 -0.0209824 -0.282959 116.394 432 460225
-1.05609 6.62951 0.7 6.7131 -0.157974 0 -0.212219 120.144 452 460225
-1.05609 6.62802 0.559153 6.7131 -0.158009 -0.0209824 -0.212219 119.019 446 460225
-1.1617 6.61182 0.7 6.7131 -0.173925 0 -0.212219 117.144 436 460225
-1.1617 6.61032 0.559153 6.7131 -0.173964 -0.0209824 -0.212219 116.394 432 460225
-0.950484 6.63203 0.27746 6.7131 -0.142348 -0.0629841 -0.141479 121.082 457 460225
-0.950484 6.62155 0.136614 6.7131 -0.14257 -0.0840222 -0.141479 121.457 459 460225
-0.950484 6.59152 -0.145079 6.7131 -0.143211 -0.12622 -0.141479 119.957 451 460225
-1.05609 6.61603 0.27746 6.7131 -0.158291 -0.0629841 -0.141479 120.519 454 460225
-1.05609 6.60553 0.136614 6.7131 -0.158538 -0.0840222 -0.141479 121.269 458 460225
-1.05609 6.62951 0.7 6.7131 -0.157974 0 -0.353699 115.832 429 460225
-1.05609 6.62802 0.559153 6.7131 -0.158009 -0.0209824 -0.353699 114.332 421 460225
-1.05609 6.53306 -0.426772 6.7131 -0.160267 -0.168645 -0.353699 116.582 433 460225
-1.05609 6.50719 -0.567619 6.7131 -0.160893 -0.189968 -0.353699 114.707 423 460225
-1.1617 6.61182 0.7 6.7131 -0.173925 0 -0.353699 114.332 421 460225
-0.950484 6.54925 -0.426772 6.7131 -0.144122 -0.168645 -0.424438 116.582 433 460225
-0.950484 6.52346 -0.567619 6.7131 -0.144684 -0.189968 -0.424438 115.644 428 460225
-1.05609 6.53306 -0.426772 6.7131 -0.160267 -0.168645 -0.424438 119.957 451 460225
-1.05609 6.50719 -0.567619 6.7131 -0.160893 -0.189968 -0.424438 118.082 441 460225
-1.05609 6.62951 0.7 6.7131 -0.157974 0 -0.495178 127.457 491 460225
-1.05609 6.62802 0.559153 6.7131 -0.158009 -0.0209824 -0.495178 124.082 473 460225
-1.05609 6.62802 0.840847 6.7131 -0.158009 0.0209824 -0.495178 122.207 463 460225
-1.1617 6.61182 0.7 6.7131 -0.173925 0 -0.495178 124.082 473 460225
-1.05609 6.62951 0.7 6.7131 -0.157974 0 -0.707397 123.519 470 460225
-1.05609 6.62802 0.840847 6.7131 -0.158009 0.0209824 -0.707397 122.582 465 460225
-1.1617 6.61182 0.7 6.7131 -0.173925 0 -0.707397 122.582 465 460225
-1.1617 6.61032 0.840847 6.7131 -0.173964 0.0209824 -0.707397 121.644 460 460225
-1.05609 6.62951 0.7 6.7131 -0.157974 0 -0.565918 128.582 497 460225
-1.05609 6.62802 0.559153 6.7131 -0.158009 -0.0209824 -0.565918 124.082 473 460225
-1.05609 6.62802 0.840847 6.7131 -0.158009 0.0209824 -0.565918 124.644 476 460225
-1.1617 6.61182 0.7 6.7131 -0.173925 0 -0.565918 125.394 480 460225
-1.05609 6.62951 0.7 6.7131 -0.157974 0 -0.778137 115.269 426 460225
-1.05609 6.62951 0.7 6.7131 -0.157974 0 -0.636658 125.582 481 460225
-1.05609 6.62802 0.840847 6.7131 -0.158009 0.0209824 -0.636658 123.519 470 460225
-1.1617 6.61182 0.7 6.7131 -0.173925 0 -0.636658 123.332 469 460225
-1.1617 6.61032 0.840847 6.7131 -0.173964 0.0209824 -0.636658 121.457 459 460225
-0.739265 6.64845 1.26339 6.7131 -0.110739 0.0840222 -0.919617 116.207 431 460225
-0.950484 6.64398 0.840847 6.7131 -0.142095 0.0209824 -0.919617 116.582 433 460225
-1.05609 6.62951 0.7 6.7131 -0.157974 0 -0.919617 118.457 443 460225
-1.05609 6.62802 0.840847 6.7131 -0.158009 0.0209824 -0.919617 121.832 461 460225
-1.1617 6.61032 0.840847 6.7131 -0.173964 0.0209824 -0.919617 117.519 438 460225
1.84665 6.65339 0.7 6.90491 0.270736 0 -0.0707397 124.269 474 460225
1.73803 6.68259 0.7 6.90491 0.254446 0 -0.0707397 125.394 480 460225
1.73803 6.68102 0.555129 6.90491 0.254503 -0.0209824 -0.0707397 121.832 461 460225
-0.844874 6.63585 1.26339 6.7131 -0.126638 0.0840222 -0.990356 124.269 474 460225
-0.844874 6.64631 1.12254 6.7131 -0.126441 0.0629841 -0.990356 123.894 472 460225
-1.05609 6.62802 0.840847 6.7131 -0.158009 0.0209824 -0.990356 124.644 476 460225
-0.844874 6.62239 1.40423 6.7131 -0.126893 0.105098 -1.0611 121.457 459 460225
-0.844874 6.63585 1.26339 6.7131 -0.126638 0.0840222 -1.0611 123.707 471 460225
-0.844874 6.64631 1.12254 6.7131 -0.126441 0.0629841 -1.0611 122.394 464 460225
-0.950484 6.62155 1.26339 6.7131 -0.14257 0.0840222 -1.0611 121.832 461 460225
-0.950484 6.63203 1.12254 6.7131 -0.142348 0.0629841 -1.0611 121.082 457 460225
-0.97764 6.82152 0.265388 6.90491 -0.142348 -0.0629841 -0.141479 117.894 440 460225
-0.97764 6.81074 0.120517 6.90491 -0.14257 -0.0840222 -0.141479 118.082 441 460225
-1.08627 6.80506 0.265388 6.90491 -0.158291 -0.0629841 -0.141479 117.144 436 460225
-1.08627 6.79426 0.120517 6.90491 -0.158538 -0.0840222 -0.141479 117.707 439 460225
-1.08627 6.78034 -0.0243536 6.90491 -0.158858 -0.105098 -0.141479 116.957 435 460225
-1.08627 6.7633 -0.169224 6.90491 -0.159252 -0.12622 -0.141479 119.207 447 460225
-0.844874 6.63585 1.26339 6.7131 -0.126638 0.0840222 -1.13184 122.957 467 460225
-0.950484 6.60806 1.40423 6.7131 -0.142857 0.105098 -1.13184 122.582 465 460225
-0.950484 6.62155 1.26339 6.7131 -0.14257 0.0840222 -1.13184 124.644 476 460225
-1.19489 6.776 1.27948 6.90491 -0.174548 0.0840222 -1.13184 114.332 421 460225
1.84665 6.65339 0.7 6.90491 0.270736 0 -0 131.019 510 460225
1.73803 6.68259 0.7 6.90491 0.254446 0 -0 131.957 515 460225
-0.950484 6.62155 1.26339 6.7131 -0.14257 0.0840222 -1.20258 129.332 501 460225
-1.05609 6.60553 1.26339 6.7131 -0.158538 0.0840222 -1.20258 129.144 500 460225
-0.97764 6.81074 1.27948 6.90491 -0.14257 0.0840222 -1.20258 114.519 422 460225
-1.08627 6.79426 1.27948 6.90491 -0.158538 0.0840222 -1.20258 117.332 437 460225
-1.08627 6.81739 0.844871 6.90491 -0.158009 0.0209824 -1.20258 114.707 423 460225
-1.19489 6.776 1.27948 6.90491 -0.174548 0.0840222 -1.20258 114.332 421 460225
-1.19489 6.78683 1.13461 6.90491 -0.174275 0.0629841 -1.27332 117.144 436 460225
-2.17253 6.5398 1.13461 6.90491 -0.320732 0.0629841 -1.27332 108.519 390 460225
-0.950484 6.62155 1.26339 6.7131 -0.14257 0.0840222 -1.27332 123.894 472 460225
-1.05609 6.60553 1.26339 6.7131 -0.158538 0.0840222 -1.27332 126.144 484 460225
-1.1617 6.58778 1.26339 6.7131 -0.174548 0.0840222 -1.27332 123.332 469 460225
-1.1617 6.59831 1.12254 6.7131 -0.174275 0.0629841 -1.27332 123.707 471 460225
-1.05609 6.60553 1.26339 6.7131 -0.158538 0.0840222 -1.34406 121.082 457 460225
-1.05609 6.61603 1.12254 6.7131 -0.158291 0.0629841 -1.34406 121.082 457 460225
-1.1617 6.58778 1.26339 6.7131 -0.174548 0.0840222 -1.34406 123.144 468 460225
-1.1617 6.59831 1.12254 6.7131 -0.174275 0.0629841 -1.34406 125.019 478 460225
-1.1617 6.60582 0.981693 6.7131 -0.17408 0.041974 -1.34406 120.894 456 460225
-1.08627 6.80506 1.13461 6.90491 -0.158291 0.0629841 -1.34406 114.519 422 460225
-1.19489 6.776 1.27948 6.90491 -0.174548 0.0840222 -1.34406 116.019 430 460225
-1.19489 6.78683 1.13461 6.90491 -0.174275 0.0629841 -1.34406 119.582 449 460225
-1.19489 6.79456 0.989741 6.90491 -0.17408 0.041974 -1.34406 116.957 435 460225
-1.1617 6.58778 1.26339 6.7131 -0.174548 0.0840222 -1.48553 117.707 439 460225
-1.1617 6.59831 1.12254 6.7131 -0.174275 0.0629841 -1.48553 119.019 446 460225
-1.26731 6.56828 1.26339 6.7131 -0.190602 0.0840222 -1.48553 117.144 436 460225
-1.26731 6.57884 1.12254 6.7131 -0.190303 0.0629841 -1.48553 117.332 437 460225
-0.950484 6.6395 0.418307 6.7131 -0.14219 -0.041974 -2.75885 114.519 422 460225
-1.1617 6.58778 1.26339 6.7131 -0.174548 0.0840222 -1.55627 114.332 421 460225
-1.1617 6.59831 1.12254 6.7131 -0.174275 0.0629841 -1.55627 116.957 435 460225
-1.26731 6.56828 1.26339 6.7131 -0.190602 0.0840222 -1.55627 114.332 421 460225
-1.26731 6.57884 1.12254 6.7131 -0.190303 0.0629841 -1.55627 115.832 429 460225
-1.05609 6.60553 1.26339 6.7131 -0.158538 0.0840222 -1.41479 115.082 425 460225
-1.1617 6.58778 1.26339 6.7131 -0.174548 0.0840222 -1.41479 117.894 440 460225
-1.1617 6.59831 1.12254 6.7131 -0.174275 0.0629841 -1.41479 118.457 443 460225
-1.26731 6.56828 1.26339 6.7131 -0.190602 0.0840222 -1.41479 115.644 428 460225
-1.26731 6.57884 1.12254 6.7131 -0.190303 0.0629841 -1.41479 116.207 431 460225
-0.844874 6.64631 0.27746 6.7131 -0.126441 -0.0629841 -3.39551 120.332 453 460225
-0.844874 6.63585 0.136614 6.7131 -0.126638 -0.0840222 -3.39551 116.957 435 460225
-0.950484 6.6395 0.418307 6.7131 -0.14219 -0.041974 -3.39551 117.519 438 460225
-0.950484 6.63203 0.27746 6.7131 -0.142348 -0.0629841 -3.39551 121.644 460 460225
-0.950484 6.62155 0.136614 6.7131 -0.14257 -0.0840222 -3.39551 118.082 441 460225
-0.844874 6.64631 0.27746 6.7131 -0.126441 -0.0629841 -3.60773 117.519 438 460225
-0.844874 6.63585 0.136614 6.7131 -0.126638 -0.0840222 -3.60773 115.082 425 460225
-0.950484 6.63203 0.27746 6.7131 -0.142348 -0.0629841 -3.60773 114.707 423 460225
-0.844874 6.64631 0.27746 6.7131 -0.126441 -0.0629841 -3.53699 117.894 440 460225
-0.950484 6.63203 0.27746 6.7131 -0.142348 -0.0629841 -3.53699 117.707 439 460225
-0.950484 6.62155 0.136614 6.7131 -0.14257 -0.0840222 -3.53699 114.519 422 460225
-0.844874 6.64631 0.27746 6.7131 -0.126441 -0.0629841 -3.81995 115.457 427 460225
-0.844874 6.63585 0.136614 6.7131 -0.126638 -0.0840222 -3.81995 114.894 424 460225
-0.950484 6.63203 0.27746 6.7131 -0.142348 -0.0629841 -3.81995 116.582 433 460225
-0.950484 6.62155 0.136614 6.7131 -0.14257 -0.0840222 -3.81995 115.082 425 460225
-0.844874 6.64631 0.27746 6.7131 -0.126441 -0.0629841 -3.46625 116.957 435 460225
-0.950484 6.6395 0.418307 6.7131 -0.14219 -0.041974 -3.46625 114.332 421 460225
-0.950484 6.63203 0.27746 6.7131 -0.142348 -0.0629841 -3.46625 118.457 443 460225
-0.950484 6.62155 0.136614 6.7131 -0.14257 -0.0840222 -3.46625 115.457 427 460225
-1.19489 6.776 1.27948 6.90491 -0.174548 0.0840222 -1.41479 115.457 427 460225
-1.19489 6.78683 1.13461 6.90491 -0.174275 0.0629841 -1.41479 115.082 425 460225
-1.19489 6.776 1.27948 6.90491 -0.174548 0.0840222 -1.48553 117.894 440 460225
-1.19489 6.78683 1.13461 6.90491 -0.174275 0.0629841 -1.48553 116.394 432 460225
-1.30352 6.75594 1.27948 6.90491 -0.190602 0.0840222 -1.48553 115.457 427 460225
-1.19489 6.776 1.27948 6.90491 -0.174548 0.0840222 -1.55627 115.269 426 460225
-1.11644 7.00834 0.7 7.09671 -0.157974 0 -0.565918 114.332 421 460225
1.67466 6.88986 0.40221 7.09671 0.238438 -0.041974 -0 120.332 453 460225
1.67466 6.88181 0.253315 7.09671 0.238706 -0.0629841 -0 125.207 479 460225
1.56302 6.90802 0.253315 7.09671 0.222515 -0.0629841 -0 123.894 472 460225
1.37594 7.14274 0.241243 7.28851 0.190303 -0.0629841 -0 119.582 449 460225
1.88286 7.23266 0.386113 7.48032 0.254675 -0.041974 -0 123.457 459 460225
1.76518 7.26228 0.386113 7.48032 0.238438 -0.041974 -0 125.144 468 460225
1.41215 7.33071 0.22917 7.48032 0.190303 -0.0629841 -0 119.894 440 460225
2.84542 7.32366 0.370017 7.86392 0.370574 -0.041974 0.0707397 110.332 389 460225
2.84542 7.31436 0.205025 7.86392 0.371003 -0.0629841 0.0707397 112.957 403 460225
2.47427 7.45723 0.370017 7.86392 0.320366 -0.041974 0.0707397 113.707 407 460225
2.47427 7.4481 0.205025 7.86392 0.320732 -0.0629841 0.0707397 115.019 414 460225
1.85571 7.64005 0.535008 7.86392 0.238277 -0.0209824 -0 126.269 474 460225
1.85571 7.63471 0.370017 7.86392 0.238438 -0.041974 -0 126.269 474 460225
1.73199 7.66904 0.535008 7.86392 0.222116 -0.0209824 -0 123.832 461 460225
1.73199 7.66372 0.370017 7.86392 0.222265 -0.041974 -0 124.019 462 460225
2.84542 7.32366 0.370017 7.86392 0.370574 -0.041974 -0.0707397 109.957 387 460225
2.84542 7.31436 0.205025 7.86392 0.371003 -0.0629841 -0.0707397 112.582 401 460225
2.47427 7.45723 0.370017 7.86392 0.320366 -0.041974 -0.0707397 114.457 411 460225
2.47427 7.4481 0.205025 7.86392 0.320732 -0.0629841 -0.0707397 115.394 416 460225
1.90097 7.8264 0.530984 8.05573 0.238277 -0.0209824 0.0707397 126.082 473 460225
1.90097 7.82092 0.361968 8.05573 0.238438 -0.041974 0.0707397 131.144 500 460225
1.90097 7.81178 0.192952 8.05573 0.238706 -0.0629841 0.0707397 127.957 483 460225
1.77424 7.85064 0.361968 8.05573 0.222265 -0.041974 0.0707397 127.582 481 460225
1.90097 7.8264 0.530984 8.05573 0.238277 -0.0209824 -0 133.957 515 460225
1.90097 7.82092 0.361968 8.05573 0.238438 -0.041974 -0 138.832 541 460225
1.90097 7.81178 0.192952 8.05573 0.238706 -0.0629841 -0 135.644 524 460225
1.77424 7.85064 0.361968 8.05573 0.222265 -0.041974 -0 135.269 522 460225
1.90097 7.8264 0.530984 8.05573 0.238277 -0.0209824 -0.0707397 126.832 477 460225
1.90097 7.82092 0.361968 8.05573 0.238438 -0.041974 -0.0707397 131.707 503 460225
1.90097 7.81178 0.192952 8.05573 0.238706 -0.0629841 -0.0707397 128.519 486 460225
1.77424 7.85064 0.361968 8.05573 0.222265 -0.041974 -0.0707397 128.332 485 460225
1.94623 8.00713 0.35392 8.24753 0.238438 -0.041974 0.0707397 123.519 454 460225
1.94623 8.00713 0.35392 8.24753 0.238438 -0.041974 -0 131.582 497 460225
1.94623 7.99778 0.18088 8.24753 0.238706 -0.0629841 -0 130.082 489 460225
1.81648 8.03756 0.35392 8.24753 0.222265 -0.041974 -0 128.207 479 460225
1.81648 8.02824 0.18088 8.24753 0.222515 -0.0629841 -0 126.894 472 460225
1.94623 8.00713 0.35392 8.24753 0.238438 -0.041974 -0.0707397 125.394 464 460225
1.94623 7.99778 0.18088 8.24753 0.238706 -0.0629841 -0.0707397 124.082 457 460225
1.99149 8.19334 0.345872 8.43933 0.238438 -0.041974 -0 125.019 462 460225
1.32766 8.32672 0.345872 8.43933 0.158115 -0.041974 -0 117.144 420 460225
2.4441 8.26993 0.337823 8.63113 0.287361 -0.041974 -0 119.019 430 460225
1.6294 8.4682 0.337823 8.63113 0.190091 -0.041974 -0 121.832 445 460225
1.49362 8.4932 0.337823 8.63113 0.17408 -0.041974 -0 120.144 436 460225
4.68 7.69546 0.321726 9.01474 0.546391 -0.041974 -0 115.957 403 460225
3.12 8.44914 0.321726 9.01474 0.353736 -0.041974 -0 117.644 412 460225
2.97818 8.50017 0.321726 9.01474 0.337002 -0.041974 -0 118.207 415 460225
3.76573 8.39229 0.313678 9.20654 0.421783 -0.041974 -0 116.894 408 460225
3.62089 8.4624 0.506839 9.20654 0.404307 -0.0209824 -0 115.207 399 460225
3.62089 8.45579 0.313678 9.20654 0.40459 -0.041974 -0 120.082 425 460225
3.62089 8.44475 0.120517 9.20654 0.405063 -0.0629841 -0 116.144 404 460225
3.47605 8.51635 0.313678 9.20654 0.387523 -0.041974 -0 116.707 407 460225
-2.00054 9.573 0.494766 9.78195 -0.206013 -0.0209824 -0 117.332 405 460225
3.8472 8.9913 0.494766 9.78195 0.404307 -0.0209824 -0 119.582 417 460225
3.8472 8.98427 0.289533 9.78195 0.40459 -0.041974 -0 120.519 422 460225
3.69331 9.0556 0.494766 9.78195 0.387253 -0.0209824 -0 118.644 412 460225
3.69331 9.04862 0.289533 9.78195 0.387523 -0.041974 -0 119.207 415 460225
-1.72596 9.82105 0.490742 9.97375 -0.173964 -0.0209824 -0 116.207 399 460225
-1.88286 9.79218 0.490742 9.97375 -0.189964 -0.0209824 -0 114.332 389 460225
-2.03977 9.7607 0.490742 9.97375 -0.206013 -0.0209824 -0 118.644 412 460225
-2.03977 9.75397 0.281485 9.97375 -0.206151 -0.041974 -0 114.144 388 460225
-2.19667 9.72659 0.490742 9.97375 -0.222116 -0.0209824 -0 115.269 394 460225
-2.9812 9.50858 0.281485 9.97375 -0.303821 -0.041974 -0 113.957 387 460225
-2.3234 10.2806 0.257339 10.5492 -0.222265 -0.041974 -0 121.707 423 460225
-2.48936 10.2417 0.257339 10.5492 -0.238438 -0.041974 -0 121.707 423 460225
8.13192 6.71624 0.47867 10.5492 0.880455 -0.0209824 -0 121.707 423 460225
8.13192 6.70529 0.257339 10.5492 0.881256 -0.041974 -0 124.332 437 460225
8.13192 6.70529 0.257339 10.5492 0.881256 -0.041974 -0.0707397 117.957 403 460225
6.05292 9.55856 0.462573 11.3164 0.564507 -0.0209824 0.0707397 123.269 426 460225
6.05292 9.54971 0.225146 11.3164 0.564926 -0.041974 0.0707397 124.582 433 460225
6.05292 9.55856 0.462573 11.3164 0.564507 -0.0209824 -0 131.332 469 460225
6.05292 9.54971 0.225146 11.3164 0.564926 -0.041974 -0 132.457 475 460225
6.05292 9.55856 0.462573 11.3164 0.564507 -0.0209824 -0.0707397 124.207 431 460225
6.05292 9.54971 0.225146 11.3164 0.564926 -0.041974 -0.0707397 125.332 437 460225
6.15551 9.72057 0.458549 11.5082 0.564507 -0.0209824 -0 120.457 411 460225
6.15551 9.71157 0.217098 11.5082 0.564926 -0.041974 -0 121.582 417 460225
5.97447 9.53489 3.11451 11.5082 0.559742 0.211379 -0 121.394 416 460225
5.97447 9.59279 2.87306 11.5082 0.557021 0.189968 -0 123.644 428 460225
1.39404 12.5708 0.168807 12.659 0.110444 -0.041974 -0 119.957 403 460225
6.15551 11.4954 0.426355 13.0426 0.491624 -0.0209824 -0 139.519 502 460225
5.95033 11.6029 0.426355 13.0426 0.473858 -0.0209824 -0 137.832 493 460225
6.24604 11.6645 0.422331 13.2344 0.491624 -0.0209824 -0 143.644 524 460225
6.24604 11.6545 0.144662 13.2344 0.491978 -0.041974 -0 140.457 507 460225
6.03783 11.7736 0.422331 13.2344 0.473858 -0.0209824 -0 141.957 515 460225
6.03783 11.7637 0.144662 13.2344 0.474198 -0.041974 -0 138.394 496 460225
6.33656 11.8335 0.418307 13.4262 0.491624 -0.0209824 0.0707397 145.519 534 460225
6.33656 11.8234 0.136614 13.4262 0.491978 -0.041974 0.0707397 141.582 513 460225
6.12534 11.9442 0.418307 13.4262 0.473858 -0.0209824 0.0707397 143.457 523 460225
6.33656 11.8335 0.418307 13.4262 0.491624 -0.0209824 -0 153.207 575 460225
6.33656 11.8234 0.136614 13.4262 0.491978 -0.041974 -0 149.269 554 460225
6.12534 11.9442 0.418307 13.4262 0.473858 -0.0209824 -0 151.144 564 460225
6.33656 11.8335 0.418307 13.4262 0.491624 -0.0209824 -0.0707397 146.082 537 460225
6.33656 11.8234 0.136614 13.4262 0.491978 -0.041974 -0.0707397 142.519 518 460225
6.12534 11.9442 0.418307 13.4262 0.473858 -0.0209824 -0.0707397 144.207 527 460225
6.42708 12.0026 0.414283 13.618 0.491624 -0.0209824 -0 141.082 505 460225
6.42708 11.8382 2.70002 13.618 0.497384 0.147399 -0 139.207 495 460225
6.21284 12.1148 0.414283 13.618 0.473858 -0.0209824 -0 138.832 493 460225
6.21284 11.9007 2.98574 13.618 0.481138 0.168645 -0 137.894 488 460225
6.21284 11.952 2.70002 13.618 0.479374 0.147399 -0 142.019 510 460225
6.5176 12.1716 0.410259 13.8098 0.491624 -0.0209824 -0 138.269 490 460225
6.30035 12.2855 0.410259 13.8098 0.473858 -0.0209824 -0 137.332 485 460225
6.1193 13.6519 0.7 14.9606 0.421388 0 -0 131.582 449 460225
-7.15126 13.2981 -0.571643 15.1524 -0.493402 -0.0840222 -0 126.394 416 460225
-7.38963 13.2284 0.7 15.1524 -0.509437 0 -0 128.082 425 460225
-7.38963 13.2245 0.382089 15.1524 -0.50956 -0.0209824 -0 128.269 426 460225
-7.38963 13.1671 -0.571643 15.1524 -0.511416 -0.0840222 -0 130.144 436 460225
6.82538 15.2271 0.7 16.6869 0.421388 0 0.0707397 145.394 512 460225
6.56286 15.3421 0.7 16.6869 0.404213 0 0.0707397 149.519 534 460225
6.56286 15.3381 1.0501 16.6869 0.404307 0.0209824 0.0707397 149.519 534 460225
6.82538 15.2271 0.7 16.6869 0.421388 0 -0 152.894 552 460225
6.56286 15.3421 0.7 16.6869 0.404213 0 -0 156.832 573 460225
6.56286 15.3381 1.0501 16.6869 0.404307 0.0209824 -0 156.832 573 460225
6.82538 15.2271 0.7 16.6869 0.421388 0 -0.0707397 145.582 513 460225
6.56286 15.3421 0.7 16.6869 0.404213 0 -0.0707397 149.707 535 460225
6.56286 15.3381 1.0501 16.6869 0.404307 0.0209824 -0.0707397 149.707 535 460225
6.6383 15.5184 0.7 16.8787 0.404213 0 0.0707397 149.519 534 460225
6.6383 15.5144 1.05413 16.8787 0.404307 0.0209824 0.0707397 149.144 532 460225
6.6383 15.5184 0.7 16.8787 0.404213 0 -0 157.394 576 460225
6.6383 15.5144 1.05413 16.8787 0.404307 0.0209824 -0 157.207 575 460225
6.6383 15.5184 0.7 16.8787 0.404213 0 -0.0707397 150.832 541 460225
6.6383 15.5144 1.05413 16.8787 0.404307 0.0209824 -0.0707397 150.269 538 460225
-7.3323 15.6276 0.7 17.2623 -0.438696 0 -0 130.582 433 460225
-7.3323 15.6234 0.337823 17.2623 -0.438799 -0.0209824 -0 135.269 458 460225
-7.3323 15.6108 -0.0243536 17.2623 -0.439109 -0.041974 -0 132.082 441 460225
-7.60387 15.4931 0.337823 17.2623 -0.456253 -0.0209824 -0 132.644 444 460225
6.73486 16.5174 0.7 17.8377 0.387164 0 0.0707397 148.269 522 460225
6.73486 16.5132 0.325751 17.8377 0.387253 -0.0209824 0.0707397 148.644 524 460225
6.45424 16.6291 0.7 17.8377 0.370232 0 0.0707397 145.644 508 460225
6.45424 16.6248 0.325751 17.8377 0.370317 -0.0209824 0.0707397 146.019 510 460225
6.73486 16.5174 0.7 17.8377 0.387164 0 -0 155.957 563 460225
6.73486 16.5132 0.325751 17.8377 0.387253 -0.0209824 -0 156.144 564 460225
6.45424 16.6291 0.7 17.8377 0.370232 0 -0 152.957 547 460225
6.45424 16.6248 0.325751 17.8377 0.370317 -0.0209824 -0 153.332 549 460225
6.73486 16.5174 0.7 17.8377 0.387164 0 -0.0707397 148.644 524 460225
6.73486 16.5132 0.325751 17.8377 0.387253 -0.0209824 -0.0707397 149.019 526 460225
6.45424 16.6291 0.7 17.8377 0.370232 0 -0.0707397 145.644 508 460225
6.45424 16.6248 0.325751 17.8377 0.370317 -0.0209824 -0.0707397 146.019 510 460225
6.80727 16.695 0.7 18.0295 0.387164 0 0.0707397 142.082 489 460225
6.80727 16.6907 0.321726 18.0295 0.387253 -0.0209824 0.0707397 142.269 490 460225
6.80727 16.695 0.7 18.0295 0.387164 0 -0 150.144 532 460225
6.80727 16.6907 0.321726 18.0295 0.387253 -0.0209824 -0 150.519 534 460225
6.52364 16.8079 0.7 18.0295 0.370232 0 -0 147.144 516 460225
6.52364 16.8036 0.321726 18.0295 0.370317 -0.0209824 -0 147.332 517 460225
6.80727 16.695 0.7 18.0295 0.387164 0 -0.0707397 143.957 499 460225
6.80727 16.6907 0.321726 18.0295 0.387253 -0.0209824 -0.0707397 144.332 501 460225
6.87969 16.8726 0.7 18.2213 0.387164 0 -0 146.457 507 460225
6.87969 16.8683 0.317702 18.2213 0.387253 -0.0209824 -0 145.519 502 460225
6.59304 16.9867 0.7 18.2213 0.370232 0 -0 146.269 506 460225
6.59304 16.9824 0.317702 18.2213 0.370317 -0.0209824 -0 145.519 502 460225
3.04758 19.1309 0.7 19.3721 0.157974 0 0.0707397 137.332 453 460225
2.74282 19.1769 0.7 19.3721 0.142064 0 0.0707397 138.269 458 460225
6.46329 18.4654 0.7 19.5639 0.336693 0 -0 152.894 536 460225
6.46329 18.4609 0.289533 19.5639 0.336771 -0.0209824 -0 152.332 533 460225
6.15551 18.5703 0.7 19.5639 0.320073 0 -0 152.144 532 460225
6.15551 18.5658 0.289533 19.5639 0.320146 -0.0209824 -0 151.207 527 460225
7.14824 18.1871 3.60144 19.7557 0.37449 0.147399 -0 143.332 485 460225
5.90507 18.8525 0.7 19.7557 0.303544 0 -0 151.207 527 460225
6.27621 18.9344 0.7 19.9475 0.320073 0 0.0707397 159.457 571 460225
6.27621 18.9298 0.281485 19.9475 0.320146 -0.0209824 0.0707397 155.332 549 460225
6.27621 18.9298 1.11852 19.9475 0.320146 0.0209824 0.0707397 155.519 550 460225
5.9624 19.0356 0.7 19.9475 0.303544 0 0.0707397 158.894 568 460225
6.27621 18.9344 0.7 19.9475 0.320073 0 -0 166.957 611 460225
6.27621 18.9298 0.281485 19.9475 0.320146 -0.0209824 -0 163.019 590 460225
6.27621 18.9298 1.11852 19.9475 0.320146 0.0209824 -0 163.019 590 460225
5.9624 19.0356 0.7 19.9475 0.303544 0 -0 166.207 607 460225
6.27621 18.9344 0.7 19.9475 0.320073 0 -0.0707397 160.019 574 460225
6.27621 18.9298 0.281485 19.9475 0.320146 -0.0209824 -0.0707397 156.082 553 460225
6.27621 18.9298 1.11852 19.9475 0.320146 0.0209824 -0.0707397 155.894 552 460225
5.9624 19.0356 0.7 19.9475 0.303544 0 -0.0707397 159.269 570 460225
6.33656 19.1165 0.7 20.1393 0.320073 0 0.0707397 152.894 536 460225
6.01973 19.2186 0.7 20.1393 0.303544 0 0.0707397 151.582 529 460225
6.33656 19.1165 0.7 20.1393 0.320073 0 -0 161.144 580 460225
6.33656 19.1118 0.27746 20.1393 0.320146 -0.0209824 -0 157.019 558 460225
6.33656 19.1118 1.12254 20.1393 0.320146 0.0209824 -0 157.394 560 460225
6.01973 19.2186 0.7 20.1393 0.303544 0 -0 160.582 577 460225
6.33656 19.1165 0.7 20.1393 0.320073 0 -0.0707397 154.582 545 460225
6.01973 19.2186 0.7 20.1393 0.303544 0 -0.0707397 154.582 545 460225
6.39691 19.2985 0.7 20.3311 0.320073 0 -0 152.707 535 460225
6.07706 19.4016 0.7 20.3311 0.303544 0 -0 151.582 529 460225
1.93718 20.4268 1.13059 20.5229 0.0945525 0.0209824 -0 147.519 502 460225
1.61431 20.4548 1.13059 20.5229 0.0787578 0.0209824 -0 148.644 508 460225
1.29145 20.4822 0.7 20.5229 0.0629689 0 -0 151.269 522 460225
1.29145 20.4777 1.13059 20.5229 0.0629827 0.0209824 -0 150.144 516 460225
0.968588 20.5 0.7 20.5229 0.047213 0 -0 148.457 507 460225
1.95528 20.6222 0.7 20.7147 0.0945316 0 0.0707397 151.644 524 460225
1.95528 20.6177 1.13461 20.7147 0.0945525 0.0209824 0.0707397 154.644 540 460225
1.6294 20.6505 0.7 20.7147 0.0787404 0 0.0707397 152.582 529 460225
1.6294 20.646 1.13461 20.7147 0.0787578 0.0209824 0.0707397 154.832 541 460225
1.95528 20.6222 0.7 20.7147 0.0945316 0 -0 158.957 563 460225
1.95528 20.6177 1.13461 20.7147 0.0945525 0.0209824 -0 161.957 579 460225
1.6294 20.6505 0.7 20.7147 0.0787404 0 -0 159.894 568 460225
1.6294 20.646 1.13461 20.7147 0.0787578 0.0209824 -0 161.957 579 460225
1.95528 20.6222 0.7 20.7147 0.0945316 0 -0.0707397 151.457 523 460225
1.95528 20.6177 1.13461 20.7147 0.0945525 0.0209824 -0.0707397 154.457 539 460225
1.6294 20.6505 0.7 20.7147 0.0787404 0 -0.0707397 152.957 531 460225
1.6294 20.646 1.13461 20.7147 0.0787578 0.0209824 -0.0707397 154.832 541 460225
4.93346 20.3161 0.7 20.9065 0.238224 0 0.0707397 147.144 500 460225
4.93346 20.2971 1.57727 20.9065 0.238438 0.041974 0.0707397 145.082 489 460225
4.93346 20.3114 1.13864 20.9065 0.238277 0.0209824 0.0707397 148.644 508 460225
4.60457 20.3743 1.57727 20.9065 0.222265 0.041974 0.0707397 145.832 493 460225
4.60457 20.3884 1.13864 20.9065 0.222116 0.0209824 0.0707397 147.144 500 460225
4.93346 20.3114 1.13864 20.9065 0.238277 0.0209824 -0 156.332 549 460225
4.93346 20.3161 0.7 20.9065 0.238224 0 -0.0707397 148.082 505 460225
4.93346 20.3114 1.13864 20.9065 0.238277 0.0209824 -0.0707397 149.582 513 460225
4.60457 20.3884 1.13864 20.9065 0.222116 0.0209824 -0.0707397 148.269 506 460225
1.64449 20.8417 0.7 20.9065 0.0787404 0 -0.0707397 148.269 506 460225
1.64449 20.8371 1.13864 20.9065 0.0787578 0.0209824 -0.0707397 148.832 509 460225
1.99149 21.0041 0.7 21.0983 0.0945316 0 -0 147.144 500 460225
1.99149 20.9995 1.14266 21.0983 0.0945525 0.0209824 -0 151.457 523 460225
1.65957 21.0283 1.14266 21.0983 0.0787578 0.0209824 -0 151.082 521 460225
3.68426 20.9499 1.59337 21.2901 0.17408 0.041974 -0 144.707 487 460225
3.68426 20.9642 1.14668 21.2901 0.173964 0.0209824 -0 143.582 481 460225
1.67466 21.2242 0.7 21.2901 0.0787404 0 -0 145.269 490 460225
1.67466 21.2195 1.14668 21.2901 0.0787578 0.0209824 -0 145.269 490 460225
3.71745 21.153 1.15071 21.4819 0.173964 0.0209824 0.0707397 147.707 503 460225
1.3518 21.4394 0.7 21.4819 0.0629689 0 0.0707397 150.519 518 460225
1.3518 21.4346 0.249291 21.4819 0.0629827 -0.0209824 0.0707397 147.519 502 460225
1.3518 21.4346 1.15071 21.4819 0.0629827 0.0209824 0.0707397 148.832 509 460225
1.01385 21.458 0.7 21.4819 0.047213 0 0.0707397 147.894 504 460225
1.3518 21.4394 0.7 21.4819 0.0629689 0 -0 158.207 559 460225
1.3518 21.4346 1.15071 21.4819 0.0629827 0.0209824 -0 156.519 550 460225
3.71745 21.153 1.15071 21.4819 0.173964 0.0209824 -0.0707397 148.644 508 460225
1.3518 21.4394 0.7 21.4819 0.0629689 0 -0.0707397 150.894 520 460225
1.3518 21.4346 0.249291 21.4819 0.0629827 -0.0209824 -0.0707397 148.082 505 460225
1.3518 21.4346 1.15071 21.4819 0.0629827 0.0209824 -0.0707397 149.394 512 460225
1.01385 21.458 0.7 21.4819 0.047213 0 -0.0707397 148.082 505 460225
1.36387 21.6308 0.7 21.6737 0.0629689 0 0.0707397 145.082 489 460225
1.36387 21.6308 0.7 21.6737 0.0629689 0 -0 153.519 534 460225
1.36387 21.6308 0.7 21.6737 0.0629689 0 -0.0707397 147.519 502 460225
5.15977 21.2431 1.15876 21.8655 0.238277 0.0209824 0.0707397 149.394 512 460225
4.81578 21.3089 1.61751 21.8655 0.222265 0.041974 0.0707397 149.582 513 460225
4.81578 21.3237 1.15876 21.8655 0.222116 0.0209824 0.0707397 154.457 539 460225
4.4718 21.3985 1.15876 21.8655 0.206013 0.0209824 0.0707397 149.957 515 460225
5.15977 21.2431 1.15876 21.8655 0.238277 0.0209824 -0 156.332 549 460225
4.81578 21.3089 1.61751 21.8655 0.222265 0.041974 -0 156.519 550 460225
4.81578 21.3237 1.15876 21.8655 0.222116 0.0209824 -0 161.394 576 460225
4.4718 21.3985 1.15876 21.8655 0.206013 0.0209824 -0 156.707 551 460225
5.15977 21.2431 1.15876 21.8655 0.238277 0.0209824 -0.0707397 148.269 506 460225
4.81578 21.3089 1.61751 21.8655 0.222265 0.041974 -0.0707397 148.832 509 460225
4.81578 21.3237 1.15876 21.8655 0.222116 0.0209824 -0.0707397 153.894 536 460225
4.4718 21.3985 1.15876 21.8655 0.206013 0.0209824 -0.0707397 149.394 512 460225
4.85803 21.5107 1.16278 22.0573 0.222116 0.0209824 0.0707397 149.644 508 460225
5.20503 21.4294 1.16278 22.0573 0.238277 0.0209824 -0 153.019 526 460225
4.85803 21.4958 1.62556 22.0573 0.222265 0.041974 -0 151.519 518 460225
4.85803 21.5107 1.16278 22.0573 0.222116 0.0209824 -0 157.519 550 460225
4.51103 21.5862 1.16278 22.0573 0.206013 0.0209824 -0 152.269 522 460225
5.20503 21.4294 1.16278 22.0573 0.238277 0.0209824 -0.0707397 146.269 490 460225
4.85803 21.5107 1.16278 22.0573 0.222116 0.0209824 -0.0707397 151.144 516 460225
8.05045 20.7364 1.16681 22.2491 0.370317 0.0209824 0.0707397 135.207 431 460225
8.05045 20.7206 1.63361 22.2491 0.370574 0.041974 -0 141.394 464 460225
8.05045 20.7364 1.16681 22.2491 0.370317 0.0209824 -0 142.894 472 460225
4.90027 21.6978 1.16681 22.2491 0.222116 0.0209824 -0 147.019 494 460225
2.80015 22.0722 0.7 22.2491 0.126189 0 -0 142.144 468 460225
2.80015 22.0673 1.16681 22.2491 0.126217 0.0209824 -0 141.957 467 460225
8.05045 20.7364 1.16681 22.2491 0.370317 0.0209824 -0.0707397 135.582 433 460225
1.79536 22.7538 0.7 22.8246 0.0787404 0 0.0707397 152.707 519 460225
1.43629 22.7793 0.7 22.8246 0.0629689 0 0.0707397 154.957 531 460225
1.43629 22.7743 1.17888 22.8246 0.0629827 0.0209824 0.0707397 150.832 509 460225
1.07721 22.7991 0.7 22.8246 0.047213 0 0.0707397 152.332 517 460225
1.79536 22.7538 0.7 22.8246 0.0787404 0 -0 160.019 558 460225
1.43629 22.7793 0.7 22.8246 0.0629689 0 -0 162.082 569 460225
1.43629 22.7743 1.17888 22.8246 0.0629827 0.0209824 -0 158.144 548 460225
1.07721 22.7991 0.7 22.8246 0.047213 0 -0 159.457 555 460225
1.79536 22.7538 0.7 22.8246 0.0787404 0 -0.0707397 152.707 519 460225
1.43629 22.7793 0.7 22.8246 0.0629689 0 -0.0707397 154.957 531 460225
1.43629 22.7743 1.17888 22.8246 0.0629827 0.0209824 -0.0707397 150.832 509 460225
1.07721 22.7991 0.7 22.8246 0.047213 0 -0.0707397 152.332 517 460225
1.81044 22.945 0.7 23.0164 0.0787404 0 0.0707397 151.957 515 460225
1.44836 22.9707 0.7 23.0164 0.0629689 0 0.0707397 155.519 534 460225
1.44836 22.9657 1.1829 23.0164 0.0629827 0.0209824 0.0707397 151.957 515 460225
1.08627 22.9907 0.7 23.0164 0.047213 0 0.0707397 153.644 524 460225
1.08627 22.9856 1.1829 23.0164 0.0472234 0.0209824 0.0707397 151.019 510 460225
1.81044 22.945 0.7 23.0164 0.0787404 0 -0 159.832 557 460225
1.44836 22.9707 0.7 23.0164 0.0629689 0 -0 163.207 575 460225
1.44836 22.9657 1.1829 23.0164 0.0629827 0.0209824 -0 159.644 556 460225
1.08627 22.9907 0.7 23.0164 0.047213 0 -0 161.519 566 460225
1.81044 22.945 0.7 23.0164 0.0787404 0 -0.0707397 152.894 520 460225
1.44836 22.9707 0.7 23.0164 0.0629689 0 -0.0707397 156.269 538 460225
1.44836 22.9657 1.1829 23.0164 0.0629827 0.0209824 -0.0707397 152.707 519 460225
1.08627 22.9907 0.7 23.0164 0.047213 0 -0.0707397 154.582 529 460225
1.08627 22.9856 1.1829 23.0164 0.0472234 0.0209824 -0.0707397 152.144 516 460225
-14.4745 18.6295 0.7 23.5918 -0.660537 0 0.0707397 133.019 414 460225
-14.8456 18.3352 0.7 23.5918 -0.680617 0 0.0707397 138.082 441 460225
-14.8456 18.3285 0.205025 23.5918 -0.680795 -0.0209824 0.0707397 136.207 431 460225
-15.2168 18.0283 0.7 23.5918 -0.701029 0 0.0707397 134.332 421 460225
-14.8456 18.3352 0.7 23.5918 -0.680617 0 -0 145.207 479 460225
-14.8456 18.3285 0.205025 23.5918 -0.680795 -0.0209824 -0 143.332 469 460225
-14.8456 18.3352 0.7 23.5918 -0.680617 0 -0.0707397 138.832 445 460225
-14.8456 18.3285 0.205025 23.5918 -0.680795 -0.0209824 -0.0707397 136.394 432 460225
-15.2168 18.0283 0.7 23.5918 -0.701029 0 -0.0707397 134.894 424 460225
-14.5922 18.781 0.7 23.7836 -0.660537 0 0.0707397 139.019 446 460225
-14.9663 18.4842 0.7 23.7836 -0.680617 0 0.0707397 139.207 447 460225
-14.9663 18.4775 0.201001 23.7836 -0.680795 -0.0209824 0.0707397 136.582 433 460225
-14.5922 18.781 0.7 23.7836 -0.660537 0 -0 145.957 483 460225
-14.9663 18.4842 0.7 23.7836 -0.680617 0 -0 146.707 487 460225
-14.5922 18.781 0.7 23.7836 -0.660537 0 -0.0707397 139.019 446 460225
-14.9663 18.4842 0.7 23.7836 -0.680617 0 -0.0707397 140.332 453 460225
-14.9663 18.4775 0.201001 23.7836 -0.680795 -0.0209824 -0.0707397 137.519 438 460225
1.52077 24.1193 0.7 24.1672 0.0629689 0 0.0707397 148.582 497 460225
1.52077 24.1139 1.20705 24.1672 0.0629827 0.0209824 0.0707397 146.707 487 460225
1.14058 24.1402 0.7 24.1672 0.047213 0 0.0707397 149.144 500 460225
1.14058 24.1349 1.20705 24.1672 0.0472234 0.0209824 0.0707397 147.082 489 460225
1.52077 24.1193 0.7 24.1672 0.0629689 0 -0 155.894 536 460225
1.52077 24.1139 1.20705 24.1672 0.0629827 0.0209824 -0 154.207 527 460225
1.14058 24.1402 0.7 24.1672 0.047213 0 -0 156.082 537 460225
1.14058 24.1349 1.20705 24.1672 0.0472234 0.0209824 -0 154.394 528 460225
1.52077 24.1193 0.7 24.1672 0.0629689 0 -0.0707397 148.394 496 460225
1.52077 24.1139 1.20705 24.1672 0.0629827 0.0209824 -0.0707397 146.332 485 460225
1.14058 24.1402 0.7 24.1672 0.047213 0 -0.0707397 148.582 497 460225
1.14058 24.1349 1.20705 24.1672 0.0472234 0.0209824 -0.0707397 146.894 488 460225
1.53284 24.3107 0.7 24.359 0.0629689 0 0.0707397 149.957 499 460225
1.53284 24.3053 1.21107 24.359 0.0629827 0.0209824 0.0707397 148.832 493 460225
1.14963 24.3318 0.7 24.359 0.047213 0 0.0707397 150.144 500 460225
1.14963 24.3265 1.21107 24.359 0.0472234 0.0209824 0.0707397 148.644 492 460225
1.53284 24.3107 0.7 24.359 0.0629689 0 -0 157.644 540 460225
1.53284 24.3053 1.21107 24.359 0.0629827 0.0209824 -0 156.519 534 460225
1.14963 24.3318 0.7 24.359 0.047213 0 -0 158.019 542 460225
1.14963 24.3265 1.21107 24.359 0.0472234 0.0209824 -0 156.519 534 460225
1.53284 24.3107 0.7 24.359 0.0629689 0 -0.0707397 150.894 504 460225
1.53284 24.3053 1.21107 24.359 0.0629827 0.0209824 -0.0707397 149.957 499 460225
1.14963 24.3318 0.7 24.359 0.047213 0 -0.0707397 151.269 506 460225
1.14963 24.3265 1.21107 24.359 0.0472234 0.0209824 -0.0707397 149.957 499 460225
10.0419 22.4031 0.7 24.5508 0.421388 0 -0 137.394 432 460225
9.65571 22.5723 0.7 24.5508 0.404213 0 -0 137.207 431 460225
5.79342 23.8519 1.2151 24.5508 0.238277 0.0209824 -0 137.582 433 460225
11.0679 22.5572 0.7 25.1262 0.456145 0 -0 134.207 415 460225
9.48673 23.2664 0.7 25.1262 0.387164 0 -0 134.394 416 460225
9.09145 23.4237 0.7 25.1262 0.370232 0 -0 135.332 421 460225
11.1523 22.7046 1.76239 25.318 0.456578 0.041974 -0 139.644 444 460225
11.1523 22.7232 1.23119 25.318 0.456253 0.0209824 -0 139.832 445 460225
10.754 22.8959 1.76239 25.318 0.439109 0.041974 -0 137.957 435 460225
10.754 22.9144 1.23119 25.318 0.438799 0.0209824 -0 138.332 437 460225
-16.7014 19.7872 0.7 25.8934 -0.701029 0 0.0707397 135.207 415 460225
-16.294 20.124 0.7 25.8934 -0.680617 0 -0 139.894 440 460225
-16.294 20.1166 0.156735 25.8934 -0.680795 -0.0209824 -0 138.019 430 460225
-16.7014 19.7872 0.7 25.8934 -0.701029 0 -0 142.332 453 460225
-16.7014 19.7797 0.156735 25.8934 -0.701215 -0.0209824 -0 140.457 443 460225
-16.7014 19.7797 1.24327 25.8934 -0.701215 0.0209824 -0 138.207 431 460225
-16.7014 19.7872 0.7 25.8934 -0.701029 0 -0.0707397 135.582 417 460225
-16.4147 20.273 0.7 26.0852 -0.680617 0 0.0707397 142.144 452 460225
-16.4147 20.2656 0.152711 26.0852 -0.680795 -0.0209824 0.0707397 139.707 439 460225
-16.8251 19.9338 0.7 26.0852 -0.701029 0 0.0707397 142.519 454 460225
-16.8251 19.9263 0.152711 26.0852 -0.701215 -0.0209824 0.0707397 140.457 443 460225
-16.4147 20.273 0.7 26.0852 -0.680617 0 -0 149.644 492 460225
-16.4147 20.2656 0.152711 26.0852 -0.680795 -0.0209824 -0 147.207 479 460225
-16.8251 19.9338 0.7 26.0852 -0.701029 0 -0 150.207 495 460225
-16.8251 19.9263 0.152711 26.0852 -0.701215 -0.0209824 -0 148.144 484 460225
-16.4147 20.273 0.7 26.0852 -0.680617 0 -0.0707397 142.707 455 460225
-16.4147 20.2656 0.152711 26.0852 -0.680795 -0.0209824 -0.0707397 140.269 442 460225
-16.8251 19.9338 0.7 26.0852 -0.701029 0 -0.0707397 143.082 457 460225
-16.8251 19.9263 0.152711 26.0852 -0.701215 -0.0209824 -0.0707397 141.394 448 460225
6.71072 25.583 4.05617 26.6606 0.256532 0.12622 -0 136.519 422 460225
6.2913 25.6894 4.05617 26.6606 0.240172 0.12622 -0 138.394 432 460225
6.2913 25.7563 3.49681 26.6606 0.239572 0.105098 -0 135.582 417 460225
6.2913 25.8835 1.81872 26.6606 0.238438 0.041974 -0 135.957 419 460225
6.75899 25.8347 3.51693 26.8524 0.255889 0.105098 -0 141.957 451 460225
6.33656 25.9416 3.51693 26.8524 0.239572 0.105098 -0 142.707 455 460225
6.33656 25.9416 3.51693 26.8524 0.239572 0.105098 -0.0707397 135.957 419 460225
-15.5336 22.6051 0.7 27.4278 -0.602065 0 -0 135.082 409 460225
-15.9651 22.3025 0.7 27.4278 -0.621281 0 -0 137.894 424 460225
-15.9651 22.2951 0.124541 27.4278 -0.621438 -0.0209824 -0 135.082 409 460225
-16.3966 21.9872 0.7 27.4278 -0.640765 0 -0 137.144 420 460225
-16.3966 21.9797 0.124541 27.4278 -0.640929 -0.0209824 -0 134.519 406 460225
-16.8281 21.6587 0.7 27.4278 -0.660537 0 -0 134.707 407 460225
10.4282 25.5753 0.7 27.6196 0.387164 0 0.0707397 136.019 414 460225
10.4282 25.5753 0.7 27.6196 0.387164 0 -0 143.332 453 460225
6.5176 26.8146 1.85897 27.6196 0.238438 0.041974 -0 144.082 457 460225
6.5176 26.8334 1.27948 27.6196 0.238277 0.0209824 -0 143.519 454 460225
6.0831 26.9165 1.85897 27.6196 0.222265 0.041974 -0 143.144 452 460225
10.8627 25.3938 0.7 27.6196 0.404213 0 -0.0707397 135.644 412 460225
10.4282 25.5753 0.7 27.6196 0.387164 0 -0.0707397 136.582 417 460225
-16.4117 22.9263 0.7 28.195 -0.621281 0 -0 139.207 431 460225
11.089 25.9229 0.7 28.195 0.404213 0 -0 139.582 433 460225
10.6454 26.1081 0.7 28.195 0.387164 0 -0 141.082 441 460225
6.65339 26.1171 8.98178 28.195 0.249446 0.298128 -0 141.457 443 460225
6.20983 26.2261 8.98178 28.195 0.232498 0.298128 -0 140.519 438 460225
10.6454 26.1081 0.7 28.195 0.387164 0 -0.0707397 134.707 407 460225
-16.0768 23.3955 0.7 28.3868 -0.602065 0 -0 140.519 438 460225
-16.5233 23.0823 0.7 28.3868 -0.621281 0 -0 140.332 437 460225
-19.6494 20.487 0.7 28.3868 -0.764533 0 -0 141.082 441 460225
-19.6494 20.4783 0.10442 28.3868 -0.764744 -0.0209824 -0 140.144 436 460225
-16.4026 23.8698 0.7 28.9622 -0.602065 0 -0 138.894 424 460225
-16.4026 23.862 0.0923478 28.9622 -0.602216 -0.0209824 -0 137.582 417 460225
2.73377 28.8329 0.7 28.9622 0.0945316 0 -0 135.332 405 460225
2.73377 28.8265 1.30765 28.9622 0.0945525 0.0209824 -0 137.207 415 460225
-16.0526 24.3366 0.7 29.1541 -0.583099 0 -0 145.644 460 460225
-16.0526 24.329 1.31168 29.1541 -0.583244 0.0209824 -0 143.207 447 460225
-16.5113 24.0278 0.7 29.1541 -0.602065 0 -0 141.519 438 460225
-16.5113 24.0201 1.31168 29.1541 -0.602216 0.0209824 -0 140.957 435 460225
-15.9017 25.1192 0.7 29.7295 -0.564368 0 -0 141.332 437 460225
-16.3694 24.817 0.7 29.7295 -0.583099 0 -0 143.207 447 460225
-16.3694 24.8091 0.076251 29.7295 -0.583244 -0.0209824 -0 141.332 437 460225
3.27389 29.5421 1.32375 29.7295 0.110371 0.0209824 -0 141.519 438 460225
8.9436 28.5534 0.7 29.9213 0.303544 0 -0 140.207 431 460225
3.29501 29.7327 1.32777 29.9213 0.110371 0.0209824 -0 140.019 430 460225
3.35838 30.3112 0.7 30.4967 0.110346 0 -0 141.207 431 460225
3.35838 30.3044 1.33985 30.4967 0.110371 0.0209824 -0 142.144 436 460225
2.87861 30.3605 0.7 30.4967 0.0945316 0 -0 142.144 436 460225
2.87861 30.3538 1.33985 30.4967 0.0945525 0.0209824 -0 143.644 444 460225
-7.24178 29.8148 0.0561301 30.6885 -0.238277 -0.0209824 0.0707397 137.644 412 460225
6.27621 30.0398 0.7 30.6885 0.205967 0 -0 153.582 497 460225
6.27621 30.0329 1.34387 30.6885 0.206013 0.0209824 -0 153.957 499 460225
5.79342 30.1367 0.7 30.6885 0.189921 0 -0 150.582 481 460225
5.79342 30.1298 1.34387 30.6885 0.189964 0.0209824 -0 150.957 483 460225
-7.24178 29.8148 0.0561301 30.6885 -0.238277 -0.0209824 -0.0707397 137.644 412 460225
6.84348 30.3091 0.7 31.0721 0.222066 0 0.0707397 155.644 508 460225
6.35466 30.4153 0.7 31.0721 0.205967 0 0.0707397 159.957 531 460225
6.35466 30.4083 1.35192 31.0721 0.206013 0.0209824 0.0707397 159.582 529 460225
5.86584 30.5064 1.35192 31.0721 0.189964 0.0209824 0.0707397 155.082 505 460225
6.84348 30.3091 0.7 31.0721 0.222066 0 -0 162.957 547 460225
6.35466 30.4153 0.7 31.0721 0.205967 0 -0 166.894 568 460225
6.35466 30.4083 1.35192 31.0721 0.206013 0.0209824 -0 166.894 568 460225
6.84348 30.3091 0.7 31.0721 0.222066 0 -0.0707397 155.644 508 460225
6.35466 30.4153 0.7 31.0721 0.205967 0 -0.0707397 159.957 531 460225
6.35466 30.4083 1.35192 31.0721 0.206013 0.0209824 -0.0707397 159.582 529 460225
6.88573 30.4962 0.7 31.2639 0.222066 0 -0 153.394 496 460225
6.39389 30.6031 0.7 31.2639 0.205967 0 -0 157.707 519 460225
6.39389 30.5961 1.35594 31.2639 0.206013 0.0209824 -0 157.144 516 460225
6.39389 30.6031 0.7 31.2639 0.205967 0 -0.0707397 151.519 486 460225
6.39389 30.5961 1.35594 31.2639 0.206013 0.0209824 -0.0707397 150.582 481 460225
6.43311 30.7908 0.7 31.4557 0.205967 0 -0 152.269 490 460225
6.43311 30.7838 1.35997 31.4557 0.206013 0.0209824 -0 152.832 493 460225
1.48456 31.4206 0.7 31.4557 0.047213 0 -0 152.644 492 460225
1.52077 32.187 0.7 32.2229 0.047213 0 -0 155.082 505 460225
1.52077 32.1799 0.0239366 32.2229 0.0472234 -0.0209824 -0 153.394 496 460225
1.01385 32.2069 0.7 32.2229 0.0314688 0 -0 152.644 492 460225
1.53888 32.5702 0.7 32.6065 0.047213 0 0.0707397 160.519 534 460225
1.53888 32.563 0.0158883 32.6065 0.0472234 -0.0209824 0.0707397 159.582 529 460225
1.02592 32.5904 0.7 32.6065 0.0314688 0 0.0707397 157.707 519 460225
1.02592 32.5832 0.0158883 32.6065 0.0314757 -0.0209824 0.0707397 156.207 511 460225
1.53888 32.5702 0.7 32.6065 0.047213 0 -0 168.207 575 460225
1.53888 32.563 0.0158883 32.6065 0.0472234 -0.0209824 -0 167.082 569 460225
1.02592 32.5904 0.7 32.6065 0.0314688 0 -0 165.207 559 460225
1.02592 32.5832 0.0158883 32.6065 0.0314757 -0.0209824 -0 163.707 551 460225
1.53888 32.5702 0.7 32.6065 0.047213 0 -0.0707397 160.894 536 460225
1.53888 32.563 0.0158883 32.6065 0.0472234 -0.0209824 -0.0707397 160.144 532 460225
1.02592 32.5904 0.7 32.6065 0.0314688 0 -0.0707397 158.082 521 460225
1.02592 32.5832 0.0158883 32.6065 0.0314757 -0.0209824 -0.0707397 156.957 515 460225
1.54793 32.7618 0.7 32.7983 0.047213 0 -0 158.144 516 460225
1.54793 32.7545 0.0118641 32.7983 0.0472234 -0.0209824 -0 158.894 520 460225
1.03195 32.7821 0.7 32.7983 0.0314688 0 -0 154.957 499 460225
1.03195 32.7748 0.0118641 32.7983 0.0314757 -0.0209824 -0 155.332 501 460225
1.54793 32.7618 0.7 32.7983 0.047213 0 -0.0707397 152.332 485 460225
1.54793 32.7545 0.0118641 32.7983 0.0472234 -0.0209824 -0.0707397 152.894 488 460225
-6.74692 32.2854 0.00783986 32.9901 -0.206013 -0.0209824 0.0707397 138.082 409 460225
-7.26592 32.18 0.7 32.9901 -0.222066 0 0.0707397 137.332 405 460225
-7.26592 32.1726 0.00783986 32.9901 -0.222116 -0.0209824 0.0707397 141.644 428 460225
-22.8357 23.5563 4.1608 32.9901 -0.769868 0.105098 0.0707397 137.707 407 460225
-7.26592 32.1726 0.00783986 32.9901 -0.222116 -0.0209824 -0 149.144 468 460225
1.55698 32.9534 0.7 32.9901 0.047213 0 -0 154.019 494 460225
1.55698 32.9461 0.00783986 32.9901 0.0472234 -0.0209824 -0 152.707 487 460225
-7.26592 32.1726 0.00783986 32.9901 -0.222116 -0.0209824 -0.0707397 142.019 430 460225
-22.8357 23.5563 4.1608 32.9901 -0.769868 0.105098 -0.0707397 140.144 420 460225
-23.3547 23.0418 4.1608 32.9901 -0.792142 0.105098 -0.0707397 139.019 414 460225
5.28046 32.96 4.22116 33.5655 0.158858 0.105098 -0 143.144 436 460225
3.69633 33.175 4.22116 33.5655 0.110961 0.105098 -0 143.332 437 460225
10.0329 31.8369 4.22116 33.5655 0.305283 0.105098 -0.0707397 135.269 394 460225
5.28046 32.96 4.22116 33.5655 0.158858 0.105098 -0.0707397 136.394 400 460225
4.75242 33.0403 4.22116 33.5655 0.142857 0.105098 -0.0707397 135.457 395 460225
-16.994 29.1678 0.7 33.7573 -0.52755 0 0.0707397 133.207 383 460225
-16.994 29.1592 1.40826 33.7573 -0.527678 0.0209824 0.0707397 133.582 385 460225
-16.463 29.4708 0.7 33.7573 -0.509437 0 -0 138.082 409 460225
-16.463 29.4623 1.40826 33.7573 -0.50956 0.0209824 -0 139.394 416 460225
-16.994 29.1678 0.7 33.7573 -0.52755 0 -0 139.957 419 460225
-16.994 29.1592 1.40826 33.7573 -0.527678 0.0209824 -0 140.332 421 460225
10.0902 32.2063 1.40826 33.7573 0.303613 0.0209824 -0 137.332 405 460225
10.2622 32.5646 4.30165 34.3327 0.305283 0.105098 -0 136.269 394 460225
19.0097 28.8106 -0.0243536 34.5245 0.583244 -0.0209824 -0 139.082 409 460225
-16.5656 30.9362 1.43643 35.0999 -0.491624 0.0209824 0.0707397 142.832 429 460225
-17.1178 30.6341 1.43643 35.0999 -0.50956 0.0209824 0.0707397 144.707 439 460225
5.52186 34.5375 3.6457 35.0999 0.158538 0.0840222 0.0707397 143.957 435 460225
-17.1178 30.6341 1.43643 35.0999 -0.50956 0.0209824 -0 152.582 481 460225
5.52186 34.5375 3.6457 35.0999 0.158538 0.0840222 -0 151.082 473 460225
-16.5656 30.9362 1.43643 35.0999 -0.491624 0.0209824 -0.0707397 143.582 433 460225
-17.1178 30.6341 1.43643 35.0999 -0.50956 0.0209824 -0.0707397 145.832 445 460225
5.52186 34.5375 3.6457 35.0999 0.158538 0.0840222 -0.0707397 144.144 436 460225
-16.1009 31.4049 0.7 35.2917 -0.473746 0 0.0707397 136.832 397 460225
5.55203 34.6551 4.40225 35.2917 0.158858 0.105098 0.0707397 136.269 394 460225
4.99683 34.6526 5.1427 35.2917 0.143211 0.12622 0.0707397 138.519 406 460225
4.99683 34.7395 4.40225 35.2917 0.142857 0.105098 0.0707397 139.832 413 460225
4.99683 34.8104 3.6618 35.2917 0.14257 0.0840222 0.0707397 136.457 395 460225
4.99683 34.7395 4.40225 35.2917 0.142857 0.105098 -0 147.144 452 460225
5.55203 34.6551 4.40225 35.2917 0.158858 0.105098 -0.0707397 138.332 405 460225
4.99683 34.6526 5.1427 35.2917 0.143211 0.12622 -0.0707397 137.207 399 460225
4.99683 34.7395 4.40225 35.2917 0.142857 0.105098 -0.0707397 140.582 417 460225
4.99683 34.8104 3.6618 35.2917 0.14257 0.0840222 -0.0707397 137.957 403 460225
6.77106 35.0934 3.71009 35.8672 0.190602 0.0840222 0.0707397 139.082 409 460225
5.64255 35.2924 3.71009 35.8672 0.158538 0.0840222 0.0707397 134.582 385 460225
6.77106 35.0934 3.71009 35.8672 0.190602 0.0840222 -0 146.207 447 460225
6.20681 35.1976 3.71009 35.8672 0.174548 0.0840222 -0 145.644 444 460225
-17.4919 31.3127 0.7 35.8672 -0.509437 0 -0.0707397 136.832 397 460225
6.77106 35.0934 3.71009 35.8672 0.190602 0.0840222 -0.0707397 139.269 410 460225
6.20681 35.1976 3.71009 35.8672 0.174548 0.0840222 -0.0707397 138.894 408 460225
5.64255 35.2924 3.71009 35.8672 0.158538 0.0840222 -0.0707397 134.582 385 460225
5.67273 35.4085 4.48274 36.059 0.158858 0.105098 0.0707397 136.082 393 460225
5.67273 35.4811 3.72619 36.059 0.158538 0.0840222 0.0707397 139.457 411 460225
5.67273 35.5375 2.96964 36.059 0.158291 0.0629841 0.0707397 134.582 385 460225
7.37455 35.1668 3.72619 36.059 0.206706 0.0840222 -0 144.519 438 460225
6.80727 35.281 3.72619 36.059 0.190602 0.0840222 -0 144.707 439 460225
5.67273 35.4811 3.72619 36.059 0.158538 0.0840222 -0 145.269 442 460225
5.67273 35.4811 3.72619 36.059 0.158538 0.0840222 -0.0707397 136.832 397 460225
1.72897 36.5855 -0.0686197 36.6344 0.0472234 -0.0209824 0.0707397 147.957 451 460225
1.72897 36.5855 1.46862 36.6344 0.0472234 0.0209824 0.0707397 153.394 480 460225
1.15265 36.6082 1.46862 36.6344 0.0314757 0.0209824 0.0707397 153.957 483 460225
1.72897 36.5855 1.46862 36.6344 0.0472234 0.0209824 -0 160.332 517 460225
1.15265 36.6082 1.46862 36.6344 0.0314757 0.0209824 -0 160.519 518 460225
1.72897 36.5855 1.46862 36.6344 0.0472234 0.0209824 -0.0707397 153.019 478 460225
1.15265 36.6082 1.46862 36.6344 0.0314757 0.0209824 -0.0707397 153.207 479 460225
1.73803 36.777 -0.0726438 36.8262 0.0472234 -0.0209824 0.0707397 152.832 477 460225
1.73803 36.777 1.47264 36.8262 0.0472234 0.0209824 0.0707397 155.644 492 460225
1.15868 36.7998 1.47264 36.8262 0.0314757 0.0209824 0.0707397 155.457 491 460225
1.73803 36.777 -0.0726438 36.8262 0.0472234 -0.0209824 -0 160.519 518 460225
1.73803 36.777 1.47264 36.8262 0.0472234 0.0209824 -0 162.957 531 460225
1.15868 36.7998 -0.0726438 36.8262 0.0314757 -0.0209824 -0 159.207 511 460225
1.15868 36.7998 1.47264 36.8262 0.0314757 0.0209824 -0 163.144 532 460225
1.73803 36.777 -0.0726438 36.8262 0.0472234 -0.0209824 -0.0707397 153.957 483 460225
1.73803 36.777 1.47264 36.8262 0.0472234 0.0209824 -0.0707397 156.019 494 460225
1.15868 36.7998 -0.0726438 36.8262 0.0314757 -0.0209824 -0.0707397 152.457 475 460225
1.15868 36.7998 1.47264 36.8262 0.0314757 0.0209824 -0.0707397 156.019 494 460225
-15.2983 34.1298 0.7 37.4016 -0.421388 0 0.0707397 147.957 451 460225
-15.8867 33.8599 0.7 37.4016 -0.438696 0 0.0707397 150.207 463 460225
-15.2983 34.1298 0.7 37.4016 -0.421388 0 -0 154.332 485 460225
-15.8867 33.8599 0.7 37.4016 -0.438696 0 -0 157.144 500 460225
-15.8867 33.8508 -0.0847164 37.4016 -0.438799 -0.0209824 -0 152.082 473 460225
-15.8867 33.8508 1.48472 37.4016 -0.438799 0.0209824 -0 152.457 475 460225
-15.8867 33.8599 0.7 37.4016 -0.438696 0 -0.0707397 149.832 461 460225
-15.3767 34.3048 0.7 37.5934 -0.421388 0 0.0707397 155.832 493 460225
-15.3767 34.2957 -0.0887406 37.5934 -0.421486 -0.0209824 0.0707397 152.269 474 460225
-15.9681 34.0335 0.7 37.5934 -0.438696 0 0.0707397 157.144 500 460225
-15.9681 34.0244 -0.0887406 37.5934 -0.438799 -0.0209824 0.0707397 153.582 481 460225
-15.3767 34.3048 0.7 37.5934 -0.421388 0 -0 162.394 528 460225
-15.9681 34.0335 0.7 37.5934 -0.438696 0 -0 163.894 536 460225
-15.9681 34.0244 -0.0887406 37.5934 -0.438799 -0.0209824 -0 159.957 515 460225
-15.9681 34.0244 1.48874 37.5934 -0.438799 0.0209824 -0 159.207 511 460225
-15.3767 34.3048 0.7 37.5934 -0.421388 0 -0.0707397 154.707 487 460225
-15.9681 34.0335 0.7 37.5934 -0.438696 0 -0.0707397 156.394 496 460225
-15.9681 34.0244 -0.0887406 37.5934 -0.438799 -0.0209824 -0.0707397 152.082 473 460225
-15.9681 34.0244 1.48874 37.5934 -0.438799 0.0209824 -0.0707397 151.707 471 460225
6.60511 37.3791 4.70407 38.1688 0.1749 0.105098 -0 137.832 397 460225
6.60511 37.4562 3.90325 38.1688 0.174548 0.0840222 -0 138.957 403 460225
6.00464 37.4802 4.70407 38.1688 0.158858 0.105098 -0 139.332 405 460225
6.00464 37.5572 3.90325 38.1688 0.158538 0.0840222 -0 138.582 401 460225
7.24178 37.6364 2.30967 38.3606 0.190091 0.041974 -0 139.519 406 460225
7.24178 37.6622 1.50484 38.3606 0.189964 0.0209824 -0 137.457 395 460225
6.6383 37.7475 2.30967 38.3606 0.17408 0.041974 -0 139.144 404 460225
6.6383 37.7733 1.50484 38.3606 0.173964 0.0209824 -0 137.082 393 460225
5.43133 37.9656 1.50484 38.3606 0.142095 0.0209824 -0 137.644 396 460225
6.15551 38.6319 1.52093 39.1278 0.158009 0.0209824 -0 138.269 394 460225
7.49524 38.9537 2.36601 39.7032 0.190091 0.041974 -0 138.832 397 460225
7.49524 38.9804 1.53301 39.7032 0.189964 0.0209824 -0 139.207 399 460225
6.87064 39.0687 2.36601 39.7032 0.17408 0.041974 -0 139.957 403 460225
6.87064 39.0953 1.53301 39.7032 0.173964 0.0209824 -0 139.582 401 460225
8.91342 39.3944 3.24731 40.4704 0.222515 0.0629841 -0 138.269 394 460225
8.27675 39.6059 1.5491 40.4704 0.206013 0.0209824 -0 137.707 391 460225
-19.8304 35.4989 0.7 40.6622 -0.509437 0 -0 135.644 380 460225
-19.8304 35.4886 1.55313 40.6622 -0.50956 0.0209824 -0 136.207 383 460225
-20.4701 35.1236 1.55313 40.6622 -0.527678 0.0209824 -0 136.207 383 460225
8.95567 39.5811 3.25938 40.6622 0.222515 0.0629841 -0 135.457 379 460225
-19.4623 36.191 -2.7608 41.2376 -0.493402 -0.0840222 -0 138.519 390 460225
-20.111 35.9908 1.5652 41.2376 -0.50956 0.0209824 -0 140.582 401 460225
-20.7598 35.6206 1.5652 41.2376 -0.527678 0.0209824 -0 138.519 390 460225
32.3798 26.7573 0.7 42.0049 0.880188 0 -0 138.519 390 460225
32.3798 26.7428 1.5813 42.0049 0.880455 0.0209824 -0 136.644 380 460225
31.719 27.5375 0.7 42.0049 0.855848 0 -0 138.519 390 460225
29.8723 29.7895 1.58532 42.1967 0.786786 0.0209824 0.0707397 134.582 369 460225
29.2085 30.4407 1.58532 42.1967 0.764744 0.0209824 0.0707397 135.519 374 460225
29.8723 29.7895 1.58532 42.1967 0.786786 0.0209824 -0.0707397 134.394 368 460225
29.2085 30.4407 1.58532 42.1967 0.764744 0.0209824 -0.0707397 136.457 379 460225
28.9339 31.5004 0.7 42.7721 0.742956 0 0.0707397 141.332 405 460225
28.9339 31.4876 1.59739 42.7721 0.743158 0.0209824 0.0707397 140.207 399 460225
28.261 32.1055 0.7 42.7721 0.721799 0 0.0707397 144.144 420 460225
28.261 32.0929 1.59739 42.7721 0.721993 0.0209824 0.0707397 142.832 413 460225
28.9339 31.5004 0.7 42.7721 0.742956 0 -0 148.644 444 460225
28.9339 31.4876 1.59739 42.7721 0.743158 0.0209824 -0 147.332 437 460225
28.261 32.1055 0.7 42.7721 0.721799 0 -0 151.269 458 460225
28.261 32.0929 1.59739 42.7721 0.721993 0.0209824 -0 149.957 451 460225
28.9339 31.5004 0.7 42.7721 0.742956 0 -0.0707397 141.144 404 460225
28.9339 31.4876 1.59739 42.7721 0.743158 0.0209824 -0.0707397 140.019 398 460225
28.261 32.1055 0.7 42.7721 0.721799 0 -0.0707397 143.582 417 460225
28.261 32.0929 1.59739 42.7721 0.721993 0.0209824 -0.0707397 142.457 411 460225
29.0637 31.6417 0.7 42.9639 0.742956 0 0.0707397 136.832 381 460225
29.0637 31.6288 1.60142 42.9639 0.743158 0.0209824 0.0707397 135.707 375 460225
28.3878 32.2495 0.7 42.9639 0.721799 0 0.0707397 139.269 394 460225
28.3878 32.2369 1.60142 42.9639 0.721993 0.0209824 0.0707397 137.582 385 460225
29.0637 31.6417 0.7 42.9639 0.742956 0 -0 144.144 420 460225
29.0637 31.6288 1.60142 42.9639 0.743158 0.0209824 -0 143.207 415 460225
28.3878 32.2495 0.7 42.9639 0.721799 0 -0 147.519 438 460225
28.3878 32.2369 1.60142 42.9639 0.721993 0.0209824 -0 145.832 429 460225
29.0637 31.6417 0.7 42.9639 0.742956 0 -0.0707397 137.207 383 460225
29.0637 31.6288 1.60142 42.9639 0.743158 0.0209824 -0.0707397 135.894 376 460225
28.3878 32.2495 0.7 42.9639 0.721799 0 -0.0707397 140.957 403 460225
28.3878 32.2369 1.60142 42.9639 0.721993 0.0209824 -0.0707397 138.707 391 460225
27.7119 32.8321 0.7 42.9639 0.701029 0 -0.0707397 136.269 378 460225
6.84952 42.9874 1.61349 43.5393 0.158009 0.0209824 0.0707397 135.019 366 460225
6.16457 43.0619 2.52698 43.5393 0.14219 0.041974 0.0707397 135.582 369 460225
6.16457 43.091 1.61349 43.5393 0.142095 0.0209824 0.0707397 138.207 383 460225
6.84952 42.9874 1.61349 43.5393 0.158009 0.0209824 -0 142.519 406 460225
6.16457 43.0619 2.52698 43.5393 0.14219 0.041974 -0 142.894 408 460225
6.16457 43.091 1.61349 43.5393 0.142095 0.0209824 -0 145.707 423 460225
6.84952 42.9874 1.61349 43.5393 0.158009 0.0209824 -0.0707397 136.144 372 460225
6.16457 43.0619 2.52698 43.5393 0.14219 0.041974 -0.0707397 136.519 374 460225
6.16457 43.091 1.61349 43.5393 0.142095 0.0209824 -0.0707397 139.519 390 460225
28.2067 33.4184 0.7 43.7311 0.701029 0 0.0707397 136.519 374 460225
28.2067 33.4058 1.61751 43.7311 0.701215 0.0209824 0.0707397 136.144 372 460225
6.19172 43.2808 1.61751 43.7311 0.142095 0.0209824 0.0707397 132.582 353 460225
6.87969 43.1768 1.61751 43.7311 0.158009 0.0209824 -0.0707397 132.207 351 460225
6.19172 43.2808 1.61751 43.7311 0.142095 0.0209824 -0.0707397 134.644 364 460225
5.50375 43.3445 2.53503 43.7311 0.126301 0.041974 -0.0707397 132.957 355 460225
5.50375 43.3737 1.61751 43.7311 0.126217 0.0209824 -0.0707397 133.707 359 460225
6.27319 43.8207 2.55917 44.3065 0.14219 0.041974 0.0707397 135.207 367 460225
6.27319 43.8503 1.62959 44.3065 0.142095 0.0209824 0.0707397 134.457 363 460225
5.57617 43.9149 2.55917 44.3065 0.126301 0.041974 0.0707397 133.144 356 460225
6.27319 43.8207 2.55917 44.3065 0.14219 0.041974 -0 142.144 404 460225
6.27319 43.8503 1.62959 44.3065 0.142095 0.0209824 -0 142.144 404 460225
5.57617 43.9149 2.55917 44.3065 0.126301 0.041974 -0 140.269 394 460225
6.27319 43.8207 2.55917 44.3065 0.14219 0.041974 -0.0707397 135.207 367 460225
6.27319 43.8503 1.62959 44.3065 0.142095 0.0209824 -0.0707397 136.144 372 460225
5.57617 43.9149 2.55917 44.3065 0.126301 0.041974 -0.0707397 133.519 358 460225
5.57617 43.9444 1.62959 44.3065 0.126217 0.0209824 -0.0707397 133.144 356 460225
6.30035 44.0401 1.63361 44.4983 0.142095 0.0209824 0.0707397 130.894 344 460225
7.00039 43.9343 1.63361 44.4983 0.158009 0.0209824 -0 139.144 388 460225
6.30035 44.05 0.7 44.4983 0.142064 0 -0 138.957 387 460225
6.30035 44.0401 1.63361 44.4983 0.142095 0.0209824 -0 139.144 388 460225
2.10012 44.4487 0.7 44.4983 0.047213 0 -0 138.582 385 460225
2.10012 44.4389 1.63361 44.4983 0.0472234 0.0209824 -0 139.332 389 460225
7.00039 43.9343 1.63361 44.4983 0.158009 0.0209824 -0.0707397 132.207 351 460225
6.30035 44.05 0.7 44.4983 0.142064 0 -0.0707397 131.269 346 460225
6.30035 44.0401 1.63361 44.4983 0.142095 0.0209824 -0.0707397 131.832 349 460225
0 45.0638 -0.245684 45.0737 0 -0.0209824 0.0707397 144.957 419 460225
-4.96364 44.7996 0.7 45.0737 -0.110346 0 0.0707397 139.332 389 460225
-4.96364 44.7896 1.64568 45.0737 -0.110371 0.0209824 0.0707397 139.894 392 460225
0 45.0737 0.7 45.0737 0 0 -0 151.144 452 460225
0 45.0638 -0.245684 45.0737 0 -0.0209824 -0 153.019 462 460225
-0.709091 45.0681 0.7 45.0737 -0.0157325 0 -0 150.207 447 460225
-0.709091 45.0582 -0.245684 45.0737 -0.0157359 -0.0209824 -0 150.207 447 460225
0 45.0737 0.7 45.0737 0 0 -0.0707397 144.582 417 460225
0 45.0638 -0.245684 45.0737 0 -0.0209824 -0.0707397 146.457 427 460225
-0.709091 45.0681 0.7 45.0737 -0.0157325 0 -0.0707397 144.019 414 460225
-0.709091 45.0582 -0.245684 45.0737 -0.0157359 -0.0209824 -0.0707397 144.207 415 460225
-3.56054 45.1253 0.7 45.2655 -0.0787404 0 0.0707397 143.832 413 460225
-3.56054 45.1153 -0.249708 45.2655 -0.0787578 -0.0209824 0.0707397 143.644 412 460225
-4.27265 45.0634 0.7 45.2655 -0.0945316 0 0.0707397 141.957 403 460225
-4.27265 45.0534 -0.249708 45.2655 -0.0945525 -0.0209824 0.0707397 142.332 405 460225
-3.56054 45.1253 0.7 45.2655 -0.0787404 0 -0 150.582 449 460225
-3.56054 45.1153 -0.249708 45.2655 -0.0787578 -0.0209824 -0 150.394 448 460225
-4.27265 45.0634 0.7 45.2655 -0.0945316 0 -0 148.519 438 460225
-4.27265 45.0534 -0.249708 45.2655 -0.0945525 -0.0209824 -0 148.707 439 460225
-3.56054 45.1253 0.7 45.2655 -0.0787404 0 -0.0707397 143.457 411 460225
-3.56054 45.1153 -0.249708 45.2655 -0.0787578 -0.0209824 -0.0707397 142.894 408 460225
-4.27265 45.0634 0.7 45.2655 -0.0945316 0 -0.0707397 141.394 400 460225
-4.27265 45.0534 -0.249708 45.2655 -0.0945525 -0.0209824 -0.0707397 141.394 400 460225
34.6157 30.0523 0.7 45.8409 0.855848 0 0.0707397 141.582 401 460225
-2.17253 45.9713 -0.265805 46.0327 -0.0472234 -0.0209824 0.0707397 138.207 383 460225
-2.89671 45.9313 -0.265805 46.0327 -0.0629827 -0.0209824 0.0707397 139.144 388 460225
-2.89671 45.9009 -1.23161 46.0327 -0.0630244 -0.041974 0.0707397 139.144 388 460225
34.0364 30.9925 0.7 46.0327 0.832171 0 0.0707397 138.207 383 460225
43.4507 15.1696 -0.265805 46.0327 1.2349 -0.0209824 -0 150.019 446 460225
-2.89671 45.9313 -0.265805 46.0327 -0.0629827 -0.0209824 -0.0707397 140.832 397 460225
-2.89671 45.9009 -1.23161 46.0327 -0.0630244 -0.041974 -0.0707397 140.457 395 460225
-21.2637 41.475 0.7 46.6081 -0.473746 0 0.0707397 133.394 352 460225
-21.2637 41.475 0.7 46.6081 -0.473746 0 -0 139.394 384 460225
-11.78 45.2931 0.7 46.7999 -0.254446 0 -0 137.894 376 460225
-11.78 45.2825 -0.281902 46.7999 -0.254503 -0.0209824 -0 136.582 369 460225
-12.5162 45.0952 0.7 46.7999 -0.270736 0 -0 138.082 377 460225
-12.5162 45.0845 -0.281902 46.7999 -0.270797 -0.0209824 -0 135.644 364 460225
-14.9663 45.1513 0.7 47.5671 -0.320073 0 0.0707397 131.519 342 460225
-15.7147 44.8963 0.7 47.5671 -0.336693 0 0.0707397 133.207 351 460225
-15.7147 44.8963 0.7 47.5671 -0.336693 0 -0 140.332 389 460225
-14.9663 45.1513 0.7 47.5671 -0.320073 0 -0.0707397 134.144 356 460225
-15.7147 44.8963 0.7 47.5671 -0.336693 0 -0.0707397 133.582 353 460225
26.9394 39.1906 -0.297998 47.5671 0.602216 -0.0209824 -0.0707397 131.519 342 460225
23.4785 42.0294 0.7 48.1425 0.509437 0 0.0707397 134.332 357 460225
23.4785 42.0294 0.7 48.1425 0.509437 0 -0 139.957 387 460225
23.4785 42.0294 0.7 48.1425 0.509437 0 -0.0707397 131.894 344 460225
25.0928 41.3106 0.7 48.3344 0.545856 0 -0.0707397 133.582 353 460225
25.0928 41.2607 -1.32819 48.3344 0.546391 -0.041974 -0.0707397 132.082 345 460225
26.9304 40.8279 0.7 48.9098 0.583099 0 -0 134.207 351 460225
10.0027 47.865 1.72617 48.9098 0.206013 0.0209824 -0 135.519 358 460225
9.23327 48.0303 0.7 48.9098 0.189921 0 -0 134.394 352 460225
9.23327 48.0194 1.72617 48.9098 0.189964 0.0209824 -0 137.394 368 460225
3.8472 48.7582 0.7 48.9098 0.0787404 0 -0 133.644 348 460225
10.0419 48.0637 0.7 49.1016 0.205967 0 0.0707397 136.269 362 460225
10.0419 48.0527 1.73019 49.1016 0.206013 0.0209824 0.0707397 135.707 359 460225
9.26948 48.2077 1.73019 49.1016 0.189964 0.0209824 0.0707397 137.207 367 460225
4.63474 48.8823 0.7 49.1016 0.0945316 0 0.0707397 138.519 374 460225
4.63474 48.8715 1.73019 49.1016 0.0945525 0.0209824 0.0707397 135.894 360 460225
3.86228 48.9494 0.7 49.1016 0.0787404 0 0.0707397 136.457 363 460225
9.26948 48.2077 1.73019 49.1016 0.189964 0.0209824 -0 144.894 408 460225
4.63474 48.8823 0.7 49.1016 0.0945316 0 -0 145.269 410 460225
10.0419 48.0637 0.7 49.1016 0.205967 0 -0.0707397 134.957 355 460225
10.0419 48.0527 1.73019 49.1016 0.206013 0.0209824 -0.0707397 135.707 359 460225
9.26948 48.1746 2.76038 49.1016 0.190091 0.041974 -0.0707397 134.582 353 460225
9.26948 48.2077 1.73019 49.1016 0.189964 0.0209824 -0.0707397 137.582 369 460225
4.63474 48.8823 0.7 49.1016 0.0945316 0 -0.0707397 137.019 366 460225
4.63474 48.8715 1.73019 49.1016 0.0945525 0.0209824 -0.0707397 135.519 358 460225
29.6973 39.8093 1.74226 49.677 0.640929 0.0209824 -0 132.707 343 460225
6.25207 49.2379 2.78453 49.677 0.126301 0.041974 -0 133.082 345 460225
-25.1048 43.0888 0.7 49.8688 -0.52755 0 -0 134.207 351 460225
-28.2429 41.1003 0.7 49.8688 -0.602065 0 -0 136.832 365 460225
-28.2429 41.0869 1.74629 49.8688 -0.602216 0.0209824 -0 134.394 352 460225
-29.0275 40.55 0.7 49.8688 -0.621281 0 -0 134.957 355 460225
-31.381 38.7573 0.7 49.8688 -0.680617 0 -0 134.207 351 460225
-24.6009 44.026 1.75836 50.4442 -0.50956 0.0209824 -0 133.082 345 460225
7.93578 49.8048 1.75836 50.4442 0.158009 0.0209824 -0 134.207 351 460225
-20.7115 46.1942 1.76239 50.636 -0.421486 0.0209824 -0 132.519 342 460225
-21.5081 45.8411 0.7 50.636 -0.438696 0 -0 133.457 347 460225
-21.5081 45.8288 1.76239 50.636 -0.438799 0.0209824 -0 133.457 347 460225
-22.3047 45.4588 0.7 50.636 -0.456145 0 -0 133.832 349 460225
3.22259 51.0986 1.77446 51.2114 0.0629827 0.0209824 -0 133.457 347 460225
25.8773 44.4146 0.7 51.4032 0.52755 0 -0 134.957 355 460225
25.0686 44.876 0.7 51.4032 0.509437 0 -0 133.644 348 460225
4.85199 51.1737 0.7 51.4032 0.0945316 0 -0 134.019 350 460225
4.08859 51.8061 1.79055 51.9786 0.0787578 0.0209824 -0 135.582 353 460225
0 52.7458 0.7 52.7458 0 0 0.0707397 147.582 417 460225
0 52.7342 1.80665 52.7458 0 0.0209824 0.0707397 147.207 415 460225
-0.829787 52.7393 0.7 52.7458 -0.0157325 0 0.0707397 147.207 415 460225
-0.829787 52.7277 1.80665 52.7458 -0.0157359 0.0209824 0.0707397 146.832 413 460225
0 52.7458 0.7 52.7458 0 0 -0 155.269 458 460225
0 52.7342 1.80665 52.7458 0 0.0209824 -0 154.707 455 460225
-0.829787 52.7393 0.7 52.7458 -0.0157325 0 -0 155.269 458 460225
-0.829787 52.7277 1.80665 52.7458 -0.0157359 0.0209824 -0 154.894 456 460225
0 52.7458 0.7 52.7458 0 0 -0.0707397 148.519 422 460225
0 52.7342 1.80665 52.7458 0 0.0209824 -0.0707397 147.582 417 460225
-0.829787 52.7393 0.7 52.7458 -0.0157325 0 -0.0707397 148.894 424 460225
-0.829787 52.7277 1.80665 52.7458 -0.0157359 0.0209824 -0.0707397 148.332 421 460225
1.66561 52.8648 2.92135 52.9376 0.0314966 0.041974 0.0707397 139.332 373 460225
1.66561 52.8998 1.81068 52.9376 0.0314757 0.0209824 0.0707397 140.269 378 460225
1.66561 52.8648 2.92135 52.9376 0.0314966 0.041974 -0 147.207 415 460225
1.66561 52.8998 1.81068 52.9376 0.0314757 0.0209824 -0 148.519 422 460225
0.832805 52.8844 2.92135 52.9376 0.0157463 0.041974 -0 146.457 411 460225
0.832805 52.9194 1.81068 52.9376 0.0157359 0.0209824 -0 147.207 415 460225
1.66561 52.8648 2.92135 52.9376 0.0314966 0.041974 -0.0707397 139.894 376 460225
1.66561 52.8998 1.81068 52.9376 0.0314757 0.0209824 -0.0707397 142.144 388 460225
-2.52557 53.4534 0.7 53.513 -0.047213 0 0.0707397 150.582 433 460225
-2.52557 53.4416 -0.422748 53.513 -0.0472234 -0.0209824 0.0707397 149.082 425 460225
-3.36743 53.407 0.7 53.513 -0.0629689 0 0.0707397 148.332 421 460225
-2.52557 53.4534 0.7 53.513 -0.047213 0 -0 157.707 471 460225
-2.52557 53.4416 -0.422748 53.513 -0.0472234 -0.0209824 -0 155.644 460 460225
-3.36743 53.407 0.7 53.513 -0.0629689 0 -0 155.457 459 460225
-2.52557 53.4534 0.7 53.513 -0.047213 0 -0.0707397 150.207 431 460225
-2.52557 53.4416 -0.422748 53.513 -0.0472234 -0.0209824 -0.0707397 147.957 419 460225
-3.36743 53.407 0.7 53.513 -0.0629689 0 -0.0707397 148.144 420 460225
-4.22437 53.5384 0.7 53.7048 -0.0787404 0 0.0707397 142.332 389 460225
-4.22437 53.5266 -0.426772 53.7048 -0.0787578 -0.0209824 0.0707397 143.832 397 460225
-5.91412 53.3782 0.7 53.7048 -0.110346 0 0.0707397 140.457 379 460225
-5.91412 53.3663 1.82677 53.7048 -0.110371 0.0209824 0.0707397 140.832 381 460225
-4.22437 53.5266 -0.426772 53.7048 -0.0787578 -0.0209824 -0 150.957 435 460225
-4.22437 53.5384 0.7 53.7048 -0.0787404 0 -0.0707397 142.707 391 460225
-4.22437 53.5266 -0.426772 53.7048 -0.0787578 -0.0209824 -0.0707397 143.832 397 460225
-5.91412 53.3782 0.7 53.7048 -0.110346 0 -0.0707397 141.207 383 460225
-5.91412 53.3663 1.82677 53.7048 -0.110371 0.0209824 -0.0707397 142.144 388 460225
-10.2471 53.3042 0.7 54.2802 -0.189921 0 -0.0707397 146.644 412 460225
-10.2471 53.2921 1.83884 54.2802 -0.189964 0.0209824 -0.0707397 146.832 413 460225
-12.8542 52.9337 0.7 54.472 -0.238224 0 0.0707397 141.957 387 460225
-13.7111 52.7182 0.7 54.472 -0.254446 0 0.0707397 140.832 381 460225
-41.1333 35.7107 0.7 54.472 -0.855848 0 -0.0707397 141.394 384 460225
0 55.0353 1.85494 55.0475 0 0.0209824 0.0707397 140.519 374 460225
0.865996 55.0285 1.85494 55.0475 0.0157359 0.0209824 0.0707397 141.269 378 460225
0.865996 55.0285 1.85494 55.0475 0.0157359 0.0209824 -0 148.394 416 460225
1.73199 54.9717 -1.60988 55.0475 0.0314966 -0.041974 -0.0707397 140.332 373 460225
0.865996 55.0285 1.85494 55.0475 0.0157359 0.0209824 -0.0707397 141.644 380 460225
-0.869014 55.1838 -1.61793 55.2393 -0.0157463 -0.041974 0.0707397 136.207 351 460225
-0.869014 55.2203 1.85897 55.2393 -0.0157359 0.0209824 0.0707397 136.207 351 460225
-0.869014 55.2203 1.85897 55.2393 -0.0157359 0.0209824 -0 145.207 399 460225
0 55.2271 1.85897 55.2393 0 0.0209824 -0.0707397 135.082 345 460225
-0.869014 55.2324 0.7 55.2393 -0.0157325 0 -0.0707397 135.832 349 460225
-0.869014 55.2203 -0.458966 55.2393 -0.0157359 -0.0209824 -0.0707397 135.082 345 460225
-0.869014 55.1838 -1.61793 55.2393 -0.0157463 -0.041974 -0.0707397 136.207 351 460225
-0.869014 55.1838 3.01793 55.2393 -0.0157463 0.041974 -0.0707397 135.082 345 460225
-0.869014 55.2203 1.85897 55.2393 -0.0157359 0.0209824 -0.0707397 139.019 366 460225
-2.64325 55.8947 -1.65013 56.0065 -0.0472546 -0.041974 0.0707397 137.894 360 460225
-9.69192 55.149 -0.475063 56.0065 -0.173964 -0.0209824 0.0707397 138.082 361 460225
-12.4619 55.1925 0.7 56.5819 -0.222066 0 -0 140.144 372 460225
-15.1836 54.7057 0.7 56.7737 -0.270736 0 -0 140.894 376 460225
-16.0768 54.4499 0.7 56.7737 -0.287101 0 -0 142.207 383 460225
-0.902205 57.2283 -2.9097 57.3491 -0.0157637 -0.0629841 -0 138.082 361 460225
-16.2397 54.9491 -1.70646 57.3491 -0.287361 -0.041974 -0 139.582 369 460225
28.8706 49.5375 1.90323 57.3491 0.527678 0.0209824 -0 136.582 353 460225
-15.3888 55.3923 -1.71451 57.5409 -0.270981 -0.041974 0.0707397 141.457 379 460225
-16.294 55.1725 -0.507256 57.5409 -0.287166 -0.0209824 0.0707397 140.707 375 460225
-16.294 55.1328 -1.71451 57.5409 -0.287361 -0.041974 0.0707397 146.144 404 460225
-16.294 55.0667 -2.92177 57.5409 -0.287687 -0.0629841 0.0707397 140.144 372 460225
-17.1992 54.8572 -1.71451 57.5409 -0.303821 -0.041974 0.0707397 141.269 378 460225
-15.3888 55.3923 -1.71451 57.5409 -0.270981 -0.041974 -0 149.144 420 460225
-16.294 55.1328 -1.71451 57.5409 -0.287361 -0.041974 -0 153.644 444 460225
-17.1992 54.8572 -1.71451 57.5409 -0.303821 -0.041974 -0 149.144 420 460225
-15.3888 55.3923 -1.71451 57.5409 -0.270981 -0.041974 -0.0707397 141.832 381 460225
-16.294 55.1725 -0.507256 57.5409 -0.287166 -0.0209824 -0.0707397 141.457 379 460225
-16.294 55.1328 -1.71451 57.5409 -0.287361 -0.041974 -0.0707397 146.707 407 460225
-17.1992 54.8572 -1.71451 57.5409 -0.303821 -0.041974 -0.0707397 142.394 384 460225
-12.7998 56.5711 4.35799 58.1163 -0.222515 0.0629841 -0 135.457 347 460225
30.1711 49.6561 1.91933 58.1163 0.54599 0.0209824 -0 134.332 341 460225
29.2568 50.2002 1.91933 58.1163 0.527678 0.0209824 -0 134.707 343 460225
0 58.3081 0.7 58.3081 0 0 -0 139.582 369 460225
-12.0817 57.707 -3.01835 59.0753 -0.206382 -0.0629841 -0 135.519 342 460225
-12.0817 57.7735 3.1789 59.0753 -0.206151 0.041974 -0 135.707 343 460225
30.0292 51.5256 1.95152 59.6507 0.527678 0.0209824 -0 135.894 344 460225
29.0908 52.0612 1.95152 59.6507 0.50956 0.0209824 -0 135.707 343 460225
31.0672 51.131 1.95555 59.8425 0.54599 0.0209824 -0 137.957 355 460225
30.1258 51.6913 1.95555 59.8425 0.527678 0.0209824 -0 136.644 348 460225
28.2429 52.7436 1.95555 59.8425 0.491624 0.0209824 -0 137.394 352 460225
7.53145 59.3534 1.95555 59.8425 0.126217 0.0209824 -0 136.832 349 460225
39.9203 45.3508 0.7 60.4179 0.721799 0 -0 134.582 337 460225
30.4155 52.1421 3.23524 60.4179 0.528064 0.041974 -0 135.144 340 460225
30.4155 52.1883 1.96762 60.4179 0.527678 0.0209824 -0 137.957 355 460225
29.465 52.685 3.23524 60.4179 0.50993 0.041974 -0 134.957 339 460225
29.465 52.7308 1.96762 60.4179 0.50956 0.0209824 -0 137.207 351 460225
30.512 52.3694 0.7 60.6097 0.52755 0 -0 137.207 351 460225
30.512 52.354 1.97164 60.6097 0.527678 0.0209824 -0 138.894 360 460225
29.5585 52.9135 0.7 60.6097 0.509437 0 -0 139.457 363 460225
29.5585 52.8982 1.97164 60.6097 0.50956 0.0209824 -0 139.832 365 460225
33.2398 52.4911 2.00384 62.1442 0.564507 0.0209824 -0 139.144 356 460225
-6.99133 63.0866 -0.632006 63.4868 -0.110371 -0.0209824 -0 136.707 343 460225
37.4008 52.2471 0.7 64.254 0.621281 0 -0 136.894 344 460225
37.4008 52.1775 3.39621 64.254 0.621912 0.041974 -0 138.207 351 460225
37.4008 52.2297 2.0481 64.254 0.621438 0.0209824 -0 140.269 362 460225
36.3899 52.8874 3.39621 64.254 0.60267 0.041974 -0 138.019 350 460225
36.3899 52.9389 2.0481 64.254 0.602216 0.0209824 -0 139.894 360 460225
36.4986 53.097 2.05213 64.4458 0.602216 0.0209824 -0 135.957 339 460225
-46.3353 48.3105 0.7 66.9392 -0.764533 0 -0 139.019 350 460225
-47.3884 47.2779 0.7 66.9392 -0.786565 0 -0 137.332 341 460225
13.7684 65.8848 2.11249 67.3228 0.206013 0.0209824 -0 138.082 345 460225
12.7093 66.0519 3.52498 67.3228 0.190091 0.041974 -0 139.207 351 460225
12.7093 66.0972 2.11249 67.3228 0.189964 0.0209824 -0 140.144 356 460225
2.1665 68.808 2.14468 68.8573 0.0314757 0.0209824 -0 139.394 352 460225
1.08325 68.8336 2.14468 68.8573 0.0157359 0.0209824 -0 138.644 348 460225
3.2588 68.9721 0.7 69.0491 0.047213 0 -0 137.332 341 460225
2.17253 69.0149 0.7 69.0491 0.0314688 0 -0 139.957 355 460225
2.17253 68.954 3.59741 69.0491 0.0314966 0.041974 -0 136.582 337 460225
2.17253 68.9997 2.14871 69.0491 0.0314757 0.0209824 -0 141.269 362 460225
1.08627 69.0253 2.14871 69.0491 0.0157359 0.0209824 -0 138.644 348 460225
-13.3611 69.4392 3.66985 70.7753 -0.190091 0.041974 -0 138.894 344 460225
-13.3611 69.4868 2.18492 70.7753 -0.189964 0.0209824 -0 138.894 344 460225
2.26306 71.8747 2.20907 71.9261 0.0314757 0.0209824 0.0707397 139.269 346 460225
3.39458 71.8301 2.20907 71.9261 0.0472234 0.0209824 -0 141.894 360 460225
2.26306 71.8905 0.7 71.9261 0.0314688 0 -0 144.144 372 460225
2.26306 71.8747 2.20907 71.9261 0.0314757 0.0209824 -0 146.957 387 460225
1.13153 71.9014 2.20907 71.9261 0.0157359 0.0209824 -0 142.832 365 460225
2.26306 71.8747 2.20907 71.9261 0.0314757 0.0209824 -0.0707397 140.019 350 460225
-1.13455 72.0931 2.21309 72.1179 -0.0157359 0.0209824 -0 138.894 344 460225
2.26909 72.0822 0.7 72.1179 0.0314688 0 -0 139.082 345 460225
2.26909 72.0663 2.21309 72.1179 0.0314757 0.0209824 -0 143.582 369 460225
1.13455 72.0931 2.21309 72.1179 0.0157359 0.0209824 -0 141.144 356 460225
2.27513 72.258 2.21712 72.3097 0.0314757 0.0209824 -0 141.519 358 460225
1.13756 72.2849 2.21712 72.3097 0.0157359 0.0209824 -0 139.457 347 460225
24.1423 68.9056 3.76643 73.0769 0.337002 0.041974 -0 139.457 347 460225
22.9927 69.2977 3.76643 73.0769 0.320366 0.041974 -0 138.707 343 460225
