1.52983 1.91185 0.22917 2.49344 0.67485 -0.189968 -0 92.3317 389 460632
1.43629 2.22362 0.249291 2.68524 0.573504 -0.168645 -0 98.3317 421 460632
1.09834 2.40854 0.249291 2.68524 0.427848 -0.168645 -0 97.5817 417 460632
1.26731 2.53734 0.217098 2.87704 0.463219 -0.168645 -0 105.332 437 460632
1.22205 2.55945 0.217098 2.87704 0.445458 -0.168645 -0 104.957 435 460632
0.995745 2.644 0.156735 2.87704 0.360177 -0.189968 -0.0707397 98.0192 398 460632
0.995745 2.63088 0.096372 2.87704 0.361822 -0.211379 -0.0707397 97.6442 396 460632
1.30352 2.74145 0.249291 3.06885 0.443845 -0.147399 -0 102.519 422 460632
1.15868 2.80573 0.249291 3.06885 0.391638 -0.147399 -0 101.582 417 460632
1.06213 2.82027 0.120517 3.06885 0.360177 -0.189968 -0 99.3317 405 460632
0.917292 2.87064 0.120517 3.06885 0.309288 -0.189968 -0 99.1442 404 460632
0.917292 2.85689 0.0561301 3.06885 0.310683 -0.211379 -0 98.5817 401 460632
1.12851 3.03147 0.289533 3.26065 0.356371 -0.12622 0.0707397 99.7067 407 460632
1.12851 3.02142 0.221122 3.26065 0.357458 -0.147399 0.0707397 102.144 420 460632
1.07721 3.04009 0.221122 3.26065 0.340533 -0.147399 0.0707397 98.9567 403 460632
1.12851 3.02142 0.221122 3.26065 0.357458 -0.147399 -0 109.457 459 460632
1.12851 3.03147 0.289533 3.26065 0.356371 -0.12622 -0.0707397 99.5192 406 460632
1.12851 3.02142 0.221122 3.26065 0.357458 -0.147399 -0.0707397 102.332 421 460632
1.07721 3.05008 0.289533 3.26065 0.339502 -0.12622 -0.0707397 97.4567 395 460632
1.07721 3.04009 0.221122 3.26065 0.340533 -0.147399 -0.0707397 98.9567 403 460632
1.79234 2.91857 0.265388 3.45245 0.550734 -0.12622 -0 103.269 426 460632
1.30352 3.16724 0.265388 3.45245 0.390435 -0.12622 -0 104.957 435 460632
1.94925 3.04476 0.241243 3.64426 0.569452 -0.12622 0.0707397 97.2692 378 460632
1.71992 3.17994 0.241243 3.64426 0.495804 -0.12622 0.0707397 100.082 393 460632
1.66259 3.21029 0.241243 3.64426 0.477861 -0.12622 0.0707397 98.2067 383 460632
1.4906 3.29367 0.241243 3.64426 0.424985 -0.12622 0.0707397 99.5192 390 460632
1.43327 3.31902 0.241243 3.64426 0.407646 -0.12622 0.0707397 100.832 397 460632
1.94925 3.04476 0.241243 3.64426 0.569452 -0.12622 -0.0707397 98.5817 385 460632
1.71992 3.17994 0.241243 3.64426 0.495804 -0.12622 -0.0707397 100.644 396 460632
1.66259 3.21029 0.241243 3.64426 0.477861 -0.12622 -0.0707397 98.3942 384 460632
1.4906 3.29367 0.241243 3.64426 0.424985 -0.12622 -0.0707397 99.7067 391 460632
1.43327 3.31902 0.241243 3.64426 0.407646 -0.12622 -0.0707397 100.832 397 460632
1.14662 3.6385 0.297581 3.83606 0.305283 -0.105098 0.0707397 102.332 405 460632
1.14662 3.6287 0.217098 3.83606 0.306057 -0.12622 0.0707397 102.332 405 460632
1.08627 3.65697 0.297581 3.83606 0.288739 -0.105098 0.0707397 102.144 404 460632
1.08627 3.64722 0.217098 3.83606 0.289469 -0.12622 0.0707397 101.582 401 460632
1.14662 3.6385 0.297581 3.83606 0.305283 -0.105098 -0.0707397 102.332 405 460632
1.52077 3.70572 0.27746 4.02786 0.389427 -0.105098 0.0707397 104.582 417 460632
1.52077 3.69511 0.192952 4.02786 0.390435 -0.12622 0.0707397 104.019 414 460632
1.45741 3.7311 0.27746 4.02786 0.372386 -0.105098 0.0707397 103.457 411 460632
1.52077 3.70572 0.27746 4.02786 0.389427 -0.105098 -0.0707397 104.207 415 460632
1.59319 3.88219 0.257339 4.21967 0.389427 -0.105098 0.0707397 107.582 433 460632
1.19489 4.02267 0.257339 4.21967 0.288739 -0.105098 0.0707397 108.332 437 460632
1.59319 3.88219 0.257339 4.21967 0.389427 -0.105098 -0 115.269 474 460632
1.19489 4.02267 0.257339 4.21967 0.288739 -0.105098 -0 115.457 475 460632
1.59319 3.88219 0.257339 4.21967 0.389427 -0.105098 -0.0707397 108.332 437 460632
1.19489 4.02267 0.257339 4.21967 0.288739 -0.105098 -0.0707397 107.957 435 460632
1.12851 4.04179 0.257339 4.21967 0.272276 -0.105098 -0.0707397 107.019 430 460632
1.66561 4.05865 0.237219 4.41147 0.389427 -0.105098 0.0707397 105.519 406 460632
1.31861 4.18428 0.237219 4.41147 0.305283 -0.105098 0.0707397 105.332 405 460632
1.66561 4.05865 0.237219 4.41147 0.389427 -0.105098 -0.0707397 106.644 412 460632
1.24921 4.20552 0.237219 4.41147 0.288739 -0.105098 -0.0707397 106.832 413 460632
1.44836 4.35237 0.313678 4.60327 0.321247 -0.0840222 0.0707397 110.582 433 460632
1.44836 4.34272 0.217098 4.60327 0.321913 -0.105098 0.0707397 111.144 436 460632
1.44836 4.35237 0.313678 4.60327 0.321247 -0.0840222 -0 118.457 475 460632
1.44836 4.34272 0.217098 4.60327 0.321913 -0.105098 -0 118.832 477 460632
1.44836 4.35237 0.313678 4.60327 0.321247 -0.0840222 -0.0707397 111.707 439 460632
1.44836 4.34272 0.217098 4.60327 0.321913 -0.105098 -0.0707397 111.707 439 460632
1.20696 4.62321 0.297581 4.79507 0.255367 -0.0840222 0.0707397 109.082 425 460632
1.20696 4.61334 0.196977 4.79507 0.255889 -0.105098 0.0707397 108.707 423 460632
1.13153 4.64225 0.297581 4.79507 0.239084 -0.0840222 0.0707397 108.519 422 460632
1.13153 4.63242 0.196977 4.79507 0.239572 -0.105098 0.0707397 108.332 421 460632
1.20696 4.62321 0.297581 4.79507 0.255367 -0.0840222 -0 116.957 467 460632
1.20696 4.61334 0.196977 4.79507 0.255889 -0.105098 -0 116.957 467 460632
1.13153 4.64225 0.297581 4.79507 0.239084 -0.0840222 -0 116.582 465 460632
1.13153 4.63242 0.196977 4.79507 0.239572 -0.105098 -0 116.582 465 460632
1.20696 4.62321 0.297581 4.79507 0.255367 -0.0840222 -0.0707397 110.207 431 460632
1.20696 4.61334 0.196977 4.79507 0.255889 -0.105098 -0.0707397 110.394 432 460632
1.13153 4.64225 0.297581 4.79507 0.239084 -0.0840222 -0.0707397 110.207 431 460632
1.13153 4.63242 0.196977 4.79507 0.239572 -0.105098 -0.0707397 110.207 431 460632
1.56905 4.71507 0.281485 4.98688 0.321247 -0.0840222 0.0707397 104.394 400 460632
1.56905 4.70461 0.176856 4.98688 0.321913 -0.105098 0.0707397 103.832 397 460632
1.41215 4.76441 0.281485 4.98688 0.288146 -0.0840222 0.0707397 105.332 405 460632
1.33369 4.78697 0.281485 4.98688 0.271719 -0.0840222 0.0707397 107.394 416 460632
1.33369 4.77666 0.176856 4.98688 0.272276 -0.105098 0.0707397 105.144 404 460632
1.33369 4.78697 0.281485 4.98688 0.271719 -0.0840222 -0 114.519 454 460632
1.80441 4.63011 0.281485 4.98688 0.371606 -0.0840222 -0.0707397 102.519 390 460632
1.56905 4.71507 0.281485 4.98688 0.321247 -0.0840222 -0.0707397 104.582 401 460632
1.41215 4.76441 0.281485 4.98688 0.288146 -0.0840222 -0.0707397 104.207 399 460632
1.33369 4.78697 0.281485 4.98688 0.271719 -0.0840222 -0.0707397 107.582 417 460632
1.25524 4.80813 0.281485 4.98688 0.255367 -0.0840222 -0.0707397 104.957 403 460632
1.46646 4.94766 0.265388 5.17868 0.288146 -0.0840222 0.0707397 112.207 431 460632
1.46646 4.93691 0.156735 5.17868 0.288739 -0.105098 0.0707397 108.457 411 460632
1.38499 4.97108 0.265388 5.17868 0.271719 -0.0840222 0.0707397 110.144 420 460632
1.46646 4.94766 0.265388 5.17868 0.288146 -0.0840222 -0 119.519 470 460632
1.38499 4.97108 0.265388 5.17868 0.271719 -0.0840222 -0 117.644 460 460632
1.46646 4.94766 0.265388 5.17868 0.288146 -0.0840222 -0.0707397 112.582 433 460632
1.46646 4.93691 0.156735 5.17868 0.288739 -0.105098 -0.0707397 108.832 413 460632
1.38499 4.97108 0.265388 5.17868 0.271719 -0.0840222 -0.0707397 111.082 425 460632
1.60526 5.1138 0.361968 5.37048 0.304167 -0.0629841 0.0707397 106.207 399 460632
1.60526 5.1051 0.249291 5.37048 0.304653 -0.0840222 0.0707397 108.832 413 460632
1.52077 5.13091 0.249291 5.37048 0.288146 -0.0840222 0.0707397 107.332 405 460632
1.60526 5.1051 0.249291 5.37048 0.304653 -0.0840222 -0 115.394 448 460632
1.52077 5.13091 0.249291 5.37048 0.288146 -0.0840222 -0 114.457 443 460632
1.60526 5.1138 0.361968 5.37048 0.304167 -0.0629841 -0.0707397 104.332 389 460632
1.60526 5.1051 0.249291 5.37048 0.304653 -0.0840222 -0.0707397 108.457 411 460632
1.52077 5.13091 0.249291 5.37048 0.288146 -0.0840222 -0.0707397 108.269 410 460632
1.18282 5.21918 0.249291 5.37048 0.222865 -0.0840222 -0.0707397 107.332 405 460632
2.10012 5.13867 0.349896 5.56229 0.387974 -0.0629841 0.0707397 103.207 383 460632
1.22507 5.40558 0.233194 5.56229 0.222865 -0.0840222 0.0707397 108.269 410 460632
1.13756 5.42467 0.233194 5.56229 0.206706 -0.0840222 0.0707397 108.457 411 460632
1.22507 5.40558 0.233194 5.56229 0.222865 -0.0840222 -0 116.144 452 460632
1.13756 5.42467 0.233194 5.56229 0.206706 -0.0840222 -0 116.144 452 460632
1.22507 5.40558 0.233194 5.56229 0.222865 -0.0840222 -0.0707397 108.832 413 460632
1.13756 5.42467 0.233194 5.56229 0.206706 -0.0840222 -0.0707397 109.207 415 460632
1.35783 5.57984 0.337823 5.75409 0.238706 -0.0629841 0.0707397 107.144 404 460632
1.35783 5.57069 0.217098 5.75409 0.239084 -0.0840222 0.0707397 109.394 416 460632
1.26731 5.6011 0.337823 5.75409 0.222515 -0.0629841 0.0707397 109.582 417 460632
1.26731 5.59198 0.217098 5.75409 0.222865 -0.0840222 0.0707397 112.957 435 460632
1.17679 5.61173 0.217098 5.75409 0.206706 -0.0840222 0.0707397 108.082 409 460632
1.35783 5.57069 0.217098 5.75409 0.239084 -0.0840222 -0 117.269 458 460632
1.26731 5.6011 0.337823 5.75409 0.222515 -0.0629841 -0 117.644 460 460632
1.26731 5.59198 0.217098 5.75409 0.222865 -0.0840222 -0 120.644 476 460632
1.17679 5.61173 0.217098 5.75409 0.206706 -0.0840222 -0 116.144 452 460632
1.35783 5.57069 0.217098 5.75409 0.239084 -0.0840222 -0.0707397 110.707 423 460632
1.26731 5.6011 0.337823 5.75409 0.222515 -0.0629841 -0.0707397 110.894 424 460632
1.26731 5.59198 0.217098 5.75409 0.222865 -0.0840222 -0.0707397 113.894 440 460632
1.17679 5.61173 0.217098 5.75409 0.206706 -0.0840222 -0.0707397 109.582 417 460632
-2.0277 5.79308 0.7 6.1377 -0.336693 0 1.98071 120.207 463 460632
-2.0277 5.79165 0.571226 6.1377 -0.336771 -0.0209824 1.98071 118.707 455 460632
-1.99149 6.00804 0.7 6.3295 -0.320073 0 1.83923 121.707 471 460632
-2.09106 5.97411 0.7 6.3295 -0.336693 0 1.83923 123.582 481 460632
-2.09106 5.97263 0.567202 6.3295 -0.336771 -0.0209824 1.83923 120.207 463 460632
-2.09106 5.97263 0.832798 6.3295 -0.336771 0.0209824 1.83923 119.457 459 460632
-1.93114 5.82598 0.7 6.1377 -0.320073 0 1.90997 124.519 486 460632
-2.0277 5.79308 0.7 6.1377 -0.336693 0 1.90997 128.082 505 460632
-2.0277 5.79165 0.571226 6.1377 -0.336771 -0.0209824 1.90997 125.644 492 460632
-1.99149 6.00804 0.7 6.3295 -0.320073 0 1.90997 118.144 452 460632
-2.09106 5.97411 0.7 6.3295 -0.336693 0 1.90997 120.582 465 460632
-2.09106 5.97263 0.567202 6.3295 -0.336771 -0.0209824 1.90997 119.457 459 460632
-1.93114 5.82598 0.7 6.1377 -0.320073 0 1.83923 126.394 496 460632
-2.0277 5.79308 0.7 6.1377 -0.336693 0 1.83923 129.019 510 460632
-2.0277 5.79165 0.571226 6.1377 -0.336771 -0.0209824 1.83923 124.707 487 460632
-2.0277 5.79165 0.828774 6.1377 -0.336771 0.0209824 1.83923 124.332 485 460632
-2.05184 6.1901 0.7 6.5213 -0.320073 0 1.76849 118.144 452 460632
-2.15443 6.15514 0.7 6.5213 -0.336693 0 1.76849 120.019 462 460632
-1.99149 6.00804 0.7 6.3295 -0.320073 0 1.69775 127.144 500 460632
-1.99149 6.00657 0.832798 6.3295 -0.320146 0.0209824 1.69775 125.644 492 460632
-2.09106 5.97411 0.7 6.3295 -0.336693 0 1.69775 127.894 504 460632
-2.09106 5.97263 0.832798 6.3295 -0.336771 0.0209824 1.69775 126.394 496 460632
-1.93114 5.82598 0.7 6.1377 -0.320073 0 1.76849 130.894 520 460632
-1.93114 5.82455 0.828774 6.1377 -0.320146 0.0209824 1.76849 128.082 505 460632
-2.0277 5.79308 0.7 6.1377 -0.336693 0 1.76849 132.207 527 460632
-2.0277 5.79165 0.828774 6.1377 -0.336771 0.0209824 1.76849 129.207 511 460632
-1.99149 6.00804 0.7 6.3295 -0.320073 0 1.76849 126.394 496 460632
-1.99149 6.00657 0.832798 6.3295 -0.320146 0.0209824 1.76849 123.394 480 460632
-2.09106 5.97411 0.7 6.3295 -0.336693 0 1.76849 127.519 502 460632
-2.09106 5.97263 0.832798 6.3295 -0.336771 0.0209824 1.76849 124.707 487 460632
-1.93114 5.82598 0.7 6.1377 -0.320073 0 1.69775 131.457 523 460632
-1.93114 5.82455 0.828774 6.1377 -0.320146 0.0209824 1.69775 129.957 515 460632
-2.0277 5.79308 0.7 6.1377 -0.336693 0 1.69775 132.207 527 460632
-2.0277 5.79165 0.828774 6.1377 -0.336771 0.0209824 1.69775 130.332 517 460632
-1.99149 6.00804 0.7 6.3295 -0.320073 0 1.62701 124.707 487 460632
-1.99149 6.00657 0.832798 6.3295 -0.320146 0.0209824 1.62701 125.644 492 460632
-2.09106 5.97411 0.7 6.3295 -0.336693 0 1.62701 124.519 486 460632
-2.09106 5.97263 0.832798 6.3295 -0.336771 0.0209824 1.62701 125.082 489 460632
-2.05184 6.18859 0.836822 6.5213 -0.320146 0.0209824 1.62701 117.582 449 460632
-1.99149 6.00657 0.832798 6.3295 -0.320146 0.0209824 1.48553 119.832 461 460632
-2.09106 5.97263 0.832798 6.3295 -0.336771 0.0209824 1.48553 118.894 456 460632
-1.93114 5.82598 0.7 6.1377 -0.320073 0 1.62701 129.582 513 460632
-1.93114 5.82455 0.828774 6.1377 -0.320146 0.0209824 1.62701 130.707 519 460632
-2.0277 5.79308 0.7 6.1377 -0.336693 0 1.62701 129.207 511 460632
-2.0277 5.79165 0.828774 6.1377 -0.336771 0.0209824 1.62701 129.957 515 460632
-1.93114 5.82598 0.7 6.1377 -0.320073 0 1.48553 118.894 456 460632
-1.93114 5.82028 0.957548 6.1377 -0.320366 0.041974 1.48553 119.457 459 460632
-1.93114 5.82455 0.828774 6.1377 -0.320146 0.0209824 1.48553 124.144 484 460632
-2.0277 5.79165 0.828774 6.1377 -0.336771 0.0209824 1.48553 123.207 479 460632
-1.93114 5.82598 0.7 6.1377 -0.320073 0 1.55627 128.644 508 460632
-1.93114 5.82455 0.828774 6.1377 -0.320146 0.0209824 1.55627 132.019 526 460632
-2.0277 5.79308 0.7 6.1377 -0.336693 0 1.55627 127.707 503 460632
-2.0277 5.79165 0.828774 6.1377 -0.336771 0.0209824 1.55627 130.894 520 460632
-1.99149 6.00804 0.7 6.3295 -0.320073 0 1.55627 124.144 484 460632
-1.99149 6.00657 0.832798 6.3295 -0.320146 0.0209824 1.55627 127.332 501 460632
-2.09106 5.97411 0.7 6.3295 -0.336693 0 1.55627 123.207 479 460632
-2.09106 5.97263 0.832798 6.3295 -0.336771 0.0209824 1.55627 126.394 496 460632
-1.99149 5.95497 1.49679 6.3295 -0.322733 0.12622 1.27332 120.582 465 460632
-1.99149 5.97123 1.36399 6.3295 -0.321913 0.105098 1.27332 120.957 467 460632
-2.09106 5.92074 1.49679 6.3295 -0.339502 0.12622 1.27332 122.082 473 460632
-2.09106 5.9371 1.36399 6.3295 -0.338636 0.105098 1.27332 123.019 478 460632
-1.93114 5.77451 1.47264 6.1377 -0.322733 0.12622 1.27332 124.707 487 460632
-1.93114 5.79029 1.34387 6.1377 -0.321913 0.105098 1.27332 124.332 485 460632
-2.0277 5.74132 1.47264 6.1377 -0.339502 0.12622 1.27332 126.207 495 460632
-2.0277 5.75718 1.34387 6.1377 -0.338636 0.105098 1.27332 126.207 495 460632
-2.05184 6.1901 0.7 6.5213 -0.320073 0 1.69775 118.144 452 460632
-2.15443 6.15514 0.7 6.5213 -0.336693 0 1.69775 118.144 452 460632
-2.05184 6.13542 1.52093 6.5213 -0.322733 0.12622 1.20258 118.144 452 460632
-2.15443 6.10015 1.52093 6.5213 -0.339502 0.12622 1.20258 120.582 465 460632
-2.15443 6.11701 1.38411 6.5213 -0.338636 0.105098 1.20258 119.269 458 460632
-1.89191 5.98735 1.49679 6.3295 -0.306057 0.12622 1.0611 118.894 456 460632
-1.99149 5.95497 1.49679 6.3295 -0.322733 0.12622 1.0611 118.894 456 460632
-1.99149 5.97123 1.36399 6.3295 -0.321913 0.105098 1.0611 121.707 471 460632
-1.99149 5.98451 1.23119 6.3295 -0.321247 0.0840222 1.0611 119.832 461 460632
-2.09106 5.9371 1.36399 6.3295 -0.338636 0.105098 1.0611 119.457 459 460632
-2.09106 5.95045 1.23119 6.3295 -0.337933 0.0840222 1.0611 118.894 456 460632
-2.25702 6.11674 0.836822 6.5213 -0.353492 0.0209824 0.990356 118.894 456 460632
-2.25702 6.11674 0.836822 6.5213 -0.353492 0.0209824 1.0611 118.144 452 460632
-1.99149 5.98451 1.23119 6.3295 -0.321247 0.0840222 1.13184 124.332 485 460632
-2.09106 5.92074 1.49679 6.3295 -0.339502 0.12622 1.13184 124.894 488 460632
-2.09106 5.9371 1.36399 6.3295 -0.338636 0.105098 1.13184 124.894 488 460632
-2.09106 5.95045 1.23119 6.3295 -0.337933 0.0840222 1.13184 124.332 485 460632
-1.99149 5.95497 1.49679 6.3295 -0.322733 0.12622 1.20258 130.332 517 460632
-1.99149 5.97123 1.36399 6.3295 -0.321913 0.105098 1.20258 129.957 515 460632
-2.09106 5.92074 1.49679 6.3295 -0.339502 0.12622 1.20258 131.644 524 460632
-2.09106 5.9371 1.36399 6.3295 -0.338636 0.105098 1.20258 131.832 525 460632
-1.93114 5.77451 1.47264 6.1377 -0.322733 0.12622 1.0611 119.269 458 460632
-1.93114 5.79029 1.34387 6.1377 -0.321913 0.105098 1.0611 123.394 480 460632
-1.93114 5.80316 1.2151 6.1377 -0.321247 0.0840222 1.0611 120.957 467 460632
-2.0277 5.75718 1.34387 6.1377 -0.338636 0.105098 1.0611 122.269 474 460632
-2.0277 5.77013 1.2151 6.1377 -0.337933 0.0840222 1.0611 120.207 463 460632
-1.93114 5.80316 1.2151 6.1377 -0.321247 0.0840222 1.13184 125.082 489 460632
-2.0277 5.74132 1.47264 6.1377 -0.339502 0.12622 1.13184 125.457 491 460632
-2.0277 5.75718 1.34387 6.1377 -0.338636 0.105098 1.13184 125.644 492 460632
-2.0277 5.77013 1.2151 6.1377 -0.337933 0.0840222 1.13184 124.519 486 460632
-2.05184 6.18859 0.836822 6.5213 -0.320146 0.0209824 1.55627 118.332 453 460632
-1.93114 5.77451 1.47264 6.1377 -0.322733 0.12622 1.20258 132.957 531 460632
-1.93114 5.79029 1.34387 6.1377 -0.321913 0.105098 1.20258 132.582 529 460632
-2.0277 5.74132 1.47264 6.1377 -0.339502 0.12622 1.20258 133.894 536 460632
-2.0277 5.75718 1.34387 6.1377 -0.338636 0.105098 1.20258 134.082 537 460632
1.25524 5.99553 0.313678 6.1377 0.206382 -0.0629841 -0 116.269 442 460632
1.25524 5.98585 0.184904 6.1377 0.206706 -0.0840222 -0 117.207 447 460632
1.15868 6.01494 0.313678 6.1377 0.190303 -0.0629841 -0 120.207 463 460632
1.15868 6.00528 0.184904 6.1377 0.190602 -0.0840222 -0 119.832 461 460632
0.965571 6.03934 0.184904 6.1377 0.158538 -0.0840222 -0 115.707 439 460632
-1.12248 5.81762 0.201001 5.94589 -0.190602 -0.0840222 -0.0707397 117.019 446 460632
1.21602 5.80817 0.325751 5.94589 0.206382 -0.0629841 -0 113.457 427 460632
1.21602 5.79879 0.201001 5.94589 0.206706 -0.0840222 -0 114.582 433 460632
1.12248 5.82697 0.325751 5.94589 0.190303 -0.0629841 -0 110.832 413 460632
1.12248 5.81762 0.201001 5.94589 0.190602 -0.0840222 -0 110.082 409 460632
-1.12248 5.83765 0.57525 5.94589 -0.189964 -0.0209824 -0.353699 117.582 449 460632
-1.12248 5.77331 -0.173249 5.94589 -0.192029 -0.147399 -0.353699 116.082 441 460632
-1.44836 5.9588 0.957548 6.1377 -0.238438 0.041974 -0.424438 111.207 415 460632
-1.02894 5.85486 0.57525 5.94589 -0.173964 -0.0209824 -0.424438 119.457 459 460632
-1.12248 5.83898 0.7 5.94589 -0.189921 0 -0.424438 118.332 453 460632
-1.12248 5.83765 0.57525 5.94589 -0.189964 -0.0209824 -0.424438 123.207 479 460632
-1.12248 5.83365 0.4505 5.94589 -0.190091 -0.041974 -0.424438 120.207 463 460632
-1.21602 5.81888 0.57525 5.94589 -0.206013 -0.0209824 -0.424438 118.519 454 460632
-1.02894 5.85486 0.57525 5.94589 -0.173964 -0.0209824 -0.495178 117.957 451 460632
-1.12248 5.83765 0.57525 5.94589 -0.189964 -0.0209824 -0.495178 121.332 469 460632
-1.12248 5.83365 0.4505 5.94589 -0.190091 -0.041974 -0.495178 118.519 454 460632
-1.21602 5.81888 0.57525 5.94589 -0.206013 -0.0209824 -0.495178 116.269 442 460632
1.15868 6.01494 0.313678 6.1377 0.190303 -0.0629841 -0.0707397 112.894 424 460632
1.15868 6.00528 0.184904 6.1377 0.190602 -0.0840222 -0.0707397 112.519 422 460632
0.965571 6.03934 0.184904 6.1377 0.158538 -0.0840222 -0.0707397 108.394 400 460632
-1.12248 5.83898 0.7 5.94589 -0.189921 0 -0.707397 120.394 464 460632
-1.12248 5.83765 0.57525 5.94589 -0.189964 -0.0209824 -0.707397 118.707 455 460632
-1.15868 6.02733 0.7 6.1377 -0.189921 0 -0.636658 116.644 444 460632
-1.15868 6.02596 0.571226 6.1377 -0.189964 -0.0209824 -0.636658 117.957 451 460632
-1.02894 5.85486 0.57525 5.94589 -0.173964 -0.0209824 -0.565918 119.082 457 460632
-1.12248 5.83898 0.7 5.94589 -0.189921 0 -0.565918 120.394 464 460632
-1.12248 5.83765 0.57525 5.94589 -0.189964 -0.0209824 -0.565918 123.207 479 460632
-1.12248 5.83365 0.4505 5.94589 -0.190091 -0.041974 -0.565918 117.582 449 460632
-1.21602 5.81888 0.57525 5.94589 -0.206013 -0.0209824 -0.565918 117.957 451 460632
1.15868 6.01494 0.313678 6.1377 0.190303 -0.0629841 0.0707397 112.707 423 460632
1.15868 6.00528 0.184904 6.1377 0.190602 -0.0840222 0.0707397 112.144 420 460632
0.965571 6.03934 0.184904 6.1377 0.158538 -0.0840222 0.0707397 108.019 398 460632
-1.02894 5.85619 0.7 5.94589 -0.173925 0 -0.636658 120.582 465 460632
-1.02894 5.85486 0.57525 5.94589 -0.173964 -0.0209824 -0.636658 121.332 469 460632
-1.12248 5.83898 0.7 5.94589 -0.189921 0 -0.636658 124.894 488 460632
-1.12248 5.83765 0.57525 5.94589 -0.189964 -0.0209824 -0.636658 124.894 488 460632
-1.3518 5.96478 1.2151 6.1377 -0.222865 0.0840222 -1.0611 116.082 441 460632
-1.44836 5.94207 1.2151 6.1377 -0.239084 0.0840222 -1.0611 111.019 414 460632
-1.44836 5.95183 1.08632 6.1377 -0.238706 0.0629841 -1.0611 111.019 414 460632
-1.06213 6.01071 1.34387 6.1377 -0.1749 0.105098 -1.13184 121.519 470 460632
-1.06213 6.02311 1.2151 6.1377 -0.174548 0.0840222 -1.13184 119.457 459 460632
-1.15868 5.99284 1.34387 6.1377 -0.190988 0.105098 -1.13184 118.519 454 460632
-1.15868 6.00528 1.2151 6.1377 -0.190602 0.0840222 -1.13184 118.707 455 460632
-1.02894 5.82287 1.32375 5.94589 -0.1749 0.105098 -1.13184 121.519 470 460632
-1.02894 5.83489 1.199 5.94589 -0.174548 0.0840222 -1.13184 119.644 460 460632
-1.12248 5.80557 1.32375 5.94589 -0.190988 0.105098 -1.13184 120.207 463 460632
-1.12248 5.81762 1.199 5.94589 -0.190602 0.0840222 -1.13184 120.582 465 460632
-1.12248 5.83765 0.82475 5.94589 -0.189964 0.0209824 -1.13184 118.144 452 460632
2.58894 5.76205 0.301606 6.3295 0.422278 -0.0629841 0.0707397 104.644 380 460632
1.19489 6.20291 0.301606 6.3295 0.190303 -0.0629841 0.0707397 109.144 404 460632
1.19489 6.19295 0.168807 6.3295 0.190602 -0.0840222 0.0707397 108.394 400 460632
1.09532 6.22126 0.301606 6.3295 0.174275 -0.0629841 0.0707397 106.144 388 460632
1.09532 6.21133 0.168807 6.3295 0.174548 -0.0840222 0.0707397 105.019 382 460632
1.69277 6.08592 0.301606 6.3295 0.271288 -0.0629841 -0 115.894 440 460632
1.19489 6.20291 0.301606 6.3295 0.190303 -0.0629841 -0 117.582 449 460632
1.19489 6.19295 0.168807 6.3295 0.190602 -0.0840222 -0 117.394 448 460632
-0.935397 5.83863 1.32375 5.94589 -0.158858 0.105098 -1.34406 116.457 443 460632
-0.965571 6.02697 1.34387 6.1377 -0.158858 0.105098 -1.34406 118.519 454 460632
-1.06213 6.01071 1.34387 6.1377 -0.1749 0.105098 -1.34406 118.144 452 460632
-1.15868 6.01494 1.08632 6.1377 -0.190303 0.0629841 -1.34406 119.457 459 460632
-1.15868 6.02183 0.957548 6.1377 -0.190091 0.041974 -1.34406 117.957 451 460632
-1.25524 5.98585 1.2151 6.1377 -0.206706 0.0840222 -1.34406 117.957 451 460632
-1.25524 5.99553 1.08632 6.1377 -0.206382 0.0629841 -1.34406 120.582 465 460632
-1.3518 5.9745 1.08632 6.1377 -0.222515 0.0629841 -1.34406 117.582 449 460632
-1.02894 5.82287 1.32375 5.94589 -0.1749 0.105098 -1.27332 131.457 523 460632
-1.02894 5.83489 1.199 5.94589 -0.174548 0.0840222 -1.27332 130.707 519 460632
-1.12248 5.81762 1.199 5.94589 -0.190602 0.0840222 -1.27332 131.082 521 460632
-1.06213 6.01071 1.34387 6.1377 -0.1749 0.105098 -1.27332 131.832 525 460632
-1.06213 6.02311 1.2151 6.1377 -0.174548 0.0840222 -1.27332 130.707 519 460632
-1.15868 6.00528 1.2151 6.1377 -0.190602 0.0840222 -1.27332 131.082 521 460632
-1.09532 6.21133 1.23119 6.3295 -0.174548 0.0840222 -1.20258 118.519 454 460632
-1.19489 6.19295 1.23119 6.3295 -0.190602 0.0840222 -1.20258 118.519 454 460632
-1.02894 5.82287 1.32375 5.94589 -0.1749 0.105098 -1.20258 132.582 529 460632
-1.02894 5.83489 1.199 5.94589 -0.174548 0.0840222 -1.20258 132.207 527 460632
-1.12248 5.80557 1.32375 5.94589 -0.190988 0.105098 -1.20258 129.957 515 460632
-1.12248 5.81762 1.199 5.94589 -0.190602 0.0840222 -1.20258 132.394 528 460632
-1.06213 6.01071 1.34387 6.1377 -0.1749 0.105098 -1.20258 132.019 526 460632
-1.06213 6.02311 1.2151 6.1377 -0.174548 0.0840222 -1.20258 131.644 524 460632
-1.15868 6.00528 1.2151 6.1377 -0.190602 0.0840222 -1.20258 131.644 524 460632
-0.965571 6.03934 1.2151 6.1377 -0.158538 0.0840222 -1.48553 117.957 451 460632
-0.935397 5.83863 1.32375 5.94589 -0.158858 0.105098 -1.48553 116.269 442 460632
-0.935397 5.85061 1.199 5.94589 -0.158538 0.0840222 -1.48553 118.144 452 460632
-0.965571 6.02697 1.34387 6.1377 -0.158858 0.105098 -1.55627 124.144 484 460632
-0.965571 6.03934 1.2151 6.1377 -0.158538 0.0840222 -1.55627 127.519 502 460632
-1.06213 6.02311 1.2151 6.1377 -0.174548 0.0840222 -1.55627 125.082 489 460632
-0.935397 5.83863 1.32375 5.94589 -0.158858 0.105098 -1.55627 122.082 473 460632
-0.935397 5.85061 1.199 5.94589 -0.158538 0.0840222 -1.55627 125.457 491 460632
-1.02894 5.83489 1.199 5.94589 -0.174548 0.0840222 -1.55627 121.707 471 460632
-1.25524 6.00797 0.7 6.1377 -0.205967 0 -1.76849 116.832 445 460632
-1.25524 6.00659 0.571226 6.1377 -0.206013 -0.0209824 -1.76849 117.957 451 460632
-0.965571 6.03934 1.2151 6.1377 -0.158538 0.0840222 -1.69775 122.082 473 460632
-0.965571 6.04894 1.08632 6.1377 -0.158291 0.0629841 -1.69775 120.957 467 460632
-1.06213 6.02311 1.2151 6.1377 -0.174548 0.0840222 -1.69775 121.332 469 460632
-1.06213 6.03274 1.08632 6.1377 -0.174275 0.0629841 -1.69775 120.582 465 460632
-1.25524 6.00797 0.7 6.1377 -0.205967 0 -1.69775 119.832 461 460632
-0.965571 6.02697 1.34387 6.1377 -0.158858 0.105098 -1.62701 123.582 481 460632
-0.965571 6.03934 1.2151 6.1377 -0.158538 0.0840222 -1.62701 128.457 507 460632
-0.965571 6.04894 1.08632 6.1377 -0.158291 0.0629841 -1.62701 124.332 485 460632
-1.06213 6.02311 1.2151 6.1377 -0.174548 0.0840222 -1.62701 126.207 495 460632
-0.935397 5.83863 1.32375 5.94589 -0.158858 0.105098 -1.62701 121.519 470 460632
-0.935397 5.85061 1.199 5.94589 -0.158538 0.0840222 -1.62701 125.832 493 460632
-0.935397 5.85992 1.07425 5.94589 -0.158291 0.0629841 -1.62701 121.332 469 460632
-1.02894 5.83489 1.199 5.94589 -0.174548 0.0840222 -1.62701 122.644 476 460632
-1.25524 6.00797 0.7 6.1377 -0.205967 0 -1.83923 123.394 480 460632
-1.25524 6.00659 0.571226 6.1377 -0.206013 -0.0209824 -1.83923 121.144 468 460632
-1.3518 5.98698 0.7 6.1377 -0.222066 0 -1.83923 119.457 459 460632
-0.935397 5.85061 1.199 5.94589 -0.158538 0.0840222 -1.69775 116.832 445 460632
-0.965571 6.03934 1.2151 6.1377 -0.158538 0.0840222 -1.90997 116.269 442 460632
-0.965571 6.04894 1.08632 6.1377 -0.158291 0.0629841 -1.90997 118.519 454 460632
-0.841857 5.87408 1.07425 5.94589 -0.142348 0.0629841 -1.98071 116.832 445 460632
-0.935397 5.85061 1.199 5.94589 -0.158538 0.0840222 -1.98071 117.019 446 460632
-0.935397 5.85992 1.07425 5.94589 -0.158291 0.0629841 -1.98071 120.207 463 460632
-0.869014 6.06357 1.08632 6.1377 -0.142348 0.0629841 -1.98071 120.394 464 460632
-0.965571 6.03934 1.2151 6.1377 -0.158538 0.0840222 -1.98071 121.332 469 460632
-0.965571 6.04894 1.08632 6.1377 -0.158291 0.0629841 -1.98071 123.582 481 460632
-1.15868 6.02596 0.571226 6.1377 -0.189964 -0.0209824 -2.19293 117.957 451 460632
-1.25524 6.00797 0.7 6.1377 -0.205967 0 -2.19293 121.519 470 460632
-1.25524 6.00659 0.571226 6.1377 -0.206013 -0.0209824 -2.19293 122.644 476 460632
-1.3518 5.9856 0.571226 6.1377 -0.222116 -0.0209824 -2.19293 117.957 451 460632
-1.21602 5.82022 0.7 5.94589 -0.205967 0 -2.19293 116.832 445 460632
-1.21602 5.81888 0.57525 5.94589 -0.206013 -0.0209824 -2.19293 116.644 444 460632
-0.965571 6.05579 0.957548 6.1377 -0.158115 0.041974 -2.40515 116.082 441 460632
-0.869014 6.0704 0.957548 6.1377 -0.14219 0.041974 -2.61737 116.644 444 460632
-0.965571 6.05579 0.957548 6.1377 -0.158115 0.041974 -2.61737 118.894 456 460632
-1.25524 6.00797 0.7 6.1377 -0.205967 0 -2.12219 125.832 493 460632
-1.25524 6.00659 0.571226 6.1377 -0.206013 -0.0209824 -2.12219 126.957 499 460632
-1.3518 5.9856 0.571226 6.1377 -0.222116 -0.0209824 -2.12219 122.832 477 460632
-0.965571 6.05579 0.957548 6.1377 -0.158115 0.041974 -2.75885 119.082 457 460632
-0.965571 6.0599 0.828774 6.1377 -0.158009 0.0209824 -2.75885 119.832 461 460632
-1.06213 6.03961 0.957548 6.1377 -0.17408 0.041974 -2.75885 116.832 445 460632
-1.06213 6.04372 0.828774 6.1377 -0.173964 0.0209824 -2.75885 117.582 449 460632
-0.965571 6.05579 0.957548 6.1377 -0.158115 0.041974 -2.82959 117.582 449 460632
-0.965571 6.0599 0.828774 6.1377 -0.158009 0.0209824 -2.82959 116.269 442 460632
-1.06213 6.03961 0.957548 6.1377 -0.17408 0.041974 -2.82959 116.082 441 460632
-1.21602 5.82022 0.7 5.94589 -0.205967 0 -1.83923 119.082 457 460632
-1.21602 5.81888 0.57525 5.94589 -0.206013 -0.0209824 -1.83923 117.394 448 460632
-1.21602 5.82022 0.7 5.94589 -0.205967 0 -2.12219 122.269 474 460632
-1.21602 5.81888 0.57525 5.94589 -0.206013 -0.0209824 -2.12219 122.457 475 460632
-1.30956 5.79989 0.7 5.94589 -0.222066 0 -2.12219 117.957 451 460632
-1.30956 5.79855 0.57525 5.94589 -0.222116 -0.0209824 -2.12219 118.332 453 460632
-0.935397 5.86655 0.9495 5.94589 -0.158115 0.041974 -2.61737 116.457 443 460632
-0.965571 6.04894 1.08632 6.1377 -0.158291 0.0629841 -2.05145 117.207 447 460632
-1.25524 6.00797 0.7 6.1377 -0.205967 0 -2.05145 117.394 448 460632
-1.25524 6.00659 0.571226 6.1377 -0.206013 -0.0209824 -2.05145 120.207 463 460632
-0.965571 6.0599 0.828774 6.1377 -0.158009 0.0209824 -2.97107 116.457 443 460632
-0.965571 6.0599 0.828774 6.1377 -0.158009 0.0209824 -3.04181 117.582 449 460632
-1.29447 6.18289 1.09839 6.3295 -0.206382 0.0629841 -1.41479 118.144 452 460632
-1.09532 6.21133 1.23119 6.3295 -0.174548 0.0840222 -1.27332 118.894 456 460632
-1.39404 6.16121 1.09839 6.3295 -0.222515 0.0629841 -1.27332 116.457 443 460632
1.74406 6.27034 0.289533 6.5213 0.271288 -0.0629841 0.0707397 114.394 432 460632
1.84665 6.24089 0.289533 6.5213 0.287687 -0.0629841 -0 120.207 463 460632
1.74406 6.27034 0.289533 6.5213 0.271288 -0.0629841 -0 121.894 472 460632
1.74406 6.25988 0.152711 6.5213 0.271719 -0.0840222 -0 119.457 459 460632
1.64147 6.29797 0.289533 6.5213 0.254962 -0.0629841 -0 118.894 456 460632
1.84665 6.24089 0.289533 6.5213 0.287687 -0.0629841 -0.0707397 113.832 429 460632
1.74406 6.27034 0.289533 6.5213 0.271288 -0.0629841 -0.0707397 114.957 435 460632
1.79536 6.46857 0.7 6.7131 0.270736 0 0.0707397 120.519 454 460632
1.68975 6.49696 0.7 6.7131 0.254446 0 0.0707397 122.394 464 460632
1.79536 6.46857 0.7 6.7131 0.270736 0 -0 127.644 492 460632
1.68975 6.49696 0.7 6.7131 0.254446 0 -0 129.144 500 460632
1.68975 6.49544 0.559153 6.7131 0.254503 -0.0209824 -0 124.644 476 460632
1.68975 6.49544 0.840847 6.7131 0.254503 0.0209824 -0 125.019 478 460632
1.68975 6.49696 0.7 6.7131 0.254446 0 -0.0707397 122.207 463 460632
1.95528 6.60801 0.265388 6.90491 0.287687 -0.0629841 0.0707397 120.519 454 460632
1.84665 6.65339 0.7 6.90491 0.270736 0 0.0707397 123.144 468 460632
1.73803 6.68259 0.7 6.90491 0.254446 0 0.0707397 123.894 472 460632
1.84665 6.65339 0.7 6.90491 0.270736 0 -0 131.019 510 460632
1.73803 6.68259 0.7 6.90491 0.254446 0 -0 131.957 515 460632
1.95528 6.60801 0.265388 6.90491 0.287687 -0.0629841 -0.0707397 122.582 465 460632
1.84665 6.65339 0.7 6.90491 0.270736 0 -0.0707397 124.457 475 460632
1.73803 6.68259 0.7 6.90491 0.254446 0 -0.0707397 125.394 480 460632
1.67466 6.88181 0.253315 7.09671 0.238706 -0.0629841 -0 124.269 474 460632
1.56302 6.90802 0.253315 7.09671 0.222515 -0.0629841 -0 123.707 471 460632
1.83458 7.04721 0.394162 7.28851 0.254675 -0.041974 -0 120.519 454 460632
1.37594 7.14274 0.241243 7.28851 0.190303 -0.0629841 -0 119.582 449 460632
1.88286 7.23266 0.386113 7.48032 0.254675 -0.041974 -0 124.957 467 460632
1.76518 7.26228 0.386113 7.48032 0.238438 -0.041974 -0 125.332 469 460632
1.41215 7.33071 0.22917 7.48032 0.190303 -0.0629841 -0 119.894 440 460632
2.84542 7.31436 0.205025 7.86392 0.371003 -0.0629841 0.0707397 112.582 401 460632
2.47427 7.45723 0.370017 7.86392 0.320366 -0.041974 0.0707397 114.082 409 460632
2.47427 7.4481 0.205025 7.86392 0.320732 -0.0629841 0.0707397 115.394 416 460632
1.85571 7.64005 0.535008 7.86392 0.238277 -0.0209824 -0 126.269 474 460632
1.85571 7.63471 0.370017 7.86392 0.238438 -0.041974 -0 126.082 473 460632
1.73199 7.66904 0.535008 7.86392 0.222116 -0.0209824 -0 123.832 461 460632
1.73199 7.66372 0.370017 7.86392 0.222265 -0.041974 -0 123.644 460 460632
1.90097 7.8264 0.530984 8.05573 0.238277 -0.0209824 0.0707397 126.082 473 460632
1.90097 7.82092 0.361968 8.05573 0.238438 -0.041974 0.0707397 131.144 500 460632
1.90097 7.81178 0.192952 8.05573 0.238706 -0.0629841 0.0707397 127.957 483 460632
1.77424 7.85064 0.361968 8.05573 0.222265 -0.041974 0.0707397 127.582 481 460632
1.90097 7.8264 0.530984 8.05573 0.238277 -0.0209824 -0 133.582 513 460632
1.90097 7.82092 0.361968 8.05573 0.238438 -0.041974 -0 138.832 541 460632
1.90097 7.81178 0.192952 8.05573 0.238706 -0.0629841 -0 135.644 524 460632
1.77424 7.85064 0.361968 8.05573 0.222265 -0.041974 -0 135.269 522 460632
1.90097 7.8264 0.530984 8.05573 0.238277 -0.0209824 -0.0707397 126.644 476 460632
1.90097 7.82092 0.361968 8.05573 0.238438 -0.041974 -0.0707397 131.519 502 460632
1.90097 7.81178 0.192952 8.05573 0.238706 -0.0629841 -0.0707397 128.519 486 460632
1.77424 7.85064 0.361968 8.05573 0.222265 -0.041974 -0.0707397 128.332 485 460632
1.94623 8.00713 0.35392 8.24753 0.238438 -0.041974 0.0707397 123.707 455 460632
1.94623 8.00713 0.35392 8.24753 0.238438 -0.041974 -0 131.582 497 460632
1.94623 7.99778 0.18088 8.24753 0.238706 -0.0629841 -0 130.082 489 460632
1.81648 8.03756 0.35392 8.24753 0.222265 -0.041974 -0 128.207 479 460632
1.81648 8.02824 0.18088 8.24753 0.222515 -0.0629841 -0 126.894 472 460632
1.94623 8.00713 0.35392 8.24753 0.238438 -0.041974 -0.0707397 125.394 464 460632
1.94623 7.99778 0.18088 8.24753 0.238706 -0.0629841 -0.0707397 124.082 457 460632
1.99149 8.19334 0.345872 8.43933 0.238438 -0.041974 -0 125.207 463 460632
1.32766 8.32672 0.345872 8.43933 0.158115 -0.041974 -0 117.707 423 460632
2.4441 8.26993 0.337823 8.63113 0.287361 -0.041974 -0 118.832 429 460632
1.6294 8.4682 0.337823 8.63113 0.190091 -0.041974 -0 121.832 445 460632
1.49362 8.4932 0.337823 8.63113 0.17408 -0.041974 -0 120.144 436 460632
1.49362 8.48354 0.156735 8.63113 0.174275 -0.0629841 -0 117.894 424 460632
3.76573 8.39229 0.313678 9.20654 0.421783 -0.041974 -0 116.144 404 460632
3.62089 8.45579 0.313678 9.20654 0.40459 -0.041974 -0 119.707 423 460632
3.62089 8.44475 0.120517 9.20654 0.405063 -0.0629841 -0 116.144 404 460632
3.47605 8.51635 0.313678 9.20654 0.387523 -0.041974 -0 116.332 405 460632
-2.00054 9.573 0.494766 9.78195 -0.206013 -0.0209824 -0 117.519 406 460632
3.8472 8.9913 0.494766 9.78195 0.404307 -0.0209824 -0 119.582 417 460632
3.8472 8.98427 0.289533 9.78195 0.40459 -0.041974 -0 120.707 423 460632
3.69331 9.0556 0.494766 9.78195 0.387253 -0.0209824 -0 118.082 409 460632
3.69331 9.04862 0.289533 9.78195 0.387523 -0.041974 -0 119.207 415 460632
-1.72596 9.82105 0.490742 9.97375 -0.173964 -0.0209824 -0 115.457 395 460632
-1.88286 9.79218 0.490742 9.97375 -0.189964 -0.0209824 -0 114.332 389 460632
-2.03977 9.7607 0.490742 9.97375 -0.206013 -0.0209824 -0 119.207 415 460632
-2.03977 9.75397 0.281485 9.97375 -0.206151 -0.041974 -0 115.082 393 460632
-2.19667 9.72659 0.490742 9.97375 -0.222116 -0.0209824 -0 116.207 399 460632
-2.3234 10.2877 0.47867 10.5492 -0.222116 -0.0209824 -0 119.644 412 460632
-2.3234 10.2806 0.257339 10.5492 -0.222265 -0.041974 -0 121.894 424 460632
-2.48936 10.2417 0.257339 10.5492 -0.238438 -0.041974 -0 121.707 423 460632
8.13192 6.71624 0.47867 10.5492 0.880455 -0.0209824 -0 121.519 422 460632
8.13192 6.70529 0.257339 10.5492 0.881256 -0.041974 -0 124.332 437 460632
8.13192 6.70529 0.257339 10.5492 0.881256 -0.041974 -0.0707397 117.582 401 460632
6.23095 9.43452 0.225146 11.3164 0.58368 -0.041974 0.0707397 118.394 400 460632
6.05292 9.55856 0.462573 11.3164 0.564507 -0.0209824 0.0707397 123.457 427 460632
6.05292 9.54971 0.225146 11.3164 0.564926 -0.041974 0.0707397 124.582 433 460632
6.05292 9.55856 0.462573 11.3164 0.564507 -0.0209824 -0 131.519 470 460632
6.05292 9.54971 0.225146 11.3164 0.564926 -0.041974 -0 132.644 476 460632
6.05292 9.55856 0.462573 11.3164 0.564507 -0.0209824 -0.0707397 124.582 433 460632
6.05292 9.54971 0.225146 11.3164 0.564926 -0.041974 -0.0707397 125.707 439 460632
5.87489 9.66025 0.225146 11.3164 0.546391 -0.041974 -0.0707397 120.082 409 460632
6.15551 9.72057 0.458549 11.5082 0.564507 -0.0209824 -0 121.019 414 460632
6.15551 9.71157 0.217098 11.5082 0.564926 -0.041974 -0 122.144 420 460632
5.97447 9.53489 3.11451 11.5082 0.559742 0.211379 -0 121.582 417 460632
5.97447 9.59279 2.87306 11.5082 0.557021 0.189968 -0 123.644 428 460632
1.39404 12.5708 0.168807 12.659 0.110444 -0.041974 -0 121.082 409 460632
6.15551 11.4954 0.426355 13.0426 0.491624 -0.0209824 -0 139.519 502 460632
5.95033 11.6029 0.426355 13.0426 0.473858 -0.0209824 -0 137.832 493 460632
6.24604 11.6645 0.422331 13.2344 0.491624 -0.0209824 -0 143.644 524 460632
6.24604 11.6545 0.144662 13.2344 0.491978 -0.041974 -0 140.457 507 460632
6.03783 11.7736 0.422331 13.2344 0.473858 -0.0209824 -0 141.957 515 460632
6.03783 11.7637 0.144662 13.2344 0.474198 -0.041974 -0 138.207 495 460632
6.33656 11.8335 0.418307 13.4262 0.491624 -0.0209824 0.0707397 145.332 533 460632
6.33656 11.8234 0.136614 13.4262 0.491978 -0.041974 0.0707397 141.582 513 460632
6.12534 11.9442 0.418307 13.4262 0.473858 -0.0209824 0.0707397 143.457 523 460632
6.33656 11.8335 0.418307 13.4262 0.491624 -0.0209824 -0 153.207 575 460632
6.33656 11.8234 0.136614 13.4262 0.491978 -0.041974 -0 149.269 554 460632
6.12534 11.9442 0.418307 13.4262 0.473858 -0.0209824 -0 151.144 564 460632
6.33656 11.8335 0.418307 13.4262 0.491624 -0.0209824 -0.0707397 146.269 538 460632
6.33656 11.8234 0.136614 13.4262 0.491978 -0.041974 -0.0707397 142.519 518 460632
6.12534 11.9442 0.418307 13.4262 0.473858 -0.0209824 -0.0707397 144.207 527 460632
6.42708 12.0026 0.414283 13.618 0.491624 -0.0209824 -0 141.082 505 460632
6.42708 11.8382 2.70002 13.618 0.497384 0.147399 -0 139.019 494 460632
6.21284 12.1148 0.414283 13.618 0.473858 -0.0209824 -0 138.832 493 460632
6.21284 11.9007 2.98574 13.618 0.481138 0.168645 -0 137.894 488 460632
6.21284 11.952 2.70002 13.618 0.479374 0.147399 -0 142.019 510 460632
6.5176 12.1716 0.410259 13.8098 0.491624 -0.0209824 -0 138.082 489 460632
6.1193 13.6519 0.7 14.9606 0.421388 0 -0 131.957 451 460632
-7.15126 13.2981 -0.571643 15.1524 -0.493402 -0.0840222 -0 126.394 416 460632
-7.38963 13.2284 0.7 15.1524 -0.509437 0 -0 129.207 431 460632
-7.38963 13.2245 0.382089 15.1524 -0.50956 -0.0209824 -0 129.207 431 460632
-7.38963 13.1671 -0.571643 15.1524 -0.511416 -0.0840222 -0 130.519 438 460632
6.82538 15.2271 0.7 16.6869 0.421388 0 0.0707397 145.394 512 460632
6.56286 15.3421 0.7 16.6869 0.404213 0 0.0707397 149.519 534 460632
6.56286 15.3381 1.0501 16.6869 0.404307 0.0209824 0.0707397 149.519 534 460632
6.82538 15.2271 0.7 16.6869 0.421388 0 -0 152.894 552 460632
6.56286 15.3421 0.7 16.6869 0.404213 0 -0 156.832 573 460632
6.56286 15.3381 1.0501 16.6869 0.404307 0.0209824 -0 156.832 573 460632
6.82538 15.2271 0.7 16.6869 0.421388 0 -0.0707397 145.582 513 460632
6.56286 15.3421 0.7 16.6869 0.404213 0 -0.0707397 149.707 535 460632
6.56286 15.3381 1.0501 16.6869 0.404307 0.0209824 -0.0707397 149.707 535 460632
6.6383 15.5184 0.7 16.8787 0.404213 0 0.0707397 149.519 534 460632
6.6383 15.5144 1.05413 16.8787 0.404307 0.0209824 0.0707397 149.144 532 460632
6.6383 15.5184 0.7 16.8787 0.404213 0 -0 157.394 576 460632
6.6383 15.5144 1.05413 16.8787 0.404307 0.0209824 -0 157.207 575 460632
6.6383 15.5184 0.7 16.8787 0.404213 0 -0.0707397 150.644 540 460632
6.6383 15.5144 1.05413 16.8787 0.404307 0.0209824 -0.0707397 150.269 538 460632
-7.3323 15.6276 0.7 17.2623 -0.438696 0 -0 130.582 433 460632
-7.3323 15.6234 0.337823 17.2623 -0.438799 -0.0209824 -0 135.457 459 460632
-7.3323 15.6108 -0.0243536 17.2623 -0.439109 -0.041974 -0 132.269 442 460632
-7.60387 15.4931 0.337823 17.2623 -0.456253 -0.0209824 -0 133.019 446 460632
6.73486 16.5174 0.7 17.8377 0.387164 0 0.0707397 148.269 522 460632
6.73486 16.5132 0.325751 17.8377 0.387253 -0.0209824 0.0707397 148.644 524 460632
6.45424 16.6291 0.7 17.8377 0.370232 0 0.0707397 145.644 508 460632
6.45424 16.6248 0.325751 17.8377 0.370317 -0.0209824 0.0707397 146.019 510 460632
6.73486 16.5174 0.7 17.8377 0.387164 0 -0 155.957 563 460632
6.73486 16.5132 0.325751 17.8377 0.387253 -0.0209824 -0 156.144 564 460632
6.45424 16.6291 0.7 17.8377 0.370232 0 -0 152.957 547 460632
6.45424 16.6248 0.325751 17.8377 0.370317 -0.0209824 -0 153.332 549 460632
6.73486 16.5174 0.7 17.8377 0.387164 0 -0.0707397 148.644 524 460632
6.73486 16.5132 0.325751 17.8377 0.387253 -0.0209824 -0.0707397 149.207 527 460632
6.45424 16.6291 0.7 17.8377 0.370232 0 -0.0707397 145.644 508 460632
6.45424 16.6248 0.325751 17.8377 0.370317 -0.0209824 -0.0707397 146.207 511 460632
6.80727 16.695 0.7 18.0295 0.387164 0 0.0707397 142.269 490 460632
6.80727 16.6907 0.321726 18.0295 0.387253 -0.0209824 0.0707397 142.457 491 460632
6.80727 16.695 0.7 18.0295 0.387164 0 -0 150.144 532 460632
6.80727 16.6907 0.321726 18.0295 0.387253 -0.0209824 -0 150.519 534 460632
6.52364 16.8079 0.7 18.0295 0.370232 0 -0 147.144 516 460632
6.52364 16.8036 0.321726 18.0295 0.370317 -0.0209824 -0 147.332 517 460632
6.80727 16.695 0.7 18.0295 0.387164 0 -0.0707397 143.957 499 460632
6.80727 16.6907 0.321726 18.0295 0.387253 -0.0209824 -0.0707397 144.332 501 460632
6.87969 16.8726 0.7 18.2213 0.387164 0 -0 146.269 506 460632
6.87969 16.8683 0.317702 18.2213 0.387253 -0.0209824 -0 145.332 501 460632
6.59304 16.9867 0.7 18.2213 0.370232 0 -0 146.269 506 460632
6.59304 16.9824 0.317702 18.2213 0.370317 -0.0209824 -0 145.332 501 460632
3.04758 19.1309 0.7 19.3721 0.157974 0 0.0707397 137.519 454 460632
2.74282 19.1769 0.7 19.3721 0.142064 0 0.0707397 138.269 458 460632
6.46329 18.4654 0.7 19.5639 0.336693 0 -0 152.894 536 460632
6.46329 18.4609 0.289533 19.5639 0.336771 -0.0209824 -0 152.144 532 460632
6.15551 18.5703 0.7 19.5639 0.320073 0 -0 152.144 532 460632
6.15551 18.5658 0.289533 19.5639 0.320146 -0.0209824 -0 151.207 527 460632
7.14824 18.1871 3.60144 19.7557 0.37449 0.147399 -0 143.332 485 460632
5.90507 18.8525 0.7 19.7557 0.303544 0 -0 151.207 527 460632
6.27621 18.9344 0.7 19.9475 0.320073 0 0.0707397 159.457 571 460632
6.27621 18.9298 0.281485 19.9475 0.320146 -0.0209824 0.0707397 155.332 549 460632
6.27621 18.9298 1.11852 19.9475 0.320146 0.0209824 0.0707397 155.519 550 460632
5.9624 19.0356 0.7 19.9475 0.303544 0 0.0707397 158.894 568 460632
6.27621 18.9344 0.7 19.9475 0.320073 0 -0 166.957 611 460632
6.27621 18.9298 0.281485 19.9475 0.320146 -0.0209824 -0 163.019 590 460632
6.27621 18.9298 1.11852 19.9475 0.320146 0.0209824 -0 163.019 590 460632
5.9624 19.0356 0.7 19.9475 0.303544 0 -0 166.207 607 460632
6.27621 18.9344 0.7 19.9475 0.320073 0 -0.0707397 160.019 574 460632
6.27621 18.9298 0.281485 19.9475 0.320146 -0.0209824 -0.0707397 156.082 553 460632
6.27621 18.9298 1.11852 19.9475 0.320146 0.0209824 -0.0707397 155.894 552 460632
5.9624 19.0356 0.7 19.9475 0.303544 0 -0.0707397 159.269 570 460632
6.33656 19.1165 0.7 20.1393 0.320073 0 0.0707397 152.894 536 460632
6.01973 19.2186 0.7 20.1393 0.303544 0 0.0707397 151.582 529 460632
6.33656 19.1165 0.7 20.1393 0.320073 0 -0 161.144 580 460632
6.33656 19.1118 0.27746 20.1393 0.320146 -0.0209824 -0 157.019 558 460632
6.33656 19.1118 1.12254 20.1393 0.320146 0.0209824 -0 157.394 560 460632
6.01973 19.2186 0.7 20.1393 0.303544 0 -0 160.582 577 460632
6.33656 19.1165 0.7 20.1393 0.320073 0 -0.0707397 154.582 545 460632
6.01973 19.2186 0.7 20.1393 0.303544 0 -0.0707397 154.582 545 460632
6.39691 19.2985 0.7 20.3311 0.320073 0 -0 152.707 535 460632
6.07706 19.4016 0.7 20.3311 0.303544 0 -0 151.582 529 460632
1.93718 20.4268 1.13059 20.5229 0.0945525 0.0209824 -0 147.519 502 460632
1.61431 20.4548 1.13059 20.5229 0.0787578 0.0209824 -0 148.644 508 460632
1.29145 20.4822 0.7 20.5229 0.0629689 0 -0 151.269 522 460632
1.29145 20.4777 1.13059 20.5229 0.0629827 0.0209824 -0 150.144 516 460632
0.968588 20.5 0.7 20.5229 0.047213 0 -0 148.644 508 460632
1.95528 20.6222 0.7 20.7147 0.0945316 0 0.0707397 151.832 525 460632
1.95528 20.6177 1.13461 20.7147 0.0945525 0.0209824 0.0707397 154.832 541 460632
1.6294 20.6505 0.7 20.7147 0.0787404 0 0.0707397 152.582 529 460632
1.6294 20.646 1.13461 20.7147 0.0787578 0.0209824 0.0707397 155.019 542 460632
1.95528 20.6222 0.7 20.7147 0.0945316 0 -0 158.957 563 460632
1.95528 20.6177 1.13461 20.7147 0.0945525 0.0209824 -0 161.957 579 460632
1.6294 20.6505 0.7 20.7147 0.0787404 0 -0 159.707 567 460632
1.6294 20.646 1.13461 20.7147 0.0787578 0.0209824 -0 161.957 579 460632
1.95528 20.6222 0.7 20.7147 0.0945316 0 -0.0707397 150.894 520 460632
1.95528 20.6177 1.13461 20.7147 0.0945525 0.0209824 -0.0707397 154.082 537 460632
1.6294 20.6505 0.7 20.7147 0.0787404 0 -0.0707397 152.207 527 460632
1.6294 20.646 1.13461 20.7147 0.0787578 0.0209824 -0.0707397 154.457 539 460632
4.93346 20.3161 0.7 20.9065 0.238224 0 0.0707397 146.957 499 460632
4.93346 20.2971 1.57727 20.9065 0.238438 0.041974 0.0707397 145.082 489 460632
4.93346 20.3114 1.13864 20.9065 0.238277 0.0209824 0.0707397 148.082 505 460632
4.60457 20.3743 1.57727 20.9065 0.222265 0.041974 0.0707397 145.644 492 460632
4.60457 20.3884 1.13864 20.9065 0.222116 0.0209824 0.0707397 146.582 497 460632
4.93346 20.3114 1.13864 20.9065 0.238277 0.0209824 -0 156.332 549 460632
1.64449 20.8371 1.13864 20.9065 0.0787578 0.0209824 -0 155.207 543 460632
4.93346 20.3161 0.7 20.9065 0.238224 0 -0.0707397 148.269 506 460632
4.93346 20.3114 1.13864 20.9065 0.238277 0.0209824 -0.0707397 150.144 516 460632
4.60457 20.3743 1.57727 20.9065 0.222265 0.041974 -0.0707397 147.332 501 460632
4.60457 20.3884 1.13864 20.9065 0.222116 0.0209824 -0.0707397 148.644 508 460632
1.64449 20.8417 0.7 20.9065 0.0787404 0 -0.0707397 147.894 504 460632
1.64449 20.8371 1.13864 20.9065 0.0787578 0.0209824 -0.0707397 148.457 507 460632
1.99149 21.0041 0.7 21.0983 0.0945316 0 -0 146.957 499 460632
1.99149 20.9995 1.14266 21.0983 0.0945525 0.0209824 -0 151.269 522 460632
1.65957 21.0283 1.14266 21.0983 0.0787578 0.0209824 -0 151.082 521 460632
3.68426 20.9499 1.59337 21.2901 0.17408 0.041974 -0 144.707 487 460632
3.68426 20.9642 1.14668 21.2901 0.173964 0.0209824 -0 143.582 481 460632
1.67466 21.2242 0.7 21.2901 0.0787404 0 -0 145.269 490 460632
1.67466 21.2195 1.14668 21.2901 0.0787578 0.0209824 -0 145.269 490 460632
3.71745 21.153 1.15071 21.4819 0.173964 0.0209824 0.0707397 147.707 503 460632
1.3518 21.4394 0.7 21.4819 0.0629689 0 0.0707397 150.519 518 460632
1.3518 21.4346 0.249291 21.4819 0.0629827 -0.0209824 0.0707397 147.519 502 460632
1.3518 21.4346 1.15071 21.4819 0.0629827 0.0209824 0.0707397 148.832 509 460632
1.01385 21.458 0.7 21.4819 0.047213 0 0.0707397 147.519 502 460632
1.3518 21.4394 0.7 21.4819 0.0629689 0 -0 158.207 559 460632
1.3518 21.4346 1.15071 21.4819 0.0629827 0.0209824 -0 156.519 550 460632
3.71745 21.153 1.15071 21.4819 0.173964 0.0209824 -0.0707397 148.644 508 460632
1.3518 21.4394 0.7 21.4819 0.0629689 0 -0.0707397 151.082 521 460632
1.3518 21.4346 0.249291 21.4819 0.0629827 -0.0209824 -0.0707397 148.269 506 460632
1.3518 21.4346 1.15071 21.4819 0.0629827 0.0209824 -0.0707397 149.394 512 460632
1.01385 21.458 0.7 21.4819 0.047213 0 -0.0707397 148.269 506 460632
1.36387 21.6308 0.7 21.6737 0.0629689 0 0.0707397 145.082 489 460632
1.36387 21.6308 0.7 21.6737 0.0629689 0 -0 153.519 534 460632
1.36387 21.6308 0.7 21.6737 0.0629689 0 -0.0707397 147.332 501 460632
5.15977 21.2431 1.15876 21.8655 0.238277 0.0209824 0.0707397 149.019 510 460632
4.81578 21.3089 1.61751 21.8655 0.222265 0.041974 0.0707397 148.644 508 460632
4.81578 21.3237 1.15876 21.8655 0.222116 0.0209824 0.0707397 153.894 536 460632
4.4718 21.3985 1.15876 21.8655 0.206013 0.0209824 0.0707397 149.394 512 460632
5.15977 21.2431 1.15876 21.8655 0.238277 0.0209824 -0 156.332 549 460632
4.81578 21.3089 1.61751 21.8655 0.222265 0.041974 -0 156.519 550 460632
4.81578 21.3237 1.15876 21.8655 0.222116 0.0209824 -0 161.394 576 460632
4.4718 21.3985 1.15876 21.8655 0.206013 0.0209824 -0 156.707 551 460632
5.15977 21.2431 1.15876 21.8655 0.238277 0.0209824 -0.0707397 149.019 510 460632
4.81578 21.3089 1.61751 21.8655 0.222265 0.041974 -0.0707397 149.582 513 460632
4.81578 21.3237 1.15876 21.8655 0.222116 0.0209824 -0.0707397 154.457 539 460632
4.4718 21.3985 1.15876 21.8655 0.206013 0.0209824 -0.0707397 150.144 516 460632
4.85803 21.5107 1.16278 22.0573 0.222116 0.0209824 0.0707397 149.082 505 460632
5.20503 21.4294 1.16278 22.0573 0.238277 0.0209824 -0 153.207 527 460632
4.85803 21.4958 1.62556 22.0573 0.222265 0.041974 -0 151.519 518 460632
4.85803 21.5107 1.16278 22.0573 0.222116 0.0209824 -0 157.519 550 460632
4.51103 21.5862 1.16278 22.0573 0.206013 0.0209824 -0 152.269 522 460632
5.20503 21.4294 1.16278 22.0573 0.238277 0.0209824 -0.0707397 147.207 495 460632
4.85803 21.5107 1.16278 22.0573 0.222116 0.0209824 -0.0707397 151.519 518 460632
4.51103 21.5862 1.16278 22.0573 0.206013 0.0209824 -0.0707397 146.457 491 460632
8.05045 20.7206 1.63361 22.2491 0.370574 0.041974 -0 141.394 464 460632
8.05045 20.7364 1.16681 22.2491 0.370317 0.0209824 -0 142.519 470 460632
4.90027 21.6978 1.16681 22.2491 0.222116 0.0209824 -0 146.832 493 460632
2.80015 22.0722 0.7 22.2491 0.126189 0 -0 142.144 468 460632
2.80015 22.0673 1.16681 22.2491 0.126217 0.0209824 -0 141.957 467 460632
8.05045 20.7364 1.16681 22.2491 0.370317 0.0209824 -0.0707397 136.144 436 460632
1.79536 22.7538 0.7 22.8246 0.0787404 0 0.0707397 152.707 519 460632
1.43629 22.7793 0.7 22.8246 0.0629689 0 0.0707397 154.957 531 460632
1.43629 22.7743 1.17888 22.8246 0.0629827 0.0209824 0.0707397 150.457 507 460632
1.07721 22.7991 0.7 22.8246 0.047213 0 0.0707397 152.144 516 460632
1.79536 22.7538 0.7 22.8246 0.0787404 0 -0 160.019 558 460632
1.43629 22.7793 0.7 22.8246 0.0629689 0 -0 162.082 569 460632
1.43629 22.7743 1.17888 22.8246 0.0629827 0.0209824 -0 158.144 548 460632
1.07721 22.7991 0.7 22.8246 0.047213 0 -0 159.457 555 460632
1.79536 22.7538 0.7 22.8246 0.0787404 0 -0.0707397 152.707 519 460632
1.43629 22.7793 0.7 22.8246 0.0629689 0 -0.0707397 155.144 532 460632
1.43629 22.7743 1.17888 22.8246 0.0629827 0.0209824 -0.0707397 151.207 511 460632
1.07721 22.7991 0.7 22.8246 0.047213 0 -0.0707397 152.332 517 460632
1.81044 22.945 0.7 23.0164 0.0787404 0 0.0707397 152.144 516 460632
1.44836 22.9707 0.7 23.0164 0.0629689 0 0.0707397 155.332 533 460632
1.44836 22.9657 1.1829 23.0164 0.0629827 0.0209824 0.0707397 151.582 513 460632
1.08627 22.9907 0.7 23.0164 0.047213 0 0.0707397 153.644 524 460632
1.08627 22.9856 1.1829 23.0164 0.0472234 0.0209824 0.0707397 151.019 510 460632
1.81044 22.945 0.7 23.0164 0.0787404 0 -0 159.832 557 460632
1.44836 22.9707 0.7 23.0164 0.0629689 0 -0 163.207 575 460632
1.44836 22.9657 1.1829 23.0164 0.0629827 0.0209824 -0 159.644 556 460632
1.08627 22.9907 0.7 23.0164 0.047213 0 -0 161.519 566 460632
1.08627 22.9856 1.1829 23.0164 0.0472234 0.0209824 -0 158.894 552 460632
1.81044 22.945 0.7 23.0164 0.0787404 0 -0.0707397 153.082 521 460632
1.44836 22.9707 0.7 23.0164 0.0629689 0 -0.0707397 156.644 540 460632
1.44836 22.9657 1.1829 23.0164 0.0629827 0.0209824 -0.0707397 153.082 521 460632
1.08627 22.9907 0.7 23.0164 0.047213 0 -0.0707397 154.957 531 460632
-14.4745 18.623 0.205025 23.5918 -0.660708 -0.0209824 0.0707397 133.207 415 460632
-14.8456 18.3352 0.7 23.5918 -0.680617 0 0.0707397 138.082 441 460632
-14.8456 18.3285 0.205025 23.5918 -0.680795 -0.0209824 0.0707397 136.394 432 460632
-15.2168 18.0283 0.7 23.5918 -0.701029 0 0.0707397 134.519 422 460632
-14.8456 18.3352 0.7 23.5918 -0.680617 0 -0 145.207 479 460632
-14.8456 18.3285 0.205025 23.5918 -0.680795 -0.0209824 -0 143.332 469 460632
-13.7322 19.1833 0.7 23.5918 -0.621281 0 -0.0707397 133.582 417 460632
-13.7322 19.1769 1.19497 23.5918 -0.621438 0.0209824 -0.0707397 133.957 419 460632
-14.1034 18.9056 1.19497 23.5918 -0.640929 0.0209824 -0.0707397 133.582 417 460632
-14.8456 18.3352 0.7 23.5918 -0.680617 0 -0.0707397 138.082 441 460632
-14.8456 18.3285 0.205025 23.5918 -0.680795 -0.0209824 -0.0707397 136.207 431 460632
-15.2168 18.0283 0.7 23.5918 -0.701029 0 -0.0707397 134.707 423 460632
-14.5922 18.781 0.7 23.7836 -0.660537 0 0.0707397 138.832 445 460632
-14.9663 18.4842 0.7 23.7836 -0.680617 0 0.0707397 139.207 447 460632
-14.9663 18.4775 0.201001 23.7836 -0.680795 -0.0209824 0.0707397 136.582 433 460632
-14.5922 18.781 0.7 23.7836 -0.660537 0 -0 145.957 483 460632
-14.9663 18.4842 0.7 23.7836 -0.680617 0 -0 146.707 487 460632
-14.9663 18.4775 0.201001 23.7836 -0.680795 -0.0209824 -0 144.269 474 460632
-14.5922 18.781 0.7 23.7836 -0.660537 0 -0.0707397 139.019 446 460632
-14.9663 18.4842 0.7 23.7836 -0.680617 0 -0.0707397 140.144 452 460632
-14.9663 18.4775 0.201001 23.7836 -0.680795 -0.0209824 -0.0707397 137.332 437 460632
1.52077 24.1193 0.7 24.1672 0.0629689 0 0.0707397 148.582 497 460632
1.52077 24.1139 1.20705 24.1672 0.0629827 0.0209824 0.0707397 146.519 486 460632
1.14058 24.1402 0.7 24.1672 0.047213 0 0.0707397 148.957 499 460632
1.14058 24.1349 1.20705 24.1672 0.0472234 0.0209824 0.0707397 146.894 488 460632
1.52077 24.1193 0.7 24.1672 0.0629689 0 -0 155.707 535 460632
1.52077 24.1139 1.20705 24.1672 0.0629827 0.0209824 -0 154.019 526 460632
1.14058 24.1402 0.7 24.1672 0.047213 0 -0 156.082 537 460632
1.14058 24.1349 1.20705 24.1672 0.0472234 0.0209824 -0 154.394 528 460632
1.52077 24.1193 0.7 24.1672 0.0629689 0 -0.0707397 148.394 496 460632
1.52077 24.1139 1.20705 24.1672 0.0629827 0.0209824 -0.0707397 146.519 486 460632
1.14058 24.1402 0.7 24.1672 0.047213 0 -0.0707397 148.582 497 460632
1.14058 24.1349 1.20705 24.1672 0.0472234 0.0209824 -0.0707397 147.082 489 460632
1.53284 24.3107 0.7 24.359 0.0629689 0 0.0707397 149.957 499 460632
1.53284 24.3053 1.21107 24.359 0.0629827 0.0209824 0.0707397 149.019 494 460632
1.14963 24.3318 0.7 24.359 0.047213 0 0.0707397 149.957 499 460632
1.14963 24.3265 1.21107 24.359 0.0472234 0.0209824 0.0707397 148.644 492 460632
1.53284 24.3107 0.7 24.359 0.0629689 0 -0 157.644 540 460632
1.53284 24.3053 1.21107 24.359 0.0629827 0.0209824 -0 156.519 534 460632
1.14963 24.3318 0.7 24.359 0.047213 0 -0 158.207 543 460632
1.14963 24.3265 1.21107 24.359 0.0472234 0.0209824 -0 156.519 534 460632
1.53284 24.3107 0.7 24.359 0.0629689 0 -0.0707397 150.894 504 460632
1.53284 24.3053 1.21107 24.359 0.0629827 0.0209824 -0.0707397 149.957 499 460632
1.14963 24.3318 0.7 24.359 0.047213 0 -0.0707397 151.457 507 460632
1.14963 24.3265 1.21107 24.359 0.0472234 0.0209824 -0.0707397 149.957 499 460632
10.0419 22.4031 0.7 24.5508 0.421388 0 -0 137.582 433 460632
10.0419 22.3972 0.184904 24.5508 0.421486 -0.0209824 -0 134.019 414 460632
9.65571 22.5723 0.7 24.5508 0.404213 0 -0 137.582 433 460632
5.79342 23.8519 1.2151 24.5508 0.238277 0.0209824 -0 137.582 433 460632
11.0679 22.5572 0.7 25.1262 0.456145 0 -0 134.207 415 460632
-15.8112 19.5277 0.7 25.1262 -0.680617 0 -0 134.019 414 460632
9.48673 23.2664 0.7 25.1262 0.387164 0 -0 134.582 417 460632
9.09145 23.4237 0.7 25.1262 0.370232 0 -0 135.707 423 460632
11.1523 22.7294 0.7 25.318 0.456145 0 -0 135.894 424 460632
11.1523 22.7046 1.76239 25.318 0.456578 0.041974 -0 139.082 441 460632
11.1523 22.7232 1.23119 25.318 0.456253 0.0209824 -0 139.269 442 460632
10.754 22.8959 1.76239 25.318 0.439109 0.041974 -0 137.394 432 460632
10.754 22.9144 1.23119 25.318 0.438799 0.0209824 -0 137.582 433 460632
-16.7014 19.7872 0.7 25.8934 -0.701029 0 0.0707397 135.207 415 460632
-16.294 20.124 0.7 25.8934 -0.680617 0 -0 140.269 442 460632
-16.294 20.1166 0.156735 25.8934 -0.680795 -0.0209824 -0 138.394 432 460632
-16.7014 19.7872 0.7 25.8934 -0.701029 0 -0 142.332 453 460632
-16.7014 19.7797 0.156735 25.8934 -0.701215 -0.0209824 -0 140.644 444 460632
-16.7014 19.7797 1.24327 25.8934 -0.701215 0.0209824 -0 138.207 431 460632
-16.7014 19.7872 0.7 25.8934 -0.701029 0 -0.0707397 135.957 419 460632
-16.4147 20.273 0.7 26.0852 -0.680617 0 0.0707397 141.957 451 460632
-16.4147 20.2656 0.152711 26.0852 -0.680795 -0.0209824 0.0707397 139.519 438 460632
-16.8251 19.9338 0.7 26.0852 -0.701029 0 0.0707397 142.144 452 460632
-16.8251 19.9263 0.152711 26.0852 -0.701215 -0.0209824 0.0707397 140.269 442 460632
-16.4147 20.273 0.7 26.0852 -0.680617 0 -0 149.644 492 460632
-16.4147 20.2656 0.152711 26.0852 -0.680795 -0.0209824 -0 147.207 479 460632
-16.8251 19.9338 0.7 26.0852 -0.701029 0 -0 150.019 494 460632
-16.8251 19.9263 0.152711 26.0852 -0.701215 -0.0209824 -0 148.144 484 460632
-16.4147 20.273 0.7 26.0852 -0.680617 0 -0.0707397 142.894 456 460632
-16.4147 20.2656 0.152711 26.0852 -0.680795 -0.0209824 -0.0707397 140.644 444 460632
-16.8251 19.9338 0.7 26.0852 -0.701029 0 -0.0707397 143.269 458 460632
-16.8251 19.9263 0.152711 26.0852 -0.701215 -0.0209824 -0.0707397 141.394 448 460632
6.71072 25.583 4.05617 26.6606 0.256532 0.12622 -0 136.519 422 460632
6.2913 25.6894 4.05617 26.6606 0.240172 0.12622 -0 138.582 433 460632
6.2913 25.8835 1.81872 26.6606 0.238438 0.041974 -0 135.957 419 460632
6.75899 25.8347 3.51693 26.8524 0.255889 0.105098 -0 141.957 451 460632
6.33656 25.9416 3.51693 26.8524 0.239572 0.105098 -0 142.707 455 460632
6.75899 25.8347 3.51693 26.8524 0.255889 0.105098 -0.0707397 134.832 413 460632
6.33656 25.9416 3.51693 26.8524 0.239572 0.105098 -0.0707397 136.144 420 460632
-15.5336 22.6051 0.7 27.4278 -0.602065 0 -0 135.082 409 460632
-15.9651 22.3025 0.7 27.4278 -0.621281 0 -0 138.082 425 460632
-15.9651 22.2951 0.124541 27.4278 -0.621438 -0.0209824 -0 135.457 411 460632
-16.3966 21.9872 0.7 27.4278 -0.640765 0 -0 137.707 423 460632
-16.3966 21.9797 0.124541 27.4278 -0.640929 -0.0209824 -0 135.082 409 460632
-16.8281 21.6587 0.7 27.4278 -0.660537 0 -0 135.082 409 460632
10.4282 25.5753 0.7 27.6196 0.387164 0 0.0707397 136.019 414 460632
10.4282 25.5753 0.7 27.6196 0.387164 0 -0 143.332 453 460632
6.5176 26.8146 1.85897 27.6196 0.238438 0.041974 -0 143.894 456 460632
6.5176 26.8334 1.27948 27.6196 0.238277 0.0209824 -0 143.519 454 460632
6.0831 26.9165 1.85897 27.6196 0.222265 0.041974 -0 143.144 452 460632
10.8627 25.3938 0.7 27.6196 0.404213 0 -0.0707397 135.832 413 460632
10.4282 25.5753 0.7 27.6196 0.387164 0 -0.0707397 136.207 415 460632
-16.4117 22.9263 0.7 28.195 -0.621281 0 -0 139.207 431 460632
11.089 25.9229 0.7 28.195 0.404213 0 -0 139.582 433 460632
10.6454 26.1081 0.7 28.195 0.387164 0 -0 140.894 440 460632
6.65339 26.1171 8.98178 28.195 0.249446 0.298128 -0 141.832 445 460632
6.20983 26.2261 8.98178 28.195 0.232498 0.298128 -0 140.894 440 460632
10.6454 26.1081 0.7 28.195 0.387164 0 -0.0707397 134.519 406 460632
-19.6494 20.487 0.7 28.3868 -0.764533 0 -0 141.082 441 460632
-19.6494 20.4783 0.10442 28.3868 -0.764744 -0.0209824 -0 140.332 437 460632
-16.4026 23.8698 0.7 28.9622 -0.602065 0 -0 138.894 424 460632
2.73377 28.8329 0.7 28.9622 0.0945316 0 -0 135.519 406 460632
2.73377 28.8265 1.30765 28.9622 0.0945525 0.0209824 -0 137.394 416 460632
-16.0526 24.3366 0.7 29.1541 -0.583099 0 -0 145.832 461 460632
-16.0526 24.329 1.31168 29.1541 -0.583244 0.0209824 -0 143.394 448 460632
-16.5113 24.0278 0.7 29.1541 -0.602065 0 -0 141.894 440 460632
-16.5113 24.0201 1.31168 29.1541 -0.602216 0.0209824 -0 141.332 437 460632
-15.9017 25.1192 0.7 29.7295 -0.564368 0 -0 141.707 439 460632
-16.3694 24.817 0.7 29.7295 -0.583099 0 -0 143.394 448 460632
-16.3694 24.8091 0.076251 29.7295 -0.583244 -0.0209824 -0 141.332 437 460632
3.27389 29.5421 1.32375 29.7295 0.110371 0.0209824 -0 141.332 437 460632
8.9436 28.5534 0.7 29.9213 0.303544 0 -0 140.207 431 460632
3.29501 29.7327 1.32777 29.9213 0.110371 0.0209824 -0 139.457 427 460632
3.35838 30.3112 0.7 30.4967 0.110346 0 -0 141.207 431 460632
3.35838 30.3044 1.33985 30.4967 0.110371 0.0209824 -0 141.957 435 460632
2.87861 30.3605 0.7 30.4967 0.0945316 0 -0 142.144 436 460632
2.87861 30.3538 1.33985 30.4967 0.0945525 0.0209824 -0 143.832 445 460632
-6.75899 29.928 0.0561301 30.6885 -0.222116 -0.0209824 0.0707397 135.957 403 460632
-7.24178 29.8148 0.0561301 30.6885 -0.238277 -0.0209824 0.0707397 137.457 411 460632
6.27621 30.0398 0.7 30.6885 0.205967 0 -0 153.582 497 460632
6.27621 30.0329 1.34387 30.6885 0.206013 0.0209824 -0 153.957 499 460632
5.79342 30.1367 0.7 30.6885 0.189921 0 -0 150.582 481 460632
5.79342 30.1298 1.34387 30.6885 0.189964 0.0209824 -0 151.144 484 460632
-6.75899 29.928 0.0561301 30.6885 -0.222116 -0.0209824 -0.0707397 138.582 417 460632
-7.24178 29.8148 0.0561301 30.6885 -0.238277 -0.0209824 -0.0707397 139.332 421 460632
6.84348 30.3091 0.7 31.0721 0.222066 0 0.0707397 154.894 504 460632
6.35466 30.4153 0.7 31.0721 0.205967 0 0.0707397 159.207 527 460632
6.35466 30.4083 1.35192 31.0721 0.206013 0.0209824 0.0707397 159.019 526 460632
5.86584 30.5064 1.35192 31.0721 0.189964 0.0209824 0.0707397 154.332 501 460632
6.84348 30.3091 0.7 31.0721 0.222066 0 -0 162.957 547 460632
6.35466 30.4153 0.7 31.0721 0.205967 0 -0 166.894 568 460632
6.35466 30.4083 1.35192 31.0721 0.206013 0.0209824 -0 166.894 568 460632
6.84348 30.3091 0.7 31.0721 0.222066 0 -0.0707397 156.394 512 460632
6.35466 30.4153 0.7 31.0721 0.205967 0 -0.0707397 160.332 533 460632
6.35466 30.4083 1.35192 31.0721 0.206013 0.0209824 -0.0707397 160.332 533 460632
5.86584 30.5064 1.35192 31.0721 0.189964 0.0209824 -0.0707397 155.644 508 460632
6.88573 30.4962 0.7 31.2639 0.222066 0 -0 153.394 496 460632
6.39389 30.6031 0.7 31.2639 0.205967 0 -0 157.707 519 460632
6.39389 30.5961 1.35594 31.2639 0.206013 0.0209824 -0 157.144 516 460632
6.39389 30.6031 0.7 31.2639 0.205967 0 -0.0707397 152.082 489 460632
6.39389 30.5961 1.35594 31.2639 0.206013 0.0209824 -0.0707397 151.144 484 460632
6.43311 30.7908 0.7 31.4557 0.205967 0 -0 152.082 489 460632
6.43311 30.7838 1.35997 31.4557 0.206013 0.0209824 -0 152.832 493 460632
1.48456 31.4206 0.7 31.4557 0.047213 0 -0 152.644 492 460632
1.52077 32.187 0.7 32.2229 0.047213 0 -0 155.082 505 460632
1.52077 32.1799 0.0239366 32.2229 0.0472234 -0.0209824 -0 153.394 496 460632
1.01385 32.2069 0.7 32.2229 0.0314688 0 -0 152.644 492 460632
1.53888 32.5702 0.7 32.6065 0.047213 0 0.0707397 160.519 534 460632
1.53888 32.563 0.0158883 32.6065 0.0472234 -0.0209824 0.0707397 159.582 529 460632
1.02592 32.5904 0.7 32.6065 0.0314688 0 0.0707397 157.707 519 460632
1.02592 32.5832 0.0158883 32.6065 0.0314757 -0.0209824 0.0707397 156.394 512 460632
1.53888 32.5702 0.7 32.6065 0.047213 0 -0 168.207 575 460632
1.53888 32.563 0.0158883 32.6065 0.0472234 -0.0209824 -0 167.082 569 460632
1.02592 32.5904 0.7 32.6065 0.0314688 0 -0 165.207 559 460632
1.02592 32.5832 0.0158883 32.6065 0.0314757 -0.0209824 -0 163.707 551 460632
1.53888 32.5702 0.7 32.6065 0.047213 0 -0.0707397 160.894 536 460632
1.53888 32.563 0.0158883 32.6065 0.0472234 -0.0209824 -0.0707397 160.144 532 460632
1.02592 32.5904 0.7 32.6065 0.0314688 0 -0.0707397 158.082 521 460632
1.02592 32.5832 0.0158883 32.6065 0.0314757 -0.0209824 -0.0707397 156.957 515 460632
1.54793 32.7618 0.7 32.7983 0.047213 0 -0 158.144 516 460632
1.54793 32.7545 0.0118641 32.7983 0.0472234 -0.0209824 -0 158.707 519 460632
1.03195 32.7821 0.7 32.7983 0.0314688 0 -0 154.582 497 460632
1.03195 32.7748 0.0118641 32.7983 0.0314757 -0.0209824 -0 155.332 501 460632
1.54793 32.7618 0.7 32.7983 0.047213 0 -0.0707397 152.332 485 460632
1.54793 32.7545 0.0118641 32.7983 0.0472234 -0.0209824 -0.0707397 152.707 487 460632
-22.8357 23.5563 -2.7608 32.9901 -0.769868 -0.105098 0.0707397 137.144 404 460632
-22.8357 23.4442 -3.45296 32.9901 -0.772252 -0.12622 0.0707397 137.332 405 460632
-22.8357 23.4442 4.85296 32.9901 -0.772252 0.12622 0.0707397 136.394 400 460632
-22.8357 23.5563 4.1608 32.9901 -0.769868 0.105098 0.0707397 138.269 410 460632
-23.3547 23.0418 -2.7608 32.9901 -0.792142 -0.105098 0.0707397 136.019 398 460632
-23.3547 22.9272 -3.45296 32.9901 -0.794636 -0.12622 0.0707397 136.207 399 460632
-23.3547 23.0418 4.1608 32.9901 -0.792142 0.105098 0.0707397 137.332 405 460632
1.55698 32.9534 0.7 32.9901 0.047213 0 -0 153.832 493 460632
1.55698 32.9461 0.00783986 32.9901 0.0472234 -0.0209824 -0 152.707 487 460632
-22.8357 23.5563 4.1608 32.9901 -0.769868 0.105098 -0.0707397 138.082 409 460632
-23.3547 23.0418 4.1608 32.9901 -0.792142 0.105098 -0.0707397 136.957 403 460632
5.28046 32.96 4.22116 33.5655 0.158858 0.105098 -0 143.144 436 460632
3.69633 33.175 4.22116 33.5655 0.110961 0.105098 -0 143.519 438 460632
10.0329 31.8369 4.22116 33.5655 0.305283 0.105098 -0.0707397 136.207 399 460632
5.28046 32.96 4.22116 33.5655 0.158858 0.105098 -0.0707397 137.144 404 460632
5.28046 33.0277 3.51693 33.5655 0.158538 0.0840222 -0.0707397 135.832 397 460632
4.75242 33.0403 4.22116 33.5655 0.142857 0.105098 -0.0707397 136.207 399 460632
-16.463 29.4623 1.40826 33.7573 -0.50956 0.0209824 -0 139.394 416 460632
-16.994 29.1678 0.7 33.7573 -0.52755 0 -0 140.144 420 460632
-16.994 29.1592 1.40826 33.7573 -0.527678 0.0209824 -0 140.519 422 460632
-16.994 29.1592 1.40826 33.7573 -0.527678 0.0209824 -0.0707397 133.019 382 460632
10.2622 32.5646 4.30165 34.3327 0.305283 0.105098 -0 135.894 392 460632
4.86104 33.7109 5.02198 34.3327 0.143211 0.12622 -0 133.832 381 460632
19.0097 28.8106 -0.0243536 34.5245 0.583244 -0.0209824 -0 139.644 412 460632
-17.1178 30.6341 1.43643 35.0999 -0.50956 0.0209824 0.0707397 145.269 442 460632
5.52186 34.5375 3.6457 35.0999 0.158538 0.0840222 0.0707397 143.207 431 460632
-17.1178 30.6341 1.43643 35.0999 -0.50956 0.0209824 -0 152.957 483 460632
-16.5656 30.9362 1.43643 35.0999 -0.491624 0.0209824 -0.0707397 143.394 432 460632
-17.1178 30.6341 1.43643 35.0999 -0.50956 0.0209824 -0.0707397 145.832 445 460632
5.52186 34.5375 3.6457 35.0999 0.158538 0.0840222 -0.0707397 143.957 435 460632
5.55203 34.6551 4.40225 35.2917 0.158858 0.105098 0.0707397 138.332 405 460632
5.55203 34.7262 3.6618 35.2917 0.158538 0.0840222 0.0707397 136.269 394 460632
4.99683 34.6526 5.1427 35.2917 0.143211 0.12622 0.0707397 138.707 407 460632
4.99683 34.7395 4.40225 35.2917 0.142857 0.105098 0.0707397 140.394 416 460632
4.99683 34.8104 3.6618 35.2917 0.14257 0.0840222 0.0707397 137.957 403 460632
5.55203 34.6551 4.40225 35.2917 0.158858 0.105098 -0 145.269 442 460632
4.99683 34.6526 5.1427 35.2917 0.143211 0.12622 -0 144.519 438 460632
4.99683 34.7395 4.40225 35.2917 0.142857 0.105098 -0 147.519 454 460632
4.99683 34.8104 3.6618 35.2917 0.14257 0.0840222 -0 145.269 442 460632
5.55203 34.568 5.1427 35.2917 0.159252 0.12622 -0.0707397 137.957 403 460632
5.55203 34.6551 4.40225 35.2917 0.158858 0.105098 -0.0707397 140.019 414 460632
5.55203 34.7262 3.6618 35.2917 0.158538 0.0840222 -0.0707397 138.894 408 460632
4.99683 34.6526 5.1427 35.2917 0.143211 0.12622 -0.0707397 137.957 403 460632
4.99683 34.7395 4.40225 35.2917 0.142857 0.105098 -0.0707397 140.957 419 460632
4.99683 34.8104 3.6618 35.2917 0.14257 0.0840222 -0.0707397 138.707 407 460632
6.77106 35.0934 3.71009 35.8672 0.190602 0.0840222 0.0707397 139.269 410 460632
6.77106 35.0934 3.71009 35.8672 0.190602 0.0840222 -0 146.394 448 460632
6.20681 35.1976 3.71009 35.8672 0.174548 0.0840222 -0 145.832 445 460632
-17.4919 31.3127 0.7 35.8672 -0.509437 0 -0.0707397 136.269 394 460632
6.77106 35.0934 3.71009 35.8672 0.190602 0.0840222 -0.0707397 139.269 410 460632
6.20681 35.1976 3.71009 35.8672 0.174548 0.0840222 -0.0707397 139.644 412 460632
5.64255 35.2924 3.71009 35.8672 0.158538 0.0840222 -0.0707397 137.207 399 460632
5.67273 35.4085 4.48274 36.059 0.158858 0.105098 0.0707397 135.894 392 460632
5.67273 35.4811 3.72619 36.059 0.158538 0.0840222 0.0707397 138.894 408 460632
6.80727 35.281 3.72619 36.059 0.190602 0.0840222 -0 145.082 441 460632
6.24 35.3858 3.72619 36.059 0.174548 0.0840222 -0 145.082 441 460632
5.67273 35.4811 3.72619 36.059 0.158538 0.0840222 -0 146.207 447 460632
5.67273 35.4085 4.48274 36.059 0.158858 0.105098 -0.0707397 137.019 398 460632
5.67273 35.4811 3.72619 36.059 0.158538 0.0840222 -0.0707397 139.269 410 460632
1.72897 36.5855 -0.0686197 36.6344 0.0472234 -0.0209824 0.0707397 147.957 451 460632
1.72897 36.5855 1.46862 36.6344 0.0472234 0.0209824 0.0707397 153.207 479 460632
1.15265 36.6082 1.46862 36.6344 0.0314757 0.0209824 0.0707397 153.582 481 460632
1.72897 36.5855 1.46862 36.6344 0.0472234 0.0209824 -0 160.332 517 460632
1.15265 36.6082 1.46862 36.6344 0.0314757 0.0209824 -0 160.519 518 460632
1.72897 36.5855 1.46862 36.6344 0.0472234 0.0209824 -0.0707397 153.019 478 460632
1.15265 36.6082 1.46862 36.6344 0.0314757 0.0209824 -0.0707397 153.394 480 460632
1.73803 36.777 -0.0726438 36.8262 0.0472234 -0.0209824 0.0707397 153.207 479 460632
1.73803 36.777 1.47264 36.8262 0.0472234 0.0209824 0.0707397 155.082 489 460632
1.15868 36.7998 -0.0726438 36.8262 0.0314757 -0.0209824 0.0707397 151.519 470 460632
1.15868 36.7998 1.47264 36.8262 0.0314757 0.0209824 0.0707397 155.082 489 460632
1.73803 36.777 -0.0726438 36.8262 0.0472234 -0.0209824 -0 160.707 519 460632
1.73803 36.777 1.47264 36.8262 0.0472234 0.0209824 -0 162.957 531 460632
1.15868 36.7998 -0.0726438 36.8262 0.0314757 -0.0209824 -0 159.394 512 460632
1.15868 36.7998 1.47264 36.8262 0.0314757 0.0209824 -0 162.957 531 460632
1.73803 36.777 -0.0726438 36.8262 0.0472234 -0.0209824 -0.0707397 153.957 483 460632
1.73803 36.777 1.47264 36.8262 0.0472234 0.0209824 -0.0707397 156.019 494 460632
1.15868 36.7998 -0.0726438 36.8262 0.0314757 -0.0209824 -0.0707397 152.457 475 460632
1.15868 36.7998 1.47264 36.8262 0.0314757 0.0209824 -0.0707397 156.019 494 460632
-15.2983 34.1298 0.7 37.4016 -0.421388 0 0.0707397 147.394 448 460632
-15.8867 33.8599 0.7 37.4016 -0.438696 0 0.0707397 150.394 464 460632
-15.2983 34.1298 0.7 37.4016 -0.421388 0 -0 153.957 483 460632
-15.8867 33.8599 0.7 37.4016 -0.438696 0 -0 157.144 500 460632
-15.8867 33.8508 -0.0847164 37.4016 -0.438799 -0.0209824 -0 151.894 472 460632
-15.8867 33.8508 1.48472 37.4016 -0.438799 0.0209824 -0 152.457 475 460632
-15.8867 33.8599 0.7 37.4016 -0.438696 0 -0.0707397 149.832 461 460632
-15.3767 34.3048 0.7 37.5934 -0.421388 0 0.0707397 154.894 488 460632
-15.9681 34.0335 0.7 37.5934 -0.438696 0 0.0707397 156.394 496 460632
-15.9681 34.0244 -0.0887406 37.5934 -0.438799 -0.0209824 0.0707397 151.894 472 460632
-15.9681 34.0244 1.48874 37.5934 -0.438799 0.0209824 0.0707397 151.894 472 460632
-15.3767 34.3048 0.7 37.5934 -0.421388 0 -0 162.019 526 460632
-15.9681 34.0335 0.7 37.5934 -0.438696 0 -0 163.519 534 460632
-15.9681 34.0244 -0.0887406 37.5934 -0.438799 -0.0209824 -0 159.207 511 460632
-15.9681 34.0244 1.48874 37.5934 -0.438799 0.0209824 -0 159.207 511 460632
-15.3767 34.3048 0.7 37.5934 -0.421388 0 -0.0707397 154.332 485 460632
-15.9681 34.0335 0.7 37.5934 -0.438696 0 -0.0707397 156.019 494 460632
-15.9681 34.0244 -0.0887406 37.5934 -0.438799 -0.0209824 -0.0707397 151.332 469 460632
-15.9681 34.0244 1.48874 37.5934 -0.438799 0.0209824 -0.0707397 151.519 470 460632
6.00464 37.4802 4.70407 38.1688 0.158858 0.105098 -0 140.082 409 460632
6.00464 37.5572 3.90325 38.1688 0.158538 0.0840222 -0 139.707 407 460632
-15.9259 35.53 0.7 38.936 -0.421388 0 -0 141.457 411 460632
6.15551 38.6319 1.52093 39.1278 0.158009 0.0209824 0.0707397 134.707 375 460632
-15.3888 35.9652 -0.120934 39.1278 -0.404307 -0.0209824 -0 142.394 416 460632
6.15551 38.6319 1.52093 39.1278 0.158009 0.0209824 -0 140.519 406 460632
6.15551 38.6319 1.52093 39.1278 0.158009 0.0209824 -0.0707397 133.394 368 460632
-13.7413 37.2495 0.7 39.7032 -0.353411 0 0.0707397 136.394 384 460632
-13.7413 37.2402 1.53301 39.7032 -0.353492 0.0209824 0.0707397 135.082 377 460632
-13.7413 37.2495 0.7 39.7032 -0.353411 0 -0 141.457 411 460632
6.90383 39.2842 1.53703 39.895 0.173964 0.0209824 -0.0707397 135.082 377 460632
6.27621 39.3894 1.53703 39.895 0.158009 0.0209824 -0.0707397 133.582 369 460632
-15.3526 37.6429 1.55313 40.6622 -0.387253 0.0209824 0.0707397 138.269 394 460632
-15.3526 37.6526 0.7 40.6622 -0.387164 0 -0 143.519 422 460632
-15.3526 37.6429 1.55313 40.6622 -0.387253 0.0209824 -0 145.394 432 460632
-15.9923 37.3854 0.7 40.6622 -0.404213 0 -0 144.457 427 460632
-15.9923 37.3756 1.55313 40.6622 -0.404307 0.0209824 -0 146.144 436 460632
-15.3526 37.6429 1.55313 40.6622 -0.387253 0.0209824 -0.0707397 137.519 390 460632
-15.9923 37.3756 1.55313 40.6622 -0.404307 0.0209824 -0.0707397 139.394 400 460632
-19.4623 36.191 -2.7608 41.2376 -0.493402 -0.0840222 -0 139.269 394 460632
-20.111 35.9908 1.5652 41.2376 -0.50956 0.0209824 -0 140.207 399 460632
-19.5528 36.3593 4.1769 41.4294 -0.493402 0.0840222 0.0707397 134.582 369 460632
-19.5528 36.3593 4.1769 41.4294 -0.493402 0.0840222 -0 140.957 403 460632
32.3798 26.7573 0.7 42.0049 0.880188 0 -0 137.957 387 460632
31.719 27.5375 0.7 42.0049 0.855848 0 -0 137.582 385 460632
29.2085 30.4407 1.58532 42.1967 0.764744 0.0209824 0.0707397 135.144 372 460632
-21.2426 36.449 1.58532 42.1967 -0.527678 0.0209824 0.0707397 134.394 368 460632
29.8723 29.7895 1.58532 42.1967 0.786786 0.0209824 -0.0707397 135.144 372 460632
29.2085 30.4407 1.58532 42.1967 0.764744 0.0209824 -0.0707397 137.019 382 460632
-15.2681 39.3276 1.58532 42.1967 -0.370317 0.0209824 -0.0707397 134.957 371 460632
-21.2426 36.449 1.58532 42.1967 -0.527678 0.0209824 -0.0707397 134.957 371 460632
28.9339 31.5004 0.7 42.7721 0.742956 0 0.0707397 142.832 413 460632
28.9339 31.4876 1.59739 42.7721 0.743158 0.0209824 0.0707397 142.082 409 460632
28.261 32.1055 0.7 42.7721 0.721799 0 0.0707397 145.457 427 460632
28.261 32.0929 1.59739 42.7721 0.721993 0.0209824 0.0707397 144.332 421 460632
28.9339 31.5004 0.7 42.7721 0.742956 0 -0 148.269 442 460632
28.9339 31.4876 1.59739 42.7721 0.743158 0.0209824 -0 147.144 436 460632
28.261 32.1055 0.7 42.7721 0.721799 0 -0 150.894 456 460632
28.261 32.0929 1.59739 42.7721 0.721993 0.0209824 -0 149.582 449 460632
28.9339 31.5004 0.7 42.7721 0.742956 0 -0.0707397 138.894 392 460632
28.9339 31.4876 1.59739 42.7721 0.743158 0.0209824 -0.0707397 137.582 385 460632
28.261 32.1055 0.7 42.7721 0.721799 0 -0.0707397 141.707 407 460632
28.261 32.0929 1.59739 42.7721 0.721993 0.0209824 -0.0707397 140.019 398 460632
29.0637 31.6417 0.7 42.9639 0.742956 0 0.0707397 137.582 385 460632
29.0637 31.6288 1.60142 42.9639 0.743158 0.0209824 0.0707397 136.644 380 460632
28.3878 32.2495 0.7 42.9639 0.721799 0 0.0707397 140.582 401 460632
28.3878 32.2369 1.60142 42.9639 0.721993 0.0209824 0.0707397 138.894 392 460632
29.0637 31.6417 0.7 42.9639 0.742956 0 -0 143.582 417 460632
28.3878 32.2495 0.7 42.9639 0.721799 0 -0 146.957 435 460632
28.3878 32.2369 1.60142 42.9639 0.721993 0.0209824 -0 145.457 427 460632
29.0637 31.6417 0.7 42.9639 0.742956 0 -0.0707397 135.144 372 460632
28.3878 32.2495 0.7 42.9639 0.721799 0 -0.0707397 138.707 391 460632
28.3878 32.2369 1.60142 42.9639 0.721993 0.0209824 -0.0707397 137.207 383 460632
-20.277 37.7059 -2.90567 42.9639 -0.493402 -0.0840222 -0.0707397 135.332 373 460632
6.84952 42.9874 1.61349 43.5393 0.158009 0.0209824 0.0707397 135.394 368 460632
6.16457 43.0619 2.52698 43.5393 0.14219 0.041974 0.0707397 135.207 367 460632
6.16457 43.091 1.61349 43.5393 0.142095 0.0209824 0.0707397 138.207 383 460632
6.84952 42.9874 1.61349 43.5393 0.158009 0.0209824 -0 143.082 409 460632
6.16457 43.0619 2.52698 43.5393 0.14219 0.041974 -0 143.457 411 460632
6.16457 43.091 1.61349 43.5393 0.142095 0.0209824 -0 145.894 424 460632
6.84952 42.9874 1.61349 43.5393 0.158009 0.0209824 -0.0707397 137.457 379 460632
6.16457 43.0619 2.52698 43.5393 0.14219 0.041974 -0.0707397 137.644 380 460632
6.16457 43.091 1.61349 43.5393 0.142095 0.0209824 -0.0707397 139.894 392 460632
28.2067 33.4184 0.7 43.7311 0.701029 0 0.0707397 136.332 373 460632
28.2067 33.4058 1.61751 43.7311 0.701215 0.0209824 0.0707397 136.519 374 460632
6.19172 43.2808 1.61751 43.7311 0.142095 0.0209824 0.0707397 131.644 348 460632
5.50375 43.3737 1.61751 43.7311 0.126217 0.0209824 0.0707397 131.269 346 460632
6.87969 43.1768 1.61751 43.7311 0.158009 0.0209824 -0.0707397 131.644 348 460632
6.19172 43.2808 1.61751 43.7311 0.142095 0.0209824 -0.0707397 134.269 362 460632
5.50375 43.3445 2.53503 43.7311 0.126301 0.041974 -0.0707397 132.207 351 460632
5.50375 43.3737 1.61751 43.7311 0.126217 0.0209824 -0.0707397 133.894 360 460632
-16.0315 41.3044 0.7 44.3065 -0.370232 0 0.0707397 136.519 374 460632
-16.0315 41.294 -0.229587 44.3065 -0.370317 -0.0209824 0.0707397 135.019 366 460632
-16.7285 41.0271 0.7 44.3065 -0.387164 0 0.0707397 134.269 362 460632
6.27319 43.8207 2.55917 44.3065 0.14219 0.041974 0.0707397 133.519 358 460632
-16.0315 41.3044 0.7 44.3065 -0.370232 0 -0 143.644 412 460632
-16.0315 41.294 -0.229587 44.3065 -0.370317 -0.0209824 -0 141.957 403 460632
6.27319 43.8207 2.55917 44.3065 0.14219 0.041974 -0 141.957 403 460632
-16.0315 41.3044 0.7 44.3065 -0.370232 0 -0.0707397 136.519 374 460632
-16.0315 41.294 -0.229587 44.3065 -0.370317 -0.0209824 -0.0707397 135.207 367 460632
-16.7285 41.0271 0.7 44.3065 -0.387164 0 -0.0707397 134.082 361 460632
6.27319 43.8207 2.55917 44.3065 0.14219 0.041974 -0.0707397 136.332 373 460632
6.27319 43.8503 1.62959 44.3065 0.142095 0.0209824 -0.0707397 136.332 373 460632
7.00039 43.9343 1.63361 44.4983 0.158009 0.0209824 0.0707397 131.269 346 460632
6.30035 44.05 0.7 44.4983 0.142064 0 0.0707397 130.894 344 460632
6.30035 44.0401 1.63361 44.4983 0.142095 0.0209824 0.0707397 133.144 356 460632
7.00039 43.9343 1.63361 44.4983 0.158009 0.0209824 -0 139.144 388 460632
6.30035 44.05 0.7 44.4983 0.142064 0 -0 138.394 384 460632
6.30035 44.0401 1.63361 44.4983 0.142095 0.0209824 -0 139.707 391 460632
2.10012 44.4487 0.7 44.4983 0.047213 0 -0 137.832 381 460632
2.10012 44.4389 1.63361 44.4983 0.0472234 0.0209824 -0 138.394 384 460632
7.00039 43.9343 1.63361 44.4983 0.158009 0.0209824 -0.0707397 131.644 348 460632
6.30035 44.0401 1.63361 44.4983 0.142095 0.0209824 -0.0707397 130.894 344 460632
0 45.0638 -0.245684 45.0737 0 -0.0209824 0.0707397 145.144 420 460632
-2.83636 44.9844 0.7 45.0737 -0.0629689 0 0.0707397 137.832 381 460632
-2.83636 44.9744 -0.245684 45.0737 -0.0629827 -0.0209824 0.0707397 138.207 383 460632
-4.96364 44.7996 0.7 45.0737 -0.110346 0 0.0707397 137.082 377 460632
0 45.0737 0.7 45.0737 0 0 -0 151.332 453 460632
0 45.0638 -0.245684 45.0737 0 -0.0209824 -0 153.207 463 460632
-0.709091 45.0681 0.7 45.0737 -0.0157325 0 -0 150.582 449 460632
-0.709091 45.0582 -0.245684 45.0737 -0.0157359 -0.0209824 -0 150.582 449 460632
0 45.0737 0.7 45.0737 0 0 -0.0707397 144.957 419 460632
0 45.0638 -0.245684 45.0737 0 -0.0209824 -0.0707397 146.832 429 460632
-0.709091 45.0681 0.7 45.0737 -0.0157325 0 -0.0707397 144.207 415 460632
-0.709091 45.0582 -0.245684 45.0737 -0.0157359 -0.0209824 -0.0707397 144.207 415 460632
-3.56054 45.1253 0.7 45.2655 -0.0787404 0 0.0707397 144.019 414 460632
-3.56054 45.1153 -0.249708 45.2655 -0.0787578 -0.0209824 0.0707397 143.457 411 460632
-4.27265 45.0634 0.7 45.2655 -0.0945316 0 0.0707397 141.394 400 460632
-4.27265 45.0534 -0.249708 45.2655 -0.0945525 -0.0209824 0.0707397 141.582 401 460632
-3.56054 45.1253 0.7 45.2655 -0.0787404 0 -0 150.582 449 460632
-3.56054 45.1153 -0.249708 45.2655 -0.0787578 -0.0209824 -0 150.207 447 460632
-4.27265 45.0634 0.7 45.2655 -0.0945316 0 -0 148.332 437 460632
-4.27265 45.0534 -0.249708 45.2655 -0.0945525 -0.0209824 -0 148.707 439 460632
-3.56054 45.1253 0.7 45.2655 -0.0787404 0 -0.0707397 142.894 408 460632
-3.56054 45.1153 -0.249708 45.2655 -0.0787578 -0.0209824 -0.0707397 142.894 408 460632
-4.27265 45.0634 0.7 45.2655 -0.0945316 0 -0.0707397 141.207 399 460632
-4.27265 45.0534 -0.249708 45.2655 -0.0945525 -0.0209824 -0.0707397 142.144 404 460632
-6.5176 45.569 0.7 46.0327 -0.142064 0 0.0707397 145.332 421 460632
-6.5176 45.5587 -0.265805 46.0327 -0.142095 -0.0209824 0.0707397 145.144 420 460632
-7.24178 45.4595 0.7 46.0327 -0.157974 0 0.0707397 144.957 419 460632
-7.24178 45.4493 -0.265805 46.0327 -0.158009 -0.0209824 0.0707397 143.832 413 460632
-6.5176 45.569 0.7 46.0327 -0.142064 0 -0 152.082 457 460632
-6.5176 45.5587 -0.265805 46.0327 -0.142095 -0.0209824 -0 151.144 452 460632
-7.24178 45.4595 0.7 46.0327 -0.157974 0 -0 151.519 454 460632
-6.5176 45.569 0.7 46.0327 -0.142064 0 -0.0707397 145.144 420 460632
-7.24178 45.4595 0.7 46.0327 -0.157974 0 -0.0707397 144.207 415 460632
-21.2637 41.475 0.7 46.6081 -0.473746 0 0.0707397 133.207 351 460632
-10.9985 45.2918 0.7 46.6081 -0.238224 0 -0 140.332 389 460632
-21.2637 41.475 0.7 46.6081 -0.473746 0 -0 139.957 387 460632
-21.2637 41.475 0.7 46.6081 -0.473746 0 -0.0707397 133.207 351 460632
-11.78 45.2931 0.7 46.7999 -0.254446 0 -0 139.394 384 460632
-21.6137 42.1577 0.7 47.3753 -0.473746 0 -0 137.519 374 460632
8.23149 46.807 2.696 47.5671 0.17408 0.041974 -0.0707397 131.707 343 460632
25.0928 41.3106 0.7 48.3344 0.545856 0 0.0707397 132.457 347 460632
25.0928 41.3106 0.7 48.3344 0.545856 0 -0.0707397 133.394 352 460632
25.0928 41.2607 -1.32819 48.3344 0.546391 -0.041974 -0.0707397 132.457 347 460632
-25.3915 41.8024 0.7 48.9098 -0.545856 0 -0 133.644 348 460632
10.0027 47.865 1.72617 48.9098 0.206013 0.0209824 -0 134.582 353 460632
9.23327 48.0303 0.7 48.9098 0.189921 0 -0 135.519 358 460632
9.23327 48.0194 1.72617 48.9098 0.189964 0.0209824 -0 137.394 368 460632
10.0419 48.0527 1.73019 49.1016 0.206013 0.0209824 0.0707397 137.582 369 460632
9.26948 48.2077 1.73019 49.1016 0.189964 0.0209824 0.0707397 138.144 372 460632
4.63474 48.8823 0.7 49.1016 0.0945316 0 0.0707397 138.332 373 460632
9.26948 48.2077 1.73019 49.1016 0.189964 0.0209824 -0 144.894 408 460632
4.63474 48.8823 0.7 49.1016 0.0945316 0 -0 145.457 411 460632
10.0419 48.0637 0.7 49.1016 0.205967 0 -0.0707397 134.957 355 460632
10.0419 48.0527 1.73019 49.1016 0.206013 0.0209824 -0.0707397 136.269 362 460632
9.26948 48.2077 1.73019 49.1016 0.189964 0.0209824 -0.0707397 136.082 361 460632
4.63474 48.8823 0.7 49.1016 0.0945316 0 -0.0707397 137.957 371 460632
4.63474 48.8715 1.73019 49.1016 0.0945525 0.0209824 -0.0707397 135.894 360 460632
3.86228 48.9494 0.7 49.1016 0.0787404 0 -0.0707397 135.144 356 460632
29.6973 39.8093 1.74226 49.677 0.640929 0.0209824 -0 133.832 349 460632
8.5966 48.9275 0.7 49.677 0.173925 0 -0 133.457 347 460632
8.5966 48.9164 1.74226 49.677 0.173964 0.0209824 -0 133.457 347 460632
6.25207 49.1827 3.82679 49.677 0.126441 0.0629841 -0 133.644 348 460632
-28.2429 41.1003 0.7 49.8688 -0.602065 0 -0 137.207 367 460632
-30.156 40.4242 1.75836 50.4442 -0.640929 0.0209824 -0 132.519 342 460632
-21.5081 45.8288 1.76239 50.636 -0.438799 0.0209824 -0 132.519 342 460632
18.3217 47.1931 1.76239 50.636 0.370317 0.0209824 -0 133.457 347 460632
3.22259 51.0986 1.77446 51.2114 0.0629827 0.0209824 -0 134.394 352 460632
4.85199 51.1737 0.7 51.4032 0.0945316 0 -0 134.394 352 460632
4.85199 51.1623 1.77848 51.4032 0.0945525 0.0209824 -0 133.082 345 460632
4.04333 51.2439 0.7 51.4032 0.0787404 0 -0 133.832 349 460632
19.6252 48.119 1.79055 51.9786 0.387253 0.0209824 -0 133.519 342 460632
4.08859 51.8061 1.79055 51.9786 0.0787578 0.0209824 -0 136.707 359 460632
32.0087 41.1971 0.7 52.1704 0.660537 0 -0 133.894 344 460632
-26.2635 45.0775 0.7 52.1704 -0.52755 0 -0 134.644 348 460632
19.6976 48.2965 1.79458 52.1704 0.387253 0.0209824 -0 136.332 357 460632
0 52.7458 0.7 52.7458 0 0 0.0707397 147.957 419 460632
0 52.7342 1.80665 52.7458 0 0.0209824 0.0707397 144.957 403 460632
-0.829787 52.7393 0.7 52.7458 -0.0157325 0 0.0707397 147.207 415 460632
-0.829787 52.7277 1.80665 52.7458 -0.0157359 0.0209824 0.0707397 145.519 406 460632
0.829787 52.6928 2.9133 52.7458 0.0157463 0.041974 0.0707397 145.332 405 460632
0 52.7458 0.7 52.7458 0 0 -0 155.457 459 460632
0 52.7342 1.80665 52.7458 0 0.0209824 -0 154.144 452 460632
-0.829787 52.7393 0.7 52.7458 -0.0157325 0 -0 155.082 457 460632
-0.829787 52.7277 1.80665 52.7458 -0.0157359 0.0209824 -0 154.332 453 460632
0 52.7458 0.7 52.7458 0 0 -0.0707397 149.082 425 460632
0 52.7342 1.80665 52.7458 0 0.0209824 -0.0707397 147.582 417 460632
-0.829787 52.7393 0.7 52.7458 -0.0157325 0 -0.0707397 148.894 424 460632
-0.829787 52.7277 1.80665 52.7458 -0.0157359 0.0209824 -0.0707397 147.957 419 460632
1.66561 52.8998 1.81068 52.9376 0.0314757 0.0209824 0.0707397 139.894 376 460632
1.66561 52.8648 2.92135 52.9376 0.0314966 0.041974 -0 147.207 415 460632
1.66561 52.8998 1.81068 52.9376 0.0314757 0.0209824 -0 148.519 422 460632
0.832805 52.8844 2.92135 52.9376 0.0157463 0.041974 -0 146.457 411 460632
0.832805 52.9194 1.81068 52.9376 0.0157359 0.0209824 -0 147.019 414 460632
1.66561 52.8648 2.92135 52.9376 0.0314966 0.041974 -0.0707397 140.457 379 460632
1.66561 52.8998 1.81068 52.9376 0.0314757 0.0209824 -0.0707397 141.582 385 460632
-1.68371 53.4865 0.7 53.513 -0.0314688 0 0.0707397 146.082 409 460632
-2.52557 53.4534 0.7 53.513 -0.047213 0 0.0707397 149.832 429 460632
-2.52557 53.4416 -0.422748 53.513 -0.0472234 -0.0209824 0.0707397 147.207 415 460632
-3.36743 53.407 0.7 53.513 -0.0629689 0 0.0707397 148.144 420 460632
-2.52557 53.4534 0.7 53.513 -0.047213 0 -0 157.519 470 460632
-2.52557 53.4416 -0.422748 53.513 -0.0472234 -0.0209824 -0 154.894 456 460632
-3.36743 53.407 0.7 53.513 -0.0629689 0 -0 156.207 463 460632
-2.52557 53.4534 0.7 53.513 -0.047213 0 -0.0707397 150.394 432 460632
-2.52557 53.4416 -0.422748 53.513 -0.0472234 -0.0209824 -0.0707397 148.332 421 460632
-3.36743 53.407 0.7 53.513 -0.0629689 0 -0.0707397 148.894 424 460632
-4.22437 53.5384 0.7 53.7048 -0.0787404 0 0.0707397 144.019 398 460632
-4.22437 53.5266 -0.426772 53.7048 -0.0787578 -0.0209824 0.0707397 144.957 403 460632
-4.22437 53.5266 -0.426772 53.7048 -0.0787578 -0.0209824 -0 151.519 438 460632
-3.3795 53.5984 0.7 53.7048 -0.0629689 0 -0.0707397 142.519 390 460632
-3.3795 53.5866 1.82677 53.7048 -0.0629827 0.0209824 -0.0707397 142.894 392 460632
-4.22437 53.5384 0.7 53.7048 -0.0787404 0 -0.0707397 144.207 399 460632
-4.22437 53.5266 -0.426772 53.7048 -0.0787578 -0.0209824 -0.0707397 144.019 398 460632
-6.83141 53.8486 0.7 54.2802 -0.126189 0 0.0707397 148.894 424 460632
-9.39319 53.4613 0.7 54.2802 -0.173925 0 0.0707397 147.019 414 460632
-6.83141 53.8486 0.7 54.2802 -0.126189 0 -0 156.394 464 460632
-9.39319 53.4613 0.7 54.2802 -0.173925 0 -0 154.519 454 460632
-6.83141 53.8486 0.7 54.2802 -0.126189 0 -0.0707397 149.832 429 460632
0 55.0353 1.85494 55.0475 0 0.0209824 0.0707397 139.019 366 460632
1.73199 54.9717 -1.60988 55.0475 0.0314966 -0.041974 0.0707397 139.394 368 460632
0.865996 55.0285 1.85494 55.0475 0.0157359 0.0209824 0.0707397 139.207 367 460632
0.865996 55.0285 1.85494 55.0475 0.0157359 0.0209824 -0 147.457 411 460632
0.865996 55.0285 1.85494 55.0475 0.0157359 0.0209824 -0.0707397 141.457 379 460632
-0.869014 55.1838 -1.61793 55.2393 -0.0157463 -0.041974 0.0707397 135.269 346 460632
-0.869014 55.1838 3.01793 55.2393 -0.0157463 0.041974 0.0707397 135.269 346 460632
-0.869014 55.2203 1.85897 55.2393 -0.0157359 0.0209824 0.0707397 136.394 352 460632
-0.869014 55.1838 -1.61793 55.2393 -0.0157463 -0.041974 -0.0707397 137.519 358 460632
-0.869014 55.2203 1.85897 55.2393 -0.0157359 0.0209824 -0.0707397 136.207 351 460632
-4.40542 55.7835 -1.65013 56.0065 -0.07881 -0.041974 0.0707397 141.832 381 460632
-4.40542 55.7835 -1.65013 56.0065 -0.07881 -0.041974 -0 148.582 417 460632
-4.40542 55.7835 -1.65013 56.0065 -0.07881 -0.041974 -0.0707397 141.644 380 460632
7.12108 56.132 0.7 56.5819 0.126189 0 -0 137.894 360 460632
-16.0768 54.4499 0.7 56.7737 -0.287101 0 0.0707397 135.832 349 460632
-19.6494 53.2649 0.7 56.7737 -0.353411 0 0.0707397 137.707 359 460632
-19.6494 53.2516 -0.491159 56.7737 -0.353492 -0.0209824 0.0707397 135.269 346 460632
-20.5425 52.9269 0.7 56.7737 -0.370232 0 0.0707397 139.207 367 460632
-20.5425 52.9135 -0.491159 56.7737 -0.370317 -0.0209824 0.0707397 136.957 355 460632
-19.6494 53.2649 0.7 56.7737 -0.353411 0 -0 144.457 395 460632
-20.5425 52.9269 0.7 56.7737 -0.370232 0 -0 146.144 404 460632
-20.5425 52.9135 -0.491159 56.7737 -0.370317 -0.0209824 -0 144.082 393 460632
-15.1836 54.7057 0.7 56.7737 -0.270736 0 -0.0707397 136.582 353 460632
-16.0768 54.4499 0.7 56.7737 -0.287101 0 -0.0707397 137.144 356 460632
-19.6494 53.2649 0.7 56.7737 -0.353411 0 -0.0707397 136.207 351 460632
-19.6494 53.2516 -0.491159 56.7737 -0.353492 -0.0209824 -0.0707397 134.894 344 460632
-20.5425 52.9269 0.7 56.7737 -0.370232 0 -0.0707397 139.019 366 460632
-20.5425 52.9135 -0.491159 56.7737 -0.370317 -0.0209824 -0.0707397 137.144 356 460632
0 57.3491 0.7 57.3491 0 0 -0 134.332 341 460632
0 57.2354 4.3097 57.3491 0 0.0629841 -0 134.332 341 460632
-0.902205 57.342 0.7 57.3491 -0.0157325 0 -0 136.582 353 460632
-0.902205 57.3294 -0.503232 57.3491 -0.0157359 -0.0209824 -0 134.707 343 460632
-1.80441 57.2069 -2.9097 57.3491 -0.0315314 -0.0629841 -0 134.144 340 460632
-15.3375 55.247 1.90323 57.3491 -0.270797 0.0209824 -0 136.957 355 460632
0.902205 57.2283 4.3097 57.3491 0.0157637 0.0629841 -0 135.644 348 460632
-15.3888 55.3923 -1.71451 57.5409 -0.270981 -0.041974 0.0707397 140.707 375 460632
-16.294 55.1328 -1.71451 57.5409 -0.287361 -0.041974 0.0707397 145.207 399 460632
-16.294 55.0667 -2.92177 57.5409 -0.287687 -0.0629841 0.0707397 140.144 372 460632
-17.1992 54.8572 -1.71451 57.5409 -0.303821 -0.041974 0.0707397 141.457 379 460632
-15.3888 55.3923 -1.71451 57.5409 -0.270981 -0.041974 -0 147.832 413 460632
-16.294 55.1328 -1.71451 57.5409 -0.287361 -0.041974 -0 152.144 436 460632
-17.1992 54.8572 -1.71451 57.5409 -0.303821 -0.041974 -0 148.582 417 460632
-15.3888 55.3923 -1.71451 57.5409 -0.270981 -0.041974 -0.0707397 140.519 374 460632
-16.294 55.1328 -1.71451 57.5409 -0.287361 -0.041974 -0.0707397 144.269 394 460632
-17.1992 54.8572 -1.71451 57.5409 -0.303821 -0.041974 -0.0707397 140.707 375 460632
-15.5427 55.9994 0.7 58.1163 -0.270736 0 -0 136.582 353 460632
0 58.3081 0.7 58.3081 0 0 -0 136.207 351 460632
0.917292 58.3009 0.7 58.3081 0.0157325 0 -0 137.144 356 460632
-27.1265 52.8957 1.9475 59.4589 -0.473858 0.0209824 -0 134.957 339 460632
30.0292 51.5408 0.7 59.6507 0.52755 0 -0 135.894 344 460632
30.0292 51.5256 1.95152 59.6507 0.527678 0.0209824 -0 136.269 346 460632
29.0908 52.0612 1.95152 59.6507 0.50956 0.0209824 -0 136.082 345 460632
32.0087 50.5002 3.21109 59.8425 0.564926 0.041974 -0 136.082 345 460632
32.0087 50.547 1.95555 59.8425 0.564507 0.0209824 -0 135.707 343 460632
31.0672 51.131 1.95555 59.8425 0.54599 0.0209824 -0 137.394 352 460632
30.1258 51.6913 1.95555 59.8425 0.527678 0.0209824 -0 135.707 343 460632
29.1844 52.2286 1.95555 59.8425 0.50956 0.0209824 -0 136.082 345 460632
28.2429 52.6988 3.21109 59.8425 0.491978 0.041974 -0 135.894 344 460632
28.2429 52.7436 1.95555 59.8425 0.491624 0.0209824 -0 137.957 355 460632
39.9203 45.3508 0.7 60.4179 0.721799 0 -0 134.394 336 460632
30.4155 52.1421 3.23524 60.4179 0.528064 0.041974 -0 135.707 343 460632
30.4155 52.1883 1.96762 60.4179 0.527678 0.0209824 -0 137.957 355 460632
29.465 52.685 3.23524 60.4179 0.50993 0.041974 -0 135.332 341 460632
29.465 52.7308 1.96762 60.4179 0.50956 0.0209824 -0 136.457 347 460632
30.512 52.3694 0.7 60.6097 0.52755 0 -0 134.957 339 460632
30.512 52.354 1.97164 60.6097 0.527678 0.0209824 -0 137.207 351 460632
29.5585 52.9135 0.7 60.6097 0.509437 0 -0 137.582 353 460632
29.5585 52.8982 1.97164 60.6097 0.50956 0.0209824 -0 137.957 355 460632
31.6647 52.1143 1.97969 60.9933 0.54599 0.0209824 -0 135.519 342 460632
30.7051 52.7009 0.7 60.9933 0.52755 0 -0 135.144 340 460632
30.7051 52.6853 1.97969 60.9933 0.527678 0.0209824 -0 136.269 346 460632
-23.1737 56.8341 0.7 61.377 -0.387164 0 -0 136.082 345 460632
33.2398 52.4911 2.00384 62.1442 0.564507 0.0209824 -0 138.394 352 460632
33.445 52.8151 2.01188 62.5278 0.564507 0.0209824 -0 136.144 340 460632
-6.99133 63.0866 -0.632006 63.4868 -0.110371 -0.0209824 -0 135.957 339 460632
37.4008 52.2471 0.7 64.254 0.621281 0 -0 137.082 345 460632
37.4008 52.1775 3.39621 64.254 0.621912 0.041974 -0 136.332 341 460632
37.4008 52.2297 2.0481 64.254 0.621438 0.0209824 -0 139.519 358 460632
36.3899 52.9389 2.0481 64.254 0.602216 0.0209824 -0 138.207 351 460632
-9.23327 64.5561 0.7 65.213 -0.142064 0 -0 136.707 343 460632
-10.2592 64.401 0.7 65.213 -0.157974 0 -0 136.707 343 460632
-46.3353 48.3105 0.7 66.9392 -0.764533 0 -0 139.207 351 460632
-47.3884 47.2779 0.7 66.9392 -0.786565 0 -0 139.207 351 460632
-46.4681 48.4489 0.7 67.131 -0.764533 0 -0 138.269 346 460632
-47.5242 47.4134 0.7 67.131 -0.786565 0 -0 138.644 348 460632
-47.5242 47.3925 2.10847 67.131 -0.786786 0.0209824 -0 138.269 346 460632
2.1665 68.8232 0.7 68.8573 0.0314688 0 -0 137.332 341 460632
2.1665 68.808 2.14468 68.8573 0.0314757 0.0209824 -0 139.582 353 460632
1.08325 68.8336 2.14468 68.8573 0.0157359 0.0209824 -0 138.269 346 460632
2.17253 69.0149 0.7 69.0491 0.0314688 0 -0 140.519 358 460632
2.17253 68.9997 2.14871 69.0491 0.0314757 0.0209824 -0 140.894 360 460632
1.08627 69.0405 0.7 69.0491 0.0157325 0 -0 137.894 344 460632
1.08627 69.0253 2.14871 69.0491 0.0157359 0.0209824 -0 139.207 351 460632
-2.1846 69.3371 3.61351 69.4327 -0.0314966 0.041974 -0 138.269 346 460632
-2.1846 69.383 2.15676 69.4327 -0.0314757 0.0209824 -0 136.582 337 460632
-3.27691 69.2941 3.61351 69.4327 -0.0472546 0.041974 -0 137.332 341 460632
-3.27691 69.34 2.15676 69.4327 -0.0472234 0.0209824 -0 136.582 337 460632
2.26306 71.8747 2.20907 71.9261 0.0314757 0.0209824 0.0707397 139.457 347 460632
2.26306 71.8905 0.7 71.9261 0.0314688 0 -0 144.144 372 460632
2.26306 71.8747 2.20907 71.9261 0.0314757 0.0209824 -0 146.207 383 460632
-1.13455 72.0931 2.21309 72.1179 -0.0157359 0.0209824 -0 138.332 341 460632
3.40364 72.0217 2.21309 72.1179 0.0472234 0.0209824 -0 138.707 343 460632
2.26909 72.0822 0.7 72.1179 0.0314688 0 -0 138.519 342 460632
2.26909 72.0187 3.72619 72.1179 0.0314966 0.041974 -0 139.082 345 460632
2.26909 72.0663 2.21309 72.1179 0.0314757 0.0209824 -0 144.144 372 460632
1.13455 72.0931 2.21309 72.1179 0.0157359 0.0209824 -0 140.394 352 460632
2.27513 72.2739 0.7 72.3097 0.0314688 0 -0 139.269 346 460632
2.27513 72.258 2.21712 72.3097 0.0314757 0.0209824 -0 142.269 362 460632
1.13756 72.2849 2.21712 72.3097 0.0157359 0.0209824 -0 140.207 351 460632
24.1423 68.9056 3.76643 73.0769 0.337002 0.041974 -0 138.519 342 460632
24.2057 69.0009 5.31172 73.2687 0.337389 0.0629841 -0 141.894 360 460632
24.2057 69.0865 3.77448 73.2687 0.337002 0.041974 -0 145.082 377 460632
23.053 69.4796 3.77448 73.2687 0.320366 0.041974 -0 142.457 363 460632
