1.52983 1.91185 0.22917 2.49344 0.67485 -0.189968 -0 92.3317 389 460835
1.26731 2.53734 0.217098 2.87704 0.463219 -0.168645 -0 105.332 437 460835
1.22205 2.55945 0.217098 2.87704 0.445458 -0.168645 -0 104.957 435 460835
0.995745 2.644 0.156735 2.87704 0.360177 -0.189968 -0 104.582 433 460835
0.995745 2.644 0.156735 2.87704 0.360177 -0.189968 -0.0707397 98.3942 400 460835
0.995745 2.63088 0.096372 2.87704 0.361822 -0.211379 -0.0707397 97.6442 396 460835
1.30352 2.74145 0.249291 3.06885 0.443845 -0.147399 -0 102.332 421 460835
1.15868 2.80573 0.249291 3.06885 0.391638 -0.147399 -0 102.144 420 460835
0.917292 2.87064 0.120517 3.06885 0.309288 -0.189968 -0 99.7067 407 460835
0.917292 2.85689 0.0561301 3.06885 0.310683 -0.211379 -0 99.3317 405 460835
1.12851 3.03147 0.289533 3.26065 0.356371 -0.12622 0.0707397 99.3317 405 460835
1.12851 3.02142 0.221122 3.26065 0.357458 -0.147399 0.0707397 102.144 420 460835
1.07721 3.04009 0.221122 3.26065 0.340533 -0.147399 0.0707397 98.9567 403 460835
1.12851 3.02142 0.221122 3.26065 0.357458 -0.147399 -0 109.082 457 460835
1.12851 3.03147 0.289533 3.26065 0.356371 -0.12622 -0.0707397 99.7067 407 460835
1.12851 3.02142 0.221122 3.26065 0.357458 -0.147399 -0.0707397 102.144 420 460835
1.07721 3.04009 0.221122 3.26065 0.340533 -0.147399 -0.0707397 98.3942 400 460835
1.79234 2.91857 0.265388 3.45245 0.550734 -0.12622 -0 103.457 427 460835
1.79234 2.90686 0.192952 3.45245 0.552528 -0.147399 -0 102.519 422 460835
1.30352 3.16724 0.265388 3.45245 0.390435 -0.12622 -0 105.332 437 460835
1.30352 3.15645 0.192952 3.45245 0.391638 -0.147399 -0 102.332 421 460835
1.24921 3.18905 0.265388 3.45245 0.373346 -0.12622 -0 102.707 423 460835
1.71992 3.17994 0.241243 3.64426 0.495804 -0.12622 0.0707397 99.1442 388 460835
1.4906 3.29367 0.241243 3.64426 0.424985 -0.12622 0.0707397 99.1442 388 460835
1.43327 3.31902 0.241243 3.64426 0.407646 -0.12622 0.0707397 100.457 395 460835
1.08928 3.45658 0.317702 3.64426 0.305283 -0.105098 0.0707397 99.5192 390 460835
1.08928 3.44726 0.241243 3.64426 0.306057 -0.12622 0.0707397 99.8942 392 460835
1.94925 3.04476 0.241243 3.64426 0.569452 -0.12622 -0.0707397 98.5817 385 460835
1.71992 3.17994 0.241243 3.64426 0.495804 -0.12622 -0.0707397 100.269 394 460835
1.66259 3.21029 0.241243 3.64426 0.477861 -0.12622 -0.0707397 98.2067 383 460835
1.43327 3.31902 0.241243 3.64426 0.407646 -0.12622 -0.0707397 99.5192 390 460835
1.14662 3.6385 0.297581 3.83606 0.305283 -0.105098 0.0707397 102.894 408 460835
1.14662 3.6287 0.217098 3.83606 0.306057 -0.12622 0.0707397 103.269 410 460835
1.08627 3.65697 0.297581 3.83606 0.288739 -0.105098 0.0707397 102.519 406 460835
1.08627 3.64722 0.217098 3.83606 0.289469 -0.12622 0.0707397 102.519 406 460835
1.14662 3.6385 0.297581 3.83606 0.305283 -0.105098 -0.0707397 102.707 407 460835
1.14662 3.6287 0.217098 3.83606 0.306057 -0.12622 -0.0707397 102.707 407 460835
1.52077 3.70572 0.27746 4.02786 0.389427 -0.105098 0.0707397 104.582 417 460835
1.52077 3.69511 0.192952 4.02786 0.390435 -0.12622 0.0707397 103.644 412 460835
1.45741 3.7311 0.27746 4.02786 0.372386 -0.105098 0.0707397 103.644 412 460835
1.52077 3.70572 0.27746 4.02786 0.389427 -0.105098 -0.0707397 104.582 417 460835
1.59319 3.88219 0.257339 4.21967 0.389427 -0.105098 0.0707397 107.582 433 460835
1.19489 4.02267 0.257339 4.21967 0.288739 -0.105098 0.0707397 108.519 438 460835
1.12851 4.04179 0.257339 4.21967 0.272276 -0.105098 0.0707397 107.394 432 460835
1.59319 3.88219 0.257339 4.21967 0.389427 -0.105098 -0 115.269 474 460835
1.19489 4.02267 0.257339 4.21967 0.288739 -0.105098 -0 115.832 477 460835
1.12851 4.04179 0.257339 4.21967 0.272276 -0.105098 -0 114.707 471 460835
1.59319 3.88219 0.257339 4.21967 0.389427 -0.105098 -0.0707397 108.332 437 460835
1.19489 4.02267 0.257339 4.21967 0.288739 -0.105098 -0.0707397 108.332 437 460835
1.12851 4.04179 0.257339 4.21967 0.272276 -0.105098 -0.0707397 107.394 432 460835
1.24921 4.20552 0.237219 4.41147 0.288739 -0.105098 0.0707397 106.082 409 460835
1.24921 4.20552 0.237219 4.41147 0.288739 -0.105098 -0.0707397 107.957 419 460835
1.44836 4.35237 0.313678 4.60327 0.321247 -0.0840222 0.0707397 110.582 433 460835
1.44836 4.34272 0.217098 4.60327 0.321913 -0.105098 0.0707397 110.957 435 460835
1.44836 4.35237 0.313678 4.60327 0.321247 -0.0840222 -0 118.457 475 460835
1.44836 4.34272 0.217098 4.60327 0.321913 -0.105098 -0 118.832 477 460835
1.44836 4.35237 0.313678 4.60327 0.321247 -0.0840222 -0.0707397 111.707 439 460835
1.44836 4.34272 0.217098 4.60327 0.321913 -0.105098 -0.0707397 111.894 440 460835
1.73501 4.45203 0.297581 4.79507 0.371606 -0.0840222 0.0707397 106.457 411 460835
1.20696 4.62321 0.297581 4.79507 0.255367 -0.0840222 0.0707397 108.894 424 460835
1.20696 4.61334 0.196977 4.79507 0.255889 -0.105098 0.0707397 108.519 422 460835
1.13153 4.64225 0.297581 4.79507 0.239084 -0.0840222 0.0707397 108.707 423 460835
1.13153 4.63242 0.196977 4.79507 0.239572 -0.105098 0.0707397 108.707 423 460835
1.20696 4.62321 0.297581 4.79507 0.255367 -0.0840222 -0 116.582 465 460835
1.20696 4.61334 0.196977 4.79507 0.255889 -0.105098 -0 116.582 465 460835
1.13153 4.64225 0.297581 4.79507 0.239084 -0.0840222 -0 116.582 465 460835
1.13153 4.63242 0.196977 4.79507 0.239572 -0.105098 -0 116.582 465 460835
1.20696 4.62321 0.297581 4.79507 0.255367 -0.0840222 -0.0707397 110.207 431 460835
1.20696 4.61334 0.196977 4.79507 0.255889 -0.105098 -0.0707397 110.207 431 460835
1.13153 4.64225 0.297581 4.79507 0.239084 -0.0840222 -0.0707397 110.207 431 460835
1.13153 4.63242 0.196977 4.79507 0.239572 -0.105098 -0.0707397 110.207 431 460835
1.80441 4.63011 0.281485 4.98688 0.371606 -0.0840222 0.0707397 103.644 396 460835
1.56905 4.71507 0.281485 4.98688 0.321247 -0.0840222 0.0707397 105.144 404 460835
1.56905 4.70461 0.176856 4.98688 0.321913 -0.105098 0.0707397 103.832 397 460835
1.41215 4.76441 0.281485 4.98688 0.288146 -0.0840222 0.0707397 105.144 404 460835
1.33369 4.78697 0.281485 4.98688 0.271719 -0.0840222 0.0707397 107.207 415 460835
1.33369 4.77666 0.176856 4.98688 0.272276 -0.105098 0.0707397 104.207 399 460835
1.33369 4.78697 0.281485 4.98688 0.271719 -0.0840222 -0 114.519 454 460835
1.80441 4.63011 0.281485 4.98688 0.371606 -0.0840222 -0.0707397 103.082 393 460835
1.56905 4.71507 0.281485 4.98688 0.321247 -0.0840222 -0.0707397 104.207 399 460835
1.41215 4.76441 0.281485 4.98688 0.288146 -0.0840222 -0.0707397 103.644 396 460835
1.33369 4.78697 0.281485 4.98688 0.271719 -0.0840222 -0.0707397 107.582 417 460835
1.25524 4.80813 0.281485 4.98688 0.255367 -0.0840222 -0.0707397 105.144 404 460835
1.35783 5.57069 0.217098 5.75409 0.239084 -0.0840222 -0.0707397 109.394 416 460835
1.26731 5.6011 0.337823 5.75409 0.222515 -0.0629841 -0.0707397 110.332 421 460835
1.26731 5.59198 0.217098 5.75409 0.222865 -0.0840222 -0.0707397 113.519 438 460835
1.17679 5.61173 0.217098 5.75409 0.206706 -0.0840222 -0.0707397 109.394 416 460835
-1.08627 5.64546 0.941451 5.75409 -0.190091 0.041974 -0.919617 117.457 459 460835
-1.08627 5.64934 0.820726 5.75409 -0.189964 0.0209824 -0.919617 118.957 467 460835
-1.17679 5.62729 0.941451 5.75409 -0.206151 0.041974 -0.919617 120.457 475 460835
-1.17679 5.63118 0.820726 5.75409 -0.206013 0.0209824 -0.919617 120.457 475 460835
-1.26731 5.6076 0.941451 5.75409 -0.222265 0.041974 -0.919617 116.894 456 460835
1.35783 5.57069 0.217098 5.75409 0.239084 -0.0840222 0.0707397 109.582 417 460835
1.26731 5.6011 0.337823 5.75409 0.222515 -0.0629841 0.0707397 110.332 421 460835
1.26731 5.59198 0.217098 5.75409 0.222865 -0.0840222 0.0707397 113.332 437 460835
1.17679 5.61173 0.217098 5.75409 0.206706 -0.0840222 0.0707397 108.832 413 460835
1.35783 5.57069 0.217098 5.75409 0.239084 -0.0840222 -0 116.707 455 460835
1.26731 5.6011 0.337823 5.75409 0.222515 -0.0629841 -0 117.644 460 460835
1.26731 5.59198 0.217098 5.75409 0.222865 -0.0840222 -0 120.644 476 460835
1.17679 5.61173 0.217098 5.75409 0.206706 -0.0840222 -0 116.144 452 460835
-1.17679 5.61173 1.1829 5.75409 -0.206706 0.0840222 -1.13184 121.019 478 460835
-1.17679 5.62081 1.06218 5.75409 -0.206382 0.0629841 -1.13184 120.082 473 460835
-1.17679 5.62729 0.941451 5.75409 -0.206151 0.041974 -1.13184 121.582 481 460835
-1.17679 5.63118 0.820726 5.75409 -0.206013 0.0209824 -1.13184 120.269 474 460835
-1.26731 5.6076 0.941451 5.75409 -0.222265 0.041974 -1.13184 121.582 481 460835
-1.26731 5.6115 0.820726 5.75409 -0.222116 0.0209824 -1.13184 120.644 476 460835
-1.17679 5.62729 0.941451 5.75409 -0.206151 0.041974 -1.0611 127.582 513 460835
-1.17679 5.63118 0.820726 5.75409 -0.206013 0.0209824 -1.0611 125.894 504 460835
-1.26731 5.6076 0.941451 5.75409 -0.222265 0.041974 -1.0611 126.082 505 460835
-1.08627 5.64546 0.941451 5.75409 -0.190091 0.041974 -0.990356 124.207 495 460835
-1.08627 5.64934 0.820726 5.75409 -0.189964 0.0209824 -0.990356 123.832 493 460835
-1.17679 5.62729 0.941451 5.75409 -0.206151 0.041974 -0.990356 127.019 510 460835
-1.17679 5.63118 0.820726 5.75409 -0.206013 0.0209824 -0.990356 125.707 503 460835
-1.26731 5.6076 0.941451 5.75409 -0.222265 0.041974 -0.990356 123.082 489 460835
-1.17679 5.61173 1.1829 5.75409 -0.206706 0.0840222 -1.20258 128.519 518 460835
-1.17679 5.62081 1.06218 5.75409 -0.206382 0.0629841 -1.20258 129.644 524 460835
-1.26731 5.59198 1.1829 5.75409 -0.222865 0.0840222 -1.20258 126.832 509 460835
-1.26731 5.6011 1.06218 5.75409 -0.222515 0.0629841 -1.20258 126.832 509 460835
-1.08627 5.61829 1.30363 5.75409 -0.190988 0.105098 -1.34406 119.894 472 460835
-1.08627 5.62995 1.1829 5.75409 -0.190602 0.0840222 -1.34406 118.957 467 460835
-1.17679 5.60003 1.30363 5.75409 -0.207126 0.105098 -1.34406 119.332 469 460835
-1.17679 5.61173 1.1829 5.75409 -0.206706 0.0840222 -1.34406 119.894 472 460835
-1.17679 5.62081 1.06218 5.75409 -0.206382 0.0629841 -1.34406 118.394 464 460835
-1.17679 5.61173 1.1829 5.75409 -0.206706 0.0840222 -1.27332 127.957 515 460835
-1.17679 5.62081 1.06218 5.75409 -0.206382 0.0629841 -1.27332 128.144 516 460835
-1.26731 5.59198 1.1829 5.75409 -0.222865 0.0840222 -1.27332 125.144 500 460835
-1.26731 5.6076 0.458549 5.75409 -0.222265 -0.041974 -1.62701 114.457 443 460835
-1.35783 5.59028 0.579274 5.75409 -0.238277 -0.0209824 -1.62701 115.957 451 460835
-1.35783 5.58637 0.458549 5.75409 -0.238438 -0.041974 -1.62701 119.332 469 460835
-1.44836 5.56359 0.458549 5.75409 -0.254675 -0.041974 -1.62701 116.144 452 460835
-1.26731 5.6076 0.458549 5.75409 -0.222265 -0.041974 -1.76849 113.894 440 460835
-1.35783 5.58637 0.458549 5.75409 -0.238438 -0.041974 -1.76849 118.582 465 460835
-1.35783 5.57984 0.337823 5.75409 -0.238706 -0.0629841 -1.76849 114.457 443 460835
-1.44836 5.56359 0.458549 5.75409 -0.254675 -0.041974 -1.76849 116.332 453 460835
-1.35783 5.58637 0.458549 5.75409 -0.238438 -0.041974 -1.98071 116.519 454 460835
-1.35783 5.57984 0.337823 5.75409 -0.238706 -0.0629841 -1.98071 114.644 444 460835
-1.44836 5.56359 0.458549 5.75409 -0.254675 -0.041974 -1.98071 112.394 432 460835
-1.44836 5.55703 0.337823 5.75409 -0.254962 -0.0629841 -1.98071 110.707 423 460835
-1.35783 5.59028 0.579274 5.75409 -0.238277 -0.0209824 -1.69775 115.582 449 460835
-1.35783 5.58637 0.458549 5.75409 -0.238438 -0.041974 -1.69775 118.207 463 460835
-1.44836 5.56752 0.579274 5.75409 -0.254503 -0.0209824 -1.69775 114.082 441 460835
-1.44836 5.56359 0.458549 5.75409 -0.254675 -0.041974 -1.69775 117.269 458 460835
-1.26731 5.6076 0.458549 5.75409 -0.222265 -0.041974 -1.83923 114.082 441 460835
-1.35783 5.58637 0.458549 5.75409 -0.238438 -0.041974 -1.83923 117.457 459 460835
-1.44836 5.56359 0.458549 5.75409 -0.254675 -0.041974 -1.83923 112.957 435 460835
-1.26731 5.52908 -0.265805 5.75409 -0.225317 -0.168645 -2.12219 114.269 442 460835
-1.35783 5.58637 0.458549 5.75409 -0.238438 -0.041974 -2.12219 115.207 447 460835
-1.35783 5.57984 0.337823 5.75409 -0.238706 -0.0629841 -2.12219 115.207 447 460835
-1.35783 5.52736 -0.145079 5.75409 -0.240887 -0.147399 -2.12219 114.644 444 460835
-1.35783 5.50754 -0.265805 5.75409 -0.24172 -0.168645 -2.12219 116.519 454 460835
-1.44836 5.56359 0.458549 5.75409 -0.254675 -0.041974 -2.12219 113.519 438 460835
-1.35783 5.58637 0.458549 5.75409 -0.238438 -0.041974 -2.05145 122.519 486 460835
-1.35783 5.57984 0.337823 5.75409 -0.238706 -0.0629841 -2.05145 121.582 481 460835
-1.44836 5.56359 0.458549 5.75409 -0.254675 -0.041974 -2.05145 119.144 468 460835
-1.44836 5.55703 0.337823 5.75409 -0.254962 -0.0629841 -2.05145 118.207 463 460835
-1.35783 5.58637 0.458549 5.75409 -0.238438 -0.041974 -2.19293 121.957 483 460835
-1.35783 5.57984 0.337823 5.75409 -0.238706 -0.0629841 -2.19293 121.207 479 460835
-1.35783 5.50754 -0.265805 5.75409 -0.24172 -0.168645 -2.19293 120.457 475 460835
-1.26731 5.52908 -0.265805 5.75409 -0.225317 -0.168645 -2.33441 113.332 437 460835
-1.35783 5.58637 0.458549 5.75409 -0.238438 -0.041974 -2.33441 115.207 447 460835
-1.35783 5.57984 0.337823 5.75409 -0.238706 -0.0629841 -2.33441 113.519 438 460835
-1.35783 5.50754 -0.265805 5.75409 -0.24172 -0.168645 -2.33441 114.457 443 460835
-1.26731 5.52908 -0.265805 5.75409 -0.225317 -0.168645 -2.40515 113.519 438 460835
-1.35783 5.50754 -0.265805 5.75409 -0.24172 -0.168645 -2.40515 114.082 441 460835
-1.26731 5.6011 0.337823 5.75409 -0.222515 -0.0629841 -2.61737 115.582 449 460835
-1.35783 5.58637 0.458549 5.75409 -0.238438 -0.041974 -2.61737 118.207 463 460835
-1.35783 5.57984 0.337823 5.75409 -0.238706 -0.0629841 -2.61737 121.019 478 460835
-1.44836 5.55703 0.337823 5.75409 -0.254962 -0.0629841 -2.61737 116.144 452 460835
-1.26731 5.52908 -0.265805 5.75409 -0.225317 -0.168645 -2.26367 115.019 446 460835
-1.35783 5.58637 0.458549 5.75409 -0.238438 -0.041974 -2.26367 115.394 448 460835
-1.35783 5.57984 0.337823 5.75409 -0.238706 -0.0629841 -2.26367 115.019 446 460835
-1.35783 5.52736 -0.145079 5.75409 -0.240887 -0.147399 -2.26367 113.519 438 460835
-1.35783 5.50754 -0.265805 5.75409 -0.24172 -0.168645 -2.26367 116.707 455 460835
-1.35783 5.58637 0.458549 5.75409 -0.238438 -0.041974 -2.54663 113.894 440 460835
-1.35783 5.57984 0.337823 5.75409 -0.238706 -0.0629841 -2.54663 116.707 455 460835
-1.44836 5.55703 0.337823 5.75409 -0.254962 -0.0629841 -2.54663 112.019 430 460835
1.46646 4.94766 0.265388 5.17868 0.288146 -0.0840222 0.0707397 112.582 433 460835
1.46646 4.93691 0.156735 5.17868 0.288739 -0.105098 0.0707397 108.644 412 460835
1.38499 4.97108 0.265388 5.17868 0.271719 -0.0840222 0.0707397 110.519 422 460835
1.46646 4.94766 0.265388 5.17868 0.288146 -0.0840222 -0 119.519 470 460835
1.38499 4.97108 0.265388 5.17868 0.271719 -0.0840222 -0 117.457 459 460835
1.46646 4.956 0.374041 5.17868 0.287687 -0.0629841 -0.0707397 107.144 404 460835
1.46646 4.94766 0.265388 5.17868 0.288146 -0.0840222 -0.0707397 112.582 433 460835
1.46646 4.93691 0.156735 5.17868 0.288739 -0.105098 -0.0707397 108.457 411 460835
1.38499 4.97108 0.265388 5.17868 0.271719 -0.0840222 -0.0707397 110.519 422 460835
1.60526 5.1138 0.361968 5.37048 0.304167 -0.0629841 0.0707397 105.644 396 460835
1.60526 5.1051 0.249291 5.37048 0.304653 -0.0840222 0.0707397 108.644 412 460835
1.52077 5.13091 0.249291 5.37048 0.288146 -0.0840222 0.0707397 108.082 409 460835
0.0844874 5.34018 0.136614 5.37048 0.0158198 -0.105098 0.0707397 104.332 389 460835
1.60526 5.1051 0.249291 5.37048 0.304653 -0.0840222 -0 115.957 451 460835
1.52077 5.13091 0.249291 5.37048 0.288146 -0.0840222 -0 115.019 446 460835
1.60526 5.1051 0.249291 5.37048 0.304653 -0.0840222 -0.0707397 109.019 414 460835
1.52077 5.13091 0.249291 5.37048 0.288146 -0.0840222 -0.0707397 108.457 411 460835
1.52077 5.11976 0.136614 5.37048 0.288739 -0.105098 -0.0707397 105.644 396 460835
1.18282 5.21918 0.249291 5.37048 0.222865 -0.0840222 -0.0707397 106.957 403 460835
1.22507 5.41439 0.349896 5.56229 0.222515 -0.0629841 0.0707397 107.707 407 460835
1.22507 5.40558 0.233194 5.56229 0.222865 -0.0840222 0.0707397 110.144 420 460835
1.13756 5.43345 0.349896 5.56229 0.206382 -0.0629841 0.0707397 107.332 405 460835
1.13756 5.42467 0.233194 5.56229 0.206706 -0.0840222 0.0707397 110.144 420 460835
1.22507 5.40558 0.233194 5.56229 0.222865 -0.0840222 -0 116.707 455 460835
1.13756 5.42467 0.233194 5.56229 0.206706 -0.0840222 -0 116.894 456 460835
1.48758 5.33931 0.233194 5.56229 0.271719 -0.0840222 -0.0707397 106.957 403 460835
1.40008 5.36292 0.233194 5.56229 0.255367 -0.0840222 -0.0707397 107.144 404 460835
1.22507 5.40558 0.233194 5.56229 0.222865 -0.0840222 -0.0707397 109.207 415 460835
1.13756 5.42467 0.233194 5.56229 0.206706 -0.0840222 -0.0707397 109.582 417 460835
-1.26731 5.6011 0.337823 5.75409 -0.222515 -0.0629841 -2.68811 116.707 455 460835
-1.35783 5.58637 0.458549 5.75409 -0.238438 -0.041974 -2.68811 115.394 448 460835
-1.35783 5.57984 0.337823 5.75409 -0.238706 -0.0629841 -2.68811 120.644 476 460835
-1.35783 5.57069 0.217098 5.75409 -0.239084 -0.0840222 -2.68811 116.519 454 460835
-1.44836 5.55703 0.337823 5.75409 -0.254962 -0.0629841 -2.68811 115.207 447 460835
-1.26731 5.6011 0.337823 5.75409 -0.222515 -0.0629841 -2.75885 114.644 444 460835
-1.35783 5.57984 0.337823 5.75409 -0.238706 -0.0629841 -2.75885 118.394 464 460835
-1.35783 5.57069 0.217098 5.75409 -0.239084 -0.0840222 -2.75885 116.144 452 460835
-1.44836 5.55703 0.337823 5.75409 -0.254962 -0.0629841 -2.75885 113.144 436 460835
-1.35783 5.57984 0.337823 5.75409 -0.238706 -0.0629841 -2.82959 113.332 437 460835
-1.89191 5.98735 1.49679 6.3295 -0.306057 0.12622 1.0611 117.019 446 460835
-1.89191 6.00353 1.36399 6.3295 -0.305283 0.105098 1.0611 118.332 453 460835
-1.89191 6.01673 1.23119 6.3295 -0.304653 0.0840222 1.0611 115.707 439 460835
-1.99149 5.95497 1.49679 6.3295 -0.322733 0.12622 1.0611 114.582 433 460835
-1.99149 5.97123 1.36399 6.3295 -0.321913 0.105098 1.0611 116.082 441 460835
-1.74406 6.2778 0.973645 6.5213 -0.270981 0.041974 1.0611 113.082 425 460835
-1.94925 6.16878 1.52093 6.5213 -0.306057 0.12622 1.0611 114.957 435 460835
-1.94925 6.18545 1.38411 6.5213 -0.305283 0.105098 1.0611 115.519 438 460835
-1.89191 5.98735 1.49679 6.3295 -0.306057 0.12622 0.990356 128.457 507 460835
-1.89191 6.00353 1.36399 6.3295 -0.305283 0.105098 0.990356 129.957 515 460835
-1.89191 6.01673 1.23119 6.3295 -0.304653 0.0840222 0.990356 127.519 502 460835
-1.99149 5.95497 1.49679 6.3295 -0.322733 0.12622 0.990356 127.332 501 460835
-1.99149 5.97123 1.36399 6.3295 -0.321913 0.105098 0.990356 128.644 508 460835
-1.94925 6.16878 1.52093 6.5213 -0.306057 0.12622 0.990356 127.332 501 460835
-1.94925 6.18545 1.38411 6.5213 -0.305283 0.105098 0.990356 128.269 506 460835
-1.94925 6.19906 1.24729 6.5213 -0.304653 0.0840222 0.990356 126.582 497 460835
-2.05184 6.13542 1.52093 6.5213 -0.322733 0.12622 0.990356 126.582 497 460835
-2.05184 6.15218 1.38411 6.5213 -0.321913 0.105098 0.990356 127.144 500 460835
-1.74406 6.2299 1.52093 6.5213 -0.272962 0.12622 0.778137 120.582 465 460835
-1.84665 6.18061 1.65776 6.5213 -0.290339 0.147399 0.778137 117.207 447 460835
-1.84665 6.20027 1.52093 6.5213 -0.289469 0.12622 0.778137 121.144 468 460835
-1.84665 6.21685 1.38411 6.5213 -0.288739 0.105098 0.778137 117.019 446 460835
-1.84665 6.18061 1.65776 6.5213 -0.290339 0.147399 0.848877 121.707 471 460835
-1.84665 6.20027 1.52093 6.5213 -0.289469 0.12622 0.848877 124.332 485 460835
-1.94925 6.16878 1.52093 6.5213 -0.306057 0.12622 0.848877 123.582 481 460835
-1.94925 6.18545 1.38411 6.5213 -0.305283 0.105098 0.848877 120.394 464 460835
-1.94925 6.16878 1.52093 6.5213 -0.306057 0.12622 0.919617 127.519 502 460835
-1.94925 6.18545 1.38411 6.5213 -0.305283 0.105098 0.919617 127.144 500 460835
-2.05184 6.15218 1.38411 6.5213 -0.321913 0.105098 0.919617 125.457 491 460835
-1.89191 5.98735 1.49679 6.3295 -0.306057 0.12622 0.919617 128.832 509 460835
-1.89191 6.00353 1.36399 6.3295 -0.305283 0.105098 0.919617 128.082 505 460835
-1.99149 5.97123 1.36399 6.3295 -0.321913 0.105098 0.919617 126.582 497 460835
-1.74406 6.2299 1.52093 6.5213 -0.272962 0.12622 0.707397 123.019 478 460835
-1.74406 6.24641 1.38411 6.5213 -0.272276 0.105098 0.707397 119.644 460 460835
-1.84665 6.20027 1.52093 6.5213 -0.289469 0.12622 0.707397 120.957 467 460835
-1.94925 6.0709 -0.668223 6.5213 -0.310683 -0.211379 0.565918 113.082 425 460835
-2.05184 6.03699 -0.668223 6.5213 -0.327629 -0.211379 0.565918 113.832 429 460835
-1.94925 6.0709 -0.668223 6.5213 -0.310683 -0.211379 0.636658 114.394 432 460835
-2.05184 6.03699 -0.668223 6.5213 -0.327629 -0.211379 0.636658 115.894 440 460835
-2.05184 6.18859 0.836822 6.5213 -0.320146 0.0209824 0.495178 113.457 427 460835
-2.05184 6.1901 0.7 6.5213 -0.320073 0 0.353699 116.457 443 460835
-2.05184 6.18859 0.563178 6.5213 -0.320146 -0.0209824 0.353699 115.894 440 460835
-2.05184 6.18405 0.426355 6.5213 -0.320366 -0.041974 0.353699 113.269 426 460835
-2.15443 6.15514 0.7 6.5213 -0.336693 0 0.353699 115.519 438 460835
-2.15443 6.15362 0.563178 6.5213 -0.336771 -0.0209824 0.353699 114.582 433 460835
-2.05184 6.1901 0.7 6.5213 -0.320073 0 0.424438 116.457 443 460835
-2.15443 6.15514 0.7 6.5213 -0.336693 0 0.424438 114.582 433 460835
-2.05184 6.1901 0.7 6.5213 -0.320073 0 0.282959 114.394 432 460835
-2.05184 6.18405 0.426355 6.5213 -0.320366 -0.041974 0.282959 114.019 430 460835
-2.15443 6.15514 0.7 6.5213 -0.336693 0 0.282959 114.957 435 460835
-1.94925 6.22166 0.563178 6.5213 -0.303613 -0.0209824 0.212219 116.269 442 460835
-2.05184 6.18859 0.563178 6.5213 -0.320146 -0.0209824 0.212219 120.957 467 460835
-2.05184 6.18405 0.426355 6.5213 -0.320366 -0.041974 0.212219 117.582 449 460835
-2.15443 6.15362 0.563178 6.5213 -0.336771 -0.0209824 0.212219 116.269 442 460835
-1.79234 5.99883 1.62959 6.3295 -0.290339 0.147399 0.848877 122.457 475 460835
-1.79234 6.01791 1.49679 6.3295 -0.289469 0.12622 0.848877 124.894 488 460835
-1.89191 5.96817 1.62959 6.3295 -0.30698 0.147399 0.848877 121.519 470 460835
-1.89191 5.98735 1.49679 6.3295 -0.306057 0.12622 0.848877 124.332 485 460835
-1.69277 6.04667 1.49679 6.3295 -0.272962 0.12622 0.778137 122.082 473 460835
-1.79234 6.01791 1.49679 6.3295 -0.289469 0.12622 0.778137 121.519 470 460835
-2.05184 6.18859 0.563178 6.5213 -0.320146 -0.0209824 0.141479 123.207 479 460835
-2.05184 6.18405 0.426355 6.5213 -0.320366 -0.041974 0.141479 121.894 472 460835
-2.15443 6.15362 0.563178 6.5213 -0.336771 -0.0209824 0.141479 119.457 459 460835
-2.15443 6.14906 0.426355 6.5213 -0.337002 -0.041974 0.141479 118.894 456 460835
-1.69277 6.04667 1.49679 6.3295 -0.272962 0.12622 0.707397 123.957 483 460835
-1.69277 6.06269 1.36399 6.3295 -0.272276 0.105098 0.707397 120.207 463 460835
-1.79234 6.01791 1.49679 6.3295 -0.289469 0.12622 0.707397 121.332 469 460835
-1.12248 5.81762 0.201001 5.94589 -0.190602 -0.0840222 -0.0707397 118.144 452 460835
-1.12248 5.80557 0.076251 5.94589 -0.190988 -0.105098 -0.0707397 116.269 442 460835
-1.21602 5.79879 0.201001 5.94589 -0.206706 -0.0840222 -0.0707397 116.269 442 460835
-1.12248 5.83765 0.57525 5.94589 -0.189964 -0.0209824 -0.353699 115.707 439 460835
-1.12248 5.83365 0.4505 5.94589 -0.190091 -0.041974 -0.353699 116.457 443 460835
-1.12248 5.81762 0.201001 5.94589 -0.190602 -0.0840222 -0 117.394 448 460835
-1.12248 5.80557 0.076251 5.94589 -0.190988 -0.105098 -0 117.207 447 460835
-1.21602 5.79879 0.201001 5.94589 -0.206706 -0.0840222 -0 116.457 443 460835
-1.21602 5.7867 0.076251 5.94589 -0.207126 -0.105098 -0 117.019 446 460835
1.21602 5.79879 0.201001 5.94589 0.206706 -0.0840222 -0 114.582 433 460835
-1.12248 5.83765 0.82475 5.94589 -0.189964 0.0209824 -0.919617 115.332 437 460835
-1.21602 5.81487 0.9495 5.94589 -0.206151 0.041974 -0.919617 117.582 449 460835
-1.21602 5.81888 0.82475 5.94589 -0.206013 0.0209824 -0.919617 118.519 454 460835
-1.21602 5.79879 1.199 5.94589 -0.206706 0.0840222 -1.13184 115.519 438 460835
-1.30956 5.79452 0.9495 5.94589 -0.222265 0.041974 -1.13184 115.332 437 460835
-1.21602 5.81487 0.9495 5.94589 -0.206151 0.041974 -1.0611 123.207 479 460835
-1.21602 5.81888 0.82475 5.94589 -0.206013 0.0209824 -1.0611 121.894 472 460835
-1.30956 5.79452 0.9495 5.94589 -0.222265 0.041974 -1.0611 120.582 465 460835
-1.12248 5.83365 0.9495 5.94589 -0.190091 0.041974 -0.990356 121.144 468 460835
-1.12248 5.83765 0.82475 5.94589 -0.189964 0.0209824 -0.990356 120.582 465 460835
-1.21602 5.81487 0.9495 5.94589 -0.206151 0.041974 -0.990356 123.957 483 460835
-1.21602 5.81888 0.82475 5.94589 -0.206013 0.0209824 -0.990356 123.207 479 460835
1.25524 5.99553 0.313678 6.1377 0.206382 -0.0629841 -0 115.707 439 460835
1.25524 5.98585 0.184904 6.1377 0.206706 -0.0840222 -0 117.019 446 460835
1.15868 6.01494 0.313678 6.1377 0.190303 -0.0629841 -0 120.019 462 460835
1.15868 6.00528 0.184904 6.1377 0.190602 -0.0840222 -0 119.832 461 460835
1.15868 6.01494 0.313678 6.1377 0.190303 -0.0629841 0.0707397 112.894 424 460835
1.15868 6.00528 0.184904 6.1377 0.190602 -0.0840222 0.0707397 112.519 422 460835
-1.21602 5.79879 1.199 5.94589 -0.206706 0.0840222 -1.20258 124.144 484 460835
-1.21602 5.80817 1.07425 5.94589 -0.206382 0.0629841 -1.20258 125.269 490 460835
-1.30956 5.77838 1.199 5.94589 -0.222865 0.0840222 -1.20258 122.269 474 460835
-1.30956 5.7878 1.07425 5.94589 -0.222515 0.0629841 -1.20258 122.269 474 460835
-1.12248 5.80557 1.32375 5.94589 -0.190988 0.105098 -1.34406 115.707 439 460835
-1.12248 5.81762 1.199 5.94589 -0.190602 0.0840222 -1.34406 115.332 437 460835
-1.21602 5.7867 1.32375 5.94589 -0.207126 0.105098 -1.34406 116.082 441 460835
-1.21602 5.79879 1.199 5.94589 -0.206706 0.0840222 -1.34406 116.082 441 460835
-1.40309 5.77258 0.4505 5.94589 -0.238438 -0.041974 -2.05145 116.082 441 460835
-1.49663 5.74904 0.4505 5.94589 -0.254675 -0.041974 -2.05145 113.082 425 460835
-1.21602 5.79879 1.199 5.94589 -0.206706 0.0840222 -1.27332 123.957 483 460835
-1.21602 5.80817 1.07425 5.94589 -0.206382 0.0629841 -1.27332 124.332 485 460835
-1.30956 5.79452 0.4505 5.94589 -0.222265 -0.041974 -2.19293 116.082 441 460835
-1.30956 5.71338 -0.297998 5.94589 -0.225317 -0.168645 -2.19293 115.894 440 460835
-1.40309 5.77258 0.4505 5.94589 -0.238438 -0.041974 -2.19293 117.394 448 460835
-1.40309 5.76584 0.325751 5.94589 -0.238706 -0.0629841 -2.19293 115.519 438 460835
-1.40309 5.69113 -0.297998 5.94589 -0.24172 -0.168645 -2.19293 116.644 444 460835
-1.25524 5.98585 1.2151 6.1377 -0.206706 0.0840222 -1.20258 117.394 448 460835
-1.25524 5.99553 1.08632 6.1377 -0.206382 0.0629841 -1.20258 117.957 451 460835
-1.3518 5.96478 1.2151 6.1377 -0.222865 0.0840222 -1.20258 117.207 447 460835
-1.3518 5.9745 1.08632 6.1377 -0.222515 0.0629841 -1.20258 116.644 444 460835
-1.25524 5.98585 1.2151 6.1377 -0.206706 0.0840222 -1.27332 115.894 440 460835
1.15868 6.01494 0.313678 6.1377 0.190303 -0.0629841 -0.0707397 112.144 420 460835
1.15868 6.00528 0.184904 6.1377 0.190602 -0.0840222 -0.0707397 112.144 420 460835
0.965571 6.03934 0.184904 6.1377 0.158538 -0.0840222 -0.0707397 106.894 392 460835
1.19489 6.20291 0.301606 6.3295 0.190303 -0.0629841 -0 117.582 449 460835
1.19489 6.19295 0.168807 6.3295 0.190602 -0.0840222 -0 117.394 448 460835
-2.05184 6.18405 0.426355 6.5213 -0.320366 -0.041974 0.0707397 123.582 481 460835
-2.05184 6.17648 0.289533 6.5213 -0.320732 -0.0629841 0.0707397 123.582 481 460835
-2.15443 6.14906 0.426355 6.5213 -0.337002 -0.041974 0.0707397 120.957 467 460835
-2.15443 6.14144 0.289533 6.5213 -0.337389 -0.0629841 0.0707397 120.957 467 460835
1.84665 6.24089 0.289533 6.5213 0.287687 -0.0629841 -0 120.207 463 460835
1.74406 6.27034 0.289533 6.5213 0.271288 -0.0629841 -0 121.707 471 460835
1.74406 6.25988 0.152711 6.5213 0.271719 -0.0840222 -0 119.457 459 460835
1.64147 6.29797 0.289533 6.5213 0.254962 -0.0629841 -0 118.894 456 460835
1.84665 6.24089 0.289533 6.5213 0.287687 -0.0629841 -0.0707397 113.644 428 460835
1.74406 6.27034 0.289533 6.5213 0.271288 -0.0629841 -0.0707397 114.957 435 460835
-2.11219 6.29543 1.68593 6.7131 -0.323709 0.147399 0.919617 115.644 428 460835
-2.00658 6.36738 1.40423 6.7131 -0.305283 0.105098 0.990356 115.644 428 460835
-2.11219 6.27175 1.82677 6.7131 -0.324847 0.168645 0.990356 117.707 439 460835
-2.11219 6.29543 1.68593 6.7131 -0.323709 0.147399 0.990356 117.332 437 460835
-1.68975 6.47249 1.26339 6.7131 -0.255367 0.0840222 0.707397 111.519 406 460835
-2.11219 6.37216 0.7 6.7131 -0.320073 0 0.212219 115.269 426 460835
-2.11219 6.3706 0.559153 6.7131 -0.320146 -0.0209824 0.212219 118.269 442 460835
-2.11219 6.37216 0.7 6.7131 -0.320073 0 0.141479 116.582 433 460835
-2.11219 6.3706 0.559153 6.7131 -0.320146 -0.0209824 0.141479 120.144 452 460835
-2.11219 6.36593 0.418307 6.7131 -0.320366 -0.041974 0.141479 115.644 428 460835
-2.2178 6.33461 0.559153 6.7131 -0.336771 -0.0209824 0.141479 116.957 435 460835
-2.11219 6.36593 0.418307 6.7131 -0.320366 -0.041974 0.0707397 118.269 442 460835
-2.11219 6.35814 0.27746 6.7131 -0.320732 -0.0629841 0.0707397 118.082 441 460835
1.79536 6.46857 0.7 6.7131 0.270736 0 0.0707397 120.332 453 460835
1.68975 6.49696 0.7 6.7131 0.254446 0 0.0707397 122.394 464 460835
1.79536 6.46857 0.7 6.7131 0.270736 0 -0 127.644 492 460835
1.68975 6.49696 0.7 6.7131 0.254446 0 -0 129.144 500 460835
1.68975 6.49544 0.559153 6.7131 0.254503 -0.0209824 -0 124.644 476 460835
1.68975 6.49544 0.840847 6.7131 0.254503 0.0209824 -0 125.207 479 460835
1.79536 6.46857 0.7 6.7131 0.270736 0 -0.0707397 120.519 454 460835
1.68975 6.49696 0.7 6.7131 0.254446 0 -0.0707397 122.207 463 460835
1.95528 6.60801 0.265388 6.90491 0.287687 -0.0629841 0.0707397 122.019 462 460835
1.84665 6.65339 0.7 6.90491 0.270736 0 0.0707397 123.144 468 460835
1.84665 6.63918 0.265388 6.90491 0.271288 -0.0629841 0.0707397 121.269 458 460835
1.73803 6.68259 0.7 6.90491 0.254446 0 0.0707397 123.707 471 460835
1.84665 6.65339 0.7 6.90491 0.270736 0 -0 131.019 510 460835
1.73803 6.68259 0.7 6.90491 0.254446 0 -0 131.957 515 460835
1.95528 6.60801 0.265388 6.90491 0.287687 -0.0629841 -0.0707397 122.582 465 460835
1.84665 6.65339 0.7 6.90491 0.270736 0 -0.0707397 124.269 474 460835
1.84665 6.63918 0.265388 6.90491 0.271288 -0.0629841 -0.0707397 121.644 460 460835
1.73803 6.68259 0.7 6.90491 0.254446 0 -0.0707397 125.394 480 460835
1.67466 6.88181 0.253315 7.09671 0.238706 -0.0629841 -0 124.457 475 460835
1.56302 6.90802 0.253315 7.09671 0.222515 -0.0629841 -0 123.519 470 460835
1.37594 7.14274 0.241243 7.28851 0.190303 -0.0629841 -0 119.582 449 460835
1.88286 7.23266 0.386113 7.48032 0.254675 -0.041974 -0 123.457 459 460835
1.76518 7.26228 0.386113 7.48032 0.238438 -0.041974 -0 125.332 469 460835
1.41215 7.33071 0.22917 7.48032 0.190303 -0.0629841 -0 119.144 436 460835
1.85571 7.64005 0.535008 7.86392 0.238277 -0.0209824 -0 126.269 474 460835
1.85571 7.63471 0.370017 7.86392 0.238438 -0.041974 -0 126.457 475 460835
1.73199 7.66904 0.535008 7.86392 0.222116 -0.0209824 -0 123.832 461 460835
1.73199 7.66372 0.370017 7.86392 0.222265 -0.041974 -0 124.207 463 460835
1.90097 7.8264 0.530984 8.05573 0.238277 -0.0209824 0.0707397 126.269 474 460835
1.90097 7.82092 0.361968 8.05573 0.238438 -0.041974 0.0707397 131.144 500 460835
1.90097 7.81178 0.192952 8.05573 0.238706 -0.0629841 0.0707397 127.957 483 460835
1.77424 7.85064 0.361968 8.05573 0.222265 -0.041974 0.0707397 127.582 481 460835
1.90097 7.8264 0.530984 8.05573 0.238277 -0.0209824 -0 133.957 515 460835
1.90097 7.82092 0.361968 8.05573 0.238438 -0.041974 -0 138.832 541 460835
1.90097 7.81178 0.192952 8.05573 0.238706 -0.0629841 -0 135.644 524 460835
1.77424 7.85064 0.361968 8.05573 0.222265 -0.041974 -0 135.269 522 460835
1.90097 7.8264 0.530984 8.05573 0.238277 -0.0209824 -0.0707397 126.644 476 460835
1.90097 7.82092 0.361968 8.05573 0.238438 -0.041974 -0.0707397 131.707 503 460835
1.90097 7.81178 0.192952 8.05573 0.238706 -0.0629841 -0.0707397 128.519 486 460835
1.77424 7.85064 0.361968 8.05573 0.222265 -0.041974 -0.0707397 128.332 485 460835
1.94623 8.00713 0.35392 8.24753 0.238438 -0.041974 0.0707397 123.707 455 460835
1.94623 8.00713 0.35392 8.24753 0.238438 -0.041974 -0 131.582 497 460835
1.94623 7.99778 0.18088 8.24753 0.238706 -0.0629841 -0 130.082 489 460835
1.81648 8.03756 0.35392 8.24753 0.222265 -0.041974 -0 128.207 479 460835
1.81648 8.02824 0.18088 8.24753 0.222515 -0.0629841 -0 126.707 471 460835
1.94623 8.00713 0.35392 8.24753 0.238438 -0.041974 -0.0707397 125.394 464 460835
1.94623 7.99778 0.18088 8.24753 0.238706 -0.0629841 -0.0707397 123.894 456 460835
1.99149 8.19334 0.345872 8.43933 0.238438 -0.041974 -0 125.019 462 460835
1.32766 8.32672 0.345872 8.43933 0.158115 -0.041974 -0 117.707 423 460835
1.6294 8.4682 0.337823 8.63113 0.190091 -0.041974 -0 122.019 446 460835
1.49362 8.4932 0.337823 8.63113 0.17408 -0.041974 -0 120.144 436 460835
4.68 7.69546 0.321726 9.01474 0.546391 -0.041974 -0 116.144 404 460835
3.68727 8.21745 0.321726 9.01474 0.421783 -0.041974 -0 114.082 393 460835
3.12 8.44914 0.321726 9.01474 0.353736 -0.041974 -0 117.832 413 460835
2.97818 8.50017 0.321726 9.01474 0.337002 -0.041974 -0 117.644 412 460835
4.77957 7.85919 0.313678 9.20654 0.546391 -0.041974 -0 115.207 399 460835
3.76573 8.39229 0.313678 9.20654 0.421783 -0.041974 -0 116.707 407 460835
3.62089 8.45579 0.313678 9.20654 0.40459 -0.041974 -0 119.707 423 460835
3.62089 8.44475 0.120517 9.20654 0.405063 -0.0629841 -0 115.582 401 460835
3.47605 8.51635 0.313678 9.20654 0.387523 -0.041974 -0 116.519 406 460835
-2.00054 9.573 0.494766 9.78195 -0.206013 -0.0209824 -0 117.332 405 460835
3.8472 8.9913 0.494766 9.78195 0.404307 -0.0209824 -0 119.394 416 460835
3.8472 8.98427 0.289533 9.78195 0.40459 -0.041974 -0 120.519 422 460835
3.69331 9.0556 0.494766 9.78195 0.387253 -0.0209824 -0 118.644 412 460835
3.69331 9.04862 0.289533 9.78195 0.387523 -0.041974 -0 119.394 416 460835
-1.72596 9.82105 0.490742 9.97375 -0.173964 -0.0209824 -0 116.207 399 460835
-1.88286 9.79218 0.490742 9.97375 -0.189964 -0.0209824 -0 115.082 393 460835
-2.03977 9.7607 0.490742 9.97375 -0.206013 -0.0209824 -0 119.394 416 460835
-2.03977 9.75397 0.281485 9.97375 -0.206151 -0.041974 -0 115.457 395 460835
-2.19667 9.72659 0.490742 9.97375 -0.222116 -0.0209824 -0 116.207 399 460835
-2.3234 10.2806 0.257339 10.5492 -0.222265 -0.041974 -0 121.894 424 460835
-2.48936 10.2417 0.257339 10.5492 -0.238438 -0.041974 -0 121.894 424 460835
8.13192 6.71624 0.47867 10.5492 0.880455 -0.0209824 -0 121.144 420 460835
8.13192 6.70529 0.257339 10.5492 0.881256 -0.041974 -0 124.144 436 460835
8.13192 6.70529 0.257339 10.5492 0.881256 -0.041974 -0.0707397 117.394 400 460835
6.23095 9.44348 0.462573 11.3164 0.583244 -0.0209824 0.0707397 118.394 400 460835
6.05292 9.55856 0.462573 11.3164 0.564507 -0.0209824 0.0707397 123.832 429 460835
6.05292 9.54971 0.225146 11.3164 0.564926 -0.041974 0.0707397 124.957 435 460835
6.05292 9.55856 0.462573 11.3164 0.564507 -0.0209824 -0 131.332 469 460835
6.05292 9.54971 0.225146 11.3164 0.564926 -0.041974 -0 132.644 476 460835
6.05292 9.55856 0.462573 11.3164 0.564507 -0.0209824 -0.0707397 124.394 432 460835
6.05292 9.54971 0.225146 11.3164 0.564926 -0.041974 -0.0707397 125.519 438 460835
6.15551 9.72057 0.458549 11.5082 0.564507 -0.0209824 -0 120.269 410 460835
6.15551 9.71157 0.217098 11.5082 0.564926 -0.041974 -0 121.582 417 460835
5.97447 9.53489 3.11451 11.5082 0.559742 0.211379 -0 121.582 417 460835
5.97447 9.59279 2.87306 11.5082 0.557021 0.189968 -0 123.457 427 460835
1.39404 12.5708 0.168807 12.659 0.110444 -0.041974 -0 120.332 405 460835
6.15551 11.4954 0.426355 13.0426 0.491624 -0.0209824 -0 139.707 503 460835
5.95033 11.6029 0.426355 13.0426 0.473858 -0.0209824 -0 137.832 493 460835
6.24604 11.6645 0.422331 13.2344 0.491624 -0.0209824 -0 143.644 524 460835
6.24604 11.6545 0.144662 13.2344 0.491978 -0.041974 -0 140.457 507 460835
6.03783 11.7736 0.422331 13.2344 0.473858 -0.0209824 -0 141.957 515 460835
6.03783 11.7637 0.144662 13.2344 0.474198 -0.041974 -0 138.394 496 460835
6.33656 11.8335 0.418307 13.4262 0.491624 -0.0209824 0.0707397 145.519 534 460835
6.33656 11.8234 0.136614 13.4262 0.491978 -0.041974 0.0707397 141.582 513 460835
6.12534 11.9442 0.418307 13.4262 0.473858 -0.0209824 0.0707397 143.457 523 460835
6.33656 11.8335 0.418307 13.4262 0.491624 -0.0209824 -0 153.207 575 460835
6.33656 11.8234 0.136614 13.4262 0.491978 -0.041974 -0 149.269 554 460835
6.12534 11.9442 0.418307 13.4262 0.473858 -0.0209824 -0 151.144 564 460835
6.33656 11.8335 0.418307 13.4262 0.491624 -0.0209824 -0.0707397 146.269 538 460835
6.33656 11.8234 0.136614 13.4262 0.491978 -0.041974 -0.0707397 142.519 518 460835
6.12534 11.9442 0.418307 13.4262 0.473858 -0.0209824 -0.0707397 144.394 528 460835
6.42708 12.0026 0.414283 13.618 0.491624 -0.0209824 -0 141.082 505 460835
6.42708 11.8382 2.70002 13.618 0.497384 0.147399 -0 139.207 495 460835
6.21284 12.1148 0.414283 13.618 0.473858 -0.0209824 -0 139.019 494 460835
6.21284 11.9007 2.98574 13.618 0.481138 0.168645 -0 137.894 488 460835
6.21284 11.952 2.70002 13.618 0.479374 0.147399 -0 142.019 510 460835
6.5176 12.1716 0.410259 13.8098 0.491624 -0.0209824 -0 138.269 490 460835
6.30035 12.2855 0.410259 13.8098 0.473858 -0.0209824 -0 137.332 485 460835
6.1193 13.6519 0.7 14.9606 0.421388 0 -0 131.582 449 460835
5.88395 13.755 0.7 14.9606 0.404213 0 -0 129.332 437 460835
-7.38963 13.2284 0.7 15.1524 -0.509437 0 -0 128.644 428 460835
-7.38963 13.2245 0.382089 15.1524 -0.50956 -0.0209824 -0 128.457 427 460835
-7.38963 13.1671 -0.571643 15.1524 -0.511416 -0.0840222 -0 129.957 435 460835
6.82538 15.2271 0.7 16.6869 0.421388 0 0.0707397 145.207 511 460835
6.56286 15.3421 0.7 16.6869 0.404213 0 0.0707397 149.519 534 460835
6.56286 15.3381 1.0501 16.6869 0.404307 0.0209824 0.0707397 149.332 533 460835
6.82538 15.2271 0.7 16.6869 0.421388 0 -0 152.894 552 460835
6.56286 15.3421 0.7 16.6869 0.404213 0 -0 156.832 573 460835
6.56286 15.3381 1.0501 16.6869 0.404307 0.0209824 -0 156.832 573 460835
6.82538 15.2271 0.7 16.6869 0.421388 0 -0.0707397 145.582 513 460835
6.56286 15.3421 0.7 16.6869 0.404213 0 -0.0707397 149.707 535 460835
6.56286 15.3381 1.0501 16.6869 0.404307 0.0209824 -0.0707397 149.707 535 460835
6.6383 15.5184 0.7 16.8787 0.404213 0 0.0707397 149.519 534 460835
6.6383 15.5144 1.05413 16.8787 0.404307 0.0209824 0.0707397 149.144 532 460835
6.6383 15.5184 0.7 16.8787 0.404213 0 -0 157.394 576 460835
6.6383 15.5144 1.05413 16.8787 0.404307 0.0209824 -0 157.207 575 460835
6.6383 15.5184 0.7 16.8787 0.404213 0 -0.0707397 150.644 540 460835
6.6383 15.5144 1.05413 16.8787 0.404307 0.0209824 -0.0707397 150.269 538 460835
-7.3323 15.6276 0.7 17.2623 -0.438696 0 -0 130.582 433 460835
-7.3323 15.6234 0.337823 17.2623 -0.438799 -0.0209824 -0 135.457 459 460835
-7.3323 15.6108 -0.0243536 17.2623 -0.439109 -0.041974 -0 132.457 443 460835
-7.60387 15.4931 0.337823 17.2623 -0.456253 -0.0209824 -0 133.394 448 460835
6.73486 16.5174 0.7 17.8377 0.387164 0 0.0707397 148.269 522 460835
6.73486 16.5132 0.325751 17.8377 0.387253 -0.0209824 0.0707397 148.644 524 460835
6.45424 16.6291 0.7 17.8377 0.370232 0 0.0707397 145.644 508 460835
6.45424 16.6248 0.325751 17.8377 0.370317 -0.0209824 0.0707397 146.019 510 460835
6.73486 16.5174 0.7 17.8377 0.387164 0 -0 155.957 563 460835
6.73486 16.5132 0.325751 17.8377 0.387253 -0.0209824 -0 156.144 564 460835
6.45424 16.6291 0.7 17.8377 0.370232 0 -0 152.957 547 460835
6.45424 16.6248 0.325751 17.8377 0.370317 -0.0209824 -0 153.332 549 460835
6.73486 16.5174 0.7 17.8377 0.387164 0 -0.0707397 148.644 524 460835
6.73486 16.5132 0.325751 17.8377 0.387253 -0.0209824 -0.0707397 149.019 526 460835
6.45424 16.6291 0.7 17.8377 0.370232 0 -0.0707397 145.644 508 460835
6.45424 16.6248 0.325751 17.8377 0.370317 -0.0209824 -0.0707397 146.019 510 460835
6.80727 16.695 0.7 18.0295 0.387164 0 0.0707397 142.269 490 460835
6.80727 16.6907 0.321726 18.0295 0.387253 -0.0209824 0.0707397 142.457 491 460835
6.80727 16.695 0.7 18.0295 0.387164 0 -0 150.144 532 460835
6.80727 16.6907 0.321726 18.0295 0.387253 -0.0209824 -0 150.519 534 460835
6.52364 16.8079 0.7 18.0295 0.370232 0 -0 147.144 516 460835
6.52364 16.8036 0.321726 18.0295 0.370317 -0.0209824 -0 147.332 517 460835
6.80727 16.695 0.7 18.0295 0.387164 0 -0.0707397 143.957 499 460835
6.80727 16.6907 0.321726 18.0295 0.387253 -0.0209824 -0.0707397 144.519 502 460835
6.87969 16.8726 0.7 18.2213 0.387164 0 -0 146.269 506 460835
6.87969 16.8683 0.317702 18.2213 0.387253 -0.0209824 -0 145.519 502 460835
6.59304 16.9867 0.7 18.2213 0.370232 0 -0 146.269 506 460835
6.59304 16.9824 0.317702 18.2213 0.370317 -0.0209824 -0 145.519 502 460835
3.04758 19.1309 0.7 19.3721 0.157974 0 0.0707397 137.707 455 460835
2.74282 19.1769 0.7 19.3721 0.142064 0 0.0707397 138.457 459 460835
2.74282 19.1726 0.293557 19.3721 0.142095 -0.0209824 0.0707397 136.582 449 460835
6.46329 18.4654 0.7 19.5639 0.336693 0 -0 152.894 536 460835
6.46329 18.4609 0.289533 19.5639 0.336771 -0.0209824 -0 152.144 532 460835
6.15551 18.5703 0.7 19.5639 0.320073 0 -0 152.144 532 460835
6.15551 18.5658 0.289533 19.5639 0.320146 -0.0209824 -0 151.207 527 460835
7.14824 18.1871 3.60144 19.7557 0.37449 0.147399 -0 143.332 485 460835
5.90507 18.8525 0.7 19.7557 0.303544 0 -0 151.207 527 460835
6.27621 18.9344 0.7 19.9475 0.320073 0 0.0707397 159.457 571 460835
6.27621 18.9298 0.281485 19.9475 0.320146 -0.0209824 0.0707397 155.332 549 460835
6.27621 18.9298 1.11852 19.9475 0.320146 0.0209824 0.0707397 155.519 550 460835
5.9624 19.0356 0.7 19.9475 0.303544 0 0.0707397 158.894 568 460835
6.27621 18.9344 0.7 19.9475 0.320073 0 -0 166.957 611 460835
6.27621 18.9298 0.281485 19.9475 0.320146 -0.0209824 -0 163.019 590 460835
6.27621 18.9298 1.11852 19.9475 0.320146 0.0209824 -0 163.019 590 460835
5.9624 19.0356 0.7 19.9475 0.303544 0 -0 166.207 607 460835
6.27621 18.9344 0.7 19.9475 0.320073 0 -0.0707397 160.019 574 460835
6.27621 18.9298 0.281485 19.9475 0.320146 -0.0209824 -0.0707397 156.082 553 460835
6.27621 18.9298 1.11852 19.9475 0.320146 0.0209824 -0.0707397 155.894 552 460835
5.9624 19.0356 0.7 19.9475 0.303544 0 -0.0707397 159.269 570 460835
6.33656 19.1165 0.7 20.1393 0.320073 0 0.0707397 152.894 536 460835
6.01973 19.2186 0.7 20.1393 0.303544 0 0.0707397 151.582 529 460835
6.33656 19.1165 0.7 20.1393 0.320073 0 -0 161.144 580 460835
6.33656 19.1118 0.27746 20.1393 0.320146 -0.0209824 -0 157.019 558 460835
6.33656 19.1118 1.12254 20.1393 0.320146 0.0209824 -0 157.394 560 460835
6.01973 19.2186 0.7 20.1393 0.303544 0 -0 160.582 577 460835
6.01973 19.214 0.27746 20.1393 0.303613 -0.0209824 -0 156.644 556 460835
6.33656 19.1165 0.7 20.1393 0.320073 0 -0.0707397 154.582 545 460835
6.01973 19.2186 0.7 20.1393 0.303544 0 -0.0707397 154.582 545 460835
6.39691 19.2985 0.7 20.3311 0.320073 0 -0 152.707 535 460835
6.07706 19.4016 0.7 20.3311 0.303544 0 -0 151.582 529 460835
1.93718 20.4268 1.13059 20.5229 0.0945525 0.0209824 -0 147.519 502 460835
1.61431 20.4548 1.13059 20.5229 0.0787578 0.0209824 -0 148.457 507 460835
1.29145 20.4822 0.7 20.5229 0.0629689 0 -0 151.269 522 460835
1.29145 20.4777 1.13059 20.5229 0.0629827 0.0209824 -0 150.144 516 460835
0.968588 20.5 0.7 20.5229 0.047213 0 -0 148.457 507 460835
1.95528 20.6222 0.7 20.7147 0.0945316 0 0.0707397 151.457 523 460835
1.95528 20.6177 1.13461 20.7147 0.0945525 0.0209824 0.0707397 154.457 539 460835
1.6294 20.6505 0.7 20.7147 0.0787404 0 0.0707397 152.394 528 460835
1.6294 20.646 1.13461 20.7147 0.0787578 0.0209824 0.0707397 154.644 540 460835
1.95528 20.6222 0.7 20.7147 0.0945316 0 -0 158.957 563 460835
1.95528 20.6177 1.13461 20.7147 0.0945525 0.0209824 -0 161.957 579 460835
1.6294 20.6505 0.7 20.7147 0.0787404 0 -0 159.894 568 460835
1.6294 20.646 1.13461 20.7147 0.0787578 0.0209824 -0 161.957 579 460835
1.95528 20.6222 0.7 20.7147 0.0945316 0 -0.0707397 151.457 523 460835
1.95528 20.6177 1.13461 20.7147 0.0945525 0.0209824 -0.0707397 154.457 539 460835
1.6294 20.6505 0.7 20.7147 0.0787404 0 -0.0707397 152.582 529 460835
1.6294 20.646 1.13461 20.7147 0.0787578 0.0209824 -0.0707397 154.644 540 460835
4.93346 20.3161 0.7 20.9065 0.238224 0 0.0707397 146.957 499 460835
4.93346 20.2971 1.57727 20.9065 0.238438 0.041974 0.0707397 145.269 490 460835
4.93346 20.3114 1.13864 20.9065 0.238277 0.0209824 0.0707397 148.457 507 460835
4.60457 20.3743 1.57727 20.9065 0.222265 0.041974 0.0707397 145.832 493 460835
4.60457 20.3884 1.13864 20.9065 0.222116 0.0209824 0.0707397 146.957 499 460835
4.93346 20.3114 1.13864 20.9065 0.238277 0.0209824 -0 156.332 549 460835
4.93346 20.3161 0.7 20.9065 0.238224 0 -0.0707397 147.894 504 460835
4.93346 20.3114 1.13864 20.9065 0.238277 0.0209824 -0.0707397 149.957 515 460835
4.60457 20.3743 1.57727 20.9065 0.222265 0.041974 -0.0707397 147.144 500 460835
4.60457 20.3884 1.13864 20.9065 0.222116 0.0209824 -0.0707397 148.457 507 460835
1.64449 20.8417 0.7 20.9065 0.0787404 0 -0.0707397 148.082 505 460835
1.64449 20.8371 1.13864 20.9065 0.0787578 0.0209824 -0.0707397 148.644 508 460835
1.99149 21.0041 0.7 21.0983 0.0945316 0 -0 147.144 500 460835
1.99149 20.9995 1.14266 21.0983 0.0945525 0.0209824 -0 151.457 523 460835
1.65957 21.0283 1.14266 21.0983 0.0787578 0.0209824 -0 151.082 521 460835
3.68426 20.9499 1.59337 21.2901 0.17408 0.041974 -0 144.894 488 460835
3.68426 20.9642 1.14668 21.2901 0.173964 0.0209824 -0 143.957 483 460835
1.67466 21.2242 0.7 21.2901 0.0787404 0 -0 145.457 491 460835
1.67466 21.2195 1.14668 21.2901 0.0787578 0.0209824 -0 145.457 491 460835
3.71745 21.153 1.15071 21.4819 0.173964 0.0209824 0.0707397 147.894 504 460835
1.3518 21.4394 0.7 21.4819 0.0629689 0 0.0707397 150.707 519 460835
1.3518 21.4346 0.249291 21.4819 0.0629827 -0.0209824 0.0707397 147.707 503 460835
1.3518 21.4346 1.15071 21.4819 0.0629827 0.0209824 0.0707397 148.832 509 460835
1.01385 21.458 0.7 21.4819 0.047213 0 0.0707397 147.894 504 460835
1.3518 21.4394 0.7 21.4819 0.0629689 0 -0 158.207 559 460835
1.3518 21.4346 1.15071 21.4819 0.0629827 0.0209824 -0 156.519 550 460835
3.71745 21.153 1.15071 21.4819 0.173964 0.0209824 -0.0707397 148.644 508 460835
1.3518 21.4394 0.7 21.4819 0.0629689 0 -0.0707397 151.082 521 460835
1.3518 21.4346 0.249291 21.4819 0.0629827 -0.0209824 -0.0707397 148.269 506 460835
1.3518 21.4346 1.15071 21.4819 0.0629827 0.0209824 -0.0707397 149.394 512 460835
1.01385 21.458 0.7 21.4819 0.047213 0 -0.0707397 148.082 505 460835
1.36387 21.6308 0.7 21.6737 0.0629689 0 0.0707397 145.082 489 460835
1.36387 21.6308 0.7 21.6737 0.0629689 0 -0 153.519 534 460835
1.36387 21.6308 0.7 21.6737 0.0629689 0 -0.0707397 147.332 501 460835
5.15977 21.2431 1.15876 21.8655 0.238277 0.0209824 0.0707397 149.207 511 460835
4.81578 21.3089 1.61751 21.8655 0.222265 0.041974 0.0707397 149.207 511 460835
4.81578 21.3237 1.15876 21.8655 0.222116 0.0209824 0.0707397 154.269 538 460835
4.4718 21.3985 1.15876 21.8655 0.206013 0.0209824 0.0707397 149.582 513 460835
5.15977 21.2431 1.15876 21.8655 0.238277 0.0209824 -0 156.332 549 460835
4.81578 21.3089 1.61751 21.8655 0.222265 0.041974 -0 156.519 550 460835
4.81578 21.3237 1.15876 21.8655 0.222116 0.0209824 -0 161.394 576 460835
4.4718 21.3985 1.15876 21.8655 0.206013 0.0209824 -0 156.519 550 460835
5.15977 21.2431 1.15876 21.8655 0.238277 0.0209824 -0.0707397 148.457 507 460835
4.81578 21.3089 1.61751 21.8655 0.222265 0.041974 -0.0707397 149.019 510 460835
4.81578 21.3237 1.15876 21.8655 0.222116 0.0209824 -0.0707397 154.082 537 460835
4.4718 21.3985 1.15876 21.8655 0.206013 0.0209824 -0.0707397 149.582 513 460835
4.85803 21.5107 1.16278 22.0573 0.222116 0.0209824 0.0707397 149.644 508 460835
5.20503 21.4294 1.16278 22.0573 0.238277 0.0209824 -0 153.207 527 460835
4.85803 21.4958 1.62556 22.0573 0.222265 0.041974 -0 151.707 519 460835
4.85803 21.5107 1.16278 22.0573 0.222116 0.0209824 -0 157.519 550 460835
4.51103 21.5862 1.16278 22.0573 0.206013 0.0209824 -0 152.269 522 460835
5.20503 21.4294 1.16278 22.0573 0.238277 0.0209824 -0.0707397 146.644 492 460835
4.85803 21.5107 1.16278 22.0573 0.222116 0.0209824 -0.0707397 151.332 517 460835
4.51103 21.5862 1.16278 22.0573 0.206013 0.0209824 -0.0707397 146.082 489 460835
8.05045 20.7206 1.63361 22.2491 0.370574 0.041974 -0 141.394 464 460835
8.05045 20.7364 1.16681 22.2491 0.370317 0.0209824 -0 142.707 471 460835
4.90027 21.6978 1.16681 22.2491 0.222116 0.0209824 -0 146.832 493 460835
2.80015 22.0722 0.7 22.2491 0.126189 0 -0 142.332 469 460835
2.80015 22.0673 1.16681 22.2491 0.126217 0.0209824 -0 141.957 467 460835
8.05045 20.7206 1.63361 22.2491 0.370574 0.041974 -0.0707397 135.019 430 460835
8.05045 20.7364 1.16681 22.2491 0.370317 0.0209824 -0.0707397 135.957 435 460835
1.79536 22.7538 0.7 22.8246 0.0787404 0 0.0707397 152.519 518 460835
1.43629 22.7793 0.7 22.8246 0.0629689 0 0.0707397 154.957 531 460835
1.43629 22.7743 1.17888 22.8246 0.0629827 0.0209824 0.0707397 150.644 508 460835
1.07721 22.7991 0.7 22.8246 0.047213 0 0.0707397 152.332 517 460835
1.79536 22.7538 0.7 22.8246 0.0787404 0 -0 159.644 556 460835
1.43629 22.7793 0.7 22.8246 0.0629689 0 -0 161.894 568 460835
1.43629 22.7743 1.17888 22.8246 0.0629827 0.0209824 -0 157.957 547 460835
1.07721 22.7991 0.7 22.8246 0.047213 0 -0 159.457 555 460835
1.79536 22.7538 0.7 22.8246 0.0787404 0 -0.0707397 152.519 518 460835
1.43629 22.7793 0.7 22.8246 0.0629689 0 -0.0707397 154.582 529 460835
1.43629 22.7743 1.17888 22.8246 0.0629827 0.0209824 -0.0707397 150.644 508 460835
1.07721 22.7991 0.7 22.8246 0.047213 0 -0.0707397 152.332 517 460835
1.81044 22.945 0.7 23.0164 0.0787404 0 0.0707397 151.582 513 460835
1.44836 22.9707 0.7 23.0164 0.0629689 0 0.0707397 155.332 533 460835
1.44836 22.9657 1.1829 23.0164 0.0629827 0.0209824 0.0707397 151.957 515 460835
1.08627 22.9907 0.7 23.0164 0.047213 0 0.0707397 153.644 524 460835
1.08627 22.9856 1.1829 23.0164 0.0472234 0.0209824 0.0707397 150.832 509 460835
1.81044 22.945 0.7 23.0164 0.0787404 0 -0 159.457 555 460835
1.44836 22.9707 0.7 23.0164 0.0629689 0 -0 163.207 575 460835
1.44836 22.9657 1.1829 23.0164 0.0629827 0.0209824 -0 159.457 555 460835
1.08627 22.9907 0.7 23.0164 0.047213 0 -0 161.519 566 460835
1.81044 22.945 0.7 23.0164 0.0787404 0 -0.0707397 152.707 519 460835
1.44836 22.9707 0.7 23.0164 0.0629689 0 -0.0707397 156.269 538 460835
1.44836 22.9657 1.1829 23.0164 0.0629827 0.0209824 -0.0707397 152.707 519 460835
1.08627 22.9907 0.7 23.0164 0.047213 0 -0.0707397 154.582 529 460835
1.08627 22.9856 1.1829 23.0164 0.0472234 0.0209824 -0.0707397 151.957 515 460835
-14.8456 18.3352 0.7 23.5918 -0.680617 0 0.0707397 138.082 441 460835
-14.8456 18.3285 0.205025 23.5918 -0.680795 -0.0209824 0.0707397 136.394 432 460835
-15.2168 18.0283 0.7 23.5918 -0.701029 0 0.0707397 134.519 422 460835
-14.8456 18.3352 0.7 23.5918 -0.680617 0 -0 145.207 479 460835
-14.8456 18.3285 0.205025 23.5918 -0.680795 -0.0209824 -0 143.332 469 460835
-13.7322 19.1833 0.7 23.5918 -0.621281 0 -0.0707397 134.144 420 460835
-13.7322 19.1769 1.19497 23.5918 -0.621438 0.0209824 -0.0707397 134.144 420 460835
-14.1034 18.9056 1.19497 23.5918 -0.640929 0.0209824 -0.0707397 134.144 420 460835
-14.8456 18.3352 0.7 23.5918 -0.680617 0 -0.0707397 138.457 443 460835
-14.8456 18.3285 0.205025 23.5918 -0.680795 -0.0209824 -0.0707397 136.394 432 460835
-15.2168 18.0283 0.7 23.5918 -0.701029 0 -0.0707397 134.894 424 460835
-14.5922 18.781 0.7 23.7836 -0.660537 0 0.0707397 138.457 443 460835
-14.5922 18.7744 1.199 23.7836 -0.660708 0.0209824 0.0707397 134.707 423 460835
-14.9663 18.4842 0.7 23.7836 -0.680617 0 0.0707397 139.019 446 460835
-14.9663 18.4775 0.201001 23.7836 -0.680795 -0.0209824 0.0707397 136.394 432 460835
-14.9663 18.4775 1.199 23.7836 -0.680795 0.0209824 0.0707397 134.707 423 460835
-14.5922 18.781 0.7 23.7836 -0.660537 0 -0 145.957 483 460835
-14.9663 18.4842 0.7 23.7836 -0.680617 0 -0 146.707 487 460835
-14.9663 18.4775 0.201001 23.7836 -0.680795 -0.0209824 -0 144.269 474 460835
-14.5922 18.781 0.7 23.7836 -0.660537 0 -0.0707397 138.832 445 460835
-14.9663 18.4842 0.7 23.7836 -0.680617 0 -0.0707397 140.332 453 460835
-14.9663 18.4775 0.201001 23.7836 -0.680795 -0.0209824 -0.0707397 137.519 438 460835
-14.9663 18.4775 1.199 23.7836 -0.680795 0.0209824 -0.0707397 135.644 428 460835
1.52077 24.1193 0.7 24.1672 0.0629689 0 0.0707397 148.582 497 460835
1.52077 24.1139 1.20705 24.1672 0.0629827 0.0209824 0.0707397 146.519 486 460835
1.14058 24.1402 0.7 24.1672 0.047213 0 0.0707397 148.957 499 460835
1.14058 24.1349 1.20705 24.1672 0.0472234 0.0209824 0.0707397 147.082 489 460835
1.52077 24.1193 0.7 24.1672 0.0629689 0 -0 155.707 535 460835
1.52077 24.1139 1.20705 24.1672 0.0629827 0.0209824 -0 154.019 526 460835
1.14058 24.1402 0.7 24.1672 0.047213 0 -0 156.082 537 460835
1.14058 24.1349 1.20705 24.1672 0.0472234 0.0209824 -0 154.394 528 460835
1.52077 24.1193 0.7 24.1672 0.0629689 0 -0.0707397 148.394 496 460835
1.52077 24.1139 1.20705 24.1672 0.0629827 0.0209824 -0.0707397 146.519 486 460835
1.14058 24.1402 0.7 24.1672 0.047213 0 -0.0707397 148.582 497 460835
1.14058 24.1349 1.20705 24.1672 0.0472234 0.0209824 -0.0707397 146.894 488 460835
1.53284 24.3107 0.7 24.359 0.0629689 0 0.0707397 149.582 497 460835
1.53284 24.3053 1.21107 24.359 0.0629827 0.0209824 0.0707397 148.644 492 460835
1.14963 24.3318 0.7 24.359 0.047213 0 0.0707397 150.144 500 460835
1.14963 24.3265 1.21107 24.359 0.0472234 0.0209824 0.0707397 148.644 492 460835
1.53284 24.3107 0.7 24.359 0.0629689 0 -0 157.644 540 460835
1.53284 24.3053 1.21107 24.359 0.0629827 0.0209824 -0 156.519 534 460835
1.14963 24.3318 0.7 24.359 0.047213 0 -0 158.019 542 460835
1.14963 24.3265 1.21107 24.359 0.0472234 0.0209824 -0 156.519 534 460835
1.53284 24.3107 0.7 24.359 0.0629689 0 -0.0707397 150.707 503 460835
1.53284 24.3053 1.21107 24.359 0.0629827 0.0209824 -0.0707397 149.957 499 460835
1.14963 24.3318 0.7 24.359 0.047213 0 -0.0707397 151.269 506 460835
1.14963 24.3265 1.21107 24.359 0.0472234 0.0209824 -0.0707397 149.957 499 460835
10.0419 22.4031 0.7 24.5508 0.421388 0 -0 137.394 432 460835
10.0419 22.3972 0.184904 24.5508 0.421486 -0.0209824 -0 134.207 415 460835
9.65571 22.5723 0.7 24.5508 0.404213 0 -0 137.207 431 460835
9.65571 22.5664 0.184904 24.5508 0.404307 -0.0209824 -0 134.019 414 460835
11.0679 22.5572 0.7 25.1262 0.456145 0 -0 134.019 414 460835
9.48673 23.2664 0.7 25.1262 0.387164 0 -0 134.582 417 460835
9.09145 23.4237 0.7 25.1262 0.370232 0 -0 135.894 424 460835
11.1523 22.7046 1.76239 25.318 0.456578 0.041974 -0 139.457 443 460835
11.1523 22.7232 1.23119 25.318 0.456253 0.0209824 -0 139.644 444 460835
10.754 22.8959 1.76239 25.318 0.439109 0.041974 -0 137.582 433 460835
10.754 22.9144 1.23119 25.318 0.438799 0.0209824 -0 137.957 435 460835
-16.7014 19.7872 0.7 25.8934 -0.701029 0 0.0707397 135.582 417 460835
-16.294 20.124 0.7 25.8934 -0.680617 0 -0 140.269 442 460835
-16.294 20.1166 0.156735 25.8934 -0.680795 -0.0209824 -0 138.582 433 460835
-16.7014 19.7872 0.7 25.8934 -0.701029 0 -0 142.332 453 460835
-16.7014 19.7797 0.156735 25.8934 -0.701215 -0.0209824 -0 140.644 444 460835
-16.7014 19.7797 1.24327 25.8934 -0.701215 0.0209824 -0 138.207 431 460835
-16.7014 19.7872 0.7 25.8934 -0.701029 0 -0.0707397 135.207 415 460835
-16.4147 20.273 0.7 26.0852 -0.680617 0 0.0707397 142.144 452 460835
-16.4147 20.2656 0.152711 26.0852 -0.680795 -0.0209824 0.0707397 139.707 439 460835
-16.8251 19.9338 0.7 26.0852 -0.701029 0 0.0707397 142.332 453 460835
-16.8251 19.9263 0.152711 26.0852 -0.701215 -0.0209824 0.0707397 140.644 444 460835
-16.4147 20.273 0.7 26.0852 -0.680617 0 -0 149.644 492 460835
-16.4147 20.2656 0.152711 26.0852 -0.680795 -0.0209824 -0 147.207 479 460835
-16.8251 19.9338 0.7 26.0852 -0.701029 0 -0 150.019 494 460835
-16.8251 19.9263 0.152711 26.0852 -0.701215 -0.0209824 -0 148.144 484 460835
-16.4147 20.273 0.7 26.0852 -0.680617 0 -0.0707397 142.519 454 460835
-16.4147 20.2656 0.152711 26.0852 -0.680795 -0.0209824 -0.0707397 140.082 441 460835
-16.8251 19.9338 0.7 26.0852 -0.701029 0 -0.0707397 142.894 456 460835
-16.8251 19.9263 0.152711 26.0852 -0.701215 -0.0209824 -0.0707397 141.207 447 460835
6.71072 25.583 4.05617 26.6606 0.256532 0.12622 -0 136.332 421 460835
6.2913 25.6894 4.05617 26.6606 0.240172 0.12622 -0 138.394 432 460835
6.2913 25.8835 1.81872 26.6606 0.238438 0.041974 -0 135.957 419 460835
6.75899 25.8347 3.51693 26.8524 0.255889 0.105098 -0 141.957 451 460835
6.33656 25.9416 3.51693 26.8524 0.239572 0.105098 -0 142.707 455 460835
6.33656 25.9416 3.51693 26.8524 0.239572 0.105098 -0.0707397 136.144 420 460835
-15.5336 22.6051 0.7 27.4278 -0.602065 0 -0 134.894 408 460835
-15.9651 22.3025 0.7 27.4278 -0.621281 0 -0 137.519 422 460835
-15.9651 22.2951 0.124541 27.4278 -0.621438 -0.0209824 -0 134.894 408 460835
-16.3966 21.9872 0.7 27.4278 -0.640765 0 -0 136.957 419 460835
-16.3966 21.9797 0.124541 27.4278 -0.640929 -0.0209824 -0 134.519 406 460835
-16.8281 21.6587 0.7 27.4278 -0.660537 0 -0 134.332 405 460835
10.4282 25.5753 0.7 27.6196 0.387164 0 0.0707397 136.019 414 460835
10.4282 25.5753 0.7 27.6196 0.387164 0 -0 143.144 452 460835
6.5176 26.8146 1.85897 27.6196 0.238438 0.041974 -0 143.894 456 460835
6.5176 26.8334 1.27948 27.6196 0.238277 0.0209824 -0 143.332 453 460835
6.0831 26.9165 1.85897 27.6196 0.222265 0.041974 -0 143.144 452 460835
10.8627 25.3938 0.7 27.6196 0.404213 0 -0.0707397 135.082 409 460835
10.4282 25.5753 0.7 27.6196 0.387164 0 -0.0707397 136.207 415 460835
-16.4117 22.9263 0.7 28.195 -0.621281 0 -0 139.019 430 460835
11.089 25.9229 0.7 28.195 0.404213 0 -0 139.582 433 460835
10.6454 26.1081 0.7 28.195 0.387164 0 -0 140.894 440 460835
6.65339 26.1171 8.98178 28.195 0.249446 0.298128 -0 141.269 442 460835
6.20983 26.2261 8.98178 28.195 0.232498 0.298128 -0 140.894 440 460835
10.6454 26.1081 0.7 28.195 0.387164 0 -0.0707397 134.707 407 460835
-16.0768 23.3955 0.7 28.3868 -0.602065 0 -0 140.332 437 460835
-16.5233 23.0823 0.7 28.3868 -0.621281 0 -0 140.707 439 460835
-19.6494 20.487 0.7 28.3868 -0.764533 0 -0 140.894 440 460835
-19.6494 20.4783 0.10442 28.3868 -0.764744 -0.0209824 -0 140.144 436 460835
-16.4026 23.8698 0.7 28.9622 -0.602065 0 -0 138.519 422 460835
2.73377 28.8329 0.7 28.9622 0.0945316 0 -0 136.269 410 460835
2.73377 28.8265 1.30765 28.9622 0.0945525 0.0209824 -0 137.957 419 460835
-16.0526 24.3366 0.7 29.1541 -0.583099 0 -0 146.207 463 460835
-16.0526 24.329 1.31168 29.1541 -0.583244 0.0209824 -0 143.957 451 460835
-16.5113 24.0278 0.7 29.1541 -0.602065 0 -0 141.894 440 460835
-16.5113 24.0201 1.31168 29.1541 -0.602216 0.0209824 -0 141.519 438 460835
-15.9017 25.1192 0.7 29.7295 -0.564368 0 -0 141.332 437 460835
-16.3694 24.817 0.7 29.7295 -0.583099 0 -0 143.394 448 460835
-16.3694 24.8091 0.076251 29.7295 -0.583244 -0.0209824 -0 141.332 437 460835
3.27389 29.5421 1.32375 29.7295 0.110371 0.0209824 -0 141.519 438 460835
8.9436 28.5534 0.7 29.9213 0.303544 0 -0 140.207 431 460835
3.29501 29.7327 1.32777 29.9213 0.110371 0.0209824 -0 139.644 428 460835
3.35838 30.3112 0.7 30.4967 0.110346 0 -0 141.207 431 460835
3.35838 30.3044 1.33985 30.4967 0.110371 0.0209824 -0 141.957 435 460835
2.87861 30.3605 0.7 30.4967 0.0945316 0 -0 142.144 436 460835
2.87861 30.3538 1.33985 30.4967 0.0945525 0.0209824 -0 143.457 443 460835
6.27621 30.0398 0.7 30.6885 0.205967 0 -0 153.582 497 460835
6.27621 30.0329 1.34387 30.6885 0.206013 0.0209824 -0 153.582 497 460835
5.79342 30.1367 0.7 30.6885 0.189921 0 -0 150.582 481 460835
5.79342 30.1298 1.34387 30.6885 0.189964 0.0209824 -0 150.957 483 460835
6.84348 30.3091 0.7 31.0721 0.222066 0 0.0707397 155.269 506 460835
6.35466 30.4153 0.7 31.0721 0.205967 0 0.0707397 159.582 529 460835
6.35466 30.4083 1.35192 31.0721 0.206013 0.0209824 0.0707397 159.394 528 460835
6.84348 30.3091 0.7 31.0721 0.222066 0 -0 162.957 547 460835
6.35466 30.4153 0.7 31.0721 0.205967 0 -0 166.894 568 460835
6.35466 30.4083 1.35192 31.0721 0.206013 0.0209824 -0 166.894 568 460835
6.84348 30.3091 0.7 31.0721 0.222066 0 -0.0707397 155.832 509 460835
6.35466 30.4153 0.7 31.0721 0.205967 0 -0.0707397 160.144 532 460835
6.35466 30.4083 1.35192 31.0721 0.206013 0.0209824 -0.0707397 159.957 531 460835
5.86584 30.5064 1.35192 31.0721 0.189964 0.0209824 -0.0707397 155.269 506 460835
6.88573 30.4962 0.7 31.2639 0.222066 0 -0 153.394 496 460835
6.39389 30.6031 0.7 31.2639 0.205967 0 -0 157.707 519 460835
6.39389 30.5961 1.35594 31.2639 0.206013 0.0209824 -0 157.144 516 460835
6.39389 30.6031 0.7 31.2639 0.205967 0 -0.0707397 151.894 488 460835
6.39389 30.5961 1.35594 31.2639 0.206013 0.0209824 -0.0707397 150.957 483 460835
6.43311 30.7908 0.7 31.4557 0.205967 0 -0 152.082 489 460835
6.43311 30.7838 1.35997 31.4557 0.206013 0.0209824 -0 152.644 492 460835
1.48456 31.4206 0.7 31.4557 0.047213 0 -0 152.832 493 460835
1.52077 32.187 0.7 32.2229 0.047213 0 -0 155.269 506 460835
1.52077 32.1799 0.0239366 32.2229 0.0472234 -0.0209824 -0 153.394 496 460835
1.01385 32.2069 0.7 32.2229 0.0314688 0 -0 152.644 492 460835
1.53888 32.5702 0.7 32.6065 0.047213 0 0.0707397 160.519 534 460835
1.53888 32.563 0.0158883 32.6065 0.0472234 -0.0209824 0.0707397 159.582 529 460835
1.02592 32.5904 0.7 32.6065 0.0314688 0 0.0707397 157.707 519 460835
1.02592 32.5832 0.0158883 32.6065 0.0314757 -0.0209824 0.0707397 156.394 512 460835
1.53888 32.5702 0.7 32.6065 0.047213 0 -0 168.207 575 460835
1.53888 32.563 0.0158883 32.6065 0.0472234 -0.0209824 -0 167.082 569 460835
1.02592 32.5904 0.7 32.6065 0.0314688 0 -0 165.207 559 460835
1.02592 32.5832 0.0158883 32.6065 0.0314757 -0.0209824 -0 163.707 551 460835
1.53888 32.5702 0.7 32.6065 0.047213 0 -0.0707397 161.082 537 460835
1.53888 32.563 0.0158883 32.6065 0.0472234 -0.0209824 -0.0707397 160.144 532 460835
1.02592 32.5904 0.7 32.6065 0.0314688 0 -0.0707397 158.269 522 460835
1.02592 32.5832 0.0158883 32.6065 0.0314757 -0.0209824 -0.0707397 156.957 515 460835
1.54793 32.7618 0.7 32.7983 0.047213 0 -0 158.332 517 460835
1.54793 32.7545 0.0118641 32.7983 0.0472234 -0.0209824 -0 158.894 520 460835
1.03195 32.7821 0.7 32.7983 0.0314688 0 -0 154.957 499 460835
1.03195 32.7748 0.0118641 32.7983 0.0314757 -0.0209824 -0 155.519 502 460835
1.54793 32.7618 0.7 32.7983 0.047213 0 -0.0707397 152.332 485 460835
1.54793 32.7545 0.0118641 32.7983 0.0472234 -0.0209824 -0.0707397 152.894 488 460835
-7.26592 32.1726 0.00783986 32.9901 -0.222116 -0.0209824 0.0707397 135.832 397 460835
-22.8357 23.5563 -2.7608 32.9901 -0.769868 -0.105098 0.0707397 136.207 399 460835
-22.8357 23.4442 -3.45296 32.9901 -0.772252 -0.12622 0.0707397 136.207 399 460835
-22.8357 23.4442 4.85296 32.9901 -0.772252 0.12622 0.0707397 136.582 401 460835
-22.8357 23.5563 4.1608 32.9901 -0.769868 0.105098 0.0707397 139.019 414 460835
-23.3547 22.9272 4.85296 32.9901 -0.794636 0.12622 0.0707397 135.832 397 460835
-23.3547 23.0418 4.1608 32.9901 -0.792142 0.105098 0.0707397 137.707 407 460835
1.55698 32.9534 0.7 32.9901 0.047213 0 -0 153.644 492 460835
1.55698 32.9461 0.00783986 32.9901 0.0472234 -0.0209824 -0 152.519 486 460835
-7.26592 32.1726 0.00783986 32.9901 -0.222116 -0.0209824 -0.0707397 137.144 404 460835
-22.8357 23.5563 4.1608 32.9901 -0.769868 0.105098 -0.0707397 138.082 409 460835
-23.3547 23.0418 4.1608 32.9901 -0.792142 0.105098 -0.0707397 137.144 404 460835
5.28046 32.96 4.22116 33.5655 0.158858 0.105098 -0 143.144 436 460835
3.69633 33.175 4.22116 33.5655 0.110961 0.105098 -0 143.144 436 460835
10.0329 31.8369 4.22116 33.5655 0.305283 0.105098 -0.0707397 135.457 395 460835
5.28046 32.96 4.22116 33.5655 0.158858 0.105098 -0.0707397 136.582 401 460835
4.75242 33.0403 4.22116 33.5655 0.142857 0.105098 -0.0707397 135.457 395 460835
-16.463 29.4623 1.40826 33.7573 -0.50956 0.0209824 0.0707397 133.207 383 460835
-16.994 29.1678 0.7 33.7573 -0.52755 0 0.0707397 133.207 383 460835
-16.994 29.1592 1.40826 33.7573 -0.527678 0.0209824 0.0707397 133.582 385 460835
-16.463 29.4708 0.7 33.7573 -0.509437 0 -0 138.269 410 460835
-16.463 29.4623 1.40826 33.7573 -0.50956 0.0209824 -0 139.582 417 460835
-16.994 29.1678 0.7 33.7573 -0.52755 0 -0 139.582 417 460835
-16.994 29.1592 1.40826 33.7573 -0.527678 0.0209824 -0 140.519 422 460835
-16.994 29.1592 1.40826 33.7573 -0.527678 0.0209824 -0.0707397 133.207 383 460835
10.2622 32.5646 4.30165 34.3327 0.305283 0.105098 -0 136.644 396 460835
5.40116 33.6286 5.02198 34.3327 0.159252 0.12622 -0 135.332 389 460835
4.86104 33.7109 5.02198 34.3327 0.143211 0.12622 -0 134.582 385 460835
4.86104 33.7955 4.30165 34.3327 0.142857 0.105098 -0 135.144 388 460835
-16.5656 30.9362 1.43643 35.0999 -0.491624 0.0209824 0.0707397 143.394 432 460835
-17.1178 30.6341 1.43643 35.0999 -0.50956 0.0209824 0.0707397 146.207 447 460835
5.52186 34.5375 3.6457 35.0999 0.158538 0.0840222 0.0707397 143.582 433 460835
-17.1178 30.6341 1.43643 35.0999 -0.50956 0.0209824 -0 152.957 483 460835
5.52186 34.5375 3.6457 35.0999 0.158538 0.0840222 -0 150.894 472 460835
-16.5656 30.9362 1.43643 35.0999 -0.491624 0.0209824 -0.0707397 143.394 432 460835
-17.1178 30.6341 1.43643 35.0999 -0.50956 0.0209824 -0.0707397 145.644 444 460835
5.52186 34.5375 3.6457 35.0999 0.158538 0.0840222 -0.0707397 144.144 436 460835
5.55203 34.6551 4.40225 35.2917 0.158858 0.105098 0.0707397 137.394 400 460835
5.55203 34.7262 3.6618 35.2917 0.158538 0.0840222 0.0707397 135.894 392 460835
4.99683 34.6526 5.1427 35.2917 0.143211 0.12622 0.0707397 138.332 405 460835
4.99683 34.7395 4.40225 35.2917 0.142857 0.105098 0.0707397 140.019 414 460835
4.99683 34.8104 3.6618 35.2917 0.14257 0.0840222 0.0707397 137.207 399 460835
4.99683 34.7395 4.40225 35.2917 0.142857 0.105098 -0 147.144 452 460835
5.55203 34.568 5.1427 35.2917 0.159252 0.12622 -0.0707397 136.832 397 460835
5.55203 34.6551 4.40225 35.2917 0.158858 0.105098 -0.0707397 139.269 410 460835
5.55203 34.7262 3.6618 35.2917 0.158538 0.0840222 -0.0707397 137.582 401 460835
4.99683 34.6526 5.1427 35.2917 0.143211 0.12622 -0.0707397 137.019 398 460835
4.99683 34.7395 4.40225 35.2917 0.142857 0.105098 -0.0707397 140.582 417 460835
4.99683 34.8104 3.6618 35.2917 0.14257 0.0840222 -0.0707397 138.332 405 460835
-18.0562 30.9908 0.7 35.8672 -0.52755 0 0.0707397 136.457 395 460835
6.77106 35.0934 3.71009 35.8672 0.190602 0.0840222 0.0707397 139.082 409 460835
6.20681 35.1976 3.71009 35.8672 0.174548 0.0840222 0.0707397 138.519 406 460835
5.64255 35.2924 3.71009 35.8672 0.158538 0.0840222 0.0707397 134.957 387 460835
6.77106 35.0934 3.71009 35.8672 0.190602 0.0840222 -0 146.207 447 460835
6.20681 35.1976 3.71009 35.8672 0.174548 0.0840222 -0 145.832 445 460835
6.77106 35.0934 3.71009 35.8672 0.190602 0.0840222 -0.0707397 138.894 408 460835
6.20681 35.1976 3.71009 35.8672 0.174548 0.0840222 -0.0707397 139.082 409 460835
5.64255 35.2924 3.71009 35.8672 0.158538 0.0840222 -0.0707397 136.082 393 460835
6.24 35.3858 3.72619 36.059 0.174548 0.0840222 0.0707397 138.332 405 460835
5.67273 35.4085 4.48274 36.059 0.158858 0.105098 0.0707397 137.957 403 460835
5.67273 35.4811 3.72619 36.059 0.158538 0.0840222 0.0707397 141.144 420 460835
5.67273 35.5375 2.96964 36.059 0.158291 0.0629841 0.0707397 135.519 390 460835
7.37455 35.1668 3.72619 36.059 0.206706 0.0840222 -0 144.332 437 460835
6.80727 35.281 3.72619 36.059 0.190602 0.0840222 -0 144.894 440 460835
5.67273 35.4811 3.72619 36.059 0.158538 0.0840222 -0 145.457 443 460835
5.67273 35.4811 3.72619 36.059 0.158538 0.0840222 -0.0707397 134.582 385 460835
1.72897 36.5855 -0.0686197 36.6344 0.0472234 -0.0209824 0.0707397 147.957 451 460835
1.72897 36.5855 1.46862 36.6344 0.0472234 0.0209824 0.0707397 153.207 479 460835
1.15265 36.6082 1.46862 36.6344 0.0314757 0.0209824 0.0707397 153.582 481 460835
1.72897 36.5855 1.46862 36.6344 0.0472234 0.0209824 -0 160.332 517 460835
1.15265 36.6082 1.46862 36.6344 0.0314757 0.0209824 -0 160.519 518 460835
1.72897 36.5855 1.46862 36.6344 0.0472234 0.0209824 -0.0707397 153.207 479 460835
1.15265 36.6082 1.46862 36.6344 0.0314757 0.0209824 -0.0707397 153.394 480 460835
1.73803 36.777 -0.0726438 36.8262 0.0472234 -0.0209824 0.0707397 153.019 478 460835
1.73803 36.777 1.47264 36.8262 0.0472234 0.0209824 0.0707397 155.269 490 460835
1.15868 36.7998 1.47264 36.8262 0.0314757 0.0209824 0.0707397 155.269 490 460835
1.73803 36.777 -0.0726438 36.8262 0.0472234 -0.0209824 -0 160.519 518 460835
1.73803 36.777 1.47264 36.8262 0.0472234 0.0209824 -0 162.957 531 460835
1.15868 36.7998 -0.0726438 36.8262 0.0314757 -0.0209824 -0 159.207 511 460835
1.15868 36.7998 1.47264 36.8262 0.0314757 0.0209824 -0 162.957 531 460835
1.73803 36.777 -0.0726438 36.8262 0.0472234 -0.0209824 -0.0707397 153.957 483 460835
1.73803 36.777 1.47264 36.8262 0.0472234 0.0209824 -0.0707397 156.019 494 460835
1.15868 36.7998 -0.0726438 36.8262 0.0314757 -0.0209824 -0.0707397 152.269 474 460835
1.15868 36.7998 1.47264 36.8262 0.0314757 0.0209824 -0.0707397 156.207 495 460835
-15.8867 33.8599 0.7 37.4016 -0.438696 0 0.0707397 150.019 462 460835
-15.2983 34.1298 0.7 37.4016 -0.421388 0 -0 153.957 483 460835
-15.8867 33.8599 0.7 37.4016 -0.438696 0 -0 156.957 499 460835
-15.8867 33.8508 -0.0847164 37.4016 -0.438799 -0.0209824 -0 151.894 472 460835
-15.8867 33.8508 1.48472 37.4016 -0.438799 0.0209824 -0 152.457 475 460835
-15.8867 33.8599 0.7 37.4016 -0.438696 0 -0.0707397 150.019 462 460835
-15.3767 34.3048 0.7 37.5934 -0.421388 0 0.0707397 154.894 488 460835
-15.9681 34.0335 0.7 37.5934 -0.438696 0 0.0707397 156.207 495 460835
-15.9681 34.0244 -0.0887406 37.5934 -0.438799 -0.0209824 0.0707397 151.894 472 460835
-15.9681 34.0244 1.48874 37.5934 -0.438799 0.0209824 0.0707397 151.519 470 460835
-15.3767 34.3048 0.7 37.5934 -0.421388 0 -0 162.207 527 460835
-15.9681 34.0335 0.7 37.5934 -0.438696 0 -0 163.519 534 460835
-15.9681 34.0244 -0.0887406 37.5934 -0.438799 -0.0209824 -0 159.207 511 460835
-15.9681 34.0244 1.48874 37.5934 -0.438799 0.0209824 -0 159.207 511 460835
-15.3767 34.3048 0.7 37.5934 -0.421388 0 -0.0707397 154.519 486 460835
-15.9681 34.0335 0.7 37.5934 -0.438696 0 -0.0707397 156.207 495 460835
-15.9681 34.0244 -0.0887406 37.5934 -0.438799 -0.0209824 -0.0707397 151.707 471 460835
-15.9681 34.0244 1.48874 37.5934 -0.438799 0.0209824 -0.0707397 151.707 471 460835
6.00464 37.4802 4.70407 38.1688 0.158858 0.105098 0.0707397 136.519 390 460835
6.00464 37.5572 3.90325 38.1688 0.158538 0.0840222 0.0707397 137.269 394 460835
6.00464 37.4802 4.70407 38.1688 0.158858 0.105098 -0 139.144 404 460835
6.00464 37.5572 3.90325 38.1688 0.158538 0.0840222 -0 139.519 406 460835
24.7427 29.3144 0.7 38.3606 0.701029 0 -0 140.644 412 460835
24.5014 30.2494 1.51691 38.936 0.680795 0.0209824 -0 140.332 405 460835
-15.9259 35.53 0.7 38.936 -0.421388 0 -0 142.394 416 460835
6.15551 38.6319 1.52093 39.1278 0.158009 0.0209824 0.0707397 134.519 374 460835
-15.3888 35.9652 -0.120934 39.1278 -0.404307 -0.0209824 -0 141.832 413 460835
6.15551 38.6319 1.52093 39.1278 0.158009 0.0209824 -0 140.332 405 460835
6.15551 38.6319 1.52093 39.1278 0.158009 0.0209824 -0.0707397 133.394 368 460835
-15.6151 36.5036 0.7 39.7032 -0.404213 0 -0 142.207 415 460835
-15.6151 36.4941 -0.133007 39.7032 -0.404307 -0.0209824 -0 142.207 415 460835
-15.0629 36.9421 0.7 39.895 -0.387164 0 0.0707397 139.394 400 460835
-15.6905 36.68 0.7 39.895 -0.404213 0 0.0707397 138.457 395 460835
-15.0629 36.9421 0.7 39.895 -0.387164 0 -0 143.707 423 460835
-15.9168 37.1993 -0.149103 40.4704 -0.404307 -0.0209824 -0 139.394 400 460835
-15.3526 37.6526 0.7 40.6622 -0.387164 0 0.0707397 137.707 391 460835
-15.3526 37.6429 1.55313 40.6622 -0.387253 0.0209824 0.0707397 139.019 398 460835
-15.9923 37.3756 1.55313 40.6622 -0.404307 0.0209824 0.0707397 139.207 399 460835
-15.3526 37.6526 0.7 40.6622 -0.387164 0 -0 143.894 424 460835
-15.3526 37.6429 1.55313 40.6622 -0.387253 0.0209824 -0 145.207 431 460835
-15.9923 37.3854 0.7 40.6622 -0.404213 0 -0 145.207 431 460835
-15.9923 37.3756 1.55313 40.6622 -0.404307 0.0209824 -0 146.519 438 460835
-15.9923 37.3756 1.55313 40.6622 -0.404307 0.0209824 -0.0707397 139.582 401 460835
-19.4623 36.191 -2.7608 41.2376 -0.493402 -0.0840222 -0 138.894 392 460835
-20.111 35.9908 1.5652 41.2376 -0.50956 0.0209824 -0 140.582 401 460835
-20.7598 35.6206 1.5652 41.2376 -0.527678 0.0209824 -0 138.332 389 460835
32.3798 26.7573 0.7 42.0049 0.880188 0 -0 137.207 383 460835
31.719 27.5375 0.7 42.0049 0.855848 0 -0 138.144 388 460835
6.60812 41.4724 1.5813 42.0049 0.158009 0.0209824 -0 135.894 376 460835
-6.6383 41.6618 1.58532 42.1967 -0.158009 0.0209824 0.0707397 139.269 394 460835
-7.30213 41.5506 1.58532 42.1967 -0.173964 0.0209824 0.0707397 140.394 400 460835
-6.6383 41.6618 1.58532 42.1967 -0.158009 0.0209824 -0 146.019 430 460835
-7.30213 41.5506 1.58532 42.1967 -0.173964 0.0209824 -0 146.957 435 460835
-6.6383 41.6618 1.58532 42.1967 -0.158009 0.0209824 -0.0707397 138.144 388 460835
-7.30213 41.56 0.7 42.1967 -0.173925 0 -0.0707397 135.144 372 460835
-7.30213 41.5506 1.58532 42.1967 -0.173964 0.0209824 -0.0707397 139.082 393 460835
29.8723 29.7895 1.58532 42.1967 0.786786 0.0209824 -0.0707397 134.582 369 460835
29.2085 30.4407 1.58532 42.1967 0.764744 0.0209824 -0.0707397 135.707 375 460835
28.9339 31.5004 0.7 42.7721 0.742956 0 0.0707397 140.207 399 460835
28.9339 31.4876 1.59739 42.7721 0.743158 0.0209824 0.0707397 139.269 394 460835
28.261 32.1055 0.7 42.7721 0.721799 0 0.0707397 143.019 414 460835
28.261 32.0929 1.59739 42.7721 0.721993 0.0209824 0.0707397 141.707 407 460835
28.9339 31.5004 0.7 42.7721 0.742956 0 -0 147.894 440 460835
28.9339 31.4876 1.59739 42.7721 0.743158 0.0209824 -0 146.957 435 460835
28.261 32.1055 0.7 42.7721 0.721799 0 -0 150.707 455 460835
28.261 32.0929 1.59739 42.7721 0.721993 0.0209824 -0 149.394 448 460835
28.9339 31.5004 0.7 42.7721 0.742956 0 -0.0707397 142.082 409 460835
28.9339 31.4876 1.59739 42.7721 0.743158 0.0209824 -0.0707397 140.957 403 460835
28.261 32.1055 0.7 42.7721 0.721799 0 -0.0707397 144.707 423 460835
28.261 32.0929 1.59739 42.7721 0.721993 0.0209824 -0.0707397 143.207 415 460835
29.0637 31.6417 0.7 42.9639 0.742956 0 0.0707397 134.957 371 460835
28.3878 32.2495 0.7 42.9639 0.721799 0 0.0707397 138.144 388 460835
28.3878 32.2369 1.60142 42.9639 0.721993 0.0209824 0.0707397 136.082 377 460835
29.0637 31.6417 0.7 42.9639 0.742956 0 -0 143.394 416 460835
28.3878 32.2495 0.7 42.9639 0.721799 0 -0 146.582 433 460835
28.3878 32.2369 1.60142 42.9639 0.721993 0.0209824 -0 145.082 425 460835
29.0637 31.6417 0.7 42.9639 0.742956 0 -0.0707397 137.582 385 460835
29.0637 31.6288 1.60142 42.9639 0.743158 0.0209824 -0.0707397 136.457 379 460835
28.3878 32.2495 0.7 42.9639 0.721799 0 -0.0707397 140.582 401 460835
28.3878 32.2369 1.60142 42.9639 0.721993 0.0209824 -0.0707397 139.082 393 460835
6.84952 42.9874 1.61349 43.5393 0.158009 0.0209824 0.0707397 135.394 368 460835
6.16457 43.0619 2.52698 43.5393 0.14219 0.041974 0.0707397 136.144 372 460835
6.16457 43.091 1.61349 43.5393 0.142095 0.0209824 0.0707397 138.582 385 460835
6.84952 42.9874 1.61349 43.5393 0.158009 0.0209824 -0 142.519 406 460835
6.16457 43.0619 2.52698 43.5393 0.14219 0.041974 -0 142.894 408 460835
6.16457 43.091 1.61349 43.5393 0.142095 0.0209824 -0 145.707 423 460835
6.84952 42.9874 1.61349 43.5393 0.158009 0.0209824 -0.0707397 136.894 376 460835
6.16457 43.0619 2.52698 43.5393 0.14219 0.041974 -0.0707397 136.894 376 460835
6.16457 43.091 1.61349 43.5393 0.142095 0.0209824 -0.0707397 139.519 390 460835
28.2067 33.4184 0.7 43.7311 0.701029 0 0.0707397 135.207 367 460835
28.2067 33.4058 1.61751 43.7311 0.701215 0.0209824 0.0707397 136.332 373 460835
6.19172 43.2808 1.61751 43.7311 0.142095 0.0209824 0.0707397 132.957 355 460835
5.50375 43.3445 2.53503 43.7311 0.126301 0.041974 0.0707397 131.832 349 460835
5.50375 43.3737 1.61751 43.7311 0.126217 0.0209824 0.0707397 133.332 357 460835
28.2067 33.4184 0.7 43.7311 0.701029 0 -0.0707397 135.582 369 460835
28.2067 33.4058 1.61751 43.7311 0.701215 0.0209824 -0.0707397 136.144 372 460835
6.19172 43.2808 1.61751 43.7311 0.142095 0.0209824 -0.0707397 135.207 367 460835
5.50375 43.3445 2.53503 43.7311 0.126301 0.041974 -0.0707397 133.519 358 460835
5.50375 43.3737 1.61751 43.7311 0.126217 0.0209824 -0.0707397 134.832 365 460835
-15.3345 41.5682 0.7 44.3065 -0.353411 0 0.0707397 135.582 369 460835
-16.0315 41.3044 0.7 44.3065 -0.370232 0 0.0707397 139.144 388 460835
-16.0315 41.294 -0.229587 44.3065 -0.370317 -0.0209824 0.0707397 137.269 378 460835
-16.0315 41.3044 0.7 44.3065 -0.370232 0 -0 145.707 423 460835
-16.0315 41.294 -0.229587 44.3065 -0.370317 -0.0209824 -0 144.207 415 460835
-16.0315 41.3044 0.7 44.3065 -0.370232 0 -0.0707397 138.394 384 460835
-16.0315 41.294 -0.229587 44.3065 -0.370317 -0.0209824 -0.0707397 137.082 377 460835
6.27319 43.8207 2.55917 44.3065 0.14219 0.041974 -0.0707397 136.144 372 460835
6.27319 43.8503 1.62959 44.3065 0.142095 0.0209824 -0.0707397 136.519 374 460835
-15.4009 41.7482 0.7 44.4983 -0.353411 0 0.0707397 131.269 346 460835
7.00039 43.9343 1.63361 44.4983 0.158009 0.0209824 0.0707397 132.207 351 460835
6.30035 44.05 0.7 44.4983 0.142064 0 0.0707397 131.269 346 460835
6.30035 44.0401 1.63361 44.4983 0.142095 0.0209824 0.0707397 133.144 356 460835
7.00039 43.9343 1.63361 44.4983 0.158009 0.0209824 -0 139.144 388 460835
6.30035 44.0401 1.63361 44.4983 0.142095 0.0209824 -0 139.332 389 460835
2.10012 44.4389 1.63361 44.4983 0.0472234 0.0209824 -0 138.582 385 460835
-16.1009 41.4832 0.7 44.4983 -0.370232 0 -0.0707397 132.582 353 460835
7.00039 43.9343 1.63361 44.4983 0.158009 0.0209824 -0.0707397 132.207 351 460835
0 45.0638 -0.245684 45.0737 0 -0.0209824 0.0707397 145.144 420 460835
-4.96364 44.7996 0.7 45.0737 -0.110346 0 0.0707397 138.207 383 460835
-4.96364 44.7896 1.64568 45.0737 -0.110371 0.0209824 0.0707397 137.644 380 460835
0 45.0737 0.7 45.0737 0 0 -0 151.144 452 460835
0 45.0638 -0.245684 45.0737 0 -0.0209824 -0 153.207 463 460835
-0.709091 45.0681 0.7 45.0737 -0.0157325 0 -0 150.394 448 460835
-0.709091 45.0582 -0.245684 45.0737 -0.0157359 -0.0209824 -0 150.582 449 460835
0 45.0737 0.7 45.0737 0 0 -0.0707397 144.394 416 460835
0 45.0638 -0.245684 45.0737 0 -0.0209824 -0.0707397 146.644 428 460835
-0.709091 45.0582 -0.245684 45.0737 -0.0157359 -0.0209824 -0.0707397 144.207 415 460835
-3.56054 45.1253 0.7 45.2655 -0.0787404 0 0.0707397 143.644 412 460835
-3.56054 45.1153 -0.249708 45.2655 -0.0787578 -0.0209824 0.0707397 143.082 409 460835
-4.27265 45.0634 0.7 45.2655 -0.0945316 0 0.0707397 142.332 405 460835
-4.27265 45.0534 -0.249708 45.2655 -0.0945525 -0.0209824 0.0707397 142.332 405 460835
-3.56054 45.1253 0.7 45.2655 -0.0787404 0 -0 150.582 449 460835
-3.56054 45.1153 -0.249708 45.2655 -0.0787578 -0.0209824 -0 150.207 447 460835
-4.27265 45.0634 0.7 45.2655 -0.0945316 0 -0 149.269 442 460835
-4.27265 45.0534 -0.249708 45.2655 -0.0945525 -0.0209824 -0 148.894 440 460835
-3.56054 45.1253 0.7 45.2655 -0.0787404 0 -0.0707397 143.269 410 460835
-3.56054 45.1153 -0.249708 45.2655 -0.0787578 -0.0209824 -0.0707397 142.707 407 460835
-4.27265 45.0634 0.7 45.2655 -0.0945316 0 -0.0707397 141.957 403 460835
-4.27265 45.0534 -0.249708 45.2655 -0.0945525 -0.0209824 -0.0707397 141.957 403 460835
34.6157 30.0523 0.7 45.8409 0.855848 0 0.0707397 136.894 376 460835
33.8945 30.8634 0.7 45.8409 0.832171 0 0.0707397 135.582 369 460835
32.4522 32.3194 2.62356 45.8409 0.787449 0.041974 0.0707397 135.582 369 460835
34.6157 30.0523 0.7 45.8409 0.855848 0 -0.0707397 137.269 378 460835
34.6157 30.0369 -0.261781 45.8409 0.856101 -0.0209824 -0.0707397 136.332 373 460835
33.8945 30.8634 0.7 45.8409 0.832171 0 -0.0707397 137.082 377 460835
-7.24178 45.4595 0.7 46.0327 -0.157974 0 0.0707397 141.394 400 460835
-7.24178 45.4493 -0.265805 46.0327 -0.158009 -0.0209824 0.0707397 141.019 398 460835
-7.24178 45.4595 0.7 46.0327 -0.157974 0 -0 149.082 441 460835
-7.24178 45.4493 -0.265805 46.0327 -0.158009 -0.0209824 -0 148.894 440 460835
-6.5176 45.569 0.7 46.0327 -0.142064 0 -0.0707397 140.457 395 460835
-6.5176 45.5587 -0.265805 46.0327 -0.142095 -0.0209824 -0.0707397 140.644 396 460835
-7.24178 45.4595 0.7 46.0327 -0.157974 0 -0.0707397 142.519 406 460835
-7.24178 45.4493 -0.265805 46.0327 -0.158009 -0.0209824 -0.0707397 142.332 405 460835
-21.2637 41.475 0.7 46.6081 -0.473746 0 0.0707397 133.957 355 460835
-21.2637 41.475 0.7 46.6081 -0.473746 0 -0 139.582 385 460835
-12.5162 45.0952 0.7 46.7999 -0.270736 0 0.0707397 132.269 346 460835
28.7137 36.9562 0.7 46.7999 0.660537 0 0.0707397 132.082 345 460835
27.9774 37.5166 0.7 46.7999 0.640765 0 0.0707397 131.707 343 460835
-12.5162 45.0952 0.7 46.7999 -0.270736 0 -0 139.582 385 460835
-12.5162 45.0952 0.7 46.7999 -0.270736 0 -0.0707397 132.832 349 460835
-21.6137 42.1577 0.7 47.3753 -0.473746 0 -0 137.519 374 460835
-19.4562 43.3946 1.698 47.5671 -0.421486 0.0209824 0.0707397 131.707 343 460835
-3.02948 48.0471 0.7 48.1425 -0.0629689 0 0.0707397 131.707 343 460835
25.0928 41.2607 -1.32819 48.3344 0.546391 -0.041974 0.0707397 132.082 345 460835
25.0928 41.3106 0.7 48.3344 0.545856 0 -0.0707397 133.957 355 460835
25.0928 41.2607 -1.32819 48.3344 0.546391 -0.041974 -0.0707397 133.957 355 460835
25.0928 41.2981 1.7141 48.3344 0.54599 0.0209824 -0.0707397 132.269 346 460835
11.5416 47.5174 1.72617 48.9098 0.238277 0.0209824 -0 133.832 349 460835
9.23327 48.0194 1.72617 48.9098 0.189964 0.0209824 -0 136.269 362 460835
5.38607 48.6015 1.72617 48.9098 0.110371 0.0209824 -0 134.019 350 460835
4.61663 48.6914 0.7 48.9098 0.0945316 0 -0 133.832 349 460835
4.61663 48.6806 1.72617 48.9098 0.0945525 0.0209824 -0 134.207 351 460835
3.8472 48.7474 1.72617 48.9098 0.0787578 0.0209824 -0 133.644 348 460835
37.7025 30.8842 4.80467 48.9098 0.884484 0.0840222 -0.636658 133.269 346 460835
10.0419 48.0637 0.7 49.1016 0.205967 0 0.0707397 135.707 359 460835
10.0419 48.0527 1.73019 49.1016 0.206013 0.0209824 0.0707397 137.207 367 460835
9.26948 48.1746 2.76038 49.1016 0.190091 0.041974 0.0707397 136.082 361 460835
9.26948 48.2077 1.73019 49.1016 0.189964 0.0209824 0.0707397 138.332 373 460835
4.63474 48.8823 0.7 49.1016 0.0945316 0 0.0707397 137.582 369 460835
3.86228 48.9494 0.7 49.1016 0.0787404 0 0.0707397 136.082 361 460835
9.26948 48.2077 1.73019 49.1016 0.189964 0.0209824 -0 145.269 410 460835
4.63474 48.8823 0.7 49.1016 0.0945316 0 -0 145.269 410 460835
10.0419 48.0637 0.7 49.1016 0.205967 0 -0.0707397 134.957 355 460835
10.0419 48.0527 1.73019 49.1016 0.206013 0.0209824 -0.0707397 136.269 362 460835
9.26948 48.1746 2.76038 49.1016 0.190091 0.041974 -0.0707397 135.332 357 460835
9.26948 48.2077 1.73019 49.1016 0.189964 0.0209824 -0.0707397 137.394 368 460835
4.63474 48.8823 0.7 49.1016 0.0945316 0 -0.0707397 137.207 367 460835
4.63474 48.8715 1.73019 49.1016 0.0945525 0.0209824 -0.0707397 135.332 357 460835
8.5966 48.9275 0.7 49.677 0.173925 0 -0 133.457 347 460835
8.5966 48.9164 1.74226 49.677 0.173964 0.0209824 -0 133.832 349 460835
-27.4584 41.6285 0.7 49.8688 -0.583099 0 -0 134.582 353 460835
-27.4584 41.6153 1.74629 49.8688 -0.583244 0.0209824 -0 134.582 353 460835
-28.2429 41.1003 0.7 49.8688 -0.602065 0 -0 137.582 369 460835
-28.2429 41.0869 1.74629 49.8688 -0.602216 0.0209824 -0 135.894 360 460835
-29.0275 40.55 0.7 49.8688 -0.621281 0 -0 135.332 357 460835
-24.6009 44.026 1.75836 50.4442 -0.50956 0.0209824 -0 134.207 351 460835
18.3217 47.1931 1.76239 50.636 0.370317 0.0209824 -0 134.394 352 460835
25.7807 44.2358 1.77446 51.2114 0.527678 0.0209824 -0 133.269 346 460835
24.9751 44.6956 1.77446 51.2114 0.50956 0.0209824 -0 133.082 345 460835
3.22259 51.0986 1.77446 51.2114 0.0629827 0.0209824 -0 134.207 351 460835
25.8773 44.4146 0.7 51.4032 0.52755 0 -0 134.582 353 460835
4.85199 51.1737 0.7 51.4032 0.0945316 0 -0 135.332 357 460835
4.85199 51.1623 1.77848 51.4032 0.0945525 0.0209824 -0 134.207 351 460835
4.04333 51.2439 0.7 51.4032 0.0787404 0 -0 133.457 347 460835
19.6252 48.1313 0.7 51.9786 0.387164 0 -0 135.582 353 460835
19.6252 48.119 1.79055 51.9786 0.387253 0.0209824 -0 137.269 362 460835
18.8075 48.4444 1.79055 51.9786 0.370317 0.0209824 -0 134.082 345 460835
8.17718 51.3314 0.7 51.9786 0.157974 0 -0 134.457 347 460835
4.08859 51.8061 1.79055 51.9786 0.0787578 0.0209824 -0 137.457 363 460835
-26.2635 45.0775 0.7 52.1704 -0.52755 0 -0 134.457 347 460835
19.6976 48.3089 0.7 52.1704 0.387164 0 -0 135.394 352 460835
19.6976 48.2965 1.79458 52.1704 0.387253 0.0209824 -0 137.644 364 460835
18.8769 48.6232 1.79458 52.1704 0.370317 0.0209824 -0 135.957 355 460835
11.4903 50.8776 1.79458 52.1704 0.222116 0.0209824 -0 134.644 348 460835
0 52.7458 0.7 52.7458 0 0 0.0707397 148.332 421 460835
0 52.7342 1.80665 52.7458 0 0.0209824 0.0707397 147.207 415 460835
-0.829787 52.7393 0.7 52.7458 -0.0157325 0 0.0707397 147.394 416 460835
-0.829787 52.7277 1.80665 52.7458 -0.0157359 0.0209824 0.0707397 147.394 416 460835
0 52.7458 0.7 52.7458 0 0 -0 155.457 459 460835
0 52.7342 1.80665 52.7458 0 0.0209824 -0 154.519 454 460835
-0.829787 52.7393 0.7 52.7458 -0.0157325 0 -0 155.082 457 460835
-0.829787 52.7277 1.80665 52.7458 -0.0157359 0.0209824 -0 154.707 455 460835
0 52.7458 0.7 52.7458 0 0 -0.0707397 148.894 424 460835
0 52.7342 1.80665 52.7458 0 0.0209824 -0.0707397 147.582 417 460835
-0.829787 52.7393 0.7 52.7458 -0.0157325 0 -0.0707397 149.082 425 460835
-0.829787 52.7277 1.80665 52.7458 -0.0157359 0.0209824 -0.0707397 148.332 421 460835
1.66561 52.8998 1.81068 52.9376 0.0314757 0.0209824 0.0707397 139.707 375 460835
1.66561 52.8648 2.92135 52.9376 0.0314966 0.041974 -0 146.457 411 460835
1.66561 52.8998 1.81068 52.9376 0.0314757 0.0209824 -0 148.144 420 460835
0.832805 52.8844 2.92135 52.9376 0.0157463 0.041974 -0 145.894 408 460835
0.832805 52.9194 1.81068 52.9376 0.0157359 0.0209824 -0 146.457 411 460835
1.66561 52.8648 2.92135 52.9376 0.0314966 0.041974 -0.0707397 140.457 379 460835
1.66561 52.8998 1.81068 52.9376 0.0314757 0.0209824 -0.0707397 141.394 384 460835
-2.52557 53.4534 0.7 53.513 -0.047213 0 0.0707397 148.894 424 460835
-2.52557 53.4416 -0.422748 53.513 -0.0472234 -0.0209824 0.0707397 147.019 414 460835
-3.36743 53.407 0.7 53.513 -0.0629689 0 0.0707397 148.144 420 460835
40.4091 35.082 0.7 53.513 0.855848 0 -0.141479 136.144 356 460835
40.4091 35.064 -0.422748 53.513 0.856101 -0.0209824 -0.141479 133.519 342 460835
39.5673 36.0288 0.7 53.513 0.832171 0 -0.141479 133.519 342 460835
-2.52557 53.4534 0.7 53.513 -0.047213 0 -0 157.144 468 460835
-2.52557 53.4416 -0.422748 53.513 -0.0472234 -0.0209824 -0 154.894 456 460835
-3.36743 53.407 0.7 53.513 -0.0629689 0 -0 156.019 462 460835
-2.52557 53.4534 0.7 53.513 -0.047213 0 -0.0707397 149.644 428 460835
-2.52557 53.4416 -0.422748 53.513 -0.0472234 -0.0209824 -0.0707397 147.957 419 460835
-3.36743 53.407 0.7 53.513 -0.0629689 0 -0.0707397 148.144 420 460835
-4.22437 53.5384 0.7 53.7048 -0.0787404 0 0.0707397 142.894 392 460835
-4.22437 53.5266 -0.426772 53.7048 -0.0787578 -0.0209824 0.0707397 144.207 399 460835
-9.29362 52.8946 0.7 53.7048 -0.173925 0 0.0707397 141.582 385 460835
-3.3795 53.5984 0.7 53.7048 -0.0629689 0 -0.0707397 142.332 389 460835
-3.3795 53.5866 1.82677 53.7048 -0.0629827 0.0209824 -0.0707397 142.519 390 460835
-4.22437 53.5384 0.7 53.7048 -0.0787404 0 -0.0707397 144.207 399 460835
-4.22437 53.5266 -0.426772 53.7048 -0.0787578 -0.0209824 -0.0707397 143.082 393 460835
-6.83141 53.8486 0.7 54.2802 -0.126189 0 0.0707397 146.644 412 460835
-9.39319 53.4613 0.7 54.2802 -0.173925 0 0.0707397 149.269 426 460835
-10.2471 53.3042 0.7 54.2802 -0.189921 0 0.0707397 145.519 406 460835
-6.83141 53.8486 0.7 54.2802 -0.126189 0 -0 154.332 453 460835
-9.39319 53.4613 0.7 54.2802 -0.173925 0 -0 157.332 469 460835
-6.83141 53.8486 0.7 54.2802 -0.126189 0 -0.0707397 147.207 415 460835
-9.39319 53.4613 0.7 54.2802 -0.173925 0 -0.0707397 150.582 433 460835
39.4194 37.4374 -2.72861 54.472 0.811181 -0.0629841 0.0707397 134.457 347 460835
-41.1333 35.7107 0.7 54.472 -0.855848 0 0.0707397 140.457 379 460835
-41.1333 35.6924 -0.442869 54.472 -0.856101 -0.0209824 0.0707397 136.519 358 460835
-41.1333 35.6924 1.84287 54.472 -0.856101 0.0209824 0.0707397 134.832 349 460835
-41.1333 35.7107 0.7 54.472 -0.855848 0 -0 148.144 420 460835
40.2764 36.6567 1.84287 54.472 0.832413 0.0209824 -0.0707397 136.519 358 460835
-41.1333 35.7107 0.7 54.472 -0.855848 0 -0.0707397 141.019 382 460835
-41.1333 35.6924 -0.442869 54.472 -0.856101 -0.0209824 -0.0707397 136.707 359 460835
0 55.0353 1.85494 55.0475 0 0.0209824 0.0707397 140.707 375 460835
-0.865996 55.0285 1.85494 55.0475 -0.0157359 0.0209824 0.0707397 139.957 371 460835
0.865996 55.0285 1.85494 55.0475 0.0157359 0.0209824 0.0707397 140.707 375 460835
0 55.0353 1.85494 55.0475 0 0.0209824 -0 147.457 411 460835
0.865996 55.0285 1.85494 55.0475 0.0157359 0.0209824 -0 148.394 416 460835
0 55.0353 1.85494 55.0475 0 0.0209824 -0.0707397 140.144 372 460835
0.865996 55.0285 1.85494 55.0475 0.0157359 0.0209824 -0.0707397 141.832 381 460835
-0.869014 55.1838 3.01793 55.2393 -0.0157463 0.041974 0.0707397 135.082 345 460835
-0.869014 55.2203 1.85897 55.2393 -0.0157359 0.0209824 0.0707397 137.894 360 460835
-0.869014 55.2203 1.85897 55.2393 -0.0157359 0.0209824 -0 145.957 403 460835
0 55.2271 1.85897 55.2393 0 0.0209824 -0.0707397 136.394 352 460835
-0.869014 55.1838 -1.61793 55.2393 -0.0157463 -0.041974 -0.0707397 137.332 357 460835
-0.869014 55.2203 1.85897 55.2393 -0.0157359 0.0209824 -0.0707397 139.019 366 460835
-8.78066 55.1072 -0.471038 55.8147 -0.158009 -0.0209824 0.0707397 143.707 391 460835
-8.78066 55.1072 -0.471038 55.8147 -0.158009 -0.0209824 -0 149.894 424 460835
-4.40542 55.8206 -0.475063 56.0065 -0.0787578 -0.0209824 0.0707397 135.832 349 460835
-4.40542 55.7835 -1.65013 56.0065 -0.07881 -0.041974 0.0707397 139.207 367 460835
-4.40542 55.7215 -2.82519 56.0065 -0.0788972 -0.0629841 0.0707397 136.394 352 460835
-8.81083 55.2966 -0.475063 56.0065 -0.158009 -0.0209824 0.0707397 138.082 361 460835
-11.4541 54.8227 0.7 56.0065 -0.205967 0 0.0707397 136.207 351 460835
-4.40542 55.7835 -1.65013 56.0065 -0.07881 -0.041974 -0.0707397 142.019 382 460835
-4.40542 55.7215 -2.82519 56.0065 -0.0788972 -0.0629841 -0.0707397 139.207 367 460835
-8.81083 55.2966 -0.475063 56.0065 -0.158009 -0.0209824 -0.0707397 139.019 366 460835
42.7265 36.4036 7.82281 56.5819 0.865134 0.12622 -0 140.332 373 460835
-19.6494 53.2649 0.7 56.7737 -0.353411 0 0.0707397 143.519 390 460835
-19.6494 53.2516 -0.491159 56.7737 -0.353492 -0.0209824 0.0707397 141.269 378 460835
-20.5425 52.9269 0.7 56.7737 -0.370232 0 0.0707397 142.394 384 460835
-20.5425 52.9135 -0.491159 56.7737 -0.370317 -0.0209824 0.0707397 139.394 368 460835
-19.6494 53.2649 0.7 56.7737 -0.353411 0 -0 150.644 428 460835
-19.6494 53.2516 -0.491159 56.7737 -0.353492 -0.0209824 -0 148.019 414 460835
-20.5425 52.9269 0.7 56.7737 -0.370232 0 -0 149.894 424 460835
-20.5425 52.9135 -0.491159 56.7737 -0.370317 -0.0209824 -0 146.332 405 460835
-19.6494 53.2649 0.7 56.7737 -0.353411 0 -0.0707397 142.957 387 460835
-19.6494 53.2516 -0.491159 56.7737 -0.353492 -0.0209824 -0.0707397 139.957 371 460835
-20.5425 52.9269 0.7 56.7737 -0.370232 0 -0.0707397 142.394 384 460835
-20.5425 52.9135 -0.491159 56.7737 -0.370317 -0.0209824 -0.0707397 139.207 367 460835
-18.9463 54.1291 0.7 57.3491 -0.336693 0 -0 136.207 351 460835
-19.8485 53.8048 0.7 57.3491 -0.353411 0 -0 139.207 367 460835
0.902205 57.2915 3.10646 57.3491 0.0157463 0.041974 -0 135.832 349 460835
-8.147 56.9484 -0.507256 57.5409 -0.142095 -0.0209824 0.0707397 134.144 340 460835
-15.3888 55.4449 0.7 57.5409 -0.270736 0 0.0707397 134.707 343 460835
-15.3888 55.4318 1.90726 57.5409 -0.270797 0.0209824 0.0707397 134.707 343 460835
-16.294 55.1725 -0.507256 57.5409 -0.287166 -0.0209824 0.0707397 134.519 342 460835
-16.294 55.1328 -1.71451 57.5409 -0.287361 -0.041974 0.0707397 136.582 353 460835
-16.294 55.1328 -1.71451 57.5409 -0.287361 -0.041974 -0 143.707 391 460835
-8.147 56.9612 0.7 57.5409 -0.142064 0 -0.0707397 135.082 345 460835
-8.147 56.9484 -0.507256 57.5409 -0.142095 -0.0209824 -0.0707397 136.207 351 460835
-16.294 55.1725 -0.507256 57.5409 -0.287166 -0.0209824 -0.0707397 134.519 342 460835
-16.294 55.1328 -1.71451 57.5409 -0.287361 -0.041974 -0.0707397 136.582 353 460835
0 58.3081 0.7 58.3081 0 0 -0 136.019 350 460835
0 58.2953 -0.523353 58.3081 0 -0.0209824 -0 135.082 345 460835
-1.83458 58.2792 0.7 58.3081 -0.0314688 0 -0 134.332 341 460835
-2.75188 58.2431 0.7 58.3081 -0.047213 0 -0 134.332 341 460835
2.75188 58.2431 0.7 58.3081 0.047213 0 -0 135.082 345 460835
0.917292 58.3009 0.7 58.3081 0.0157325 0 -0 136.582 353 460835
0.917292 58.2881 -0.523353 58.3081 0.0157359 -0.0209824 -0 134.144 340 460835
-27.8809 52.0822 0.7 59.0753 -0.491506 0 -0 135.519 342 460835
4.70716 58.8055 10.7444 59.8425 0.079876 0.168645 -0 135.144 340 460835
39.9203 45.3508 0.7 60.4179 0.721799 0 -0 135.144 340 460835
30.4155 52.1421 3.23524 60.4179 0.528064 0.041974 -0 136.269 346 460835
30.4155 52.1883 1.96762 60.4179 0.527678 0.0209824 -0 137.957 355 460835
29.465 52.685 3.23524 60.4179 0.50993 0.041974 -0 135.894 344 460835
29.465 52.7308 1.96762 60.4179 0.50956 0.0209824 -0 138.144 356 460835
30.512 52.3694 0.7 60.6097 0.52755 0 -0 136.082 345 460835
30.512 52.354 1.97164 60.6097 0.527678 0.0209824 -0 139.082 361 460835
29.5585 52.9135 0.7 60.6097 0.509437 0 -0 137.207 351 460835
29.5585 52.8982 1.97164 60.6097 0.50956 0.0209824 -0 139.644 364 460835
-23.1737 56.8341 0.7 61.377 -0.387164 0 -0 135.519 342 460835
-24.1393 56.4307 0.7 61.377 -0.404213 0 -0 135.144 340 460835
33.2398 52.4425 3.30767 62.1442 0.564926 0.041974 -0 136.519 342 460835
33.2398 52.4911 2.00384 62.1442 0.564507 0.0209824 -0 138.582 353 460835
37.4008 52.2471 0.7 64.254 0.621281 0 -0 136.519 342 460835
37.4008 52.1775 3.39621 64.254 0.621912 0.041974 -0 138.019 350 460835
37.4008 52.2297 2.0481 64.254 0.621438 0.0209824 -0 140.457 363 460835
36.3899 52.8874 3.39621 64.254 0.60267 0.041974 -0 137.082 345 460835
36.3899 52.9389 2.0481 64.254 0.602216 0.0209824 -0 139.144 356 460835
-9.26043 64.7459 0.7 65.4048 -0.142064 0 -0 136.707 343 460835
-46.3353 48.3105 0.7 66.9392 -0.764533 0 -0 136.957 339 460835
2.1665 68.8232 0.7 68.8573 0.0314688 0 -0 137.332 341 460835
2.1665 68.808 2.14468 68.8573 0.0314757 0.0209824 -0 139.394 352 460835
1.08325 68.8336 2.14468 68.8573 0.0157359 0.0209824 -0 137.144 340 460835
2.17253 68.9997 2.14871 69.0491 0.0314757 0.0209824 -0 139.207 351 460835
1.08627 69.0253 2.14871 69.0491 0.0157359 0.0209824 -0 139.394 352 460835
2.26306 71.8747 2.20907 71.9261 0.0314757 0.0209824 0.0707397 140.394 352 460835
3.39458 71.8301 2.20907 71.9261 0.0472234 0.0209824 -0 142.644 364 460835
2.26306 71.8905 0.7 71.9261 0.0314688 0 -0 144.519 374 460835
2.26306 71.8747 2.20907 71.9261 0.0314757 0.0209824 -0 147.144 388 460835
1.13153 71.9014 2.20907 71.9261 0.0157359 0.0209824 -0 143.019 366 460835
2.26306 71.8747 2.20907 71.9261 0.0314757 0.0209824 -0.0707397 140.019 350 460835
2.26909 72.0663 2.21309 72.1179 0.0314757 0.0209824 0.0707397 138.519 342 460835
-1.13455 72.0931 2.21309 72.1179 -0.0157359 0.0209824 -0 139.644 348 460835
2.26909 72.0822 0.7 72.1179 0.0314688 0 -0 140.957 355 460835
2.26909 72.0187 3.72619 72.1179 0.0314966 0.041974 -0 139.832 349 460835
2.26909 72.0663 2.21309 72.1179 0.0314757 0.0209824 -0 144.894 376 460835
1.13455 72.0931 2.21309 72.1179 0.0157359 0.0209824 -0 140.957 355 460835
2.27513 72.2739 0.7 72.3097 0.0314688 0 -0 138.707 343 460835
2.27513 72.258 2.21712 72.3097 0.0314757 0.0209824 -0 141.519 358 460835
1.13756 72.2849 2.21712 72.3097 0.0157359 0.0209824 -0 138.519 342 460835
