1.30956 2.30053 0.249291 2.68524 0.517495 -0.168645 -0 98.3317 421 460987
1.09834 2.40854 0.249291 2.68524 0.427848 -0.168645 -0 97.5817 417 460987
0.995745 2.644 0.156735 2.87704 0.360177 -0.189968 0.0707397 97.0817 393 460987
1.26731 2.53734 0.217098 2.87704 0.463219 -0.168645 -0 104.957 435 460987
1.22205 2.5701 0.27746 2.87704 0.443845 -0.147399 -0 104.207 431 460987
1.22205 2.55945 0.217098 2.87704 0.445458 -0.168645 -0 104.582 433 460987
0.995745 2.644 0.156735 2.87704 0.360177 -0.189968 -0 104.582 433 460987
0.995745 2.644 0.156735 2.87704 0.360177 -0.189968 -0.0707397 98.2067 399 460987
0.995745 2.63088 0.096372 2.87704 0.361822 -0.211379 -0.0707397 97.6442 396 460987
1.30352 2.74145 0.249291 3.06885 0.443845 -0.147399 -0 102.707 423 460987
1.15868 2.80573 0.249291 3.06885 0.391638 -0.147399 -0 102.144 420 460987
1.06213 2.82027 0.120517 3.06885 0.360177 -0.189968 -0 99.5192 406 460987
0.917292 2.87064 0.120517 3.06885 0.309288 -0.189968 -0 99.7067 407 460987
0.917292 2.85689 0.0561301 3.06885 0.310683 -0.211379 -0 99.3317 405 460987
1.12851 3.03147 0.289533 3.26065 0.356371 -0.12622 0.0707397 99.5192 406 460987
1.12851 3.02142 0.221122 3.26065 0.357458 -0.147399 0.0707397 102.144 420 460987
1.07721 3.05008 0.289533 3.26065 0.339502 -0.12622 0.0707397 97.2692 394 460987
1.07721 3.04009 0.221122 3.26065 0.340533 -0.147399 0.0707397 98.9567 403 460987
1.12851 3.02142 0.221122 3.26065 0.357458 -0.147399 -0 109.269 458 460987
1.12851 3.03147 0.289533 3.26065 0.356371 -0.12622 -0.0707397 98.5817 401 460987
1.12851 3.02142 0.221122 3.26065 0.357458 -0.147399 -0.0707397 101.957 419 460987
1.07721 3.04009 0.221122 3.26065 0.340533 -0.147399 -0.0707397 98.3942 400 460987
1.79234 2.91857 0.265388 3.45245 0.550734 -0.12622 -0 103.082 425 460987
1.79234 2.90686 0.192952 3.45245 0.552528 -0.147399 -0 102.519 422 460987
1.30352 3.16724 0.265388 3.45245 0.390435 -0.12622 -0 104.957 435 460987
1.30352 3.15645 0.192952 3.45245 0.391638 -0.147399 -0 102.144 420 460987
1.24921 3.18905 0.265388 3.45245 0.373346 -0.12622 -0 102.707 423 460987
1.71992 3.17994 0.241243 3.64426 0.495804 -0.12622 0.0707397 99.3317 389 460987
1.4906 3.29367 0.241243 3.64426 0.424985 -0.12622 0.0707397 99.7067 391 460987
1.43327 3.31902 0.241243 3.64426 0.407646 -0.12622 0.0707397 100.644 396 460987
1.08928 3.45658 0.317702 3.64426 0.305283 -0.105098 0.0707397 100.082 393 460987
1.08928 3.44726 0.241243 3.64426 0.306057 -0.12622 0.0707397 100.644 396 460987
1.94925 3.04476 0.241243 3.64426 0.569452 -0.12622 -0.0707397 97.4567 379 460987
1.71992 3.17994 0.241243 3.64426 0.495804 -0.12622 -0.0707397 99.7067 391 460987
1.4906 3.29367 0.241243 3.64426 0.424985 -0.12622 -0.0707397 98.9567 387 460987
1.43327 3.31902 0.241243 3.64426 0.407646 -0.12622 -0.0707397 99.7067 391 460987
1.44836 3.51915 0.217098 3.83606 0.390435 -0.12622 0.0707397 101.019 398 460987
1.14662 3.6385 0.297581 3.83606 0.305283 -0.105098 0.0707397 102.332 405 460987
1.14662 3.6287 0.217098 3.83606 0.306057 -0.12622 0.0707397 102.332 405 460987
1.08627 3.65697 0.297581 3.83606 0.288739 -0.105098 0.0707397 102.332 405 460987
1.08627 3.64722 0.217098 3.83606 0.289469 -0.12622 0.0707397 101.957 403 460987
1.14662 3.6385 0.297581 3.83606 0.305283 -0.105098 -0.0707397 104.019 414 460987
1.52077 3.70572 0.27746 4.02786 0.389427 -0.105098 0.0707397 104.957 419 460987
1.52077 3.69511 0.192952 4.02786 0.390435 -0.12622 0.0707397 104.019 414 460987
1.45741 3.7311 0.27746 4.02786 0.372386 -0.105098 0.0707397 103.832 413 460987
1.59319 3.88219 0.257339 4.21967 0.389427 -0.105098 0.0707397 107.957 435 460987
1.19489 4.02267 0.257339 4.21967 0.288739 -0.105098 0.0707397 108.707 439 460987
1.12851 4.04179 0.257339 4.21967 0.272276 -0.105098 0.0707397 107.582 433 460987
1.59319 3.88219 0.257339 4.21967 0.389427 -0.105098 -0 115.457 475 460987
1.19489 4.02267 0.257339 4.21967 0.288739 -0.105098 -0 115.832 477 460987
1.12851 4.04179 0.257339 4.21967 0.272276 -0.105098 -0 114.894 472 460987
1.59319 3.88219 0.257339 4.21967 0.389427 -0.105098 -0.0707397 108.519 438 460987
1.19489 4.02267 0.257339 4.21967 0.288739 -0.105098 -0.0707397 108.332 437 460987
1.12851 4.04179 0.257339 4.21967 0.272276 -0.105098 -0.0707397 107.582 433 460987
1.73501 4.02947 0.237219 4.41147 0.406588 -0.105098 0.0707397 104.957 403 460987
1.66561 4.05865 0.237219 4.41147 0.389427 -0.105098 0.0707397 105.707 407 460987
1.31861 4.18428 0.237219 4.41147 0.305283 -0.105098 0.0707397 105.332 405 460987
1.24921 4.20552 0.237219 4.41147 0.288739 -0.105098 0.0707397 105.519 406 460987
1.66561 4.05865 0.237219 4.41147 0.389427 -0.105098 -0.0707397 107.394 416 460987
1.44836 4.35237 0.313678 4.60327 0.321247 -0.0840222 0.0707397 110.582 433 460987
1.44836 4.34272 0.217098 4.60327 0.321913 -0.105098 0.0707397 110.957 435 460987
1.44836 4.35237 0.313678 4.60327 0.321247 -0.0840222 -0 118.457 475 460987
1.44836 4.34272 0.217098 4.60327 0.321913 -0.105098 -0 118.832 477 460987
1.44836 4.35237 0.313678 4.60327 0.321247 -0.0840222 -0.0707397 111.707 439 460987
1.44836 4.34272 0.217098 4.60327 0.321913 -0.105098 -0.0707397 111.707 439 460987
1.20696 4.62321 0.297581 4.79507 0.255367 -0.0840222 0.0707397 109.082 425 460987
1.20696 4.61334 0.196977 4.79507 0.255889 -0.105098 0.0707397 108.894 424 460987
1.13153 4.64225 0.297581 4.79507 0.239084 -0.0840222 0.0707397 109.269 426 460987
1.13153 4.63242 0.196977 4.79507 0.239572 -0.105098 0.0707397 108.894 424 460987
1.20696 4.62321 0.297581 4.79507 0.255367 -0.0840222 -0 116.957 467 460987
1.20696 4.61334 0.196977 4.79507 0.255889 -0.105098 -0 116.957 467 460987
1.13153 4.64225 0.297581 4.79507 0.239084 -0.0840222 -0 116.957 467 460987
1.13153 4.63242 0.196977 4.79507 0.239572 -0.105098 -0 116.582 465 460987
1.20696 4.62321 0.297581 4.79507 0.255367 -0.0840222 -0.0707397 110.394 432 460987
1.20696 4.61334 0.196977 4.79507 0.255889 -0.105098 -0.0707397 110.207 431 460987
1.13153 4.64225 0.297581 4.79507 0.239084 -0.0840222 -0.0707397 110.207 431 460987
1.13153 4.63242 0.196977 4.79507 0.239572 -0.105098 -0.0707397 110.019 430 460987
1.56905 4.71507 0.281485 4.98688 0.321247 -0.0840222 0.0707397 105.144 404 460987
1.41215 4.76441 0.281485 4.98688 0.288146 -0.0840222 0.0707397 106.082 409 460987
1.33369 4.78697 0.281485 4.98688 0.271719 -0.0840222 0.0707397 108.144 420 460987
1.33369 4.77666 0.176856 4.98688 0.272276 -0.105098 0.0707397 105.144 404 460987
1.33369 4.78697 0.281485 4.98688 0.271719 -0.0840222 -0 115.082 457 460987
1.56905 4.71507 0.281485 4.98688 0.321247 -0.0840222 -0.0707397 105.144 404 460987
1.41215 4.76441 0.281485 4.98688 0.288146 -0.0840222 -0.0707397 104.019 398 460987
1.33369 4.78697 0.281485 4.98688 0.271719 -0.0840222 -0.0707397 107.957 419 460987
1.33369 4.77666 0.176856 4.98688 0.272276 -0.105098 -0.0707397 103.832 397 460987
1.25524 4.80813 0.281485 4.98688 0.255367 -0.0840222 -0.0707397 104.957 403 460987
1.22507 5.40558 0.233194 5.56229 0.222865 -0.0840222 -0 116.332 453 460987
1.13756 5.42467 0.233194 5.56229 0.206706 -0.0840222 -0 116.519 454 460987
1.60526 5.1051 0.249291 5.37048 0.304653 -0.0840222 -0 115.582 449 460987
1.52077 5.13091 0.249291 5.37048 0.288146 -0.0840222 -0 114.644 444 460987
-1.48758 5.33931 0.233194 5.56229 -0.271719 -0.0840222 -1.0611 108.457 411 460987
1.48758 5.33931 0.233194 5.56229 0.271719 -0.0840222 -0.0707397 107.144 404 460987
1.40008 5.36292 0.233194 5.56229 0.255367 -0.0840222 -0.0707397 107.332 405 460987
1.22507 5.40558 0.233194 5.56229 0.222865 -0.0840222 -0.0707397 108.457 411 460987
1.13756 5.42467 0.233194 5.56229 0.206706 -0.0840222 -0.0707397 109.207 415 460987
1.46646 4.94766 0.265388 5.17868 0.288146 -0.0840222 -0 119.332 469 460987
1.38499 4.97108 0.265388 5.17868 0.271719 -0.0840222 -0 117.457 459 460987
1.46646 4.94766 0.265388 5.17868 0.288146 -0.0840222 -0.0707397 112.207 431 460987
1.46646 4.93691 0.156735 5.17868 0.288739 -0.105098 -0.0707397 108.457 411 460987
1.38499 4.97108 0.265388 5.17868 0.271719 -0.0840222 -0.0707397 110.519 422 460987
1.35783 5.57069 0.217098 5.75409 0.239084 -0.0840222 -0 117.269 458 460987
1.26731 5.6011 0.337823 5.75409 0.222515 -0.0629841 -0 117.832 461 460987
1.26731 5.59198 0.217098 5.75409 0.222865 -0.0840222 -0 120.832 477 460987
1.17679 5.61173 0.217098 5.75409 0.206706 -0.0840222 -0 116.332 453 460987
1.35783 5.57069 0.217098 5.75409 0.239084 -0.0840222 -0.0707397 110.519 422 460987
1.26731 5.6011 0.337823 5.75409 0.222515 -0.0629841 -0.0707397 110.707 423 460987
1.26731 5.59198 0.217098 5.75409 0.222865 -0.0840222 -0.0707397 113.894 440 460987
1.17679 5.61173 0.217098 5.75409 0.206706 -0.0840222 -0.0707397 109.207 415 460987
1.60526 5.1138 0.361968 5.37048 0.304167 -0.0629841 0.0707397 106.394 400 460987
1.60526 5.1051 0.249291 5.37048 0.304653 -0.0840222 0.0707397 108.644 412 460987
1.52077 5.13091 0.249291 5.37048 0.288146 -0.0840222 0.0707397 107.144 404 460987
1.22507 5.41439 0.349896 5.56229 0.222515 -0.0629841 0.0707397 107.332 405 460987
1.22507 5.40558 0.233194 5.56229 0.222865 -0.0840222 0.0707397 109.957 419 460987
1.13756 5.43345 0.349896 5.56229 0.206382 -0.0629841 0.0707397 106.957 403 460987
1.13756 5.42467 0.233194 5.56229 0.206706 -0.0840222 0.0707397 109.582 417 460987
-1.22507 5.34477 1.63361 5.56229 -0.225317 0.168645 -1.27332 118.207 463 460987
-1.22507 5.36385 1.51691 5.56229 -0.224542 0.147399 -1.27332 118.019 462 460987
-1.31257 5.32396 1.63361 5.56229 -0.24172 0.168645 -1.27332 120.644 476 460987
-1.31257 5.34311 1.51691 5.56229 -0.240887 0.147399 -1.27332 120.644 476 460987
-1.35783 5.50754 1.6658 5.75409 -0.24172 0.168645 -1.27332 111.082 425 460987
-1.35783 5.52736 1.54508 5.75409 -0.240887 0.147399 -1.27332 111.082 425 460987
-1.44836 5.54785 1.1829 5.75409 -0.255367 0.0840222 -1.34406 110.519 422 460987
-1.48758 5.33931 0.233194 5.56229 -0.271719 -0.0840222 -1.20258 110.144 420 460987
-1.48758 5.31374 -0.000208497 5.56229 -0.272962 -0.12622 -1.20258 108.082 409 460987
-1.22507 5.34477 1.63361 5.56229 -0.225317 0.168645 -1.34406 115.207 447 460987
-1.22507 5.36385 1.51691 5.56229 -0.224542 0.147399 -1.34406 114.832 445 460987
-1.31257 5.32396 1.63361 5.56229 -0.24172 0.168645 -1.34406 117.082 457 460987
-1.31257 5.34311 1.51691 5.56229 -0.240887 0.147399 -1.34406 117.269 458 460987
-1.14058 5.03278 1.13461 5.17868 -0.222865 0.0840222 -1.27332 110.707 423 460987
-1.14058 5.04099 1.02596 5.17868 -0.222515 0.0629841 -1.27332 114.269 442 460987
-1.22205 5.02186 1.02596 5.17868 -0.238706 0.0629841 -1.27332 111.644 428 460987
1.35783 5.57069 0.217098 5.75409 0.239084 -0.0840222 0.0707397 109.582 417 460987
1.26731 5.6011 0.337823 5.75409 0.222515 -0.0629841 0.0707397 109.957 419 460987
1.26731 5.59198 0.217098 5.75409 0.222865 -0.0840222 0.0707397 113.332 437 460987
1.17679 5.61173 0.217098 5.75409 0.206706 -0.0840222 0.0707397 109.019 414 460987
-1.35783 5.55891 1.30363 5.75409 -0.239572 0.105098 -1.41479 111.457 427 460987
-1.22507 5.39423 1.28351 5.56229 -0.223319 0.105098 -1.41479 117.269 458 460987
-1.22507 5.40558 1.16681 5.56229 -0.222865 0.0840222 -1.41479 117.082 457 460987
-1.22507 5.42445 0.816701 5.56229 -0.222116 0.0209824 -1.41479 116.894 456 460987
-1.31257 5.37361 1.28351 5.56229 -0.239572 0.105098 -1.41479 117.082 457 460987
-1.31257 5.385 1.16681 5.56229 -0.239084 0.0840222 -1.41479 117.457 459 460987
-1.22507 5.40558 1.16681 5.56229 -0.222865 0.0840222 -1.48553 124.582 497 460987
-1.22507 5.42445 0.816701 5.56229 -0.222116 0.0209824 -1.48553 126.644 508 460987
-1.31257 5.385 1.16681 5.56229 -0.239084 0.0840222 -1.48553 124.582 497 460987
-1.31257 5.40394 0.816701 5.56229 -0.238277 0.0209824 -1.48553 123.832 493 460987
-1.26731 5.6076 0.941451 5.75409 -0.222265 0.041974 -1.48553 118.582 465 460987
-1.26731 5.6115 0.820726 5.75409 -0.222116 0.0209824 -1.48553 120.457 475 460987
-1.35783 5.57069 1.1829 5.75409 -0.239084 0.0840222 -1.48553 118.207 463 460987
-1.43629 5.1552 0.249291 5.37048 -0.271719 -0.0840222 -1.20258 109.207 415 460987
-1.43629 5.1552 0.249291 5.37048 -0.271719 -0.0840222 -1.0611 110.144 420 460987
-1.22507 5.42068 0.933403 5.56229 -0.222265 0.041974 -1.55627 123.832 493 460987
-1.22507 5.42445 0.816701 5.56229 -0.222116 0.0209824 -1.55627 124.957 499 460987
-1.31257 5.40016 0.933403 5.56229 -0.238438 0.041974 -1.55627 124.019 494 460987
-1.31257 5.40394 0.816701 5.56229 -0.238277 0.0209824 -1.55627 124.207 495 460987
1.46646 4.956 0.374041 5.17868 0.287687 -0.0629841 0.0707397 106.957 403 460987
1.46646 4.94766 0.265388 5.17868 0.288146 -0.0840222 0.0707397 112.207 431 460987
1.46646 4.93691 0.156735 5.17868 0.288739 -0.105098 0.0707397 107.894 408 460987
1.38499 4.97108 0.265388 5.17868 0.271719 -0.0840222 0.0707397 110.332 421 460987
-1.38499 4.98886 0.591347 5.17868 -0.270797 -0.0209824 -1.62701 108.832 413 460987
-1.38499 4.98531 0.482694 5.17868 -0.270981 -0.041974 -1.62701 108.832 413 460987
-1.22205 5.01363 1.13461 5.17868 -0.239084 0.0840222 -1.48553 110.707 423 460987
-1.14058 5.04099 1.02596 5.17868 -0.222515 0.0629841 -1.34406 112.394 432 460987
-1.3518 5.19635 0.587323 5.37048 -0.254503 -0.0209824 -1.62701 115.394 448 460987
-1.3518 5.19268 0.474646 5.37048 -0.254675 -0.041974 -1.62701 114.832 445 460987
-1.43629 5.17363 0.587323 5.37048 -0.270797 -0.0209824 -1.62701 113.144 436 460987
-1.43629 5.16995 0.474646 5.37048 -0.270981 -0.041974 -1.62701 112.957 435 460987
-1.3518 5.19635 0.587323 5.37048 -0.254503 -0.0209824 -1.69775 112.957 435 460987
-1.3518 5.19268 0.474646 5.37048 -0.254675 -0.041974 -1.69775 113.519 438 460987
-1.43629 5.17363 0.587323 5.37048 -0.270797 -0.0209824 -1.69775 111.457 427 460987
-1.43629 5.16995 0.474646 5.37048 -0.270981 -0.041974 -1.69775 112.207 431 460987
1.60526 5.1138 0.361968 5.37048 0.304167 -0.0629841 -0.0707397 104.707 391 460987
1.60526 5.1051 0.249291 5.37048 0.304653 -0.0840222 -0.0707397 108.644 412 460987
1.52077 5.13091 0.249291 5.37048 0.288146 -0.0840222 -0.0707397 108.269 410 460987
1.52077 5.11976 0.136614 5.37048 0.288739 -0.105098 -0.0707397 104.707 391 460987
1.18282 5.21918 0.249291 5.37048 0.222865 -0.0840222 -0.0707397 107.144 404 460987
-1.40008 5.38193 0.583299 5.56229 -0.254503 -0.0209824 -1.62701 121.957 483 460987
-1.40008 5.37814 0.466597 5.56229 -0.254675 -0.041974 -1.62701 121.582 481 460987
-1.40008 5.38193 0.583299 5.56229 -0.254503 -0.0209824 -1.69775 121.019 478 460987
-1.40008 5.37814 0.466597 5.56229 -0.254675 -0.041974 -1.69775 121.394 480 460987
-1.48758 5.35841 0.583299 5.56229 -0.270797 -0.0209824 -1.69775 118.957 467 460987
-1.48758 5.35459 0.466597 5.56229 -0.270981 -0.041974 -1.69775 119.894 472 460987
-1.26731 5.6076 0.941451 5.75409 -0.222265 0.041974 -1.62701 115.207 447 460987
-1.35783 5.58637 0.941451 5.75409 -0.238438 0.041974 -1.62701 117.082 457 460987
-1.35783 5.59028 0.820726 5.75409 -0.238277 0.0209824 -1.62701 116.144 452 460987
-1.44836 5.56752 0.820726 5.75409 -0.254503 0.0209824 -1.62701 115.019 446 460987
-1.35783 5.58637 0.941451 5.75409 -0.238438 0.041974 -1.69775 110.894 424 460987
-1.35783 5.59028 0.820726 5.75409 -0.238277 0.0209824 -1.69775 112.207 431 460987
-1.26731 5.6076 0.941451 5.75409 -0.222265 0.041974 -1.55627 118.394 464 460987
-1.26731 5.6115 0.820726 5.75409 -0.222116 0.0209824 -1.55627 119.332 469 460987
-1.35783 5.58637 0.941451 5.75409 -0.238438 0.041974 -1.55627 118.019 462 460987
-1.35783 5.59028 0.820726 5.75409 -0.238277 0.0209824 -1.55627 118.394 464 460987
-1.84665 6.24839 0.973645 6.5213 -0.287361 0.041974 0.990356 119.644 460 460987
-1.94925 6.19906 1.24729 6.5213 -0.304653 0.0840222 0.990356 116.832 445 460987
-1.94925 6.21715 0.973645 6.5213 -0.303821 0.041974 0.990356 119.082 457 460987
-1.84665 6.20027 1.52093 6.5213 -0.289469 0.12622 0.919617 120.582 465 460987
-1.84665 6.21685 1.38411 6.5213 -0.288739 0.105098 0.919617 123.394 480 460987
-1.94925 6.16878 1.52093 6.5213 -0.306057 0.12622 0.919617 119.832 461 460987
-1.94925 6.18545 1.38411 6.5213 -0.305283 0.105098 0.919617 121.894 472 460987
-1.84665 6.20027 1.52093 6.5213 -0.289469 0.12622 0.848877 118.519 454 460987
-1.84665 6.21685 1.38411 6.5213 -0.288739 0.105098 0.848877 123.207 479 460987
-1.94925 6.18545 1.38411 6.5213 -0.305283 0.105098 0.848877 122.082 473 460987
-1.74406 6.2299 1.52093 6.5213 -0.272962 0.12622 0.778137 111.394 416 460987
-1.94925 6.20962 1.11047 6.5213 -0.304167 0.0629841 0.778137 111.019 414 460987
-1.94925 6.21715 0.973645 6.5213 -0.303821 0.041974 0.778137 111.582 417 460987
-1.94925 6.22166 0.836822 6.5213 -0.303613 0.0209824 0.778137 111.019 414 460987
-1.94925 6.22317 0.7 6.5213 -0.303544 0 0.707397 109.332 405 460987
-1.94925 6.21715 0.973645 6.5213 -0.303821 0.041974 0.707397 108.582 401 460987
-1.94925 6.22166 0.836822 6.5213 -0.303613 0.0209824 0.707397 111.582 417 460987
-2.05184 6.18859 0.836822 6.5213 -0.320146 0.0209824 0.707397 111.207 415 460987
-2.05184 6.18859 0.563178 6.5213 -0.320146 -0.0209824 0.636658 114.207 431 460987
-1.94925 6.22317 0.7 6.5213 -0.303544 0 0.565918 121.707 471 460987
-1.94925 6.22166 0.563178 6.5213 -0.303613 -0.0209824 0.565918 122.457 475 460987
-2.05184 6.1901 0.7 6.5213 -0.320073 0 0.565918 123.207 479 460987
-2.05184 6.18859 0.563178 6.5213 -0.320146 -0.0209824 0.565918 124.144 484 460987
-1.94925 6.22317 0.7 6.5213 -0.303544 0 0.495178 118.332 453 460987
-1.94925 6.22166 0.563178 6.5213 -0.303613 -0.0209824 0.495178 119.644 460 460987
-2.05184 6.1901 0.7 6.5213 -0.320073 0 0.495178 120.207 463 460987
-2.05184 6.18859 0.563178 6.5213 -0.320146 -0.0209824 0.495178 121.519 470 460987
-1.94925 6.21715 0.426355 6.5213 -0.303821 -0.041974 0.282959 111.957 419 460987
-2.05184 6.18859 0.563178 6.5213 -0.320146 -0.0209824 0.282959 113.082 425 460987
-2.05184 6.18405 0.426355 6.5213 -0.320366 -0.041974 0.282959 117.394 448 460987
-2.05184 6.17648 0.289533 6.5213 -0.320732 -0.0629841 0.282959 112.144 420 460987
-2.15443 6.14906 0.426355 6.5213 -0.337002 -0.041974 0.282959 113.082 425 460987
-1.94925 6.22166 0.563178 6.5213 -0.303613 -0.0209824 0.424438 110.832 413 460987
-1.94925 6.21715 0.426355 6.5213 -0.303821 -0.041974 0.424438 111.207 415 460987
-2.05184 6.18859 0.563178 6.5213 -0.320146 -0.0209824 0.424438 114.394 432 460987
-2.05184 6.18405 0.426355 6.5213 -0.320366 -0.041974 0.424438 115.144 436 460987
-1.79234 6.06461 0.965596 6.3295 -0.287361 0.041974 0.990356 107.832 397 460987
-1.89191 6.03429 0.965596 6.3295 -0.303821 0.041974 0.990356 108.582 401 460987
-1.73803 5.85115 1.34387 6.1377 -0.288739 0.105098 0.848877 109.894 408 460987
-1.83458 5.8216 1.34387 6.1377 -0.305283 0.105098 0.848877 108.957 403 460987
-1.94925 6.21715 0.426355 6.5213 -0.303821 -0.041974 0.353699 116.082 441 460987
-2.05184 6.18859 0.563178 6.5213 -0.320146 -0.0209824 0.353699 116.269 442 460987
-2.05184 6.18405 0.426355 6.5213 -0.320366 -0.041974 0.353699 120.957 467 460987
-2.05184 6.17648 0.289533 6.5213 -0.320732 -0.0629841 0.353699 116.269 442 460987
-2.15443 6.14906 0.426355 6.5213 -0.337002 -0.041974 0.353699 116.457 443 460987
-1.73803 5.85115 1.34387 6.1377 -0.288739 0.105098 0.919617 110.457 411 460987
-1.83458 5.80591 1.47264 6.1377 -0.306057 0.12622 0.919617 109.332 405 460987
-1.83458 5.8216 1.34387 6.1377 -0.305283 0.105098 0.919617 110.269 410 460987
-1.77725 5.67269 0.57525 5.94589 -0.303613 -0.0209824 0.565918 108.207 399 460987
1.21602 5.80817 0.325751 5.94589 0.206382 -0.0629841 -0 112.707 423 460987
1.21602 5.79879 0.201001 5.94589 0.206706 -0.0840222 -0 114.394 432 460987
-1.12248 5.81762 0.201001 5.94589 -0.190602 -0.0840222 -0.353699 117.957 451 460987
-1.12248 5.80557 0.076251 5.94589 -0.190988 -0.105098 -0.353699 118.144 452 460987
-1.21602 5.79879 0.201001 5.94589 -0.206706 -0.0840222 -0.353699 115.707 439 460987
-1.21602 5.7867 0.076251 5.94589 -0.207126 -0.105098 -0.353699 115.894 440 460987
-1.12248 5.81762 0.201001 5.94589 -0.190602 -0.0840222 -0.424438 113.269 426 460987
-1.12248 5.80557 0.076251 5.94589 -0.190988 -0.105098 -0.424438 113.457 427 460987
1.25524 5.99553 0.313678 6.1377 0.206382 -0.0629841 -0 115.707 439 460987
1.25524 5.98585 0.184904 6.1377 0.206706 -0.0840222 -0 116.832 445 460987
1.15868 6.01494 0.313678 6.1377 0.190303 -0.0629841 -0 119.832 461 460987
1.15868 6.00528 0.184904 6.1377 0.190602 -0.0840222 -0 119.269 458 460987
0.965571 6.03934 0.184904 6.1377 0.158538 -0.0840222 -0 115.707 439 460987
-1.12248 5.80557 0.076251 5.94589 -0.190988 -0.105098 -0.282959 112.332 421 460987
1.15868 6.01494 0.313678 6.1377 0.190303 -0.0629841 0.0707397 112.707 423 460987
1.15868 6.00528 0.184904 6.1377 0.190602 -0.0840222 0.0707397 112.332 421 460987
0.965571 6.03934 0.184904 6.1377 0.158538 -0.0840222 0.0707397 106.894 392 460987
-1.12248 5.82697 0.325751 5.94589 -0.190303 -0.0629841 -0.636658 117.394 448 460987
-1.12248 5.81762 0.201001 5.94589 -0.190602 -0.0840222 -0.636658 120.394 464 460987
-1.21602 5.80817 0.325751 5.94589 -0.206382 -0.0629841 -0.636658 115.332 437 460987
-1.21602 5.79879 0.201001 5.94589 -0.206706 -0.0840222 -0.636658 118.332 453 460987
-1.12248 5.81762 0.201001 5.94589 -0.190602 -0.0840222 -0.707397 115.894 440 460987
-1.21602 5.79879 0.201001 5.94589 -0.206706 -0.0840222 -0.707397 115.144 436 460987
-1.12248 5.82697 0.325751 5.94589 -0.190303 -0.0629841 -0.565918 114.582 433 460987
-1.12248 5.81762 0.201001 5.94589 -0.190602 -0.0840222 -0.565918 118.144 452 460987
-1.21602 5.80817 0.325751 5.94589 -0.206382 -0.0629841 -0.565918 112.707 423 460987
-1.21602 5.79879 0.201001 5.94589 -0.206706 -0.0840222 -0.565918 116.269 442 460987
-1.02894 5.84422 0.325751 5.94589 -0.174275 -0.0629841 -1.0611 106.894 392 460987
-1.02894 5.80816 -0.0484987 5.94589 -0.175335 -0.12622 -1.0611 106.707 391 460987
-1.12248 5.82697 0.325751 5.94589 -0.190303 -0.0629841 -1.0611 113.269 426 460987
-1.02894 5.80816 -0.0484987 5.94589 -0.175335 -0.12622 -1.13184 106.707 391 460987
-1.15868 6.00528 0.184904 6.1377 -0.190602 -0.0840222 -0.565918 112.332 421 460987
-1.15868 6.00528 0.184904 6.1377 -0.190602 -0.0840222 -0.636658 114.207 431 460987
-1.25524 5.98585 0.184904 6.1377 -0.206706 -0.0840222 -0.636658 112.519 422 460987
1.15868 6.01494 0.313678 6.1377 0.190303 -0.0629841 -0.0707397 112.144 420 460987
1.15868 6.00528 0.184904 6.1377 0.190602 -0.0840222 -0.0707397 111.582 417 460987
0.965571 6.04894 0.313678 6.1377 0.158291 -0.0629841 -0.0707397 107.457 395 460987
0.965571 6.03934 0.184904 6.1377 0.158538 -0.0840222 -0.0707397 109.332 405 460987
1.19489 6.20291 0.301606 6.3295 0.190303 -0.0629841 -0.0707397 111.207 415 460987
1.19489 6.19295 0.168807 6.3295 0.190602 -0.0840222 -0.0707397 111.394 416 460987
1.09532 6.22126 0.301606 6.3295 0.174275 -0.0629841 -0.0707397 108.394 400 460987
1.09532 6.21133 0.168807 6.3295 0.174548 -0.0840222 -0.0707397 108.394 400 460987
-2.05184 6.17648 0.289533 6.5213 -0.320732 -0.0629841 0.0707397 111.207 415 460987
-2.05184 6.16586 0.152711 6.5213 -0.321247 -0.0840222 0.0707397 114.019 430 460987
-2.15443 6.13076 0.152711 6.5213 -0.337933 -0.0840222 0.0707397 110.269 410 460987
1.74406 6.27034 0.289533 6.5213 0.271288 -0.0629841 0.0707397 113.269 426 460987
1.84665 6.24089 0.289533 6.5213 0.287687 -0.0629841 -0 119.269 458 460987
1.74406 6.27034 0.289533 6.5213 0.271288 -0.0629841 -0 121.332 469 460987
1.74406 6.25988 0.152711 6.5213 0.271719 -0.0840222 -0 118.894 456 460987
1.74406 6.27034 0.289533 6.5213 0.271288 -0.0629841 -0.0707397 114.582 433 460987
-1.68975 6.49544 0.559153 6.7131 -0.254503 -0.0209824 1.13184 115.644 428 460987
-1.79536 6.46857 0.7 6.7131 -0.270736 0 1.13184 114.332 421 460987
-1.79536 6.46704 0.559153 6.7131 -0.270797 -0.0209824 1.13184 119.394 448 460987
-1.79536 6.46244 0.418307 6.7131 -0.270981 -0.041974 1.13184 115.082 425 460987
-1.90097 6.43679 0.559153 6.7131 -0.287166 -0.0209824 1.13184 114.894 424 460987
-1.68975 6.49544 0.559153 6.7131 -0.254503 -0.0209824 1.0611 118.832 445 460987
-1.79536 6.46857 0.7 6.7131 -0.270736 0 1.0611 119.019 446 460987
-1.79536 6.46704 0.559153 6.7131 -0.270797 -0.0209824 1.0611 123.144 468 460987
-1.79536 6.46244 0.418307 6.7131 -0.270981 -0.041974 1.0611 117.707 439 460987
-1.90097 6.43679 0.559153 6.7131 -0.287166 -0.0209824 1.0611 118.832 445 460987
-1.68975 6.49544 0.559153 6.7131 -0.254503 -0.0209824 0.990356 118.457 443 460987
-1.79536 6.46857 0.7 6.7131 -0.270736 0 0.990356 119.019 446 460987
-1.79536 6.46704 0.559153 6.7131 -0.270797 -0.0209824 0.990356 122.957 467 460987
-1.90097 6.43679 0.559153 6.7131 -0.287166 -0.0209824 0.990356 118.082 441 460987
-1.73803 6.68102 0.555129 6.90491 -0.254503 -0.0209824 1.0611 109.269 394 460987
-1.84665 6.65339 0.7 6.90491 -0.270736 0 1.0611 110.957 403 460987
-1.84665 6.65181 0.555129 6.90491 -0.270797 -0.0209824 1.0611 113.394 416 460987
-1.95528 6.6207 0.555129 6.90491 -0.287166 -0.0209824 1.0611 110.394 400 460987
-1.79536 6.46704 0.559153 6.7131 -0.270797 -0.0209824 0.919617 119.582 449 460987
-1.90097 6.3997 1.40423 6.7131 -0.288739 0.105098 0.919617 118.644 444 460987
-1.90097 6.43679 0.840847 6.7131 -0.287166 0.0209824 0.778137 112.832 413 460987
-2.00658 6.4062 0.7 6.7131 -0.303544 0 0.778137 113.957 419 460987
-2.00658 6.40001 0.981693 6.7131 -0.303821 0.041974 0.778137 113.207 415 460987
-2.00658 6.40465 0.840847 6.7131 -0.303613 0.0209824 0.778137 116.582 433 460987
-1.84665 6.65339 0.7 6.90491 -0.270736 0 0.990356 110.957 403 460987
-1.84665 6.65181 0.555129 6.90491 -0.270797 -0.0209824 0.990356 113.019 414 460987
-1.95528 6.6207 0.555129 6.90491 -0.287166 -0.0209824 0.990356 110.394 400 460987
-1.90097 6.36239 1.68593 6.7131 -0.290339 0.147399 0.848877 116.394 432 460987
-1.90097 6.3997 1.40423 6.7131 -0.288739 0.105098 0.848877 118.457 443 460987
-2.00658 6.36738 1.40423 6.7131 -0.305283 0.105098 0.848877 117.332 437 460987
-2.00658 6.4062 0.7 6.7131 -0.303544 0 0.565918 120.894 456 460987
-2.00658 6.40465 0.559153 6.7131 -0.303613 -0.0209824 0.565918 123.144 468 460987
-2.11219 6.37216 0.7 6.7131 -0.320073 0 0.565918 122.207 463 460987
-2.11219 6.3706 0.559153 6.7131 -0.320146 -0.0209824 0.565918 123.707 471 460987
-2.00658 6.4062 0.7 6.7131 -0.303544 0 0.707397 117.144 436 460987
-2.00658 6.40465 0.840847 6.7131 -0.303613 0.0209824 0.707397 117.144 436 460987
-2.11219 6.37216 0.7 6.7131 -0.320073 0 0.636658 111.332 405 460987
-2.11219 6.3706 0.559153 6.7131 -0.320146 -0.0209824 0.636658 110.957 403 460987
-2.06391 6.58924 0.7 6.90491 -0.303544 0 0.565918 110.394 400 460987
-2.17253 6.55422 0.7 6.90491 -0.320073 0 0.565918 112.457 411 460987
-2.17253 6.55262 0.555129 6.90491 -0.320146 -0.0209824 0.565918 111.894 408 460987
-2.00658 6.4062 0.7 6.7131 -0.303544 0 0.495178 117.894 440 460987
-2.00658 6.40465 0.559153 6.7131 -0.303613 -0.0209824 0.495178 120.332 453 460987
-2.11219 6.37216 0.7 6.7131 -0.320073 0 0.495178 119.957 451 460987
-2.11219 6.3706 0.559153 6.7131 -0.320146 -0.0209824 0.495178 122.019 462 460987
-1.84665 6.61384 1.42435 6.90491 -0.272276 0.105098 0.919617 109.832 397 460987
-1.95528 6.56499 1.56922 6.90491 -0.289469 0.12622 0.919617 111.894 408 460987
-1.95528 6.58255 1.42435 6.90491 -0.288739 0.105098 0.919617 112.457 411 460987
-1.95528 6.52008 1.85897 6.90491 -0.291352 0.168645 0.848877 112.082 409 460987
-1.95528 6.54418 1.7141 6.90491 -0.290339 0.147399 0.848877 113.207 415 460987
-1.95528 6.56499 1.56922 6.90491 -0.289469 0.12622 0.848877 111.707 407 460987
-1.95528 6.58255 1.42435 6.90491 -0.288739 0.105098 0.848877 112.644 412 460987
-2.17253 6.54782 0.410259 6.90491 -0.320366 -0.041974 0.353699 111.519 406 460987
-2.11219 6.3706 0.559153 6.7131 -0.320146 -0.0209824 0.424438 110.582 401 460987
-2.11219 6.36593 0.418307 6.7131 -0.320366 -0.041974 0.424438 109.832 397 460987
-1.89795 6.79756 1.44447 7.09671 -0.272276 0.105098 0.848877 111.144 404 460987
-2.11219 6.36593 0.418307 6.7131 -0.320366 -0.041974 0.282959 111.707 407 460987
-1.79536 6.46704 0.559153 6.7131 -0.270797 -0.0209824 0.353699 111.332 405 460987
-2.00658 6.40001 0.418307 6.7131 -0.303821 -0.041974 0.353699 111.332 405 460987
-2.11219 6.36593 0.418307 6.7131 -0.320366 -0.041974 0.353699 115.457 427 460987
-2.11219 6.35814 0.27746 6.7131 -0.320732 -0.0629841 0.353699 111.707 407 460987
-2.11219 6.29543 -0.285926 6.7131 -0.323709 -0.147399 0.353699 110.957 403 460987
-2.2178 6.32991 0.418307 6.7131 -0.337002 -0.041974 0.353699 110.394 400 460987
1.79536 6.46857 0.7 6.7131 0.270736 0 0.0707397 120.332 453 460987
1.68975 6.49696 0.7 6.7131 0.254446 0 0.0707397 122.394 464 460987
1.79536 6.46857 0.7 6.7131 0.270736 0 -0 127.644 492 460987
1.68975 6.49696 0.7 6.7131 0.254446 0 -0 129.144 500 460987
1.68975 6.49544 0.559153 6.7131 0.254503 -0.0209824 -0 124.832 477 460987
1.68975 6.49544 0.840847 6.7131 0.254503 0.0209824 -0 125.019 478 460987
1.79536 6.46857 0.7 6.7131 0.270736 0 -0.0707397 120.519 454 460987
1.68975 6.49696 0.7 6.7131 0.254446 0 -0.0707397 122.394 464 460987
1.95528 6.60801 0.265388 6.90491 0.287687 -0.0629841 0.0707397 120.707 455 460987
1.84665 6.65339 0.7 6.90491 0.270736 0 0.0707397 123.144 468 460987
1.73803 6.68259 0.7 6.90491 0.254446 0 0.0707397 123.894 472 460987
1.84665 6.65339 0.7 6.90491 0.270736 0 -0 130.832 509 460987
1.73803 6.68259 0.7 6.90491 0.254446 0 -0 131.957 515 460987
1.95528 6.60801 0.265388 6.90491 0.287687 -0.0629841 -0.0707397 121.457 459 460987
1.84665 6.65339 0.7 6.90491 0.270736 0 -0.0707397 124.269 474 460987
1.73803 6.68259 0.7 6.90491 0.254446 0 -0.0707397 125.394 480 460987
1.73803 6.68102 0.555129 6.90491 0.254503 -0.0209824 -0.0707397 121.644 460 460987
-1.89795 6.79756 1.44447 7.09671 -0.272276 0.105098 0.919617 112.082 409 460987
-1.89795 6.81222 1.29558 7.09671 -0.271719 0.0840222 0.919617 109.457 395 460987
1.78631 6.85368 0.253315 7.09671 0.254962 -0.0629841 -0 120.707 455 460987
1.67466 6.88986 0.40221 7.09671 0.238438 -0.041974 -0 120.519 454 460987
1.67466 6.88181 0.253315 7.09671 0.238706 -0.0629841 -0 125.019 478 460987
1.56302 6.90802 0.253315 7.09671 0.222515 -0.0629841 -0 123.707 471 460987
1.37594 7.14274 0.241243 7.28851 0.190303 -0.0629841 -0 119.207 447 460987
1.88286 7.23266 0.386113 7.48032 0.254675 -0.041974 -0 123.644 460 460987
1.76518 7.26228 0.386113 7.48032 0.238438 -0.041974 -0 124.957 467 460987
1.41215 7.33071 0.22917 7.48032 0.190303 -0.0629841 -0 119.332 437 460987
2.84542 7.32366 0.370017 7.86392 0.370574 -0.041974 0.0707397 110.332 389 460987
2.84542 7.31436 0.205025 7.86392 0.371003 -0.0629841 0.0707397 112.957 403 460987
2.47427 7.45723 0.370017 7.86392 0.320366 -0.041974 0.0707397 114.082 409 460987
2.47427 7.4481 0.205025 7.86392 0.320732 -0.0629841 0.0707397 115.207 415 460987
1.85571 7.64005 0.535008 7.86392 0.238277 -0.0209824 -0 126.269 474 460987
1.85571 7.63471 0.370017 7.86392 0.238438 -0.041974 -0 126.269 474 460987
1.73199 7.66904 0.535008 7.86392 0.222116 -0.0209824 -0 123.832 461 460987
1.73199 7.66372 0.370017 7.86392 0.222265 -0.041974 -0 124.207 463 460987
2.84542 7.32366 0.370017 7.86392 0.370574 -0.041974 -0.0707397 110.332 389 460987
2.84542 7.31436 0.205025 7.86392 0.371003 -0.0629841 -0.0707397 112.394 400 460987
2.47427 7.45723 0.370017 7.86392 0.320366 -0.041974 -0.0707397 113.894 408 460987
2.47427 7.4481 0.205025 7.86392 0.320732 -0.0629841 -0.0707397 114.832 413 460987
1.90097 7.8264 0.530984 8.05573 0.238277 -0.0209824 0.0707397 126.269 474 460987
1.90097 7.82092 0.361968 8.05573 0.238438 -0.041974 0.0707397 131.144 500 460987
1.90097 7.81178 0.192952 8.05573 0.238706 -0.0629841 0.0707397 127.957 483 460987
1.77424 7.85064 0.361968 8.05573 0.222265 -0.041974 0.0707397 127.582 481 460987
1.90097 7.8264 0.530984 8.05573 0.238277 -0.0209824 -0 133.957 515 460987
1.90097 7.82092 0.361968 8.05573 0.238438 -0.041974 -0 138.832 541 460987
1.90097 7.81178 0.192952 8.05573 0.238706 -0.0629841 -0 135.644 524 460987
1.77424 7.85064 0.361968 8.05573 0.222265 -0.041974 -0 135.082 521 460987
1.90097 7.8264 0.530984 8.05573 0.238277 -0.0209824 -0.0707397 126.644 476 460987
1.90097 7.82092 0.361968 8.05573 0.238438 -0.041974 -0.0707397 131.707 503 460987
1.90097 7.81178 0.192952 8.05573 0.238706 -0.0629841 -0.0707397 128.519 486 460987
1.77424 7.85064 0.361968 8.05573 0.222265 -0.041974 -0.0707397 128.144 484 460987
1.94623 8.00713 0.35392 8.24753 0.238438 -0.041974 0.0707397 123.519 454 460987
1.94623 8.00713 0.35392 8.24753 0.238438 -0.041974 -0 131.582 497 460987
1.94623 7.99778 0.18088 8.24753 0.238706 -0.0629841 -0 129.894 488 460987
1.81648 8.03756 0.35392 8.24753 0.222265 -0.041974 -0 127.832 477 460987
1.81648 8.02824 0.18088 8.24753 0.222515 -0.0629841 -0 126.519 470 460987
1.94623 8.00713 0.35392 8.24753 0.238438 -0.041974 -0.0707397 125.207 463 460987
1.94623 7.99778 0.18088 8.24753 0.238706 -0.0629841 -0.0707397 123.894 456 460987
1.99149 8.19334 0.345872 8.43933 0.238438 -0.041974 -0 125.019 462 460987
1.32766 8.32672 0.345872 8.43933 0.158115 -0.041974 -0 117.144 420 460987
2.4441 8.26993 0.337823 8.63113 0.287361 -0.041974 -0 119.207 431 460987
1.6294 8.4682 0.337823 8.63113 0.190091 -0.041974 -0 121.832 445 460987
1.49362 8.4932 0.337823 8.63113 0.17408 -0.041974 -0 120.144 436 460987
4.68 7.69546 0.321726 9.01474 0.546391 -0.041974 -0 115.394 400 460987
3.12 8.44914 0.321726 9.01474 0.353736 -0.041974 -0 117.832 413 460987
2.97818 8.50017 0.321726 9.01474 0.337002 -0.041974 -0 118.207 415 460987
4.77957 7.85919 0.313678 9.20654 0.546391 -0.041974 -0 115.207 399 460987
3.76573 8.39229 0.313678 9.20654 0.421783 -0.041974 -0 116.519 406 460987
3.62089 8.45579 0.313678 9.20654 0.40459 -0.041974 -0 119.519 422 460987
3.62089 8.44475 0.120517 9.20654 0.405063 -0.0629841 -0 115.582 401 460987
3.47605 8.51635 0.313678 9.20654 0.387523 -0.041974 -0 115.957 403 460987
3.8472 8.9913 0.494766 9.78195 0.404307 -0.0209824 -0 119.394 416 460987
3.8472 8.98427 0.289533 9.78195 0.40459 -0.041974 -0 120.519 422 460987
3.69331 9.0556 0.494766 9.78195 0.387253 -0.0209824 -0 118.457 411 460987
3.69331 9.04862 0.289533 9.78195 0.387523 -0.041974 -0 119.582 417 460987
-1.72596 9.82105 0.490742 9.97375 -0.173964 -0.0209824 -0 116.394 400 460987
-1.88286 9.79218 0.490742 9.97375 -0.189964 -0.0209824 -0 115.269 394 460987
-2.03977 9.7607 0.490742 9.97375 -0.206013 -0.0209824 -0 119.207 415 460987
-2.03977 9.75397 0.281485 9.97375 -0.206151 -0.041974 -0 115.644 396 460987
-2.19667 9.72659 0.490742 9.97375 -0.222116 -0.0209824 -0 115.644 396 460987
-2.3234 10.2806 0.257339 10.5492 -0.222265 -0.041974 -0 121.519 422 460987
-2.48936 10.2417 0.257339 10.5492 -0.238438 -0.041974 -0 121.519 422 460987
8.13192 6.71624 0.47867 10.5492 0.880455 -0.0209824 -0 121.144 420 460987
8.13192 6.70529 0.257339 10.5492 0.881256 -0.041974 -0 124.144 436 460987
6.23095 9.44348 0.462573 11.3164 0.583244 -0.0209824 0.0707397 118.582 401 460987
6.05292 9.55856 0.462573 11.3164 0.564507 -0.0209824 0.0707397 123.832 429 460987
6.05292 9.54971 0.225146 11.3164 0.564926 -0.041974 0.0707397 124.957 435 460987
6.05292 9.55856 0.462573 11.3164 0.564507 -0.0209824 -0 131.332 469 460987
6.05292 9.54971 0.225146 11.3164 0.564926 -0.041974 -0 132.644 476 460987
6.05292 9.55856 0.462573 11.3164 0.564507 -0.0209824 -0.0707397 124.394 432 460987
6.05292 9.54971 0.225146 11.3164 0.564926 -0.041974 -0.0707397 125.519 438 460987
6.15551 9.72057 0.458549 11.5082 0.564507 -0.0209824 -0 120.082 409 460987
6.15551 9.71157 0.217098 11.5082 0.564926 -0.041974 -0 121.394 416 460987
5.97447 9.53489 3.11451 11.5082 0.559742 0.211379 -0 121.582 417 460987
5.97447 9.59279 2.87306 11.5082 0.557021 0.189968 -0 123.832 429 460987
1.39404 12.5708 0.168807 12.659 0.110444 -0.041974 -0 120.894 408 460987
6.15551 11.4954 0.426355 13.0426 0.491624 -0.0209824 -0 139.707 503 460987
5.95033 11.6029 0.426355 13.0426 0.473858 -0.0209824 -0 138.019 494 460987
6.24604 11.6645 0.422331 13.2344 0.491624 -0.0209824 -0 143.644 524 460987
6.24604 11.6545 0.144662 13.2344 0.491978 -0.041974 -0 140.457 507 460987
6.03783 11.7736 0.422331 13.2344 0.473858 -0.0209824 -0 141.957 515 460987
6.03783 11.7637 0.144662 13.2344 0.474198 -0.041974 -0 138.394 496 460987
6.33656 11.8335 0.418307 13.4262 0.491624 -0.0209824 0.0707397 145.519 534 460987
6.33656 11.8234 0.136614 13.4262 0.491978 -0.041974 0.0707397 141.582 513 460987
6.12534 11.9442 0.418307 13.4262 0.473858 -0.0209824 0.0707397 143.457 523 460987
6.33656 11.8335 0.418307 13.4262 0.491624 -0.0209824 -0 153.207 575 460987
6.33656 11.8234 0.136614 13.4262 0.491978 -0.041974 -0 149.269 554 460987
6.12534 11.9442 0.418307 13.4262 0.473858 -0.0209824 -0 151.144 564 460987
6.33656 11.8335 0.418307 13.4262 0.491624 -0.0209824 -0.0707397 146.082 537 460987
6.33656 11.8234 0.136614 13.4262 0.491978 -0.041974 -0.0707397 142.332 517 460987
6.12534 11.9442 0.418307 13.4262 0.473858 -0.0209824 -0.0707397 144.207 527 460987
6.42708 12.0026 0.414283 13.618 0.491624 -0.0209824 -0 141.082 505 460987
6.42708 11.8382 2.70002 13.618 0.497384 0.147399 -0 139.207 495 460987
6.21284 12.1148 0.414283 13.618 0.473858 -0.0209824 -0 138.832 493 460987
6.21284 11.9007 2.98574 13.618 0.481138 0.168645 -0 137.894 488 460987
6.21284 11.952 2.70002 13.618 0.479374 0.147399 -0 142.019 510 460987
6.5176 12.1716 0.410259 13.8098 0.491624 -0.0209824 -0 138.269 490 460987
6.30035 12.2855 0.410259 13.8098 0.473858 -0.0209824 -0 137.332 485 460987
6.1193 13.6519 0.7 14.9606 0.421388 0 -0 131.957 451 460987
5.88395 13.755 0.7 14.9606 0.404213 0 -0 129.332 437 460987
-7.15126 13.2981 -0.571643 15.1524 -0.493402 -0.0840222 -0 126.394 416 460987
-7.38963 13.2284 0.7 15.1524 -0.509437 0 -0 128.457 427 460987
-7.38963 13.2245 0.382089 15.1524 -0.50956 -0.0209824 -0 128.457 427 460987
-7.38963 13.1671 -0.571643 15.1524 -0.511416 -0.0840222 -0 130.519 438 460987
6.82538 15.2271 0.7 16.6869 0.421388 0 0.0707397 145.394 512 460987
6.56286 15.3421 0.7 16.6869 0.404213 0 0.0707397 149.519 534 460987
6.56286 15.3381 1.0501 16.6869 0.404307 0.0209824 0.0707397 149.332 533 460987
6.82538 15.2271 0.7 16.6869 0.421388 0 -0 152.894 552 460987
6.56286 15.3421 0.7 16.6869 0.404213 0 -0 156.832 573 460987
6.56286 15.3381 1.0501 16.6869 0.404307 0.0209824 -0 156.832 573 460987
6.82538 15.2271 0.7 16.6869 0.421388 0 -0.0707397 145.582 513 460987
6.56286 15.3421 0.7 16.6869 0.404213 0 -0.0707397 149.707 535 460987
6.56286 15.3381 1.0501 16.6869 0.404307 0.0209824 -0.0707397 149.707 535 460987
6.6383 15.5184 0.7 16.8787 0.404213 0 0.0707397 149.519 534 460987
6.6383 15.5144 1.05413 16.8787 0.404307 0.0209824 0.0707397 149.144 532 460987
6.6383 15.5184 0.7 16.8787 0.404213 0 -0 157.394 576 460987
6.6383 15.5144 1.05413 16.8787 0.404307 0.0209824 -0 157.207 575 460987
6.6383 15.5184 0.7 16.8787 0.404213 0 -0.0707397 150.644 540 460987
6.6383 15.5144 1.05413 16.8787 0.404307 0.0209824 -0.0707397 150.269 538 460987
-7.3323 15.6276 0.7 17.2623 -0.438696 0 -0 130.582 433 460987
-7.3323 15.6234 0.337823 17.2623 -0.438799 -0.0209824 -0 135.269 458 460987
-7.3323 15.6108 -0.0243536 17.2623 -0.439109 -0.041974 -0 132.269 442 460987
-7.60387 15.4931 0.337823 17.2623 -0.456253 -0.0209824 -0 132.644 444 460987
6.73486 16.5174 0.7 17.8377 0.387164 0 0.0707397 148.269 522 460987
6.73486 16.5132 0.325751 17.8377 0.387253 -0.0209824 0.0707397 148.644 524 460987
6.45424 16.6291 0.7 17.8377 0.370232 0 0.0707397 145.644 508 460987
6.45424 16.6248 0.325751 17.8377 0.370317 -0.0209824 0.0707397 146.019 510 460987
6.73486 16.5174 0.7 17.8377 0.387164 0 -0 155.957 563 460987
6.73486 16.5132 0.325751 17.8377 0.387253 -0.0209824 -0 156.144 564 460987
6.45424 16.6291 0.7 17.8377 0.370232 0 -0 152.957 547 460987
6.45424 16.6248 0.325751 17.8377 0.370317 -0.0209824 -0 153.332 549 460987
6.73486 16.5174 0.7 17.8377 0.387164 0 -0.0707397 148.644 524 460987
6.73486 16.5132 0.325751 17.8377 0.387253 -0.0209824 -0.0707397 149.019 526 460987
6.45424 16.6291 0.7 17.8377 0.370232 0 -0.0707397 145.644 508 460987
6.45424 16.6248 0.325751 17.8377 0.370317 -0.0209824 -0.0707397 146.207 511 460987
6.80727 16.695 0.7 18.0295 0.387164 0 0.0707397 142.269 490 460987
6.80727 16.6907 0.321726 18.0295 0.387253 -0.0209824 0.0707397 142.457 491 460987
6.80727 16.695 0.7 18.0295 0.387164 0 -0 150.144 532 460987
6.80727 16.6907 0.321726 18.0295 0.387253 -0.0209824 -0 150.519 534 460987
6.52364 16.8079 0.7 18.0295 0.370232 0 -0 147.144 516 460987
6.52364 16.8036 0.321726 18.0295 0.370317 -0.0209824 -0 147.332 517 460987
6.80727 16.695 0.7 18.0295 0.387164 0 -0.0707397 143.957 499 460987
6.80727 16.6907 0.321726 18.0295 0.387253 -0.0209824 -0.0707397 144.332 501 460987
6.87969 16.8726 0.7 18.2213 0.387164 0 -0 146.269 506 460987
6.87969 16.8683 0.317702 18.2213 0.387253 -0.0209824 -0 145.519 502 460987
6.59304 16.9867 0.7 18.2213 0.370232 0 -0 146.269 506 460987
6.59304 16.9824 0.317702 18.2213 0.370317 -0.0209824 -0 145.519 502 460987
3.04758 19.1309 0.7 19.3721 0.157974 0 0.0707397 137.332 453 460987
2.74282 19.1769 0.7 19.3721 0.142064 0 0.0707397 138.269 458 460987
6.46329 18.4654 0.7 19.5639 0.336693 0 -0 152.894 536 460987
6.46329 18.4609 0.289533 19.5639 0.336771 -0.0209824 -0 152.144 532 460987
6.15551 18.5703 0.7 19.5639 0.320073 0 -0 152.144 532 460987
6.15551 18.5658 0.289533 19.5639 0.320146 -0.0209824 -0 151.207 527 460987
7.14824 18.1871 3.60144 19.7557 0.37449 0.147399 -0 143.519 486 460987
5.90507 18.8525 0.7 19.7557 0.303544 0 -0 151.207 527 460987
6.27621 18.9344 0.7 19.9475 0.320073 0 0.0707397 159.457 571 460987
6.27621 18.9298 0.281485 19.9475 0.320146 -0.0209824 0.0707397 155.332 549 460987
6.27621 18.9298 1.11852 19.9475 0.320146 0.0209824 0.0707397 155.519 550 460987
5.9624 19.0356 0.7 19.9475 0.303544 0 0.0707397 158.894 568 460987
6.27621 18.9344 0.7 19.9475 0.320073 0 -0 166.957 611 460987
6.27621 18.9298 0.281485 19.9475 0.320146 -0.0209824 -0 163.019 590 460987
6.27621 18.9298 1.11852 19.9475 0.320146 0.0209824 -0 163.019 590 460987
5.9624 19.0356 0.7 19.9475 0.303544 0 -0 166.207 607 460987
6.27621 18.9344 0.7 19.9475 0.320073 0 -0.0707397 160.019 574 460987
6.27621 18.9298 0.281485 19.9475 0.320146 -0.0209824 -0.0707397 156.082 553 460987
6.27621 18.9298 1.11852 19.9475 0.320146 0.0209824 -0.0707397 155.894 552 460987
5.9624 19.0356 0.7 19.9475 0.303544 0 -0.0707397 159.269 570 460987
6.33656 19.1165 0.7 20.1393 0.320073 0 0.0707397 152.894 536 460987
6.01973 19.2186 0.7 20.1393 0.303544 0 0.0707397 151.582 529 460987
6.33656 19.1165 0.7 20.1393 0.320073 0 -0 161.144 580 460987
6.33656 19.1118 0.27746 20.1393 0.320146 -0.0209824 -0 157.019 558 460987
6.33656 19.1118 1.12254 20.1393 0.320146 0.0209824 -0 157.394 560 460987
6.01973 19.2186 0.7 20.1393 0.303544 0 -0 160.582 577 460987
6.33656 19.1165 0.7 20.1393 0.320073 0 -0.0707397 154.582 545 460987
6.01973 19.2186 0.7 20.1393 0.303544 0 -0.0707397 154.582 545 460987
6.39691 19.2985 0.7 20.3311 0.320073 0 -0 152.707 535 460987
6.07706 19.4016 0.7 20.3311 0.303544 0 -0 151.582 529 460987
1.61431 20.4548 1.13059 20.5229 0.0787578 0.0209824 -0 148.832 509 460987
1.29145 20.4822 0.7 20.5229 0.0629689 0 -0 151.269 522 460987
1.29145 20.4777 1.13059 20.5229 0.0629827 0.0209824 -0 150.144 516 460987
0.968588 20.5 0.7 20.5229 0.047213 0 -0 148.457 507 460987
1.95528 20.6222 0.7 20.7147 0.0945316 0 0.0707397 151.457 523 460987
1.95528 20.6177 1.13461 20.7147 0.0945525 0.0209824 0.0707397 154.269 538 460987
1.6294 20.6505 0.7 20.7147 0.0787404 0 0.0707397 152.394 528 460987
1.6294 20.646 1.13461 20.7147 0.0787578 0.0209824 0.0707397 154.644 540 460987
1.95528 20.6177 1.13461 20.7147 0.0945525 0.0209824 -0 161.582 577 460987
1.6294 20.6505 0.7 20.7147 0.0787404 0 -0 159.707 567 460987
1.6294 20.646 1.13461 20.7147 0.0787578 0.0209824 -0 161.957 579 460987
1.95528 20.6222 0.7 20.7147 0.0945316 0 -0.0707397 151.457 523 460987
1.95528 20.6177 1.13461 20.7147 0.0945525 0.0209824 -0.0707397 154.457 539 460987
1.6294 20.6505 0.7 20.7147 0.0787404 0 -0.0707397 152.207 527 460987
1.6294 20.646 1.13461 20.7147 0.0787578 0.0209824 -0.0707397 154.644 540 460987
4.93346 20.3161 0.7 20.9065 0.238224 0 0.0707397 147.144 500 460987
4.93346 20.2971 1.57727 20.9065 0.238438 0.041974 0.0707397 145.082 489 460987
4.93346 20.3114 1.13864 20.9065 0.238277 0.0209824 0.0707397 148.644 508 460987
4.60457 20.3743 1.57727 20.9065 0.222265 0.041974 0.0707397 145.832 493 460987
4.60457 20.3884 1.13864 20.9065 0.222116 0.0209824 0.0707397 147.144 500 460987
4.93346 20.3114 1.13864 20.9065 0.238277 0.0209824 -0 156.144 548 460987
4.93346 20.3161 0.7 20.9065 0.238224 0 -0.0707397 147.894 504 460987
4.93346 20.3114 1.13864 20.9065 0.238277 0.0209824 -0.0707397 149.394 512 460987
4.60457 20.3743 1.57727 20.9065 0.222265 0.041974 -0.0707397 146.957 499 460987
4.60457 20.3884 1.13864 20.9065 0.222116 0.0209824 -0.0707397 148.082 505 460987
1.97338 20.8086 1.13864 20.9065 0.0945525 0.0209824 -0.0707397 146.957 499 460987
1.64449 20.8417 0.7 20.9065 0.0787404 0 -0.0707397 147.894 504 460987
1.64449 20.8371 1.13864 20.9065 0.0787578 0.0209824 -0.0707397 148.457 507 460987
1.99149 21.0041 0.7 21.0983 0.0945316 0 -0 147.144 500 460987
1.99149 20.9995 1.14266 21.0983 0.0945525 0.0209824 -0 151.457 523 460987
1.65957 21.0283 1.14266 21.0983 0.0787578 0.0209824 -0 151.082 521 460987
3.68426 20.9499 1.59337 21.2901 0.17408 0.041974 -0 144.894 488 460987
3.68426 20.9642 1.14668 21.2901 0.173964 0.0209824 -0 143.957 483 460987
1.67466 21.2242 0.7 21.2901 0.0787404 0 -0 145.457 491 460987
1.67466 21.2195 1.14668 21.2901 0.0787578 0.0209824 -0 145.457 491 460987
3.71745 21.153 1.15071 21.4819 0.173964 0.0209824 0.0707397 147.894 504 460987
1.3518 21.4394 0.7 21.4819 0.0629689 0 0.0707397 150.707 519 460987
1.3518 21.4346 0.249291 21.4819 0.0629827 -0.0209824 0.0707397 147.707 503 460987
1.3518 21.4346 1.15071 21.4819 0.0629827 0.0209824 0.0707397 149.019 510 460987
1.01385 21.458 0.7 21.4819 0.047213 0 0.0707397 147.707 503 460987
1.3518 21.4394 0.7 21.4819 0.0629689 0 -0 158.207 559 460987
1.3518 21.4346 1.15071 21.4819 0.0629827 0.0209824 -0 156.519 550 460987
3.71745 21.153 1.15071 21.4819 0.173964 0.0209824 -0.0707397 148.832 509 460987
1.3518 21.4394 0.7 21.4819 0.0629689 0 -0.0707397 151.082 521 460987
1.3518 21.4346 0.249291 21.4819 0.0629827 -0.0209824 -0.0707397 148.269 506 460987
1.3518 21.4346 1.15071 21.4819 0.0629827 0.0209824 -0.0707397 149.394 512 460987
1.01385 21.458 0.7 21.4819 0.047213 0 -0.0707397 148.269 506 460987
1.36387 21.6308 0.7 21.6737 0.0629689 0 0.0707397 145.644 492 460987
1.36387 21.6308 0.7 21.6737 0.0629689 0 -0 153.707 535 460987
1.36387 21.6308 0.7 21.6737 0.0629689 0 -0.0707397 147.519 502 460987
5.15977 21.2431 1.15876 21.8655 0.238277 0.0209824 0.0707397 149.582 513 460987
4.81578 21.3089 1.61751 21.8655 0.222265 0.041974 0.0707397 150.144 516 460987
4.81578 21.3237 1.15876 21.8655 0.222116 0.0209824 0.0707397 154.832 541 460987
4.4718 21.3985 1.15876 21.8655 0.206013 0.0209824 0.0707397 150.144 516 460987
5.15977 21.2431 1.15876 21.8655 0.238277 0.0209824 -0 156.332 549 460987
4.81578 21.3089 1.61751 21.8655 0.222265 0.041974 -0 156.519 550 460987
4.81578 21.3237 1.15876 21.8655 0.222116 0.0209824 -0 161.394 576 460987
4.4718 21.3985 1.15876 21.8655 0.206013 0.0209824 -0 156.519 550 460987
5.15977 21.2431 1.15876 21.8655 0.238277 0.0209824 -0.0707397 147.894 504 460987
4.81578 21.3089 1.61751 21.8655 0.222265 0.041974 -0.0707397 148.269 506 460987
4.81578 21.3237 1.15876 21.8655 0.222116 0.0209824 -0.0707397 153.519 534 460987
4.4718 21.3985 1.15876 21.8655 0.206013 0.0209824 -0.0707397 149.019 510 460987
4.85803 21.5107 1.16278 22.0573 0.222116 0.0209824 0.0707397 150.019 510 460987
5.20503 21.4294 1.16278 22.0573 0.238277 0.0209824 -0 153.207 527 460987
4.85803 21.4958 1.62556 22.0573 0.222265 0.041974 -0 151.519 518 460987
4.85803 21.5107 1.16278 22.0573 0.222116 0.0209824 -0 157.519 550 460987
4.51103 21.5862 1.16278 22.0573 0.206013 0.0209824 -0 152.457 523 460987
5.20503 21.4294 1.16278 22.0573 0.238277 0.0209824 -0.0707397 146.082 489 460987
4.85803 21.5107 1.16278 22.0573 0.222116 0.0209824 -0.0707397 150.582 513 460987
8.05045 20.7206 1.63361 22.2491 0.370574 0.041974 -0 141.207 463 460987
8.05045 20.7364 1.16681 22.2491 0.370317 0.0209824 -0 142.519 470 460987
4.90027 21.6978 1.16681 22.2491 0.222116 0.0209824 -0 146.832 493 460987
2.80015 22.0722 0.7 22.2491 0.126189 0 -0 142.144 468 460987
2.80015 22.0673 1.16681 22.2491 0.126217 0.0209824 -0 141.957 467 460987
8.05045 20.7364 1.16681 22.2491 0.370317 0.0209824 -0.0707397 135.957 435 460987
1.79536 22.7538 0.7 22.8246 0.0787404 0 0.0707397 152.707 519 460987
1.43629 22.7793 0.7 22.8246 0.0629689 0 0.0707397 155.144 532 460987
1.43629 22.7743 1.17888 22.8246 0.0629827 0.0209824 0.0707397 151.207 511 460987
1.07721 22.7991 0.7 22.8246 0.047213 0 0.0707397 152.519 518 460987
1.79536 22.7538 0.7 22.8246 0.0787404 0 -0 160.207 559 460987
1.43629 22.7793 0.7 22.8246 0.0629689 0 -0 162.269 570 460987
1.43629 22.7743 1.17888 22.8246 0.0629827 0.0209824 -0 158.332 549 460987
1.07721 22.7991 0.7 22.8246 0.047213 0 -0 159.457 555 460987
1.79536 22.7538 0.7 22.8246 0.0787404 0 -0.0707397 152.894 520 460987
1.43629 22.7793 0.7 22.8246 0.0629689 0 -0.0707397 154.582 529 460987
1.43629 22.7743 1.17888 22.8246 0.0629827 0.0209824 -0.0707397 150.457 507 460987
1.07721 22.7991 0.7 22.8246 0.047213 0 -0.0707397 152.144 516 460987
1.81044 22.945 0.7 23.0164 0.0787404 0 0.0707397 151.957 515 460987
1.44836 22.9707 0.7 23.0164 0.0629689 0 0.0707397 155.707 535 460987
1.44836 22.9657 1.1829 23.0164 0.0629827 0.0209824 0.0707397 152.144 516 460987
1.08627 22.9907 0.7 23.0164 0.047213 0 0.0707397 153.832 525 460987
1.08627 22.9856 1.1829 23.0164 0.0472234 0.0209824 0.0707397 151.207 511 460987
1.81044 22.945 0.7 23.0164 0.0787404 0 -0 160.019 558 460987
1.44836 22.9707 0.7 23.0164 0.0629689 0 -0 163.394 576 460987
1.44836 22.9657 1.1829 23.0164 0.0629827 0.0209824 -0 159.832 557 460987
1.08627 22.9907 0.7 23.0164 0.047213 0 -0 161.519 566 460987
1.81044 22.945 0.7 23.0164 0.0787404 0 -0.0707397 153.269 522 460987
1.44836 22.9707 0.7 23.0164 0.0629689 0 -0.0707397 156.269 538 460987
1.44836 22.9657 1.1829 23.0164 0.0629827 0.0209824 -0.0707397 152.707 519 460987
1.08627 22.9907 0.7 23.0164 0.047213 0 -0.0707397 154.582 529 460987
-14.4745 18.6295 0.7 23.5918 -0.660537 0 0.0707397 133.019 414 460987
-14.8456 18.3352 0.7 23.5918 -0.680617 0 0.0707397 138.269 442 460987
-14.8456 18.3285 0.205025 23.5918 -0.680795 -0.0209824 0.0707397 136.394 432 460987
-15.2168 18.0283 0.7 23.5918 -0.701029 0 0.0707397 134.894 424 460987
-14.8456 18.3352 0.7 23.5918 -0.680617 0 -0 145.207 479 460987
-14.8456 18.3285 0.205025 23.5918 -0.680795 -0.0209824 -0 143.332 469 460987
-13.7322 19.1833 0.7 23.5918 -0.621281 0 -0.0707397 133.957 419 460987
-13.7322 19.1769 1.19497 23.5918 -0.621438 0.0209824 -0.0707397 133.957 419 460987
-14.1034 18.9056 1.19497 23.5918 -0.640929 0.0209824 -0.0707397 133.582 417 460987
-14.8456 18.3352 0.7 23.5918 -0.680617 0 -0.0707397 138.269 442 460987
-14.8456 18.3285 0.205025 23.5918 -0.680795 -0.0209824 -0.0707397 136.207 431 460987
-15.2168 18.0283 0.7 23.5918 -0.701029 0 -0.0707397 134.707 423 460987
-14.5922 18.781 0.7 23.7836 -0.660537 0 0.0707397 138.832 445 460987
-14.5922 18.7744 1.199 23.7836 -0.660708 0.0209824 0.0707397 135.457 427 460987
-14.9663 18.4842 0.7 23.7836 -0.680617 0 0.0707397 139.207 447 460987
-14.9663 18.4775 0.201001 23.7836 -0.680795 -0.0209824 0.0707397 136.394 432 460987
-14.9663 18.4775 1.199 23.7836 -0.680795 0.0209824 0.0707397 135.269 426 460987
-14.5922 18.781 0.7 23.7836 -0.660537 0 -0 145.957 483 460987
-14.9663 18.4842 0.7 23.7836 -0.680617 0 -0 146.707 487 460987
-14.9663 18.4775 0.201001 23.7836 -0.680795 -0.0209824 -0 144.082 473 460987
-14.5922 18.781 0.7 23.7836 -0.660537 0 -0.0707397 139.019 446 460987
-14.9663 18.4842 0.7 23.7836 -0.680617 0 -0.0707397 140.332 453 460987
-14.9663 18.4775 0.201001 23.7836 -0.680795 -0.0209824 -0.0707397 137.519 438 460987
-14.9663 18.4775 1.199 23.7836 -0.680795 0.0209824 -0.0707397 135.832 429 460987
1.52077 24.1193 0.7 24.1672 0.0629689 0 0.0707397 148.394 496 460987
1.14058 24.1402 0.7 24.1672 0.047213 0 0.0707397 148.957 499 460987
1.52077 24.1193 0.7 24.1672 0.0629689 0 -0 155.707 535 460987
1.52077 24.1139 1.20705 24.1672 0.0629827 0.0209824 -0 154.019 526 460987
1.14058 24.1402 0.7 24.1672 0.047213 0 -0 156.082 537 460987
1.14058 24.1349 1.20705 24.1672 0.0472234 0.0209824 -0 154.394 528 460987
1.52077 24.1193 0.7 24.1672 0.0629689 0 -0.0707397 148.394 496 460987
1.14058 24.1402 0.7 24.1672 0.047213 0 -0.0707397 148.582 497 460987
1.14058 24.1349 1.20705 24.1672 0.0472234 0.0209824 -0.0707397 147.082 489 460987
1.53284 24.3107 0.7 24.359 0.0629689 0 0.0707397 149.582 497 460987
1.53284 24.3053 1.21107 24.359 0.0629827 0.0209824 0.0707397 148.457 491 460987
1.14963 24.3318 0.7 24.359 0.047213 0 0.0707397 149.957 499 460987
1.14963 24.3265 1.21107 24.359 0.0472234 0.0209824 0.0707397 148.269 490 460987
1.53284 24.3107 0.7 24.359 0.0629689 0 -0 157.457 539 460987
1.53284 24.3053 1.21107 24.359 0.0629827 0.0209824 -0 156.332 533 460987
1.14963 24.3318 0.7 24.359 0.047213 0 -0 158.019 542 460987
1.14963 24.3265 1.21107 24.359 0.0472234 0.0209824 -0 156.519 534 460987
1.53284 24.3107 0.7 24.359 0.0629689 0 -0.0707397 150.894 504 460987
1.53284 24.3053 1.21107 24.359 0.0629827 0.0209824 -0.0707397 149.957 499 460987
1.14963 24.3318 0.7 24.359 0.047213 0 -0.0707397 151.457 507 460987
1.14963 24.3265 1.21107 24.359 0.0472234 0.0209824 -0.0707397 149.957 499 460987
10.0419 22.4031 0.7 24.5508 0.421388 0 -0 136.832 429 460987
9.65571 22.5723 0.7 24.5508 0.404213 0 -0 136.832 429 460987
9.48673 23.2664 0.7 25.1262 0.387164 0 -0 134.394 416 460987
9.09145 23.4237 0.7 25.1262 0.370232 0 -0 135.707 423 460987
11.1523 22.7046 1.76239 25.318 0.456578 0.041974 -0 139.644 444 460987
11.1523 22.7232 1.23119 25.318 0.456253 0.0209824 -0 139.832 445 460987
10.754 22.8959 1.76239 25.318 0.439109 0.041974 -0 137.957 435 460987
10.754 22.9144 1.23119 25.318 0.438799 0.0209824 -0 138.144 436 460987
-16.7014 19.7872 0.7 25.8934 -0.701029 0 0.0707397 135.957 419 460987
-16.294 20.124 0.7 25.8934 -0.680617 0 -0 140.082 441 460987
-16.294 20.1166 0.156735 25.8934 -0.680795 -0.0209824 -0 138.207 431 460987
-16.7014 19.7872 0.7 25.8934 -0.701029 0 -0 142.519 454 460987
-16.7014 19.7797 0.156735 25.8934 -0.701215 -0.0209824 -0 140.457 443 460987
-16.7014 19.7797 1.24327 25.8934 -0.701215 0.0209824 -0 138.582 433 460987
-16.7014 19.7872 0.7 25.8934 -0.701029 0 -0.0707397 135.394 416 460987
-16.4147 20.273 0.7 26.0852 -0.680617 0 0.0707397 141.957 451 460987
-16.4147 20.2656 0.152711 26.0852 -0.680795 -0.0209824 0.0707397 139.519 438 460987
-16.8251 19.9338 0.7 26.0852 -0.701029 0 0.0707397 142.144 452 460987
-16.8251 19.9263 0.152711 26.0852 -0.701215 -0.0209824 0.0707397 140.082 441 460987
-16.4147 20.273 0.7 26.0852 -0.680617 0 -0 149.644 492 460987
-16.4147 20.2656 0.152711 26.0852 -0.680795 -0.0209824 -0 147.207 479 460987
-16.8251 19.9338 0.7 26.0852 -0.701029 0 -0 150.207 495 460987
-16.8251 19.9263 0.152711 26.0852 -0.701215 -0.0209824 -0 148.144 484 460987
-16.4147 20.273 0.7 26.0852 -0.680617 0 -0.0707397 142.519 454 460987
-16.4147 20.2656 0.152711 26.0852 -0.680795 -0.0209824 -0.0707397 140.269 442 460987
-16.8251 19.9338 0.7 26.0852 -0.701029 0 -0.0707397 143.082 457 460987
-16.8251 19.9263 0.152711 26.0852 -0.701215 -0.0209824 -0.0707397 141.207 447 460987
6.71072 25.583 4.05617 26.6606 0.256532 0.12622 -0 136.519 422 460987
6.2913 25.6894 4.05617 26.6606 0.240172 0.12622 -0 138.394 432 460987
6.2913 25.8835 1.81872 26.6606 0.238438 0.041974 -0 135.957 419 460987
6.75899 25.8347 3.51693 26.8524 0.255889 0.105098 -0 141.582 449 460987
6.33656 25.9416 3.51693 26.8524 0.239572 0.105098 -0 142.707 455 460987
6.33656 25.9416 3.51693 26.8524 0.239572 0.105098 -0.0707397 136.144 420 460987
-15.5336 22.6051 0.7 27.4278 -0.602065 0 -0 134.894 408 460987
-15.9651 22.3025 0.7 27.4278 -0.621281 0 -0 137.894 424 460987
-15.9651 22.2951 0.124541 27.4278 -0.621438 -0.0209824 -0 134.894 408 460987
-16.3966 21.9872 0.7 27.4278 -0.640765 0 -0 137.144 420 460987
-16.3966 21.9797 0.124541 27.4278 -0.640929 -0.0209824 -0 134.332 405 460987
10.4282 25.5753 0.7 27.6196 0.387164 0 0.0707397 136.394 416 460987
10.4282 25.5753 0.7 27.6196 0.387164 0 -0 143.332 453 460987
6.5176 26.8146 1.85897 27.6196 0.238438 0.041974 -0 143.894 456 460987
6.5176 26.8334 1.27948 27.6196 0.238277 0.0209824 -0 143.519 454 460987
6.0831 26.9165 1.85897 27.6196 0.222265 0.041974 -0 143.144 452 460987
10.8627 25.3938 0.7 27.6196 0.404213 0 -0.0707397 135.457 411 460987
10.4282 25.5753 0.7 27.6196 0.387164 0 -0.0707397 136.207 415 460987
-16.4117 22.9263 0.7 28.195 -0.621281 0 -0 139.019 430 460987
11.089 25.9229 0.7 28.195 0.404213 0 -0 139.394 432 460987
10.6454 26.1081 0.7 28.195 0.387164 0 -0 140.707 439 460987
6.65339 26.1171 8.98178 28.195 0.249446 0.298128 -0 141.832 445 460987
6.20983 26.2261 8.98178 28.195 0.232498 0.298128 -0 141.082 441 460987
-16.0768 23.3955 0.7 28.3868 -0.602065 0 -0 140.519 438 460987
-16.0768 23.3879 1.29558 28.3868 -0.602216 0.0209824 -0 139.957 435 460987
-16.5233 23.0823 0.7 28.3868 -0.621281 0 -0 140.707 439 460987
-19.6494 20.487 0.7 28.3868 -0.764533 0 -0 141.082 441 460987
-19.6494 20.4783 0.10442 28.3868 -0.764744 -0.0209824 -0 140.519 438 460987
-15.947 24.1765 0.7 28.9622 -0.583099 0 -0 139.457 427 460987
-16.4026 23.8698 0.7 28.9622 -0.602065 0 -0 139.269 426 460987
-16.4026 23.862 0.0923478 28.9622 -0.602216 -0.0209824 -0 137.957 419 460987
2.73377 28.8329 0.7 28.9622 0.0945316 0 -0 135.707 407 460987
2.73377 28.8265 1.30765 28.9622 0.0945525 0.0209824 -0 137.394 416 460987
-16.0526 24.3366 0.7 29.1541 -0.583099 0 -0 145.644 460 460987
-16.0526 24.329 1.31168 29.1541 -0.583244 0.0209824 -0 143.207 447 460987
-16.5113 24.0278 0.7 29.1541 -0.602065 0 -0 141.707 439 460987
-16.5113 24.0201 1.31168 29.1541 -0.602216 0.0209824 -0 141.144 436 460987
-15.9017 25.1192 0.7 29.7295 -0.564368 0 -0 141.332 437 460987
-16.3694 24.817 0.7 29.7295 -0.583099 0 -0 143.207 447 460987
-16.3694 24.8091 0.076251 29.7295 -0.583244 -0.0209824 -0 141.144 436 460987
3.27389 29.5421 1.32375 29.7295 0.110371 0.0209824 -0 141.332 437 460987
8.9436 28.5534 0.7 29.9213 0.303544 0 -0 140.207 431 460987
3.29501 29.7327 1.32777 29.9213 0.110371 0.0209824 -0 139.457 427 460987
3.35838 30.3112 0.7 30.4967 0.110346 0 -0 141.207 431 460987
3.35838 30.3044 1.33985 30.4967 0.110371 0.0209824 -0 141.957 435 460987
2.87861 30.3605 0.7 30.4967 0.0945316 0 -0 141.957 435 460987
2.87861 30.3538 1.33985 30.4967 0.0945525 0.0209824 -0 143.644 444 460987
6.27621 30.0398 0.7 30.6885 0.205967 0 -0 153.582 497 460987
6.27621 30.0329 1.34387 30.6885 0.206013 0.0209824 -0 153.957 499 460987
5.79342 30.1298 1.34387 30.6885 0.189964 0.0209824 -0 150.957 483 460987
6.84348 30.3091 0.7 31.0721 0.222066 0 0.0707397 156.207 511 460987
6.35466 30.4153 0.7 31.0721 0.205967 0 0.0707397 160.144 532 460987
6.35466 30.4083 1.35192 31.0721 0.206013 0.0209824 0.0707397 160.144 532 460987
6.84348 30.3091 0.7 31.0721 0.222066 0 -0 162.957 547 460987
6.35466 30.4153 0.7 31.0721 0.205967 0 -0 167.082 569 460987
6.35466 30.4083 1.35192 31.0721 0.206013 0.0209824 -0 166.894 568 460987
6.84348 30.3091 0.7 31.0721 0.222066 0 -0.0707397 155.457 507 460987
6.35466 30.4153 0.7 31.0721 0.205967 0 -0.0707397 159.582 529 460987
6.35466 30.4083 1.35192 31.0721 0.206013 0.0209824 -0.0707397 159.394 528 460987
6.88573 30.4962 0.7 31.2639 0.222066 0 -0 153.394 496 460987
6.39389 30.6031 0.7 31.2639 0.205967 0 -0 157.707 519 460987
6.39389 30.5961 1.35594 31.2639 0.206013 0.0209824 -0 157.144 516 460987
6.39389 30.6031 0.7 31.2639 0.205967 0 -0.0707397 151.332 485 460987
6.43311 30.7908 0.7 31.4557 0.205967 0 -0 152.082 489 460987
6.43311 30.7838 1.35997 31.4557 0.206013 0.0209824 -0 152.644 492 460987
1.48456 31.4206 0.7 31.4557 0.047213 0 -0 152.832 493 460987
1.52077 32.187 0.7 32.2229 0.047213 0 -0 155.269 506 460987
1.52077 32.1799 0.0239366 32.2229 0.0472234 -0.0209824 -0 153.394 496 460987
1.01385 32.2069 0.7 32.2229 0.0314688 0 -0 152.644 492 460987
1.53888 32.5702 0.7 32.6065 0.047213 0 0.0707397 160.519 534 460987
1.53888 32.563 0.0158883 32.6065 0.0472234 -0.0209824 0.0707397 159.582 529 460987
1.02592 32.5904 0.7 32.6065 0.0314688 0 0.0707397 157.707 519 460987
1.02592 32.5832 0.0158883 32.6065 0.0314757 -0.0209824 0.0707397 156.207 511 460987
1.53888 32.5702 0.7 32.6065 0.047213 0 -0 168.207 575 460987
1.53888 32.563 0.0158883 32.6065 0.0472234 -0.0209824 -0 167.082 569 460987
1.02592 32.5904 0.7 32.6065 0.0314688 0 -0 165.207 559 460987
1.02592 32.5832 0.0158883 32.6065 0.0314757 -0.0209824 -0 163.707 551 460987
1.53888 32.5702 0.7 32.6065 0.047213 0 -0.0707397 161.082 537 460987
1.53888 32.563 0.0158883 32.6065 0.0472234 -0.0209824 -0.0707397 160.144 532 460987
1.02592 32.5904 0.7 32.6065 0.0314688 0 -0.0707397 158.269 522 460987
1.02592 32.5832 0.0158883 32.6065 0.0314757 -0.0209824 -0.0707397 156.957 515 460987
1.54793 32.7618 0.7 32.7983 0.047213 0 -0 158.332 517 460987
1.54793 32.7545 0.0118641 32.7983 0.0472234 -0.0209824 -0 158.894 520 460987
1.03195 32.7821 0.7 32.7983 0.0314688 0 -0 154.957 499 460987
1.03195 32.7748 0.0118641 32.7983 0.0314757 -0.0209824 -0 155.519 502 460987
1.54793 32.7618 0.7 32.7983 0.047213 0 -0.0707397 152.332 485 460987
1.54793 32.7545 0.0118641 32.7983 0.0472234 -0.0209824 -0.0707397 152.894 488 460987
-22.8357 23.5563 -2.7608 32.9901 -0.769868 -0.105098 0.0707397 136.957 403 460987
-22.8357 23.4442 -3.45296 32.9901 -0.772252 -0.12622 0.0707397 136.957 403 460987
-22.8357 23.4442 4.85296 32.9901 -0.772252 0.12622 0.0707397 136.957 403 460987
-22.8357 23.5563 4.1608 32.9901 -0.769868 0.105098 0.0707397 139.207 415 460987
-23.3547 23.0418 4.1608 32.9901 -0.792142 0.105098 0.0707397 137.894 408 460987
1.55698 32.9534 0.7 32.9901 0.047213 0 -0 153.457 491 460987
1.55698 32.9461 0.00783986 32.9901 0.0472234 -0.0209824 -0 152.332 485 460987
-22.8357 23.5563 4.1608 32.9901 -0.769868 0.105098 -0.0707397 137.707 407 460987
-23.3547 23.0418 4.1608 32.9901 -0.792142 0.105098 -0.0707397 137.144 404 460987
3.69633 33.175 4.22116 33.5655 0.110961 0.105098 -0 143.519 438 460987
10.0329 31.8369 4.22116 33.5655 0.305283 0.105098 -0.0707397 136.019 398 460987
5.28046 32.96 4.22116 33.5655 0.158858 0.105098 -0.0707397 136.582 401 460987
4.75242 33.0403 4.22116 33.5655 0.142857 0.105098 -0.0707397 136.394 400 460987
-16.994 29.1678 0.7 33.7573 -0.52755 0 0.0707397 132.832 381 460987
-16.994 29.1592 1.40826 33.7573 -0.527678 0.0209824 0.0707397 133.019 382 460987
-16.463 29.4708 0.7 33.7573 -0.509437 0 -0 137.707 407 460987
-16.463 29.4623 1.40826 33.7573 -0.50956 0.0209824 -0 139.394 416 460987
-16.994 29.1678 0.7 33.7573 -0.52755 0 -0 139.394 416 460987
-16.994 29.1592 1.40826 33.7573 -0.527678 0.0209824 -0 140.332 421 460987
-16.994 29.1592 1.40826 33.7573 -0.527678 0.0209824 -0.0707397 132.832 381 460987
10.2622 32.5646 4.30165 34.3327 0.305283 0.105098 -0 136.832 397 460987
4.86104 33.7109 5.02198 34.3327 0.143211 0.12622 -0 134.019 382 460987
4.86104 33.7955 4.30165 34.3327 0.142857 0.105098 -0 134.207 383 460987
-16.5656 30.9362 1.43643 35.0999 -0.491624 0.0209824 0.0707397 143.207 431 460987
-17.1178 30.6341 1.43643 35.0999 -0.50956 0.0209824 0.0707397 145.644 444 460987
5.52186 34.5375 3.6457 35.0999 0.158538 0.0840222 0.0707397 143.207 431 460987
-17.1178 30.6341 1.43643 35.0999 -0.50956 0.0209824 -0 152.957 483 460987
-17.1178 30.6341 1.43643 35.0999 -0.50956 0.0209824 -0.0707397 145.832 445 460987
5.52186 34.5375 3.6457 35.0999 0.158538 0.0840222 -0.0707397 144.332 437 460987
5.55203 34.6551 4.40225 35.2917 0.158858 0.105098 0.0707397 137.394 400 460987
4.99683 34.6526 5.1427 35.2917 0.143211 0.12622 0.0707397 138.519 406 460987
4.99683 34.7395 4.40225 35.2917 0.142857 0.105098 0.0707397 139.457 411 460987
4.99683 34.8104 3.6618 35.2917 0.14257 0.0840222 0.0707397 136.832 397 460987
5.55203 34.6551 4.40225 35.2917 0.158858 0.105098 -0 144.894 440 460987
4.99683 34.7395 4.40225 35.2917 0.142857 0.105098 -0 147.332 453 460987
4.99683 34.8104 3.6618 35.2917 0.14257 0.0840222 -0 145.269 442 460987
5.55203 34.6551 4.40225 35.2917 0.158858 0.105098 -0.0707397 140.207 415 460987
5.55203 34.7262 3.6618 35.2917 0.158538 0.0840222 -0.0707397 138.519 406 460987
4.99683 34.6526 5.1427 35.2917 0.143211 0.12622 -0.0707397 138.332 405 460987
4.99683 34.7395 4.40225 35.2917 0.142857 0.105098 -0.0707397 141.707 423 460987
4.99683 34.8104 3.6618 35.2917 0.14257 0.0840222 -0.0707397 139.644 412 460987
6.77106 35.0934 3.71009 35.8672 0.190602 0.0840222 0.0707397 138.707 407 460987
6.77106 35.0934 3.71009 35.8672 0.190602 0.0840222 -0 146.207 447 460987
6.20681 35.1976 3.71009 35.8672 0.174548 0.0840222 -0 145.644 444 460987
-17.4919 31.3127 0.7 35.8672 -0.509437 0 -0.0707397 137.019 398 460987
6.77106 35.0934 3.71009 35.8672 0.190602 0.0840222 -0.0707397 138.707 407 460987
6.20681 35.1976 3.71009 35.8672 0.174548 0.0840222 -0.0707397 138.894 408 460987
5.64255 35.2924 3.71009 35.8672 0.158538 0.0840222 -0.0707397 135.894 392 460987
5.67273 35.4085 4.48274 36.059 0.158858 0.105098 0.0707397 137.207 399 460987
5.67273 35.4811 3.72619 36.059 0.158538 0.0840222 0.0707397 139.832 413 460987
7.37455 35.1668 3.72619 36.059 0.206706 0.0840222 -0 143.957 435 460987
6.80727 35.281 3.72619 36.059 0.190602 0.0840222 -0 144.707 439 460987
6.24 35.3858 3.72619 36.059 0.174548 0.0840222 -0 144.332 437 460987
5.67273 35.4811 3.72619 36.059 0.158538 0.0840222 -0 145.269 442 460987
5.67273 35.4811 3.72619 36.059 0.158538 0.0840222 -0.0707397 136.457 395 460987
1.72897 36.5855 1.46862 36.6344 0.0472234 0.0209824 0.0707397 153.394 480 460987
1.15265 36.6082 1.46862 36.6344 0.0314757 0.0209824 0.0707397 153.582 481 460987
1.72897 36.5855 1.46862 36.6344 0.0472234 0.0209824 -0 160.332 517 460987
1.15265 36.6082 1.46862 36.6344 0.0314757 0.0209824 -0 160.519 518 460987
1.72897 36.5855 1.46862 36.6344 0.0472234 0.0209824 -0.0707397 153.207 479 460987
1.15265 36.6082 1.46862 36.6344 0.0314757 0.0209824 -0.0707397 153.394 480 460987
1.73803 36.777 -0.0726438 36.8262 0.0472234 -0.0209824 0.0707397 153.207 479 460987
1.73803 36.777 1.47264 36.8262 0.0472234 0.0209824 0.0707397 155.082 489 460987
1.15868 36.7998 -0.0726438 36.8262 0.0314757 -0.0209824 0.0707397 151.707 471 460987
1.15868 36.7998 1.47264 36.8262 0.0314757 0.0209824 0.0707397 154.894 488 460987
1.73803 36.777 -0.0726438 36.8262 0.0472234 -0.0209824 -0 160.519 518 460987
1.73803 36.777 1.47264 36.8262 0.0472234 0.0209824 -0 162.957 531 460987
1.15868 36.7998 -0.0726438 36.8262 0.0314757 -0.0209824 -0 159.394 512 460987
1.15868 36.7998 1.47264 36.8262 0.0314757 0.0209824 -0 162.957 531 460987
1.73803 36.777 -0.0726438 36.8262 0.0472234 -0.0209824 -0.0707397 153.957 483 460987
1.73803 36.777 1.47264 36.8262 0.0472234 0.0209824 -0.0707397 156.207 495 460987
1.15868 36.7998 1.47264 36.8262 0.0314757 0.0209824 -0.0707397 156.207 495 460987
-15.2983 34.1298 0.7 37.4016 -0.421388 0 0.0707397 147.582 449 460987
-15.8867 33.8599 0.7 37.4016 -0.438696 0 0.0707397 150.207 463 460987
-15.2983 34.1298 0.7 37.4016 -0.421388 0 -0 153.957 483 460987
-15.8867 33.8599 0.7 37.4016 -0.438696 0 -0 156.957 499 460987
-15.8867 33.8508 -0.0847164 37.4016 -0.438799 -0.0209824 -0 151.894 472 460987
-15.8867 33.8508 1.48472 37.4016 -0.438799 0.0209824 -0 152.269 474 460987
-15.8867 33.8599 0.7 37.4016 -0.438696 0 -0.0707397 149.644 460 460987
-15.3767 34.3048 0.7 37.5934 -0.421388 0 0.0707397 155.082 489 460987
-15.9681 34.0335 0.7 37.5934 -0.438696 0 0.0707397 156.207 495 460987
-15.9681 34.0244 -0.0887406 37.5934 -0.438799 -0.0209824 0.0707397 151.894 472 460987
-15.9681 34.0244 1.48874 37.5934 -0.438799 0.0209824 0.0707397 151.707 471 460987
-15.3767 34.3048 0.7 37.5934 -0.421388 0 -0 162.207 527 460987
-15.9681 34.0335 0.7 37.5934 -0.438696 0 -0 163.519 534 460987
-15.9681 34.0244 -0.0887406 37.5934 -0.438799 -0.0209824 -0 159.207 511 460987
-15.9681 34.0244 1.48874 37.5934 -0.438799 0.0209824 -0 159.207 511 460987
-15.3767 34.3048 0.7 37.5934 -0.421388 0 -0.0707397 154.707 487 460987
-15.9681 34.0335 0.7 37.5934 -0.438696 0 -0.0707397 156.394 496 460987
-15.9681 34.0244 -0.0887406 37.5934 -0.438799 -0.0209824 -0.0707397 151.894 472 460987
-15.9681 34.0244 1.48874 37.5934 -0.438799 0.0209824 -0.0707397 152.082 473 460987
6.00464 37.4802 4.70407 38.1688 0.158858 0.105098 -0 140.082 409 460987
6.00464 37.5572 3.90325 38.1688 0.158538 0.0840222 -0 139.894 408 460987
24.7427 29.3144 0.7 38.3606 0.701029 0 -0 141.019 414 460987
24.5014 30.2494 1.51691 38.936 0.680795 0.0209824 -0 140.894 408 460987
6.15551 38.6319 1.52093 39.1278 0.158009 0.0209824 0.0707397 134.144 372 460987
-15.3888 35.9652 -0.120934 39.1278 -0.404307 -0.0209824 -0 142.019 414 460987
6.15551 38.6319 1.52093 39.1278 0.158009 0.0209824 -0 140.519 406 460987
6.15551 38.6319 1.52093 39.1278 0.158009 0.0209824 -0.0707397 134.707 375 460987
-15.6151 36.5036 0.7 39.7032 -0.404213 0 0.0707397 138.269 394 460987
-15.6151 36.5036 0.7 39.7032 -0.404213 0 -0 143.519 422 460987
-15.6151 36.4941 -0.133007 39.7032 -0.404307 -0.0209824 -0 142.582 417 460987
-6.90383 39.2931 0.7 39.895 -0.173925 0 0.0707397 136.394 384 460987
-7.53145 39.1777 0.7 39.895 -0.189921 0 0.0707397 135.269 378 460987
-15.0629 36.9421 0.7 39.895 -0.387164 0 0.0707397 138.644 396 460987
-15.6905 36.68 0.7 39.895 -0.404213 0 0.0707397 139.394 400 460987
-15.6905 36.68 0.7 39.895 -0.404213 0 -0 144.269 426 460987
-6.90383 39.2931 0.7 39.895 -0.173925 0 -0.0707397 136.207 383 460987
-7.53145 39.1777 0.7 39.895 -0.189921 0 -0.0707397 134.894 376 460987
6.27621 39.3894 1.53703 39.895 0.158009 0.0209824 -0.0707397 133.582 369 460987
-15.9168 37.1993 -0.149103 40.4704 -0.404307 -0.0209824 -0 139.207 399 460987
8.27675 39.6059 1.5491 40.4704 0.206013 0.0209824 -0 138.457 395 460987
-15.3526 37.6429 1.55313 40.6622 -0.387253 0.0209824 0.0707397 138.082 393 460987
-15.9923 37.3756 1.55313 40.6622 -0.404307 0.0209824 0.0707397 139.207 399 460987
-15.3526 37.6526 0.7 40.6622 -0.387164 0 -0 143.332 421 460987
-15.3526 37.6429 1.55313 40.6622 -0.387253 0.0209824 -0 145.207 431 460987
-15.9923 37.3854 0.7 40.6622 -0.404213 0 -0 145.207 431 460987
-15.9923 37.3756 1.55313 40.6622 -0.404307 0.0209824 -0 146.707 439 460987
-15.9923 37.3756 1.55313 40.6622 -0.404307 0.0209824 -0.0707397 140.144 404 460987
-19.4623 36.191 -2.7608 41.2376 -0.493402 -0.0840222 0.0707397 134.207 367 460987
-19.4623 36.191 -2.7608 41.2376 -0.493402 -0.0840222 -0 139.457 395 460987
-20.111 35.9908 1.5652 41.2376 -0.50956 0.0209824 -0 140.019 398 460987
-19.5528 36.3593 4.1769 41.4294 -0.493402 0.0840222 -0 141.519 406 460987
-19.5528 36.3593 4.1769 41.4294 -0.493402 0.0840222 -0.0707397 135.144 372 460987
32.3798 26.7573 0.7 42.0049 0.880188 0 -0 137.957 387 460987
31.719 27.5375 0.7 42.0049 0.855848 0 -0 138.144 388 460987
28.4149 30.9354 0.7 42.0049 0.742956 0 -0 136.269 378 460987
28.4149 30.9228 1.5813 42.0049 0.743158 0.0209824 -0 135.894 376 460987
-6.6383 41.6618 1.58532 42.1967 -0.158009 0.0209824 0.0707397 140.019 398 460987
-7.30213 41.5506 1.58532 42.1967 -0.173964 0.0209824 0.0707397 139.082 393 460987
-6.6383 41.6618 1.58532 42.1967 -0.158009 0.0209824 -0 146.957 435 460987
-7.30213 41.5506 1.58532 42.1967 -0.173964 0.0209824 -0 146.394 432 460987
-6.6383 41.6618 1.58532 42.1967 -0.158009 0.0209824 -0.0707397 138.894 392 460987
-7.30213 41.5506 1.58532 42.1967 -0.173964 0.0209824 -0.0707397 138.707 391 460987
29.2085 30.4407 1.58532 42.1967 0.764744 0.0209824 -0.0707397 136.082 377 460987
28.9339 31.5004 0.7 42.7721 0.742956 0 0.0707397 136.644 380 460987
28.9339 31.4876 1.59739 42.7721 0.743158 0.0209824 0.0707397 136.082 377 460987
28.261 32.1055 0.7 42.7721 0.721799 0 0.0707397 140.394 400 460987
28.261 32.0929 1.59739 42.7721 0.721993 0.0209824 0.0707397 139.269 394 460987
28.9339 31.5004 0.7 42.7721 0.742956 0 -0 147.332 437 460987
28.9339 31.4876 1.59739 42.7721 0.743158 0.0209824 -0 146.394 432 460987
28.261 32.1055 0.7 42.7721 0.721799 0 -0 150.144 452 460987
28.261 32.0929 1.59739 42.7721 0.721993 0.0209824 -0 149.019 446 460987
28.9339 31.5004 0.7 42.7721 0.742956 0 -0.0707397 142.644 412 460987
28.9339 31.4876 1.59739 42.7721 0.743158 0.0209824 -0.0707397 141.894 408 460987
28.261 32.1055 0.7 42.7721 0.721799 0 -0.0707397 145.269 426 460987
28.261 32.0929 1.59739 42.7721 0.721993 0.0209824 -0.0707397 144.332 421 460987
28.3878 32.2495 0.7 42.9639 0.721799 0 0.0707397 137.582 385 460987
28.3878 32.2369 1.60142 42.9639 0.721993 0.0209824 0.0707397 136.082 377 460987
29.0637 31.6417 0.7 42.9639 0.742956 0 -0 143.207 415 460987
28.3878 32.2495 0.7 42.9639 0.721799 0 -0 146.582 433 460987
28.3878 32.2369 1.60142 42.9639 0.721993 0.0209824 -0 145.082 425 460987
29.0637 31.6417 0.7 42.9639 0.742956 0 -0.0707397 138.894 392 460987
29.0637 31.6288 1.60142 42.9639 0.743158 0.0209824 -0.0707397 137.957 387 460987
28.3878 32.2495 0.7 42.9639 0.721799 0 -0.0707397 141.707 407 460987
28.3878 32.2369 1.60142 42.9639 0.721993 0.0209824 -0.0707397 140.394 400 460987
6.84952 42.9874 1.61349 43.5393 0.158009 0.0209824 0.0707397 136.332 373 460987
6.16457 43.0619 2.52698 43.5393 0.14219 0.041974 0.0707397 136.144 372 460987
6.16457 43.091 1.61349 43.5393 0.142095 0.0209824 0.0707397 138.957 387 460987
6.84952 42.9874 1.61349 43.5393 0.158009 0.0209824 -0 143.269 410 460987
6.16457 43.0619 2.52698 43.5393 0.14219 0.041974 -0 143.269 410 460987
6.16457 43.091 1.61349 43.5393 0.142095 0.0209824 -0 145.894 424 460987
6.84952 42.9874 1.61349 43.5393 0.158009 0.0209824 -0.0707397 137.644 380 460987
6.16457 43.0619 2.52698 43.5393 0.14219 0.041974 -0.0707397 137.082 377 460987
6.16457 43.091 1.61349 43.5393 0.142095 0.0209824 -0.0707397 139.894 392 460987
28.2067 33.4184 0.7 43.7311 0.701029 0 0.0707397 136.519 374 460987
28.2067 33.4058 1.61751 43.7311 0.701215 0.0209824 0.0707397 136.519 374 460987
4.81578 43.4651 0.7 43.7311 0.110346 0 0.0707397 132.582 353 460987
4.81578 43.4554 1.61751 43.7311 0.110371 0.0209824 0.0707397 132.582 353 460987
6.87969 43.1768 1.61751 43.7311 0.158009 0.0209824 -0.0707397 132.019 350 460987
6.19172 43.2808 1.61751 43.7311 0.142095 0.0209824 -0.0707397 135.394 368 460987
5.50375 43.3834 0.7 43.7311 0.126189 0 -0.0707397 131.832 349 460987
5.50375 43.3445 2.53503 43.7311 0.126301 0.041974 -0.0707397 133.144 356 460987
5.50375 43.3737 1.61751 43.7311 0.126217 0.0209824 -0.0707397 134.269 362 460987
-16.0315 41.3044 0.7 44.3065 -0.370232 0 0.0707397 138.957 387 460987
-16.0315 41.294 -0.229587 44.3065 -0.370317 -0.0209824 0.0707397 136.894 376 460987
-16.0315 41.3044 0.7 44.3065 -0.370232 0 -0 145.519 422 460987
-16.0315 41.294 -0.229587 44.3065 -0.370317 -0.0209824 -0 143.832 413 460987
-16.0315 41.3044 0.7 44.3065 -0.370232 0 -0.0707397 138.019 382 460987
-16.0315 41.294 -0.229587 44.3065 -0.370317 -0.0209824 -0.0707397 136.519 374 460987
6.27319 43.8207 2.55917 44.3065 0.14219 0.041974 -0.0707397 135.582 369 460987
6.27319 43.8503 1.62959 44.3065 0.142095 0.0209824 -0.0707397 135.207 367 460987
7.00039 43.9343 1.63361 44.4983 0.158009 0.0209824 0.0707397 130.894 344 460987
6.30035 44.05 0.7 44.4983 0.142064 0 0.0707397 132.957 355 460987
6.30035 44.0401 1.63361 44.4983 0.142095 0.0209824 0.0707397 133.519 358 460987
5.60031 44.1445 0.7 44.4983 0.126189 0 0.0707397 130.894 344 460987
7.00039 43.9343 1.63361 44.4983 0.158009 0.0209824 -0 139.332 389 460987
6.30035 44.05 0.7 44.4983 0.142064 0 -0 139.332 389 460987
6.30035 44.0401 1.63361 44.4983 0.142095 0.0209824 -0 139.332 389 460987
7.00039 43.9343 1.63361 44.4983 0.158009 0.0209824 -0.0707397 132.582 353 460987
6.30035 44.05 0.7 44.4983 0.142064 0 -0.0707397 131.832 349 460987
6.30035 44.0401 1.63361 44.4983 0.142095 0.0209824 -0.0707397 131.644 348 460987
0 45.0737 0.7 45.0737 0 0 0.0707397 143.269 410 460987
0 45.0638 -0.245684 45.0737 0 -0.0209824 0.0707397 145.332 421 460987
0 45.0737 0.7 45.0737 0 0 -0 150.957 451 460987
0 45.0638 -0.245684 45.0737 0 -0.0209824 -0 153.207 463 460987
-0.709091 45.0681 0.7 45.0737 -0.0157325 0 -0 150.582 449 460987
-0.709091 45.0582 -0.245684 45.0737 -0.0157359 -0.0209824 -0 150.582 449 460987
0 45.0737 0.7 45.0737 0 0 -0.0707397 144.394 416 460987
0 45.0638 -0.245684 45.0737 0 -0.0209824 -0.0707397 146.644 428 460987
-0.709091 45.0681 0.7 45.0737 -0.0157325 0 -0.0707397 143.832 413 460987
-0.709091 45.0582 -0.245684 45.0737 -0.0157359 -0.0209824 -0.0707397 144.207 415 460987
-3.56054 45.1253 0.7 45.2655 -0.0787404 0 0.0707397 144.019 414 460987
-3.56054 45.1153 -0.249708 45.2655 -0.0787578 -0.0209824 0.0707397 144.207 415 460987
-4.27265 45.0634 0.7 45.2655 -0.0945316 0 0.0707397 142.707 407 460987
-4.27265 45.0534 -0.249708 45.2655 -0.0945525 -0.0209824 0.0707397 142.707 407 460987
-3.56054 45.1253 0.7 45.2655 -0.0787404 0 -0 150.394 448 460987
-3.56054 45.1153 -0.249708 45.2655 -0.0787578 -0.0209824 -0 150.207 447 460987
-4.27265 45.0634 0.7 45.2655 -0.0945316 0 -0 148.894 440 460987
-4.27265 45.0534 -0.249708 45.2655 -0.0945525 -0.0209824 -0 148.707 439 460987
-3.56054 45.1253 0.7 45.2655 -0.0787404 0 -0.0707397 142.894 408 460987
-3.56054 45.1153 -0.249708 45.2655 -0.0787578 -0.0209824 -0.0707397 142.519 406 460987
-4.27265 45.0634 0.7 45.2655 -0.0945316 0 -0.0707397 141.207 399 460987
-4.27265 45.0534 -0.249708 45.2655 -0.0945525 -0.0209824 -0.0707397 141.207 399 460987
32.4522 32.3194 2.62356 45.8409 0.787449 0.041974 0.0707397 136.707 375 460987
-9.37509 44.872 0.7 45.8409 -0.205967 0 -0.0707397 134.644 364 460987
35.3369 29.2009 0.7 45.8409 0.880188 0 -0.0707397 135.207 367 460987
32.4522 32.3194 2.62356 45.8409 0.787449 0.041974 -0.0707397 136.707 375 460987
31.7311 33.0277 2.62356 45.8409 0.765378 0.041974 -0.0707397 134.457 363 460987
-6.5176 45.569 0.7 46.0327 -0.142064 0 0.0707397 139.894 392 460987
-6.5176 45.5587 -0.265805 46.0327 -0.142095 -0.0209824 0.0707397 139.894 392 460987
-7.24178 45.4595 0.7 46.0327 -0.157974 0 0.0707397 141.394 400 460987
-7.24178 45.4493 -0.265805 46.0327 -0.158009 -0.0209824 0.0707397 141.394 400 460987
-6.5176 45.569 0.7 46.0327 -0.142064 0 -0 147.957 435 460987
-6.5176 45.5587 -0.265805 46.0327 -0.142095 -0.0209824 -0 148.144 436 460987
-7.24178 45.4595 0.7 46.0327 -0.157974 0 -0 148.707 439 460987
-7.24178 45.4493 -0.265805 46.0327 -0.158009 -0.0209824 -0 149.082 441 460987
-6.5176 45.569 0.7 46.0327 -0.142064 0 -0.0707397 142.144 404 460987
-6.5176 45.5587 -0.265805 46.0327 -0.142095 -0.0209824 -0.0707397 141.957 403 460987
-7.24178 45.4595 0.7 46.0327 -0.157974 0 -0.0707397 142.332 405 460987
-7.24178 45.4493 -0.265805 46.0327 -0.158009 -0.0209824 -0.0707397 142.519 406 460987
-20.5304 41.8428 0.7 46.6081 -0.456145 0 0.0707397 132.457 347 460987
-21.2637 41.475 0.7 46.6081 -0.473746 0 0.0707397 134.144 356 460987
-20.5304 41.8428 0.7 46.6081 -0.456145 0 -0 138.832 381 460987
-21.2637 41.475 0.7 46.6081 -0.473746 0 -0 140.519 390 460987
-21.2637 41.475 0.7 46.6081 -0.473746 0 -0.0707397 133.394 352 460987
-21.2637 41.4634 -0.277877 46.6081 -0.473858 -0.0209824 -0.0707397 131.519 342 460987
28.7137 36.9562 0.7 46.7999 0.660537 0 -0 135.832 365 460987
27.9774 37.5166 0.7 46.7999 0.640765 0 -0 136.957 371 460987
27.6877 38.6656 -0.297998 47.5671 0.621438 -0.0209824 -0 137.332 373 460987
36.3537 31.5612 0.7 48.1425 0.855848 0 -0.848877 132.644 348 460987
-2.27211 48.0889 0.7 48.1425 -0.047213 0 -0.0707397 131.894 344 460987
25.0928 41.3106 0.7 48.3344 0.545856 0 0.0707397 133.957 355 460987
25.0928 41.2981 1.7141 48.3344 0.54599 0.0209824 0.0707397 131.707 343 460987
24.3324 41.763 0.7 48.3344 0.52755 0 0.0707397 132.082 345 460987
-23.572 42.148 -1.32819 48.3344 -0.50993 -0.041974 -0.0707397 131.707 343 460987
25.0928 41.3106 0.7 48.3344 0.545856 0 -0.0707397 133.019 350 460987
25.0928 41.2607 -1.32819 48.3344 0.546391 -0.041974 -0.0707397 131.894 344 460987
10.0027 47.865 1.72617 48.9098 0.206013 0.0209824 -0 134.582 353 460987
9.23327 48.0303 0.7 48.9098 0.189921 0 -0 134.582 353 460987
9.23327 48.0194 1.72617 48.9098 0.189964 0.0209824 -0 137.582 369 460987
5.38607 48.6123 0.7 48.9098 0.110346 0 -0 133.644 348 460987
5.38607 48.6015 1.72617 48.9098 0.110371 0.0209824 -0 133.644 348 460987
4.61663 48.6914 0.7 48.9098 0.0945316 0 -0 133.457 347 460987
10.0419 48.0637 0.7 49.1016 0.205967 0 0.0707397 136.269 362 460987
10.0419 48.0527 1.73019 49.1016 0.206013 0.0209824 0.0707397 136.082 361 460987
9.26948 48.1746 2.76038 49.1016 0.190091 0.041974 0.0707397 135.707 359 460987
9.26948 48.2077 1.73019 49.1016 0.189964 0.0209824 0.0707397 138.144 372 460987
4.63474 48.8823 0.7 49.1016 0.0945316 0 0.0707397 138.332 373 460987
4.63474 48.8715 1.73019 49.1016 0.0945525 0.0209824 0.0707397 136.082 361 460987
3.86228 48.9494 0.7 49.1016 0.0787404 0 0.0707397 135.707 359 460987
9.26948 48.2077 1.73019 49.1016 0.189964 0.0209824 -0 144.519 406 460987
4.63474 48.8823 0.7 49.1016 0.0945316 0 -0 145.644 412 460987
10.0419 48.0527 1.73019 49.1016 0.206013 0.0209824 -0.0707397 135.144 356 460987
9.26948 48.1746 2.76038 49.1016 0.190091 0.041974 -0.0707397 135.332 357 460987
9.26948 48.2077 1.73019 49.1016 0.189964 0.0209824 -0.0707397 137.582 369 460987
4.63474 48.8823 0.7 49.1016 0.0945316 0 -0.0707397 137.957 371 460987
4.63474 48.8715 1.73019 49.1016 0.0945525 0.0209824 -0.0707397 136.269 362 460987
3.86228 48.9494 0.7 49.1016 0.0787404 0 -0.0707397 135.894 360 460987
9.37811 48.7726 1.74226 49.677 0.189964 0.0209824 -0 133.832 349 460987
8.5966 48.9275 0.7 49.677 0.173925 0 -0 132.707 343 460987
8.5966 48.9164 1.74226 49.677 0.173964 0.0209824 -0 134.394 352 460987
-28.2429 41.1003 0.7 49.8688 -0.602065 0 -0 137.207 367 460987
-28.2429 41.0869 1.74629 49.8688 -0.602216 0.0209824 -0 134.957 355 460987
-29.0275 40.55 0.7 49.8688 -0.621281 0 -0 135.894 360 460987
-19.8395 46.379 0.7 50.4442 -0.404213 0 -0 132.519 342 460987
-20.633 46.0314 0.7 50.4442 -0.421388 0 -0 132.519 342 460987
-23.8074 44.4602 1.75836 50.4442 -0.491624 0.0209824 -0 132.707 343 460987
-24.6009 44.026 1.75836 50.4442 -0.50956 0.0209824 -0 134.207 351 460987
18.3217 47.1931 1.76239 50.636 0.370317 0.0209824 -0 134.207 351 460987
25.8773 44.4146 0.7 51.4032 0.52755 0 -0 134.207 351 460987
25.0686 44.876 0.7 51.4032 0.509437 0 -0 133.269 346 460987
4.85199 51.1737 0.7 51.4032 0.0945316 0 -0 133.832 349 460987
19.6252 48.1313 0.7 51.9786 0.387164 0 -0 136.519 358 460987
19.6252 48.119 1.79055 51.9786 0.387253 0.0209824 -0 137.644 364 460987
5.72402 51.651 1.79055 51.9786 0.110371 0.0209824 -0 134.082 345 460987
19.6976 48.2965 1.79458 52.1704 0.387253 0.0209824 -0 135.957 355 460987
0 52.7458 0.7 52.7458 0 0 0.0707397 148.332 421 460987
0 52.7342 1.80665 52.7458 0 0.0209824 0.0707397 146.457 411 460987
-0.829787 52.7393 0.7 52.7458 -0.0157325 0 0.0707397 147.394 416 460987
-0.829787 52.7277 1.80665 52.7458 -0.0157359 0.0209824 0.0707397 146.082 409 460987
0 52.7458 0.7 52.7458 0 0 -0 156.019 462 460987
0 52.7342 1.80665 52.7458 0 0.0209824 -0 154.707 455 460987
-0.829787 52.7393 0.7 52.7458 -0.0157325 0 -0 155.269 458 460987
-0.829787 52.7277 1.80665 52.7458 -0.0157359 0.0209824 -0 154.707 455 460987
0 52.7458 0.7 52.7458 0 0 -0.0707397 149.644 428 460987
0 52.7342 1.80665 52.7458 0 0.0209824 -0.0707397 148.144 420 460987
-0.829787 52.7393 0.7 52.7458 -0.0157325 0 -0.0707397 149.457 427 460987
-0.829787 52.7277 1.80665 52.7458 -0.0157359 0.0209824 -0.0707397 148.519 422 460987
1.66561 52.8998 1.81068 52.9376 0.0314757 0.0209824 0.0707397 141.019 382 460987
1.66561 52.8648 2.92135 52.9376 0.0314966 0.041974 -0 146.832 413 460987
1.66561 52.8998 1.81068 52.9376 0.0314757 0.0209824 -0 148.519 422 460987
0.832805 52.8844 2.92135 52.9376 0.0157463 0.041974 -0 146.457 411 460987
0.832805 52.9194 1.81068 52.9376 0.0157359 0.0209824 -0 146.832 413 460987
1.66561 52.8648 2.92135 52.9376 0.0314966 0.041974 -0.0707397 140.269 378 460987
1.66561 52.8998 1.81068 52.9376 0.0314757 0.0209824 -0.0707397 141.582 385 460987
-1.68371 53.4865 0.7 53.513 -0.0314688 0 0.0707397 146.832 413 460987
-2.52557 53.4534 0.7 53.513 -0.047213 0 0.0707397 149.832 429 460987
-2.52557 53.4416 -0.422748 53.513 -0.0472234 -0.0209824 0.0707397 147.582 417 460987
-3.36743 53.407 0.7 53.513 -0.0629689 0 0.0707397 147.957 419 460987
-2.52557 53.4534 0.7 53.513 -0.047213 0 -0 157.519 470 460987
-2.52557 53.4416 -0.422748 53.513 -0.0472234 -0.0209824 -0 154.707 455 460987
-3.36743 53.407 0.7 53.513 -0.0629689 0 -0 155.832 461 460987
-1.68371 53.4865 0.7 53.513 -0.0314688 0 -0.0707397 147.019 414 460987
-2.52557 53.4534 0.7 53.513 -0.047213 0 -0.0707397 150.019 430 460987
-2.52557 53.4416 -0.422748 53.513 -0.0472234 -0.0209824 -0.0707397 147.957 419 460987
-3.36743 53.407 0.7 53.513 -0.0629689 0 -0.0707397 148.519 422 460987
-3.3795 53.5866 1.82677 53.7048 -0.0629827 0.0209824 0.0707397 142.332 389 460987
-3.3795 53.5984 0.7 53.7048 -0.0629689 0 -0.0707397 142.332 389 460987
-3.3795 53.5866 1.82677 53.7048 -0.0629827 0.0209824 -0.0707397 143.269 394 460987
-4.22437 53.5384 0.7 53.7048 -0.0787404 0 -0.0707397 144.582 401 460987
-4.22437 53.5266 -0.426772 53.7048 -0.0787578 -0.0209824 -0.0707397 143.832 397 460987
-9.39319 53.4613 0.7 54.2802 -0.173925 0 0.0707397 149.457 427 460987
-9.39319 53.4613 0.7 54.2802 -0.173925 0 -0 156.957 467 460987
-6.83141 53.8486 0.7 54.2802 -0.126189 0 -0.0707397 149.269 426 460987
-9.39319 53.4613 0.7 54.2802 -0.173925 0 -0.0707397 150.019 430 460987
41.1333 35.6924 -0.442869 54.472 0.856101 -0.0209824 0.0707397 134.269 346 460987
-40.2764 36.6745 0.7 54.472 -0.832171 0 0.0707397 134.832 349 460987
-41.1333 35.7107 0.7 54.472 -0.855848 0 0.0707397 140.644 380 460987
-41.1333 35.6924 -0.442869 54.472 -0.856101 -0.0209824 0.0707397 136.332 357 460987
-41.1333 35.6924 1.84287 54.472 -0.856101 0.0209824 0.0707397 134.082 345 460987
-41.1333 35.7107 0.7 54.472 -0.855848 0 -0 147.957 419 460987
-41.1333 35.6924 -0.442869 54.472 -0.856101 -0.0209824 -0 143.832 397 460987
41.9903 34.6802 -0.442869 54.472 0.880455 -0.0209824 -0.0707397 135.957 355 460987
-41.1333 35.7107 0.7 54.472 -0.855848 0 -0.0707397 141.019 382 460987
-41.1333 35.6924 -0.442869 54.472 -0.856101 -0.0209824 -0.0707397 136.894 360 460987
0 55.0353 1.85494 55.0475 0 0.0209824 0.0707397 141.082 377 460987
-0.865996 55.0285 1.85494 55.0475 -0.0157359 0.0209824 0.0707397 140.144 372 460987
0.865996 55.0285 1.85494 55.0475 0.0157359 0.0209824 0.0707397 140.519 374 460987
0 55.0353 1.85494 55.0475 0 0.0209824 -0 147.832 413 460987
0.865996 55.0285 1.85494 55.0475 0.0157359 0.0209824 -0 148.207 415 460987
0 55.0353 1.85494 55.0475 0 0.0209824 -0.0707397 140.144 372 460987
1.73199 54.9717 -1.60988 55.0475 0.0314966 -0.041974 -0.0707397 140.144 372 460987
0.865996 55.0285 1.85494 55.0475 0.0157359 0.0209824 -0.0707397 140.894 376 460987
0 55.2271 1.85897 55.2393 0 0.0209824 0.0707397 135.269 346 460987
-0.869014 55.1838 3.01793 55.2393 -0.0157463 0.041974 0.0707397 136.207 351 460987
-0.869014 55.2203 1.85897 55.2393 -0.0157359 0.0209824 0.0707397 138.644 364 460987
-0.869014 55.1838 -1.61793 55.2393 -0.0157463 -0.041974 -0 143.519 390 460987
-0.869014 55.1838 3.01793 55.2393 -0.0157463 0.041974 -0 143.519 390 460987
-0.869014 55.2203 1.85897 55.2393 -0.0157359 0.0209824 -0 146.144 404 460987
0 55.2271 1.85897 55.2393 0 0.0209824 -0.0707397 136.957 355 460987
-0.869014 55.2324 0.7 55.2393 -0.0157325 0 -0.0707397 136.207 351 460987
-0.869014 55.2203 -0.458966 55.2393 -0.0157359 -0.0209824 -0.0707397 135.832 349 460987
-0.869014 55.1838 -1.61793 55.2393 -0.0157463 -0.041974 -0.0707397 137.144 356 460987
-0.869014 55.1838 3.01793 55.2393 -0.0157463 0.041974 -0.0707397 137.332 357 460987
-0.869014 55.2203 1.85897 55.2393 -0.0157359 0.0209824 -0.0707397 139.957 371 460987
-8.78066 55.1072 -0.471038 55.8147 -0.158009 -0.0209824 0.0707397 142.957 387 460987
-4.40542 55.7835 -1.65013 56.0065 -0.07881 -0.041974 0.0707397 138.082 361 460987
-8.81083 55.2966 -0.475063 56.0065 -0.158009 -0.0209824 0.0707397 138.832 365 460987
-4.40542 55.8206 -0.475063 56.0065 -0.0787578 -0.0209824 -0.0707397 137.894 360 460987
-4.40542 55.7835 -1.65013 56.0065 -0.07881 -0.041974 -0.0707397 139.957 371 460987
-8.81083 55.2591 3.05013 56.0065 -0.158115 0.041974 -0.0707397 137.894 360 460987
-8.81083 55.2966 1.87506 56.0065 -0.158009 0.0209824 -0.0707397 138.082 361 460987
-18.6928 53.4049 0.7 56.5819 -0.336693 0 -0 136.207 351 460987
7.12108 56.132 0.7 56.5819 0.126189 0 -0 138.644 364 460987
7.12108 56.1194 1.88714 56.5819 0.126217 0.0209824 -0 136.957 355 460987
6.23095 56.2377 0.7 56.5819 0.110346 0 -0 137.707 359 460987
6.23095 56.2252 1.88714 56.5819 0.110371 0.0209824 -0 136.582 353 460987
-19.6494 53.2649 0.7 56.7737 -0.353411 0 0.0707397 142.957 387 460987
-19.6494 53.2516 -0.491159 56.7737 -0.353492 -0.0209824 0.0707397 140.519 374 460987
-20.5425 52.9269 0.7 56.7737 -0.370232 0 0.0707397 142.957 387 460987
-20.5425 52.9135 -0.491159 56.7737 -0.370317 -0.0209824 0.0707397 139.957 371 460987
-19.6494 53.2649 0.7 56.7737 -0.353411 0 -0 149.894 424 460987
-19.6494 53.2516 -0.491159 56.7737 -0.353492 -0.0209824 -0 147.644 412 460987
-20.5425 52.9269 0.7 56.7737 -0.370232 0 -0 149.894 424 460987
-20.5425 52.9135 -0.491159 56.7737 -0.370317 -0.0209824 -0 146.519 406 460987
-19.6494 53.2649 0.7 56.7737 -0.353411 0 -0.0707397 142.394 384 460987
-19.6494 53.2516 -0.491159 56.7737 -0.353492 -0.0209824 -0.0707397 140.144 372 460987
-20.5425 52.9269 0.7 56.7737 -0.370232 0 -0.0707397 142.207 383 460987
-20.5425 52.9135 -0.491159 56.7737 -0.370317 -0.0209824 -0.0707397 139.019 366 460987
-0.902205 57.2283 -2.9097 57.3491 -0.0157637 -0.0629841 -0 136.207 351 460987
-19.8485 53.8048 0.7 57.3491 -0.353411 0 -0 138.082 361 460987
6.31544 56.7967 5.51293 57.3491 0.110739 0.0840222 -0 135.457 347 460987
6.31544 56.8859 4.3097 57.3491 0.110567 0.0629841 -0 135.269 346 460987
-8.147 56.9612 0.7 57.5409 -0.142064 0 0.0707397 135.082 345 460987
-8.147 56.9612 0.7 57.5409 -0.142064 0 -0 142.394 384 460987
-8.147 56.9484 -0.507256 57.5409 -0.142095 -0.0209824 -0 141.832 381 460987
-8.147 56.9612 0.7 57.5409 -0.142064 0 -0.0707397 136.207 351 460987
-8.147 56.9484 -0.507256 57.5409 -0.142095 -0.0209824 -0.0707397 135.457 347 460987
-0.914275 58.0579 3.13866 58.1163 -0.0157463 0.041974 -0 134.332 341 460987
-33.8282 47.2406 1.91933 58.1163 -0.621438 0.0209824 -0 134.332 341 460987
0 58.3081 0.7 58.3081 0 0 -0 138.082 361 460987
0 58.2953 -0.523353 58.3081 0 -0.0209824 -0 136.207 351 460987
2.75188 58.2431 0.7 58.3081 0.047213 0 -0 137.144 356 460987
0.917292 58.3009 0.7 58.3081 0.0157325 0 -0 136.957 355 460987
-19.6433 55.9955 4.44249 59.4589 -0.337389 0.0629841 -0 135.144 340 460987
-19.6433 56.0649 3.195 59.4589 -0.337002 0.041974 -0 134.957 339 460987
-20.5787 55.6585 4.44249 59.4589 -0.354144 0.0629841 -0 137.207 351 460987
-20.5787 55.7284 3.195 59.4589 -0.353736 0.041974 -0 137.957 355 460987
-20.6451 55.9082 3.20304 59.6507 -0.353736 0.041974 -0 134.957 339 460987
4.70716 58.5772 11.9999 59.8425 0.0801859 0.189968 -0 136.457 347 460987
30.4155 52.1421 3.23524 60.4179 0.528064 0.041974 -0 136.832 349 460987
30.4155 52.1883 1.96762 60.4179 0.527678 0.0209824 -0 139.269 362 460987
29.465 52.685 3.23524 60.4179 0.50993 0.041974 -0 134.394 336 460987
29.465 52.7308 1.96762 60.4179 0.50956 0.0209824 -0 137.394 352 460987
-30.512 52.354 1.97164 60.6097 -0.527678 0.0209824 -0 136.082 345 460987
30.512 52.3694 0.7 60.6097 0.52755 0 -0 136.269 346 460987
30.512 52.354 1.97164 60.6097 0.527678 0.0209824 -0 137.957 355 460987
29.5585 52.9135 0.7 60.6097 0.509437 0 -0 138.519 358 460987
29.5585 52.8982 1.97164 60.6097 0.50956 0.0209824 -0 138.894 360 460987
33.2398 52.4425 3.30767 62.1442 0.564926 0.041974 -0 136.894 344 460987
33.2398 52.4911 2.00384 62.1442 0.564507 0.0209824 -0 138.582 353 460987
-6.99133 63.0866 -0.632006 63.4868 -0.110371 -0.0209824 -0 136.332 341 460987
37.4008 52.2471 0.7 64.254 0.621281 0 -0 137.082 345 460987
37.4008 52.1775 3.39621 64.254 0.621912 0.041974 -0 136.894 344 460987
37.4008 52.2297 2.0481 64.254 0.621438 0.0209824 -0 140.269 362 460987
36.3899 52.9561 0.7 64.254 0.602065 0 -0 136.894 344 460987
36.3899 52.9389 2.0481 64.254 0.602216 0.0209824 -0 139.519 358 460987
-9.23327 64.5561 0.7 65.213 -0.142064 0 -0 137.644 348 460987
-46.3353 48.3105 0.7 66.9392 -0.764533 0 -0 139.957 355 460987
-47.3884 47.2779 0.7 66.9392 -0.786565 0 -0 139.394 352 460987
-46.4681 48.4489 0.7 67.131 -0.764533 0 -0 136.957 339 460987
-47.5242 47.4134 0.7 67.131 -0.786565 0 -0 138.457 347 460987
2.1665 68.808 2.14468 68.8573 0.0314757 0.0209824 -0 138.832 349 460987
1.08325 68.8336 2.14468 68.8573 0.0157359 0.0209824 -0 139.207 351 460987
0 69.0339 2.14871 69.0491 0 0.0209824 -0 136.582 337 460987
1.08627 69.0253 2.14871 69.0491 0.0157359 0.0209824 -0 139.019 350 460987
-2.1846 69.3983 0.7 69.4327 -0.0314688 0 -0 137.894 344 460987
-2.1846 69.2606 5.07027 69.4327 -0.0315314 0.0629841 -0 136.957 339 460987
-2.1846 69.3371 3.61351 69.4327 -0.0314966 0.041974 -0 138.457 347 460987
-2.1846 69.383 2.15676 69.4327 -0.0314757 0.0209824 -0 138.457 347 460987
-3.27691 69.2941 3.61351 69.4327 -0.0472546 0.041974 -0 136.582 337 460987
-3.27691 69.34 2.15676 69.4327 -0.0472234 0.0209824 -0 137.519 342 460987
-13.3973 69.6274 3.6779 70.9671 -0.190091 0.041974 -0 141.332 357 460987
-13.3973 69.6751 2.18895 70.9671 -0.189964 0.0209824 -0 140.394 352 460987
6.69865 70.5875 3.6779 70.9671 0.0946152 0.041974 -0 138.519 342 460987
2.26306 71.8747 2.20907 71.9261 0.0314757 0.0209824 0.0707397 138.332 341 460987
2.26306 71.8905 0.7 71.9261 0.0314688 0 -0 144.894 376 460987
2.26306 71.8747 2.20907 71.9261 0.0314757 0.0209824 -0 146.582 385 460987
1.13153 71.9014 2.20907 71.9261 0.0157359 0.0209824 -0 143.019 366 460987
2.26306 71.8905 0.7 71.9261 0.0314688 0 -0.0707397 138.894 344 460987
2.26306 71.8747 2.20907 71.9261 0.0314757 0.0209824 -0.0707397 140.582 353 460987
2.26909 72.0822 0.7 72.1179 0.0314688 0 -0 139.832 349 460987
2.26909 72.0663 2.21309 72.1179 0.0314757 0.0209824 -0 143.582 369 460987
1.13455 72.0931 2.21309 72.1179 0.0157359 0.0209824 -0 139.269 346 460987
25.0264 67.7729 3.73424 72.3097 0.353736 0.041974 -0 138.332 341 460987
2.27513 72.258 2.21712 72.3097 0.0314757 0.0209824 -0 140.394 352 460987
1.13756 72.2849 2.21712 72.3097 0.0157359 0.0209824 -0 138.332 341 460987
24.1423 68.9056 3.76643 73.0769 0.337002 0.041974 -0 139.457 347 460987
22.9927 69.2977 3.76643 73.0769 0.320366 0.041974 -0 140.019 350 460987
24.2057 69.0009 5.31172 73.2687 0.337389 0.0629841 -0 140.957 355 460987
24.2057 69.0865 3.77448 73.2687 0.337002 0.041974 -0 145.082 377 460987
24.2057 69.1378 2.23724 73.2687 0.336771 0.0209824 -0 139.082 345 460987
23.053 69.4796 3.77448 73.2687 0.320366 0.041974 -0 141.894 360 460987
