1.52983 1.91185 0.22917 2.49344 0.67485 -0.189968 -0 92.5192 390 461394
1.26731 2.53734 0.217098 2.87704 0.463219 -0.168645 -0 104.957 435 461394
1.22205 2.5701 0.27746 2.87704 0.443845 -0.147399 -0 104.019 430 461394
1.22205 2.55945 0.217098 2.87704 0.445458 -0.168645 -0 104.582 433 461394
0.995745 2.644 0.156735 2.87704 0.360177 -0.189968 -0.0707397 97.2692 394 461394
0.995745 2.63088 0.096372 2.87704 0.361822 -0.211379 -0.0707397 97.0817 393 461394
1.30352 2.74145 0.249291 3.06885 0.443845 -0.147399 -0 102.519 422 461394
1.15868 2.80573 0.249291 3.06885 0.391638 -0.147399 -0 102.144 420 461394
0.917292 2.87064 0.120517 3.06885 0.309288 -0.189968 -0 98.5817 401 461394
0.917292 2.85689 0.0561301 3.06885 0.310683 -0.211379 -0 98.2067 399 461394
1.12851 3.03147 0.289533 3.26065 0.356371 -0.12622 0.0707397 99.5192 406 461394
1.12851 3.02142 0.221122 3.26065 0.357458 -0.147399 0.0707397 101.957 419 461394
1.07721 3.04009 0.221122 3.26065 0.340533 -0.147399 0.0707397 98.3942 400 461394
1.12851 3.02142 0.221122 3.26065 0.357458 -0.147399 -0 109.269 458 461394
1.12851 3.03147 0.289533 3.26065 0.356371 -0.12622 -0.0707397 99.5192 406 461394
1.12851 3.02142 0.221122 3.26065 0.357458 -0.147399 -0.0707397 102.332 421 461394
1.07721 3.04009 0.221122 3.26065 0.340533 -0.147399 -0.0707397 98.9567 403 461394
1.79234 2.91857 0.265388 3.45245 0.550734 -0.12622 -0 103.457 427 461394
1.79234 2.90686 0.192952 3.45245 0.552528 -0.147399 -0 102.707 423 461394
1.30352 3.16724 0.265388 3.45245 0.390435 -0.12622 -0 104.582 433 461394
1.24921 3.18905 0.265388 3.45245 0.373346 -0.12622 -0 102.707 423 461394
1.71992 3.17994 0.241243 3.64426 0.495804 -0.12622 0.0707397 99.1442 388 461394
1.43327 3.31902 0.241243 3.64426 0.407646 -0.12622 0.0707397 99.5192 390 461394
1.08928 3.45658 0.317702 3.64426 0.305283 -0.105098 0.0707397 99.3317 389 461394
1.08928 3.44726 0.241243 3.64426 0.306057 -0.12622 0.0707397 100.082 393 461394
1.94925 3.04476 0.241243 3.64426 0.569452 -0.12622 -0.0707397 97.4567 379 461394
1.71992 3.17994 0.241243 3.64426 0.495804 -0.12622 -0.0707397 100.457 395 461394
1.66259 3.21029 0.241243 3.64426 0.477861 -0.12622 -0.0707397 98.2067 383 461394
1.54793 3.26712 0.241243 3.64426 0.442461 -0.12622 -0.0707397 96.8942 376 461394
1.43327 3.31902 0.241243 3.64426 0.407646 -0.12622 -0.0707397 99.5192 390 461394
1.14662 3.6385 0.297581 3.83606 0.305283 -0.105098 0.0707397 102.707 407 461394
1.14662 3.6287 0.217098 3.83606 0.306057 -0.12622 0.0707397 102.707 407 461394
1.08627 3.65697 0.297581 3.83606 0.288739 -0.105098 0.0707397 102.707 407 461394
1.08627 3.64722 0.217098 3.83606 0.289469 -0.12622 0.0707397 102.144 404 461394
1.14662 3.6385 0.297581 3.83606 0.305283 -0.105098 -0.0707397 103.269 410 461394
1.52077 3.70572 0.27746 4.02786 0.389427 -0.105098 0.0707397 104.957 419 461394
1.52077 3.69511 0.192952 4.02786 0.390435 -0.12622 0.0707397 104.019 414 461394
1.45741 3.7311 0.27746 4.02786 0.372386 -0.105098 0.0707397 104.019 414 461394
1.59319 3.88219 0.257339 4.21967 0.389427 -0.105098 0.0707397 107.582 433 461394
1.19489 4.02267 0.257339 4.21967 0.288739 -0.105098 0.0707397 108.332 437 461394
1.12851 4.04179 0.257339 4.21967 0.272276 -0.105098 0.0707397 107.207 431 461394
1.59319 3.88219 0.257339 4.21967 0.389427 -0.105098 -0 115.082 473 461394
1.19489 4.02267 0.257339 4.21967 0.288739 -0.105098 -0 116.019 478 461394
1.12851 4.04179 0.257339 4.21967 0.272276 -0.105098 -0 114.894 472 461394
1.59319 3.88219 0.257339 4.21967 0.389427 -0.105098 -0.0707397 108.144 436 461394
1.19489 4.02267 0.257339 4.21967 0.288739 -0.105098 -0.0707397 108.894 440 461394
1.12851 4.04179 0.257339 4.21967 0.272276 -0.105098 -0.0707397 108.144 436 461394
1.20696 4.62321 0.297581 4.79507 0.255367 -0.0840222 -0.0707397 110.207 431 461394
1.20696 4.61334 0.196977 4.79507 0.255889 -0.105098 -0.0707397 110.207 431 461394
1.13153 4.64225 0.297581 4.79507 0.239084 -0.0840222 -0.0707397 110.394 432 461394
1.13153 4.63242 0.196977 4.79507 0.239572 -0.105098 -0.0707397 110.207 431 461394
1.56905 4.71507 0.281485 4.98688 0.321247 -0.0840222 -0.0707397 105.332 405 461394
1.41215 4.76441 0.281485 4.98688 0.288146 -0.0840222 -0.0707397 103.832 397 461394
1.33369 4.78697 0.281485 4.98688 0.271719 -0.0840222 -0.0707397 107.582 417 461394
1.25524 4.80813 0.281485 4.98688 0.255367 -0.0840222 -0.0707397 104.957 403 461394
1.20696 4.62321 0.297581 4.79507 0.255367 -0.0840222 0.0707397 108.894 424 461394
1.20696 4.61334 0.196977 4.79507 0.255889 -0.105098 0.0707397 108.332 421 461394
1.13153 4.64225 0.297581 4.79507 0.239084 -0.0840222 0.0707397 108.894 424 461394
1.13153 4.63242 0.196977 4.79507 0.239572 -0.105098 0.0707397 108.519 422 461394
1.33369 4.78697 0.281485 4.98688 0.271719 -0.0840222 -0 115.269 458 461394
1.56905 4.71507 0.281485 4.98688 0.321247 -0.0840222 0.0707397 105.332 405 461394
1.41215 4.76441 0.281485 4.98688 0.288146 -0.0840222 0.0707397 106.082 409 461394
1.33369 4.78697 0.281485 4.98688 0.271719 -0.0840222 0.0707397 108.332 421 461394
1.33369 4.77666 0.176856 4.98688 0.272276 -0.105098 0.0707397 105.519 406 461394
-1.41215 4.78276 0.7 4.98688 -0.287101 0 -0.707397 111.707 439 461394
-1.41215 4.78161 0.595371 4.98688 -0.287166 -0.0209824 -0.707397 115.457 459 461394
-1.41215 4.77818 0.490742 4.98688 -0.287361 -0.041974 -0.707397 111.144 436 461394
-1.4906 4.75774 0.595371 4.98688 -0.303613 -0.0209824 -0.707397 112.269 442 461394
-1.41215 4.78161 0.595371 4.98688 -0.287166 -0.0209824 -0.848877 111.707 439 461394
-1.41215 4.77818 0.490742 4.98688 -0.287361 -0.041974 -0.848877 109.269 426 461394
-1.41215 4.78161 0.595371 4.98688 -0.287166 -0.0209824 -0.919617 114.144 452 461394
-1.41215 4.77818 0.490742 4.98688 -0.287361 -0.041974 -0.919617 113.019 446 461394
-1.4906 4.75774 0.595371 4.98688 -0.303613 -0.0209824 -0.919617 110.207 431 461394
-1.4906 4.75429 0.490742 4.98688 -0.303821 -0.041974 -0.919617 109.457 427 461394
-1.41215 4.78276 0.7 4.98688 -0.287101 0 -0.778137 109.082 425 461394
-1.41215 4.78161 0.595371 4.98688 -0.287166 -0.0209824 -0.778137 114.332 453 461394
-1.41215 4.77818 0.490742 4.98688 -0.287361 -0.041974 -0.778137 110.957 435 461394
-1.4906 4.75774 0.595371 4.98688 -0.303613 -0.0209824 -0.778137 111.332 437 461394
1.20696 4.62321 0.297581 4.79507 0.255367 -0.0840222 -0 116.582 465 461394
1.20696 4.61334 0.196977 4.79507 0.255889 -0.105098 -0 116.582 465 461394
1.13153 4.64225 0.297581 4.79507 0.239084 -0.0840222 -0 116.582 465 461394
1.13153 4.63242 0.196977 4.79507 0.239572 -0.105098 -0 116.582 465 461394
-1.35783 4.59771 0.599395 4.79507 -0.287166 -0.0209824 -0.778137 110.019 430 461394
-1.25524 4.79788 1.22314 4.98688 -0.255889 0.105098 -1.0611 117.332 469 461394
-1.41215 4.78161 0.595371 4.98688 -0.287166 -0.0209824 -1.0611 115.832 461 461394
-1.41215 4.77818 0.490742 4.98688 -0.287361 -0.041974 -1.0611 117.519 470 461394
-1.17679 4.81772 1.22314 4.98688 -0.239572 0.105098 -1.13184 114.894 456 461394
-1.25524 4.78531 1.32777 4.98688 -0.256532 0.12622 -1.13184 114.144 452 461394
-1.25524 4.79788 1.22314 4.98688 -0.255889 0.105098 -1.13184 117.519 470 461394
-1.41215 4.78161 0.595371 4.98688 -0.287166 -0.0209824 -0.990356 115.644 460 461394
-1.41215 4.77818 0.490742 4.98688 -0.287361 -0.041974 -0.990356 116.957 467 461394
-1.4906 4.75429 0.490742 4.98688 -0.303821 -0.041974 -0.990356 113.019 446 461394
-1.41215 4.75406 1.22314 4.98688 -0.288739 0.105098 -1.20258 112.457 443 461394
-1.41215 4.76441 1.11852 4.98688 -0.288146 0.0840222 -1.20258 113.582 449 461394
-1.41215 4.77245 1.01389 4.98688 -0.287687 0.0629841 -1.20258 109.832 429 461394
-1.4906 4.73005 1.22314 4.98688 -0.305283 0.105098 -1.20258 108.707 423 461394
-1.4906 4.74045 1.11852 4.98688 -0.304653 0.0840222 -1.20258 110.019 430 461394
-1.35783 4.59771 0.599395 4.79507 -0.287166 -0.0209824 -0.990356 108.519 422 461394
-1.35783 4.5944 0.498791 4.79507 -0.287361 -0.041974 -0.990356 109.082 425 461394
-1.35783 4.59881 0.7 4.79507 -0.287101 0 -0.707397 108.332 421 461394
-1.35783 4.59771 0.599395 4.79507 -0.287166 -0.0209824 -0.707397 110.957 435 461394
-1.43327 4.57475 0.599395 4.79507 -0.303613 -0.0209824 -0.707397 109.082 425 461394
-1.25524 4.77042 1.4324 4.98688 -0.257298 0.147399 -1.41479 115.832 461 461394
-1.33369 4.76404 1.32777 4.98688 -0.272962 0.12622 -1.41479 117.144 468 461394
-1.33369 4.77666 1.22314 4.98688 -0.272276 0.105098 -1.41479 117.519 470 461394
-1.41215 4.74138 1.32777 4.98688 -0.289469 0.12622 -1.41479 119.019 478 461394
-1.41215 4.75406 1.22314 4.98688 -0.288739 0.105098 -1.41479 117.519 470 461394
-1.35783 4.59771 0.599395 4.79507 -0.287166 -0.0209824 -1.0611 108.707 423 461394
-1.35783 4.5944 0.498791 4.79507 -0.287361 -0.041974 -1.0611 110.207 431 461394
-1.41215 4.75406 1.22314 4.98688 -0.288739 0.105098 -1.27332 119.207 479 461394
-1.41215 4.76441 1.11852 4.98688 -0.288146 0.0840222 -1.27332 118.269 474 461394
-1.41215 4.77245 1.01389 4.98688 -0.287687 0.0629841 -1.27332 119.394 480 461394
-1.33369 4.76404 1.32777 4.98688 -0.272962 0.12622 -1.34406 124.269 506 461394
-1.33369 4.77666 1.22314 4.98688 -0.272276 0.105098 -1.34406 123.519 502 461394
-1.41215 4.74138 1.32777 4.98688 -0.289469 0.12622 -1.34406 124.832 509 461394
-1.41215 4.75406 1.22314 4.98688 -0.288739 0.105098 -1.34406 123.332 501 461394
-1.33369 4.79496 0.386113 4.98688 -0.271288 -0.0629841 -1.76849 114.894 456 461394
-1.41215 4.77818 0.490742 4.98688 -0.287361 -0.041974 -1.76849 117.144 468 461394
-1.41215 4.77245 0.386113 4.98688 -0.287687 -0.0629841 -1.76849 120.332 485 461394
-1.4906 4.74853 0.386113 4.98688 -0.304167 -0.0629841 -1.76849 116.207 463 461394
-1.35783 4.58889 0.398186 4.79507 -0.287687 -0.0629841 -1.62701 108.519 422 461394
-1.33369 4.79496 0.386113 4.98688 -0.271288 -0.0629841 -1.62701 111.332 437 461394
-1.41215 4.77818 0.490742 4.98688 -0.287361 -0.041974 -1.62701 115.082 457 461394
-1.41215 4.77245 0.386113 4.98688 -0.287687 -0.0629841 -1.62701 115.457 459 461394
-1.33369 4.79496 0.386113 4.98688 -0.271288 -0.0629841 -1.69775 115.269 458 461394
-1.41215 4.77818 0.490742 4.98688 -0.287361 -0.041974 -1.69775 118.644 476 461394
-1.41215 4.77245 0.386113 4.98688 -0.287687 -0.0629841 -1.69775 120.332 485 461394
-1.4906 4.74853 0.386113 4.98688 -0.304167 -0.0629841 -1.69775 115.832 461 461394
-1.41215 4.77818 0.490742 4.98688 -0.287361 -0.041974 -1.83923 112.269 442 461394
-1.41215 4.77245 0.386113 4.98688 -0.287687 -0.0629841 -1.83923 116.394 464 461394
-1.41215 4.76441 0.281485 4.98688 -0.288146 -0.0840222 -1.83923 111.519 438 461394
-1.4906 4.74853 0.386113 4.98688 -0.304167 -0.0629841 -1.83923 113.019 446 461394
1.66561 4.05865 0.237219 4.41147 0.389427 -0.105098 0.0707397 106.082 409 461394
1.31861 4.18428 0.237219 4.41147 0.305283 -0.105098 0.0707397 105.707 407 461394
1.66561 4.05865 0.237219 4.41147 0.389427 -0.105098 -0.0707397 107.582 417 461394
1.44836 4.35237 0.313678 4.60327 0.321247 -0.0840222 0.0707397 110.394 432 461394
1.44836 4.34272 0.217098 4.60327 0.321913 -0.105098 0.0707397 110.394 432 461394
1.44836 4.35237 0.313678 4.60327 0.321247 -0.0840222 -0 118.457 475 461394
1.44836 4.34272 0.217098 4.60327 0.321913 -0.105098 -0 118.832 477 461394
1.44836 4.35237 0.313678 4.60327 0.321247 -0.0840222 -0.0707397 111.894 440 461394
1.44836 4.34272 0.217098 4.60327 0.321913 -0.105098 -0.0707397 112.082 441 461394
-1.35783 4.58889 0.398186 4.79507 -0.287687 -0.0629841 -1.83923 110.394 432 461394
-1.2824 4.61054 0.398186 4.79507 -0.271288 -0.0629841 -1.69775 109.082 425 461394
-1.35783 4.5944 0.498791 4.79507 -0.287361 -0.041974 -1.69775 112.269 442 461394
-1.35783 4.58889 0.398186 4.79507 -0.287687 -0.0629841 -1.69775 113.957 451 461394
-1.43327 4.56589 0.398186 4.79507 -0.304167 -0.0629841 -1.69775 109.082 425 461394
-1.2824 4.61054 0.398186 4.79507 -0.271288 -0.0629841 -1.76849 108.332 421 461394
-1.35783 4.5944 0.498791 4.79507 -0.287361 -0.041974 -1.76849 111.332 437 461394
-1.35783 4.58889 0.398186 4.79507 -0.287687 -0.0629841 -1.76849 113.957 451 461394
-1.43327 4.56589 0.398186 4.79507 -0.304167 -0.0629841 -1.76849 109.832 429 461394
-1.41215 4.77245 0.386113 4.98688 -0.287687 -0.0629841 -2.05145 108.332 421 461394
-1.41215 4.75406 0.176856 4.98688 -0.288739 -0.105098 -2.75885 108.519 422 461394
-1.41215 4.77245 0.386113 4.98688 -0.287687 -0.0629841 -2.19293 112.082 441 461394
-1.41215 4.76441 0.281485 4.98688 -0.288146 -0.0840222 -2.19293 112.082 441 461394
-1.4906 4.74853 0.386113 4.98688 -0.304167 -0.0629841 -2.19293 109.644 428 461394
-1.4906 4.74045 0.281485 4.98688 -0.304653 -0.0840222 -2.19293 109.644 428 461394
1.46646 4.94766 0.265388 5.17868 0.288146 -0.0840222 -0.0707397 112.394 432 461394
1.46646 4.93691 0.156735 5.17868 0.288739 -0.105098 -0.0707397 108.082 409 461394
1.38499 4.97108 0.265388 5.17868 0.271719 -0.0840222 -0.0707397 110.894 424 461394
1.60526 5.1051 0.249291 5.37048 0.304653 -0.0840222 -0 115.394 448 461394
-1.3518 5.16695 0.136614 5.37048 -0.255889 -0.105098 -0.0707397 110.519 422 461394
-1.43629 5.1552 0.249291 5.37048 -0.271719 -0.0840222 -0.0707397 113.519 438 461394
-1.43629 5.1441 0.136614 5.37048 -0.272276 -0.105098 -0.0707397 114.457 443 461394
1.46646 4.94766 0.265388 5.17868 0.288146 -0.0840222 -0 119.332 469 461394
1.38499 4.97108 0.265388 5.17868 0.271719 -0.0840222 -0 117.644 460 461394
-1.22205 5.02773 0.917306 5.17868 -0.238438 0.041974 -0.282959 110.519 422 461394
1.46646 4.94766 0.265388 5.17868 0.288146 -0.0840222 0.0707397 112.019 430 461394
1.46646 4.93691 0.156735 5.17868 0.288739 -0.105098 0.0707397 107.707 407 461394
1.38499 4.97108 0.265388 5.17868 0.271719 -0.0840222 0.0707397 109.957 419 461394
-1.22205 5.01363 1.13461 5.17868 -0.239084 0.0840222 -0.848877 110.707 423 461394
-1.30352 4.99306 1.13461 5.17868 -0.255367 0.0840222 -0.919617 113.144 436 461394
-1.22205 4.99002 1.35192 5.17868 -0.240172 0.12622 -1.0611 116.332 453 461394
-1.22205 5.00302 1.24327 5.17868 -0.239572 0.105098 -1.0611 119.707 471 461394
-1.30352 4.96936 1.35192 5.17868 -0.256532 0.12622 -1.0611 118.207 463 461394
-1.30352 4.98241 1.24327 5.17868 -0.255889 0.105098 -1.0611 120.457 475 461394
-1.22205 5.00302 1.24327 5.17868 -0.239572 0.105098 -1.13184 120.644 476 461394
-1.30352 4.96936 1.35192 5.17868 -0.256532 0.12622 -1.13184 119.144 468 461394
-1.30352 4.98241 1.24327 5.17868 -0.255889 0.105098 -1.13184 122.332 485 461394
-1.22205 5.00302 1.24327 5.17868 -0.239572 0.105098 -0.990356 112.394 432 461394
-1.30352 4.99306 1.13461 5.17868 -0.255367 0.0840222 -0.990356 116.519 454 461394
-1.30352 5.00133 1.02596 5.17868 -0.254962 0.0629841 -0.990356 115.207 447 461394
-1.38499 4.97108 1.13461 5.17868 -0.271719 0.0840222 -0.990356 114.644 444 461394
-1.3518 5.18657 0.361968 5.37048 -0.254962 -0.0629841 -0.282959 111.269 426 461394
-1.43629 5.16995 0.474646 5.37048 -0.270981 -0.041974 -0.282959 110.894 424 461394
-1.43629 5.16381 0.361968 5.37048 -0.271288 -0.0629841 -0.282959 115.207 447 461394
-1.43629 5.1552 0.249291 5.37048 -0.271719 -0.0840222 -0.282959 112.957 435 461394
-1.3518 5.18657 0.361968 5.37048 -0.254962 -0.0629841 -0.212219 110.894 424 461394
-1.3518 5.17799 0.249291 5.37048 -0.255367 -0.0840222 -0.212219 110.332 421 461394
-1.43629 5.16381 0.361968 5.37048 -0.271288 -0.0629841 -0.212219 114.832 445 461394
-1.43629 5.1552 0.249291 5.37048 -0.271719 -0.0840222 -0.212219 114.832 445 461394
-1.43629 5.13051 0.0239366 5.37048 -0.272962 -0.12622 -0.212219 111.457 427 461394
-1.38499 4.97108 1.13461 5.17868 -0.271719 0.0840222 -1.20258 111.832 429 461394
-1.46646 4.93691 1.24327 5.17868 -0.288739 0.105098 -1.20258 115.207 447 461394
-1.46646 4.94766 1.13461 5.17868 -0.288146 0.0840222 -1.20258 116.332 453 461394
-1.54793 4.91198 1.24327 5.17868 -0.305283 0.105098 -1.20258 111.269 426 461394
-1.54793 4.92278 1.13461 5.17868 -0.304653 0.0840222 -1.20258 111.832 429 461394
-1.38499 4.96038 1.24327 5.17868 -0.272276 0.105098 -1.27332 121.207 479 461394
-1.46646 4.93691 1.24327 5.17868 -0.288739 0.105098 -1.27332 122.707 487 461394
-1.46646 4.94766 1.13461 5.17868 -0.288146 0.0840222 -1.27332 122.332 485 461394
-1.46646 4.956 1.02596 5.17868 -0.287687 0.0629841 -1.27332 121.394 480 461394
1.60526 5.1138 0.361968 5.37048 0.304167 -0.0629841 0.0707397 106.207 399 461394
1.60526 5.1051 0.249291 5.37048 0.304653 -0.0840222 0.0707397 108.832 413 461394
1.52077 5.13091 0.249291 5.37048 0.288146 -0.0840222 0.0707397 107.707 407 461394
1.18282 5.21918 0.249291 5.37048 0.222865 -0.0840222 0.0707397 107.332 405 461394
-1.68975 5.0665 1.26339 5.37048 -0.321913 0.105098 -1.27332 111.082 425 461394
-1.77424 5.02366 1.37606 5.37048 -0.339502 0.12622 -1.27332 105.082 393 461394
-1.85872 5.01838 1.15071 5.37048 -0.354717 0.0840222 -1.27332 104.894 392 461394
-1.30352 4.9539 1.46057 5.17868 -0.257298 0.147399 -1.41479 119.519 470 461394
-1.38499 4.94728 1.35192 5.17868 -0.272962 0.12622 -1.41479 118.582 465 461394
-1.38499 4.96038 1.24327 5.17868 -0.272276 0.105098 -1.41479 119.144 468 461394
-1.46646 4.92374 1.35192 5.17868 -0.289469 0.12622 -1.41479 121.019 478 461394
-1.46646 4.93691 1.24327 5.17868 -0.288739 0.105098 -1.41479 118.582 465 461394
-1.30352 4.9539 1.46057 5.17868 -0.257298 0.147399 -1.48553 111.269 426 461394
-1.71087 4.85762 1.24327 5.17868 -0.338636 0.105098 -1.48553 105.644 396 461394
-1.71087 4.86855 1.13461 5.17868 -0.337933 0.0840222 -1.48553 104.519 390 461394
-1.38499 4.94728 1.35192 5.17868 -0.272962 0.12622 -1.34406 125.894 504 461394
-1.38499 4.96038 1.24327 5.17868 -0.272276 0.105098 -1.34406 125.332 501 461394
-1.46646 4.92374 1.35192 5.17868 -0.289469 0.12622 -1.34406 126.832 509 461394
-1.46646 4.93691 1.24327 5.17868 -0.288739 0.105098 -1.34406 125.519 502 461394
-1.68975 5.0527 1.37606 5.37048 -0.322733 0.12622 -1.41479 112.019 430 461394
-1.68975 5.0665 1.26339 5.37048 -0.321913 0.105098 -1.41479 112.394 432 461394
-1.77424 5.02366 1.37606 5.37048 -0.339502 0.12622 -1.41479 109.582 417 461394
-1.77424 5.03754 1.26339 5.37048 -0.338636 0.105098 -1.41479 112.394 432 461394
-1.77424 5.04887 1.15071 5.37048 -0.337933 0.0840222 -1.41479 109.957 419 461394
-1.77424 5.03754 1.26339 5.37048 -0.338636 0.105098 -1.48553 104.332 389 461394
-1.60526 5.08017 1.37606 5.37048 -0.306057 0.12622 -1.34406 112.207 431 461394
-1.68975 5.0527 1.37606 5.37048 -0.322733 0.12622 -1.34406 117.269 458 461394
-1.68975 5.0665 1.26339 5.37048 -0.321913 0.105098 -1.34406 115.582 449 461394
-1.77424 5.02366 1.37606 5.37048 -0.339502 0.12622 -1.34406 113.519 438 461394
1.22507 5.40558 0.233194 5.56229 0.222865 -0.0840222 0.0707397 109.019 414 461394
1.13756 5.42467 0.233194 5.56229 0.206706 -0.0840222 0.0707397 109.207 415 461394
1.22507 5.40558 0.233194 5.56229 0.222865 -0.0840222 -0 115.582 449 461394
1.13756 5.42467 0.233194 5.56229 0.206706 -0.0840222 -0 115.957 451 461394
1.22507 5.40558 0.233194 5.56229 0.222865 -0.0840222 -0.0707397 107.894 408 461394
1.13756 5.42467 0.233194 5.56229 0.206706 -0.0840222 -0.0707397 108.832 413 461394
1.35783 5.57069 0.217098 5.75409 0.239084 -0.0840222 0.0707397 109.394 416 461394
1.26731 5.6011 0.337823 5.75409 0.222515 -0.0629841 0.0707397 110.332 421 461394
1.26731 5.59198 0.217098 5.75409 0.222865 -0.0840222 0.0707397 113.519 438 461394
1.17679 5.61173 0.217098 5.75409 0.206706 -0.0840222 0.0707397 109.207 415 461394
1.35783 5.57069 0.217098 5.75409 0.239084 -0.0840222 -0 117.082 457 461394
1.26731 5.6011 0.337823 5.75409 0.222515 -0.0629841 -0 118.019 462 461394
1.26731 5.59198 0.217098 5.75409 0.222865 -0.0840222 -0 121.019 478 461394
1.17679 5.61173 0.217098 5.75409 0.206706 -0.0840222 -0 116.707 455 461394
1.35783 5.57069 0.217098 5.75409 0.239084 -0.0840222 -0.0707397 109.957 419 461394
1.26731 5.6011 0.337823 5.75409 0.222515 -0.0629841 -0.0707397 110.707 423 461394
1.26731 5.59198 0.217098 5.75409 0.222865 -0.0840222 -0.0707397 113.894 440 461394
1.17679 5.61173 0.217098 5.75409 0.206706 -0.0840222 -0.0707397 109.957 419 461394
1.21602 5.80817 0.325751 5.94589 0.206382 -0.0629841 -0 112.894 424 461394
1.21602 5.79879 0.201001 5.94589 0.206706 -0.0840222 -0 114.582 433 461394
1.12248 5.82697 0.325751 5.94589 0.190303 -0.0629841 -0 110.832 413 461394
1.12248 5.81762 0.201001 5.94589 0.190602 -0.0840222 -0 111.019 414 461394
1.15868 6.01494 0.313678 6.1377 0.190303 -0.0629841 0.0707397 112.144 420 461394
1.15868 6.00528 0.184904 6.1377 0.190602 -0.0840222 0.0707397 111.957 419 461394
1.06213 6.03274 0.313678 6.1377 0.174275 -0.0629841 0.0707397 110.832 413 461394
1.15868 6.01494 0.313678 6.1377 0.190303 -0.0629841 -0 119.644 460 461394
1.15868 6.00528 0.184904 6.1377 0.190602 -0.0840222 -0 119.457 459 461394
1.06213 6.03274 0.313678 6.1377 0.174275 -0.0629841 -0 116.457 443 461394
1.15868 6.01494 0.313678 6.1377 0.190303 -0.0629841 -0.0707397 112.707 423 461394
1.15868 6.00528 0.184904 6.1377 0.190602 -0.0840222 -0.0707397 112.707 423 461394
1.06213 6.03274 0.313678 6.1377 0.174275 -0.0629841 -0.0707397 108.582 401 461394
1.19489 6.20291 0.301606 6.3295 0.190303 -0.0629841 0.0707397 109.332 405 461394
1.19489 6.19295 0.168807 6.3295 0.190602 -0.0840222 0.0707397 108.957 403 461394
1.09532 6.22126 0.301606 6.3295 0.174275 -0.0629841 0.0707397 109.144 404 461394
1.09532 6.21133 0.168807 6.3295 0.174548 -0.0840222 0.0707397 106.894 392 461394
1.19489 6.20291 0.301606 6.3295 0.190303 -0.0629841 -0 117.394 448 461394
1.19489 6.19295 0.168807 6.3295 0.190602 -0.0840222 -0 117.394 448 461394
1.09532 6.22126 0.301606 6.3295 0.174275 -0.0629841 -0 116.832 445 461394
1.19489 6.20291 0.301606 6.3295 0.190303 -0.0629841 -0.0707397 111.207 415 461394
1.19489 6.19295 0.168807 6.3295 0.190602 -0.0840222 -0.0707397 111.207 415 461394
1.09532 6.22126 0.301606 6.3295 0.174275 -0.0629841 -0.0707397 110.269 410 461394
1.09532 6.21133 0.168807 6.3295 0.174548 -0.0840222 -0.0707397 108.957 403 461394
1.74406 6.27034 0.289533 6.5213 0.271288 -0.0629841 0.0707397 114.207 431 461394
1.84665 6.24089 0.289533 6.5213 0.287687 -0.0629841 -0 120.207 463 461394
1.74406 6.27034 0.289533 6.5213 0.271288 -0.0629841 -0 121.894 472 461394
1.74406 6.25988 0.152711 6.5213 0.271719 -0.0840222 -0 119.457 459 461394
1.64147 6.29797 0.289533 6.5213 0.254962 -0.0629841 -0 118.894 456 461394
1.74406 6.27034 0.289533 6.5213 0.271288 -0.0629841 -0.0707397 114.582 433 461394
1.12851 6.39956 0.152711 6.5213 0.174548 -0.0840222 -0.0707397 106.707 391 461394
-1.37594 7.1165 1.4646 7.28851 -0.190988 0.105098 1.13184 109.832 397 461394
-1.67466 6.79264 1.89116 7.09671 -0.24172 0.168645 0.990356 113.394 416 461394
-1.67466 6.81707 1.74226 7.09671 -0.240887 0.147399 0.990356 117.144 436 461394
-1.78631 6.78867 1.74226 7.09671 -0.257298 0.147399 0.990356 113.207 415 461394
-1.33973 6.92923 1.44447 7.09671 -0.190988 0.105098 1.13184 111.519 406 461394
-1.33973 6.94361 1.29558 7.09671 -0.190602 0.0840222 1.13184 110.957 403 461394
-1.41215 6.70284 1.56922 6.90491 -0.207642 0.12622 0.990356 119.207 447 461394
-1.41215 6.72004 1.42435 6.90491 -0.207126 0.105098 0.990356 123.332 469 461394
-1.41215 6.73408 1.27948 6.90491 -0.206706 0.0840222 0.990356 118.082 441 461394
-1.52077 6.69629 1.42435 6.90491 -0.223319 0.105098 0.990356 119.394 448 461394
-1.33973 6.92923 1.44447 7.09671 -0.190988 0.105098 1.0611 116.957 435 461394
-1.33973 6.94361 1.29558 7.09671 -0.190602 0.0840222 1.0611 115.832 429 461394
-1.45137 6.9067 1.44447 7.09671 -0.207126 0.105098 1.0611 112.832 413 461394
-1.45137 6.92113 1.29558 7.09671 -0.206706 0.0840222 1.0611 111.707 407 461394
-1.67466 6.81707 1.74226 7.09671 -0.240887 0.147399 0.848877 111.144 404 461394
-1.67466 6.88181 1.14668 7.09671 -0.238706 0.0629841 0.848877 110.207 399 461394
-1.45137 6.94512 0.848895 7.09671 -0.206013 0.0209824 0.778137 110.207 399 461394
-1.56302 6.92245 0.7 7.09671 -0.222066 0 0.778137 110.957 403 461394
-1.56302 6.92085 0.848895 7.09671 -0.222116 0.0209824 0.778137 112.269 410 461394
-1.67466 6.88181 1.14668 7.09671 -0.238706 0.0629841 0.778137 110.019 398 461394
-1.67466 6.88986 0.99779 7.09671 -0.238438 0.041974 0.778137 111.707 407 461394
-1.41215 6.70284 1.56922 6.90491 -0.207642 0.12622 0.919617 117.519 438 461394
-1.41215 6.72004 1.42435 6.90491 -0.207126 0.105098 0.919617 121.082 457 461394
-1.52077 6.69629 1.42435 6.90491 -0.223319 0.105098 0.919617 118.832 445 461394
-1.67466 6.79264 1.89116 7.09671 -0.24172 0.168645 0.919617 116.019 430 461394
-1.67466 6.81707 1.74226 7.09671 -0.240887 0.147399 0.919617 119.957 451 461394
-1.67466 6.83818 1.59337 7.09671 -0.240172 0.12622 0.919617 115.457 427 461394
-1.78631 6.78867 1.74226 7.09671 -0.257298 0.147399 0.919617 116.582 433 461394
-1.6294 6.67069 1.42435 6.90491 -0.239572 0.105098 0.848877 112.644 412 461394
-1.6294 6.68483 1.27948 6.90491 -0.239084 0.0840222 0.848877 113.394 416 461394
-1.6294 6.69581 1.13461 6.90491 -0.238706 0.0629841 0.848877 113.019 414 461394
-1.6294 6.70364 0.989741 6.90491 -0.238438 0.041974 0.848877 114.519 422 461394
-1.73803 6.67631 0.989741 6.90491 -0.254675 0.041974 0.848877 111.707 407 461394
-1.52077 6.72912 0.989741 6.90491 -0.222265 0.041974 0.778137 110.582 401 461394
-1.52077 6.7338 0.844871 6.90491 -0.222116 0.0209824 0.778137 110.582 401 461394
-1.6294 6.69581 1.13461 6.90491 -0.238706 0.0629841 0.778137 111.144 404 461394
-1.6294 6.70364 0.989741 6.90491 -0.238438 0.041974 0.778137 115.082 425 461394
-1.6294 6.70834 0.844871 6.90491 -0.238277 0.0209824 0.778137 112.457 411 461394
-1.73803 6.67631 0.989741 6.90491 -0.254675 0.041974 0.778137 113.019 414 461394
-1.56302 6.91604 0.99779 7.09671 -0.222265 0.041974 0.707397 119.207 447 461394
-1.56302 6.92085 0.848895 7.09671 -0.222116 0.0209824 0.707397 121.644 460 461394
-1.67466 6.89468 0.848895 7.09671 -0.238277 0.0209824 0.707397 119.019 446 461394
-1.45137 6.94512 0.848895 7.09671 -0.206013 0.0209824 0.636658 121.457 459 461394
-1.56302 6.91604 0.99779 7.09671 -0.222265 0.041974 0.636658 122.207 463 461394
-1.56302 6.92085 0.848895 7.09671 -0.222116 0.0209824 0.636658 125.207 479 461394
-1.67466 6.89468 0.848895 7.09671 -0.238277 0.0209824 0.636658 122.207 463 461394
-1.56302 6.92245 0.7 7.09671 -0.222066 0 0.565918 117.894 440 461394
-1.56302 6.92085 0.848895 7.09671 -0.222116 0.0209824 0.565918 118.269 442 461394
-1.67466 6.89468 0.848895 7.09671 -0.238277 0.0209824 0.565918 117.332 437 461394
-1.52077 6.72912 0.989741 6.90491 -0.222265 0.041974 0.707397 118.644 444 461394
-1.52077 6.7338 0.844871 6.90491 -0.222116 0.0209824 0.707397 121.269 458 461394
-1.6294 6.7099 0.7 6.90491 -0.238224 0 0.707397 119.207 447 461394
-1.6294 6.70834 0.844871 6.90491 -0.238277 0.0209824 0.707397 120.519 454 461394
-1.52077 6.73535 0.7 6.90491 -0.222066 0 0.565918 118.457 443 461394
-1.52077 6.7338 0.844871 6.90491 -0.222116 0.0209824 0.565918 121.082 457 461394
-1.6294 6.7099 0.7 6.90491 -0.238224 0 0.565918 117.894 440 461394
-1.6294 6.70834 0.844871 6.90491 -0.238277 0.0209824 0.565918 121.269 458 461394
-1.52077 6.73535 0.7 6.90491 -0.222066 0 0.636658 121.832 461 461394
-1.52077 6.72912 0.989741 6.90491 -0.222265 0.041974 0.636658 122.582 465 461394
-1.52077 6.7338 0.844871 6.90491 -0.222116 0.0209824 0.636658 126.144 484 461394
-1.6294 6.7099 0.7 6.90491 -0.238224 0 0.636658 122.019 462 461394
-1.6294 6.70834 0.844871 6.90491 -0.238277 0.0209824 0.636658 124.832 477 461394
-1.52077 6.73535 0.7 6.90491 -0.222066 0 0.495178 116.582 433 461394
-1.52077 6.7338 0.844871 6.90491 -0.222116 0.0209824 0.495178 115.457 427 461394
-1.6294 6.7099 0.7 6.90491 -0.238224 0 0.495178 116.207 431 461394
-1.6294 6.70834 0.844871 6.90491 -0.238277 0.0209824 0.495178 116.582 433 461394
-1.56302 6.92245 0.7 7.09671 -0.222066 0 0.495178 118.269 442 461394
-1.56302 6.92085 0.848895 7.09671 -0.222116 0.0209824 0.495178 115.269 426 461394
-1.67466 6.89629 0.7 7.09671 -0.238224 0 0.495178 115.644 428 461394
-1.56302 6.92245 0.7 7.09671 -0.222066 0 0.353699 114.519 422 461394
-1.56302 6.92085 0.551105 7.09671 -0.222116 -0.0209824 0.353699 112.457 411 461394
-1.56302 6.92085 0.848895 7.09671 -0.222116 0.0209824 0.353699 114.144 420 461394
-1.67466 6.89629 0.7 7.09671 -0.238224 0 0.353699 112.457 411 461394
-1.67466 6.89468 0.551105 7.09671 -0.238277 -0.0209824 0.353699 112.644 412 461394
-1.67466 6.89468 0.848895 7.09671 -0.238277 0.0209824 0.353699 112.269 410 461394
-1.52077 6.73535 0.7 6.90491 -0.222066 0 0.353699 110.582 401 461394
-1.52077 6.7338 0.844871 6.90491 -0.222116 0.0209824 0.353699 110.957 403 461394
-1.6294 6.7099 0.7 6.90491 -0.238224 0 0.353699 110.582 401 461394
-1.6294 6.70834 0.555129 6.90491 -0.238277 -0.0209824 0.353699 111.144 404 461394
-1.6294 6.70834 0.844871 6.90491 -0.238277 0.0209824 0.353699 111.332 405 461394
-1.52077 6.73535 0.7 6.90491 -0.222066 0 0.424438 113.582 417 461394
-1.52077 6.7338 0.844871 6.90491 -0.222116 0.0209824 0.424438 113.957 419 461394
-1.6294 6.7099 0.7 6.90491 -0.238224 0 0.424438 112.269 410 461394
-1.6294 6.70834 0.844871 6.90491 -0.238277 0.0209824 0.424438 114.144 420 461394
-1.56302 6.92245 0.7 7.09671 -0.222066 0 0.424438 115.457 427 461394
-1.56302 6.92245 0.7 7.09671 -0.222066 0 0.282959 118.644 444 461394
-1.56302 6.92085 0.551105 7.09671 -0.222116 -0.0209824 0.282959 118.082 441 461394
-1.67466 6.89629 0.7 7.09671 -0.238224 0 0.282959 117.332 437 461394
-1.67466 6.89468 0.551105 7.09671 -0.238277 -0.0209824 0.282959 117.519 438 461394
-1.67466 6.89468 0.551105 7.09671 -0.238277 -0.0209824 0.141479 120.332 453 461394
-1.67466 6.88986 0.40221 7.09671 -0.238438 -0.041974 0.141479 117.144 436 461394
-1.78631 6.8666 0.551105 7.09671 -0.254503 -0.0209824 0.141479 118.269 442 461394
-1.52077 6.73535 0.7 6.90491 -0.222066 0 0.282959 114.332 421 461394
-1.52077 6.7338 0.555129 6.90491 -0.222116 -0.0209824 0.282959 114.332 421 461394
-1.6294 6.7099 0.7 6.90491 -0.238224 0 0.282959 114.519 422 461394
-1.6294 6.70834 0.555129 6.90491 -0.238277 -0.0209824 0.282959 114.519 422 461394
-1.6294 6.7099 0.7 6.90491 -0.238224 0 0.212219 113.582 417 461394
-1.6294 6.70834 0.555129 6.90491 -0.238277 -0.0209824 0.212219 111.144 404 461394
-1.6294 6.70364 0.410259 6.90491 -0.238438 -0.041974 0.212219 110.394 400 461394
-1.6294 6.70834 0.844871 6.90491 -0.238277 0.0209824 0.212219 109.832 397 461394
-1.73803 6.68259 0.7 6.90491 -0.254446 0 0.212219 110.957 403 461394
-1.73803 6.68102 0.555129 6.90491 -0.254503 -0.0209824 0.212219 110.394 400 461394
-1.26128 7.13772 1.4646 7.28851 -0.1749 0.105098 1.0611 108.894 392 461394
-1.37594 7.1165 1.4646 7.28851 -0.190988 0.105098 1.0611 114.332 421 461394
-1.37594 7.13127 1.31168 7.28851 -0.190602 0.0840222 1.0611 113.207 415 461394
-1.6294 6.70834 0.555129 6.90491 -0.238277 -0.0209824 0.141479 122.582 465 461394
-1.6294 6.70364 0.410259 6.90491 -0.238438 -0.041974 0.141479 120.332 453 461394
-1.73803 6.68102 0.555129 6.90491 -0.254503 -0.0209824 0.141479 120.519 454 461394
-1.73803 6.67631 0.410259 6.90491 -0.254675 -0.041974 0.141479 118.457 443 461394
-1.37292 6.51665 1.54508 6.7131 -0.207642 0.12622 0.919617 110.582 401 461394
-1.37292 6.53337 1.40423 6.7131 -0.207126 0.105098 0.919617 113.394 416 461394
-1.47853 6.51028 1.40423 6.7131 -0.223319 0.105098 0.919617 112.269 410 461394
-1.37292 6.51665 1.54508 6.7131 -0.207642 0.12622 0.990356 113.207 415 461394
-1.37292 6.53337 1.40423 6.7131 -0.207126 0.105098 0.990356 116.394 432 461394
-1.37292 6.54702 1.26339 6.7131 -0.206706 0.0840222 0.990356 111.144 404 461394
-1.47853 6.51028 1.40423 6.7131 -0.223319 0.105098 0.990356 113.957 419 461394
-1.4906 7.09337 1.4646 7.28851 -0.207126 0.105098 0.990356 111.144 404 461394
-1.4906 7.10819 1.31168 7.28851 -0.206706 0.0840222 0.990356 110.582 401 461394
-1.4906 7.09337 1.4646 7.28851 -0.207126 0.105098 0.919617 109.832 397 461394
-1.4906 7.10819 1.31168 7.28851 -0.206706 0.0840222 0.919617 110.019 398 461394
1.37594 7.14274 0.241243 7.28851 0.190303 -0.0629841 -0 119.582 449 461394
1.26128 7.16388 0.241243 7.28851 0.174275 -0.0629841 -0 113.207 415 461394
1.79536 6.46857 0.7 6.7131 0.270736 0 0.0707397 120.519 454 461394
1.68975 6.49696 0.7 6.7131 0.254446 0 0.0707397 122.582 465 461394
1.79536 6.46857 0.7 6.7131 0.270736 0 -0 127.644 492 461394
1.68975 6.49696 0.7 6.7131 0.254446 0 -0 129.332 501 461394
1.68975 6.49544 0.559153 6.7131 0.254503 -0.0209824 -0 124.832 477 461394
1.68975 6.49544 0.840847 6.7131 0.254503 0.0209824 -0 125.207 479 461394
1.79536 6.46857 0.7 6.7131 0.270736 0 -0.0707397 120.519 454 461394
1.68975 6.49696 0.7 6.7131 0.254446 0 -0.0707397 122.394 464 461394
1.95528 6.60801 0.265388 6.90491 0.287687 -0.0629841 0.0707397 122.394 464 461394
1.84665 6.65339 0.7 6.90491 0.270736 0 0.0707397 123.332 469 461394
1.84665 6.63918 0.265388 6.90491 0.271288 -0.0629841 0.0707397 122.207 463 461394
1.73803 6.68259 0.7 6.90491 0.254446 0 0.0707397 124.082 473 461394
1.84665 6.65339 0.7 6.90491 0.270736 0 -0 131.207 511 461394
1.73803 6.68259 0.7 6.90491 0.254446 0 -0 132.144 516 461394
1.95528 6.60801 0.265388 6.90491 0.287687 -0.0629841 -0.0707397 122.207 463 461394
1.84665 6.65339 0.7 6.90491 0.270736 0 -0.0707397 124.457 475 461394
1.84665 6.63918 0.265388 6.90491 0.271288 -0.0629841 -0.0707397 122.207 463 461394
1.73803 6.68259 0.7 6.90491 0.254446 0 -0.0707397 125.394 480 461394
-1.78631 6.84235 0.10442 7.09671 -0.255367 -0.0840222 0.0707397 117.519 438 461394
-1.78631 6.84235 0.10442 7.09671 -0.255367 -0.0840222 -0 124.457 475 461394
1.67466 6.88181 0.253315 7.09671 0.238706 -0.0629841 -0 124.644 476 461394
1.56302 6.90802 0.253315 7.09671 0.222515 -0.0629841 -0 123.519 470 461394
-1.67466 6.87052 0.10442 7.09671 -0.239084 -0.0840222 -0.0707397 113.582 417 461394
-1.78631 6.85368 0.253315 7.09671 -0.254962 -0.0629841 -0.0707397 113.394 416 461394
-1.78631 6.84235 0.10442 7.09671 -0.255367 -0.0840222 -0.0707397 116.582 433 461394
-1.89795 6.81222 0.10442 7.09671 -0.271719 -0.0840222 -0.0707397 111.707 407 461394
-1.4906 7.09337 1.4646 7.28851 -0.207126 0.105098 -0.353699 115.832 429 461394
-1.4906 7.10819 1.31168 7.28851 -0.206706 0.0840222 -0.353699 114.144 420 461394
-1.60526 7.06831 1.4646 7.28851 -0.223319 0.105098 -0.353699 117.519 438 461394
-1.60526 7.08318 1.31168 7.28851 -0.222865 0.0840222 -0.353699 116.394 432 461394
-1.4906 7.09337 1.4646 7.28851 -0.207126 0.105098 -0.424438 114.332 421 461394
-1.4906 7.10819 1.31168 7.28851 -0.206706 0.0840222 -0.424438 112.644 412 461394
-1.60526 7.06831 1.4646 7.28851 -0.223319 0.105098 -0.424438 115.832 429 461394
-1.60526 7.08318 1.31168 7.28851 -0.222865 0.0840222 -0.424438 114.894 424 461394
-1.4906 7.09337 1.4646 7.28851 -0.207126 0.105098 -0.282959 110.019 398 461394
-1.60526 7.06831 1.4646 7.28851 -0.223319 0.105098 -0.282959 112.644 412 461394
-1.60526 7.08318 1.31168 7.28851 -0.222865 0.0840222 -0.282959 110.957 403 461394
1.76518 7.26228 0.386113 7.48032 0.238438 -0.041974 -0 124.582 465 461394
1.41215 7.33071 0.22917 7.48032 0.190303 -0.0629841 -0 119.894 440 461394
2.84542 7.31436 0.205025 7.86392 0.371003 -0.0629841 0.0707397 112.207 399 461394
2.47427 7.4481 0.205025 7.86392 0.320732 -0.0629841 0.0707397 115.019 414 461394
1.85571 7.64005 0.535008 7.86392 0.238277 -0.0209824 -0 126.269 474 461394
1.85571 7.63471 0.370017 7.86392 0.238438 -0.041974 -0 126.644 476 461394
1.73199 7.66904 0.535008 7.86392 0.222116 -0.0209824 -0 124.207 463 461394
1.73199 7.66372 0.370017 7.86392 0.222265 -0.041974 -0 124.394 464 461394
2.84542 7.31436 0.205025 7.86392 0.371003 -0.0629841 -0.0707397 112.582 401 461394
2.47427 7.4481 0.205025 7.86392 0.320732 -0.0629841 -0.0707397 115.394 416 461394
1.90097 7.8264 0.530984 8.05573 0.238277 -0.0209824 0.0707397 126.457 475 461394
1.90097 7.82092 0.361968 8.05573 0.238438 -0.041974 0.0707397 131.144 500 461394
1.90097 7.81178 0.192952 8.05573 0.238706 -0.0629841 0.0707397 127.957 483 461394
1.77424 7.85064 0.361968 8.05573 0.222265 -0.041974 0.0707397 127.582 481 461394
1.90097 7.8264 0.530984 8.05573 0.238277 -0.0209824 -0 133.957 515 461394
1.90097 7.82092 0.361968 8.05573 0.238438 -0.041974 -0 138.832 541 461394
1.90097 7.81178 0.192952 8.05573 0.238706 -0.0629841 -0 135.644 524 461394
1.77424 7.85064 0.361968 8.05573 0.222265 -0.041974 -0 135.269 522 461394
1.90097 7.8264 0.530984 8.05573 0.238277 -0.0209824 -0.0707397 127.019 478 461394
1.90097 7.82092 0.361968 8.05573 0.238438 -0.041974 -0.0707397 131.707 503 461394
1.90097 7.81178 0.192952 8.05573 0.238706 -0.0629841 -0.0707397 128.707 487 461394
1.77424 7.85064 0.361968 8.05573 0.222265 -0.041974 -0.0707397 128.332 485 461394
1.94623 8.00713 0.35392 8.24753 0.238438 -0.041974 0.0707397 123.519 454 461394
1.94623 8.00713 0.35392 8.24753 0.238438 -0.041974 -0 131.582 497 461394
1.94623 7.99778 0.18088 8.24753 0.238706 -0.0629841 -0 130.082 489 461394
1.81648 8.03756 0.35392 8.24753 0.222265 -0.041974 -0 127.832 477 461394
1.94623 8.00713 0.35392 8.24753 0.238438 -0.041974 -0.0707397 125.394 464 461394
1.94623 7.99778 0.18088 8.24753 0.238706 -0.0629841 -0.0707397 124.082 457 461394
1.99149 8.19334 0.345872 8.43933 0.238438 -0.041974 -0 125.019 462 461394
1.32766 8.32672 0.345872 8.43933 0.158115 -0.041974 -0 116.957 419 461394
2.4441 8.26993 0.337823 8.63113 0.287361 -0.041974 -0 119.019 430 461394
1.6294 8.4682 0.337823 8.63113 0.190091 -0.041974 -0 121.457 443 461394
1.49362 8.4932 0.337823 8.63113 0.17408 -0.041974 -0 119.582 433 461394
4.68 7.69546 0.321726 9.01474 0.546391 -0.041974 -0 116.144 404 461394
3.68727 8.21745 0.321726 9.01474 0.421783 -0.041974 -0 114.644 396 461394
3.12 8.44914 0.321726 9.01474 0.353736 -0.041974 -0 117.644 412 461394
2.97818 8.50017 0.321726 9.01474 0.337002 -0.041974 -0 117.269 410 461394
4.77957 7.85919 0.313678 9.20654 0.546391 -0.041974 -0 115.957 403 461394
3.76573 8.39229 0.313678 9.20654 0.421783 -0.041974 -0 116.894 408 461394
3.62089 8.45579 0.313678 9.20654 0.40459 -0.041974 -0 119.894 424 461394
3.62089 8.44475 0.120517 9.20654 0.405063 -0.0629841 -0 115.957 403 461394
3.47605 8.51635 0.313678 9.20654 0.387523 -0.041974 -0 116.144 404 461394
3.8472 8.9913 0.494766 9.78195 0.404307 -0.0209824 -0 119.582 417 461394
3.8472 8.98427 0.289533 9.78195 0.40459 -0.041974 -0 120.332 421 461394
3.69331 9.0556 0.494766 9.78195 0.387253 -0.0209824 -0 118.269 410 461394
3.69331 9.04862 0.289533 9.78195 0.387523 -0.041974 -0 119.207 415 461394
-1.72596 9.82328 0.7 9.97375 -0.173925 0 -0 114.144 388 461394
-1.72596 9.82105 0.490742 9.97375 -0.173964 -0.0209824 -0 116.019 398 461394
-1.88286 9.79218 0.490742 9.97375 -0.189964 -0.0209824 -0 113.957 387 461394
-2.03977 9.7607 0.490742 9.97375 -0.206013 -0.0209824 -0 118.457 411 461394
-2.03977 9.75397 0.281485 9.97375 -0.206151 -0.041974 -0 114.519 390 461394
-2.19667 9.72659 0.490742 9.97375 -0.222116 -0.0209824 -0 115.269 394 461394
-2.3234 10.2877 0.47867 10.5492 -0.222116 -0.0209824 -0 119.269 410 461394
-2.3234 10.2806 0.257339 10.5492 -0.222265 -0.041974 -0 121.332 421 461394
-2.48936 10.2417 0.257339 10.5492 -0.238438 -0.041974 -0 121.332 421 461394
8.13192 6.71624 0.47867 10.5492 0.880455 -0.0209824 -0 121.332 421 461394
8.13192 6.70529 0.257339 10.5492 0.881256 -0.041974 -0 124.144 436 461394
8.13192 6.70529 0.257339 10.5492 0.881256 -0.041974 -0.0707397 117.582 401 461394
6.05292 9.55856 0.462573 11.3164 0.564507 -0.0209824 0.0707397 123.457 427 461394
6.05292 9.54971 0.225146 11.3164 0.564926 -0.041974 0.0707397 124.957 435 461394
6.05292 9.55856 0.462573 11.3164 0.564507 -0.0209824 -0 131.332 469 461394
6.05292 9.54971 0.225146 11.3164 0.564926 -0.041974 -0 132.644 476 461394
6.05292 9.55856 0.462573 11.3164 0.564507 -0.0209824 -0.0707397 124.394 432 461394
6.05292 9.54971 0.225146 11.3164 0.564926 -0.041974 -0.0707397 125.519 438 461394
6.15551 9.72057 0.458549 11.5082 0.564507 -0.0209824 -0 120.644 412 461394
6.15551 9.71157 0.217098 11.5082 0.564926 -0.041974 -0 121.582 417 461394
5.97447 9.53489 3.11451 11.5082 0.559742 0.211379 -0 121.207 415 461394
5.97447 9.59279 2.87306 11.5082 0.557021 0.189968 -0 123.457 427 461394
1.39404 12.5708 0.168807 12.659 0.110444 -0.041974 -0 120.519 406 461394
6.15551 11.4954 0.426355 13.0426 0.491624 -0.0209824 -0 139.519 502 461394
5.95033 11.6029 0.426355 13.0426 0.473858 -0.0209824 -0 137.832 493 461394
6.24604 11.6645 0.422331 13.2344 0.491624 -0.0209824 -0 143.644 524 461394
6.24604 11.6545 0.144662 13.2344 0.491978 -0.041974 -0 140.457 507 461394
6.03783 11.7736 0.422331 13.2344 0.473858 -0.0209824 -0 141.582 513 461394
6.03783 11.7637 0.144662 13.2344 0.474198 -0.041974 -0 138.207 495 461394
6.33656 11.8335 0.418307 13.4262 0.491624 -0.0209824 0.0707397 145.519 534 461394
6.33656 11.8234 0.136614 13.4262 0.491978 -0.041974 0.0707397 141.582 513 461394
6.12534 11.9442 0.418307 13.4262 0.473858 -0.0209824 0.0707397 143.457 523 461394
6.33656 11.8335 0.418307 13.4262 0.491624 -0.0209824 -0 153.207 575 461394
6.33656 11.8234 0.136614 13.4262 0.491978 -0.041974 -0 149.269 554 461394
6.12534 11.9442 0.418307 13.4262 0.473858 -0.0209824 -0 151.144 564 461394
6.33656 11.8335 0.418307 13.4262 0.491624 -0.0209824 -0.0707397 146.082 537 461394
6.33656 11.8234 0.136614 13.4262 0.491978 -0.041974 -0.0707397 142.332 517 461394
6.12534 11.9442 0.418307 13.4262 0.473858 -0.0209824 -0.0707397 144.207 527 461394
6.42708 12.0026 0.414283 13.618 0.491624 -0.0209824 -0 140.894 504 461394
6.42708 11.8382 2.70002 13.618 0.497384 0.147399 -0 139.207 495 461394
6.21284 12.1148 0.414283 13.618 0.473858 -0.0209824 -0 138.832 493 461394
6.21284 11.9007 2.98574 13.618 0.481138 0.168645 -0 137.894 488 461394
6.21284 11.952 2.70002 13.618 0.479374 0.147399 -0 142.019 510 461394
6.5176 12.1716 0.410259 13.8098 0.491624 -0.0209824 -0 138.082 489 461394
6.1193 13.6519 0.7 14.9606 0.421388 0 -0 131.582 449 461394
-7.15126 13.2981 -0.571643 15.1524 -0.493402 -0.0840222 -0 126.394 416 461394
-7.38963 13.2284 0.7 15.1524 -0.509437 0 -0 128.082 425 461394
-7.38963 13.2245 0.382089 15.1524 -0.50956 -0.0209824 -0 128.457 427 461394
-7.38963 13.1939 -0.253732 15.1524 -0.510548 -0.0629841 -0 126.019 414 461394
-7.38963 13.1671 -0.571643 15.1524 -0.511416 -0.0840222 -0 130.519 438 461394
6.82538 15.2271 0.7 16.6869 0.421388 0 0.0707397 145.394 512 461394
6.56286 15.3421 0.7 16.6869 0.404213 0 0.0707397 149.519 534 461394
6.56286 15.3381 1.0501 16.6869 0.404307 0.0209824 0.0707397 149.332 533 461394
6.82538 15.2271 0.7 16.6869 0.421388 0 -0 152.894 552 461394
6.56286 15.3421 0.7 16.6869 0.404213 0 -0 156.832 573 461394
6.56286 15.3381 1.0501 16.6869 0.404307 0.0209824 -0 156.832 573 461394
6.82538 15.2271 0.7 16.6869 0.421388 0 -0.0707397 145.582 513 461394
6.56286 15.3421 0.7 16.6869 0.404213 0 -0.0707397 149.707 535 461394
6.56286 15.3381 1.0501 16.6869 0.404307 0.0209824 -0.0707397 149.707 535 461394
6.6383 15.5184 0.7 16.8787 0.404213 0 0.0707397 149.332 533 461394
6.6383 15.5144 1.05413 16.8787 0.404307 0.0209824 0.0707397 149.144 532 461394
6.6383 15.5184 0.7 16.8787 0.404213 0 -0 157.394 576 461394
6.6383 15.5144 1.05413 16.8787 0.404307 0.0209824 -0 157.207 575 461394
6.6383 15.5184 0.7 16.8787 0.404213 0 -0.0707397 150.644 540 461394
6.6383 15.5144 1.05413 16.8787 0.404307 0.0209824 -0.0707397 150.269 538 461394
-7.3323 15.6276 0.7 17.2623 -0.438696 0 -0 130.582 433 461394
-7.3323 15.6234 0.337823 17.2623 -0.438799 -0.0209824 -0 135.269 458 461394
-7.3323 15.6108 -0.0243536 17.2623 -0.439109 -0.041974 -0 132.082 441 461394
-7.60387 15.4931 0.337823 17.2623 -0.456253 -0.0209824 -0 132.644 444 461394
6.73486 16.5174 0.7 17.8377 0.387164 0 0.0707397 148.269 522 461394
6.73486 16.5132 0.325751 17.8377 0.387253 -0.0209824 0.0707397 148.644 524 461394
6.45424 16.6291 0.7 17.8377 0.370232 0 0.0707397 145.644 508 461394
6.45424 16.6248 0.325751 17.8377 0.370317 -0.0209824 0.0707397 146.019 510 461394
6.73486 16.5174 0.7 17.8377 0.387164 0 -0 155.582 561 461394
6.73486 16.5132 0.325751 17.8377 0.387253 -0.0209824 -0 156.144 564 461394
6.45424 16.6291 0.7 17.8377 0.370232 0 -0 152.957 547 461394
6.45424 16.6248 0.325751 17.8377 0.370317 -0.0209824 -0 153.144 548 461394
6.73486 16.5174 0.7 17.8377 0.387164 0 -0.0707397 148.457 523 461394
6.73486 16.5132 0.325751 17.8377 0.387253 -0.0209824 -0.0707397 149.019 526 461394
6.45424 16.6291 0.7 17.8377 0.370232 0 -0.0707397 145.644 508 461394
6.45424 16.6248 0.325751 17.8377 0.370317 -0.0209824 -0.0707397 146.019 510 461394
6.80727 16.695 0.7 18.0295 0.387164 0 0.0707397 142.082 489 461394
6.80727 16.6907 0.321726 18.0295 0.387253 -0.0209824 0.0707397 142.269 490 461394
6.80727 16.695 0.7 18.0295 0.387164 0 -0 150.144 532 461394
6.80727 16.6907 0.321726 18.0295 0.387253 -0.0209824 -0 150.519 534 461394
6.52364 16.8079 0.7 18.0295 0.370232 0 -0 147.144 516 461394
6.52364 16.8036 0.321726 18.0295 0.370317 -0.0209824 -0 147.332 517 461394
6.80727 16.695 0.7 18.0295 0.387164 0 -0.0707397 143.957 499 461394
6.80727 16.6907 0.321726 18.0295 0.387253 -0.0209824 -0.0707397 144.332 501 461394
6.87969 16.8726 0.7 18.2213 0.387164 0 -0 146.457 507 461394
6.87969 16.8683 0.317702 18.2213 0.387253 -0.0209824 -0 145.519 502 461394
6.59304 16.9867 0.7 18.2213 0.370232 0 -0 146.457 507 461394
6.59304 16.9824 0.317702 18.2213 0.370317 -0.0209824 -0 145.519 502 461394
3.04758 19.1309 0.7 19.3721 0.157974 0 0.0707397 137.519 454 461394
2.74282 19.1769 0.7 19.3721 0.142064 0 0.0707397 138.457 459 461394
6.46329 18.4654 0.7 19.5639 0.336693 0 -0 152.894 536 461394
6.46329 18.4609 0.289533 19.5639 0.336771 -0.0209824 -0 152.332 533 461394
6.15551 18.5703 0.7 19.5639 0.320073 0 -0 152.144 532 461394
6.15551 18.5658 0.289533 19.5639 0.320146 -0.0209824 -0 151.207 527 461394
7.14824 18.1871 3.60144 19.7557 0.37449 0.147399 -0 143.332 485 461394
5.90507 18.8525 0.7 19.7557 0.303544 0 -0 151.207 527 461394
6.27621 18.9344 0.7 19.9475 0.320073 0 0.0707397 159.269 570 461394
6.27621 18.9298 0.281485 19.9475 0.320146 -0.0209824 0.0707397 155.332 549 461394
6.27621 18.9298 1.11852 19.9475 0.320146 0.0209824 0.0707397 155.519 550 461394
5.9624 19.0356 0.7 19.9475 0.303544 0 0.0707397 158.894 568 461394
6.27621 18.9344 0.7 19.9475 0.320073 0 -0 166.957 611 461394
6.27621 18.9298 0.281485 19.9475 0.320146 -0.0209824 -0 163.019 590 461394
6.27621 18.9298 1.11852 19.9475 0.320146 0.0209824 -0 163.019 590 461394
5.9624 19.0356 0.7 19.9475 0.303544 0 -0 166.207 607 461394
6.27621 18.9344 0.7 19.9475 0.320073 0 -0.0707397 160.019 574 461394
6.27621 18.9298 0.281485 19.9475 0.320146 -0.0209824 -0.0707397 156.082 553 461394
6.27621 18.9298 1.11852 19.9475 0.320146 0.0209824 -0.0707397 155.894 552 461394
5.9624 19.0356 0.7 19.9475 0.303544 0 -0.0707397 159.269 570 461394
6.33656 19.1165 0.7 20.1393 0.320073 0 0.0707397 152.894 536 461394
6.01973 19.2186 0.7 20.1393 0.303544 0 0.0707397 151.582 529 461394
6.33656 19.1165 0.7 20.1393 0.320073 0 -0 161.144 580 461394
6.33656 19.1118 0.27746 20.1393 0.320146 -0.0209824 -0 156.832 557 461394
6.33656 19.1118 1.12254 20.1393 0.320146 0.0209824 -0 157.394 560 461394
6.01973 19.2186 0.7 20.1393 0.303544 0 -0 160.582 577 461394
6.01973 19.214 0.27746 20.1393 0.303613 -0.0209824 -0 156.644 556 461394
6.33656 19.1165 0.7 20.1393 0.320073 0 -0.0707397 154.582 545 461394
6.01973 19.2186 0.7 20.1393 0.303544 0 -0.0707397 154.582 545 461394
6.39691 19.2985 0.7 20.3311 0.320073 0 -0 152.707 535 461394
6.07706 19.4016 0.7 20.3311 0.303544 0 -0 151.582 529 461394
1.93718 20.4268 1.13059 20.5229 0.0945525 0.0209824 -0 147.707 503 461394
1.61431 20.4548 1.13059 20.5229 0.0787578 0.0209824 -0 148.457 507 461394
1.29145 20.4822 0.7 20.5229 0.0629689 0 -0 151.082 521 461394
1.29145 20.4777 1.13059 20.5229 0.0629827 0.0209824 -0 149.957 515 461394
0.968588 20.5 0.7 20.5229 0.047213 0 -0 148.457 507 461394
1.95528 20.6222 0.7 20.7147 0.0945316 0 0.0707397 151.832 525 461394
1.95528 20.6177 1.13461 20.7147 0.0945525 0.0209824 0.0707397 154.457 539 461394
1.6294 20.6505 0.7 20.7147 0.0787404 0 0.0707397 152.957 531 461394
1.6294 20.646 1.13461 20.7147 0.0787578 0.0209824 0.0707397 154.644 540 461394
1.95528 20.6222 0.7 20.7147 0.0945316 0 -0 158.957 563 461394
1.95528 20.6177 1.13461 20.7147 0.0945525 0.0209824 -0 161.957 579 461394
1.6294 20.6505 0.7 20.7147 0.0787404 0 -0 159.894 568 461394
1.6294 20.646 1.13461 20.7147 0.0787578 0.0209824 -0 161.957 579 461394
1.95528 20.6222 0.7 20.7147 0.0945316 0 -0.0707397 151.457 523 461394
1.95528 20.6177 1.13461 20.7147 0.0945525 0.0209824 -0.0707397 154.457 539 461394
1.6294 20.6505 0.7 20.7147 0.0787404 0 -0.0707397 152.207 527 461394
1.6294 20.646 1.13461 20.7147 0.0787578 0.0209824 -0.0707397 154.457 539 461394
4.93346 20.3161 0.7 20.9065 0.238224 0 0.0707397 147.144 500 461394
4.93346 20.2971 1.57727 20.9065 0.238438 0.041974 0.0707397 145.269 490 461394
4.93346 20.3114 1.13864 20.9065 0.238277 0.0209824 0.0707397 148.457 507 461394
4.60457 20.3743 1.57727 20.9065 0.222265 0.041974 0.0707397 145.832 493 461394
4.60457 20.3884 1.13864 20.9065 0.222116 0.0209824 0.0707397 146.957 499 461394
4.93346 20.3114 1.13864 20.9065 0.238277 0.0209824 -0 156.332 549 461394
4.93346 20.3161 0.7 20.9065 0.238224 0 -0.0707397 148.082 505 461394
4.93346 20.3114 1.13864 20.9065 0.238277 0.0209824 -0.0707397 149.957 515 461394
4.60457 20.3884 1.13864 20.9065 0.222116 0.0209824 -0.0707397 148.457 507 461394
1.64449 20.8417 0.7 20.9065 0.0787404 0 -0.0707397 148.082 505 461394
1.64449 20.8371 1.13864 20.9065 0.0787578 0.0209824 -0.0707397 148.644 508 461394
1.99149 21.0041 0.7 21.0983 0.0945316 0 -0 147.144 500 461394
1.99149 20.9995 1.14266 21.0983 0.0945525 0.0209824 -0 151.457 523 461394
1.65957 21.0283 1.14266 21.0983 0.0787578 0.0209824 -0 151.269 522 461394
3.68426 20.9499 1.59337 21.2901 0.17408 0.041974 -0 144.894 488 461394
3.68426 20.9642 1.14668 21.2901 0.173964 0.0209824 -0 143.957 483 461394
1.67466 21.2242 0.7 21.2901 0.0787404 0 -0 145.457 491 461394
1.67466 21.2195 1.14668 21.2901 0.0787578 0.0209824 -0 145.269 490 461394
3.71745 21.153 1.15071 21.4819 0.173964 0.0209824 0.0707397 147.894 504 461394
1.3518 21.4394 0.7 21.4819 0.0629689 0 0.0707397 150.519 518 461394
1.3518 21.4346 0.249291 21.4819 0.0629827 -0.0209824 0.0707397 147.707 503 461394
1.3518 21.4346 1.15071 21.4819 0.0629827 0.0209824 0.0707397 149.019 510 461394
1.01385 21.458 0.7 21.4819 0.047213 0 0.0707397 147.707 503 461394
1.3518 21.4394 0.7 21.4819 0.0629689 0 -0 158.207 559 461394
1.3518 21.4346 1.15071 21.4819 0.0629827 0.0209824 -0 156.519 550 461394
3.71745 21.153 1.15071 21.4819 0.173964 0.0209824 -0.0707397 148.644 508 461394
1.3518 21.4394 0.7 21.4819 0.0629689 0 -0.0707397 151.082 521 461394
1.3518 21.4346 0.249291 21.4819 0.0629827 -0.0209824 -0.0707397 148.082 505 461394
1.3518 21.4346 1.15071 21.4819 0.0629827 0.0209824 -0.0707397 149.394 512 461394
1.01385 21.458 0.7 21.4819 0.047213 0 -0.0707397 148.082 505 461394
1.36387 21.6308 0.7 21.6737 0.0629689 0 0.0707397 145.457 491 461394
1.36387 21.6308 0.7 21.6737 0.0629689 0 -0 153.707 535 461394
1.36387 21.6308 0.7 21.6737 0.0629689 0 -0.0707397 147.519 502 461394
5.15977 21.2431 1.15876 21.8655 0.238277 0.0209824 0.0707397 149.207 511 461394
4.81578 21.3089 1.61751 21.8655 0.222265 0.041974 0.0707397 149.019 510 461394
4.81578 21.3237 1.15876 21.8655 0.222116 0.0209824 0.0707397 154.082 537 461394
4.4718 21.3985 1.15876 21.8655 0.206013 0.0209824 0.0707397 149.394 512 461394
5.15977 21.2431 1.15876 21.8655 0.238277 0.0209824 -0 156.332 549 461394
4.81578 21.3089 1.61751 21.8655 0.222265 0.041974 -0 156.332 549 461394
4.81578 21.3237 1.15876 21.8655 0.222116 0.0209824 -0 161.394 576 461394
4.4718 21.3985 1.15876 21.8655 0.206013 0.0209824 -0 156.519 550 461394
5.15977 21.2431 1.15876 21.8655 0.238277 0.0209824 -0.0707397 148.644 508 461394
4.81578 21.3089 1.61751 21.8655 0.222265 0.041974 -0.0707397 149.207 511 461394
4.81578 21.3237 1.15876 21.8655 0.222116 0.0209824 -0.0707397 154.082 537 461394
4.4718 21.3985 1.15876 21.8655 0.206013 0.0209824 -0.0707397 149.582 513 461394
4.85803 21.5107 1.16278 22.0573 0.222116 0.0209824 0.0707397 149.457 507 461394
5.20503 21.4294 1.16278 22.0573 0.238277 0.0209824 -0 153.019 526 461394
4.85803 21.4958 1.62556 22.0573 0.222265 0.041974 -0 151.519 518 461394
4.85803 21.5107 1.16278 22.0573 0.222116 0.0209824 -0 157.519 550 461394
4.51103 21.5862 1.16278 22.0573 0.206013 0.0209824 -0 152.269 522 461394
5.20503 21.4294 1.16278 22.0573 0.238277 0.0209824 -0.0707397 146.832 493 461394
4.85803 21.5107 1.16278 22.0573 0.222116 0.0209824 -0.0707397 151.332 517 461394
4.51103 21.5862 1.16278 22.0573 0.206013 0.0209824 -0.0707397 146.082 489 461394
8.05045 20.7206 1.63361 22.2491 0.370574 0.041974 -0 141.394 464 461394
8.05045 20.7364 1.16681 22.2491 0.370317 0.0209824 -0 142.707 471 461394
4.90027 21.6978 1.16681 22.2491 0.222116 0.0209824 -0 146.832 493 461394
2.80015 22.0722 0.7 22.2491 0.126189 0 -0 142.144 468 461394
2.80015 22.0673 1.16681 22.2491 0.126217 0.0209824 -0 141.957 467 461394
8.05045 20.7364 1.16681 22.2491 0.370317 0.0209824 -0.0707397 136.332 437 461394
1.79536 22.7538 0.7 22.8246 0.0787404 0 0.0707397 152.332 517 461394
1.43629 22.7793 0.7 22.8246 0.0629689 0 0.0707397 154.582 529 461394
1.43629 22.7743 1.17888 22.8246 0.0629827 0.0209824 0.0707397 150.269 506 461394
1.07721 22.7991 0.7 22.8246 0.047213 0 0.0707397 152.332 517 461394
1.79536 22.7538 0.7 22.8246 0.0787404 0 -0 159.832 557 461394
1.43629 22.7793 0.7 22.8246 0.0629689 0 -0 161.894 568 461394
1.43629 22.7743 1.17888 22.8246 0.0629827 0.0209824 -0 157.957 547 461394
1.07721 22.7991 0.7 22.8246 0.047213 0 -0 159.457 555 461394
1.79536 22.7538 0.7 22.8246 0.0787404 0 -0.0707397 152.144 516 461394
1.43629 22.7793 0.7 22.8246 0.0629689 0 -0.0707397 154.394 528 461394
1.43629 22.7743 1.17888 22.8246 0.0629827 0.0209824 -0.0707397 150.457 507 461394
1.07721 22.7991 0.7 22.8246 0.047213 0 -0.0707397 152.332 517 461394
1.81044 22.945 0.7 23.0164 0.0787404 0 0.0707397 151.394 512 461394
1.44836 22.9707 0.7 23.0164 0.0629689 0 0.0707397 155.144 532 461394
1.44836 22.9657 1.1829 23.0164 0.0629827 0.0209824 0.0707397 151.394 512 461394
1.08627 22.9907 0.7 23.0164 0.047213 0 0.0707397 153.644 524 461394
1.08627 22.9856 1.1829 23.0164 0.0472234 0.0209824 0.0707397 150.832 509 461394
1.81044 22.945 0.7 23.0164 0.0787404 0 -0 159.457 555 461394
1.44836 22.9707 0.7 23.0164 0.0629689 0 -0 163.207 575 461394
1.44836 22.9657 1.1829 23.0164 0.0629827 0.0209824 -0 159.457 555 461394
1.08627 22.9907 0.7 23.0164 0.047213 0 -0 161.519 566 461394
1.81044 22.945 0.7 23.0164 0.0787404 0 -0.0707397 152.519 518 461394
1.44836 22.9707 0.7 23.0164 0.0629689 0 -0.0707397 156.269 538 461394
1.44836 22.9657 1.1829 23.0164 0.0629827 0.0209824 -0.0707397 152.707 519 461394
1.08627 22.9907 0.7 23.0164 0.047213 0 -0.0707397 154.582 529 461394
1.08627 22.9856 1.1829 23.0164 0.0472234 0.0209824 -0.0707397 152.144 516 461394
-14.4745 18.6295 0.7 23.5918 -0.660537 0 0.0707397 133.019 414 461394
-14.8456 18.3352 0.7 23.5918 -0.680617 0 0.0707397 138.269 442 461394
-14.8456 18.3285 0.205025 23.5918 -0.680795 -0.0209824 0.0707397 136.394 432 461394
-15.2168 18.0283 0.7 23.5918 -0.701029 0 0.0707397 134.707 423 461394
-14.8456 18.3352 0.7 23.5918 -0.680617 0 -0 145.207 479 461394
-14.8456 18.3285 0.205025 23.5918 -0.680795 -0.0209824 -0 143.332 469 461394
-13.7322 19.1833 0.7 23.5918 -0.621281 0 -0.0707397 133.957 419 461394
-13.7322 19.1769 1.19497 23.5918 -0.621438 0.0209824 -0.0707397 134.144 420 461394
-14.1034 18.9056 1.19497 23.5918 -0.640929 0.0209824 -0.0707397 134.144 420 461394
-14.8456 18.3352 0.7 23.5918 -0.680617 0 -0.0707397 138.269 442 461394
-14.8456 18.3285 0.205025 23.5918 -0.680795 -0.0209824 -0.0707397 136.207 431 461394
-15.2168 18.0283 0.7 23.5918 -0.701029 0 -0.0707397 134.894 424 461394
-14.5922 18.781 0.7 23.7836 -0.660537 0 0.0707397 139.207 447 461394
-14.5922 18.7744 1.199 23.7836 -0.660708 0.0209824 0.0707397 136.019 430 461394
-14.9663 18.4842 0.7 23.7836 -0.680617 0 0.0707397 139.582 449 461394
-14.9663 18.4775 0.201001 23.7836 -0.680795 -0.0209824 0.0707397 136.582 433 461394
-14.9663 18.4775 1.199 23.7836 -0.680795 0.0209824 0.0707397 135.644 428 461394
-14.5922 18.781 0.7 23.7836 -0.660537 0 -0 145.957 483 461394
-14.9663 18.4842 0.7 23.7836 -0.680617 0 -0 146.707 487 461394
-14.9663 18.4775 0.201001 23.7836 -0.680795 -0.0209824 -0 144.269 474 461394
-14.5922 18.781 0.7 23.7836 -0.660537 0 -0.0707397 138.832 445 461394
-14.9663 18.4842 0.7 23.7836 -0.680617 0 -0.0707397 140.144 452 461394
-14.9663 18.4775 0.201001 23.7836 -0.680795 -0.0209824 -0.0707397 137.332 437 461394
-14.9663 18.4775 1.199 23.7836 -0.680795 0.0209824 -0.0707397 135.457 427 461394
1.52077 24.1193 0.7 24.1672 0.0629689 0 0.0707397 148.582 497 461394
1.52077 24.1139 1.20705 24.1672 0.0629827 0.0209824 0.0707397 146.707 487 461394
1.14058 24.1402 0.7 24.1672 0.047213 0 0.0707397 148.957 499 461394
1.14058 24.1349 1.20705 24.1672 0.0472234 0.0209824 0.0707397 147.082 489 461394
1.52077 24.1193 0.7 24.1672 0.0629689 0 -0 155.707 535 461394
1.52077 24.1139 1.20705 24.1672 0.0629827 0.0209824 -0 154.019 526 461394
1.14058 24.1402 0.7 24.1672 0.047213 0 -0 156.082 537 461394
1.14058 24.1349 1.20705 24.1672 0.0472234 0.0209824 -0 154.394 528 461394
1.52077 24.1193 0.7 24.1672 0.0629689 0 -0.0707397 148.394 496 461394
1.52077 24.1139 1.20705 24.1672 0.0629827 0.0209824 -0.0707397 146.519 486 461394
1.14058 24.1402 0.7 24.1672 0.047213 0 -0.0707397 148.582 497 461394
1.14058 24.1349 1.20705 24.1672 0.0472234 0.0209824 -0.0707397 146.894 488 461394
1.53284 24.3107 0.7 24.359 0.0629689 0 0.0707397 149.957 499 461394
1.53284 24.3053 1.21107 24.359 0.0629827 0.0209824 0.0707397 149.019 494 461394
1.14963 24.3318 0.7 24.359 0.047213 0 0.0707397 150.144 500 461394
1.14963 24.3265 1.21107 24.359 0.0472234 0.0209824 0.0707397 148.832 493 461394
1.53284 24.3107 0.7 24.359 0.0629689 0 -0 157.644 540 461394
1.53284 24.3053 1.21107 24.359 0.0629827 0.0209824 -0 156.519 534 461394
1.14963 24.3318 0.7 24.359 0.047213 0 -0 158.207 543 461394
1.14963 24.3265 1.21107 24.359 0.0472234 0.0209824 -0 156.519 534 461394
1.53284 24.3107 0.7 24.359 0.0629689 0 -0.0707397 150.894 504 461394
1.53284 24.3053 1.21107 24.359 0.0629827 0.0209824 -0.0707397 149.957 499 461394
1.14963 24.3318 0.7 24.359 0.047213 0 -0.0707397 151.457 507 461394
1.14963 24.3265 1.21107 24.359 0.0472234 0.0209824 -0.0707397 149.957 499 461394
10.0419 22.4031 0.7 24.5508 0.421388 0 -0 137.019 430 461394
9.65571 22.5723 0.7 24.5508 0.404213 0 -0 136.832 429 461394
4.24851 24.1749 1.2151 24.5508 0.173964 0.0209824 -0 134.019 414 461394
9.09145 23.4237 0.7 25.1262 0.370232 0 -0 135.144 420 461394
11.1523 22.7294 0.7 25.318 0.456145 0 -0 136.457 427 461394
11.1523 22.7046 1.76239 25.318 0.456578 0.041974 -0 139.457 443 461394
11.1523 22.7232 1.23119 25.318 0.456253 0.0209824 -0 139.832 445 461394
10.754 22.8959 1.76239 25.318 0.439109 0.041974 -0 137.582 433 461394
10.754 22.9144 1.23119 25.318 0.438799 0.0209824 -0 138.332 437 461394
-16.7014 19.7872 0.7 25.8934 -0.701029 0 0.0707397 135.394 416 461394
-16.294 20.124 0.7 25.8934 -0.680617 0 -0 139.894 440 461394
-16.294 20.1166 0.156735 25.8934 -0.680795 -0.0209824 -0 138.019 430 461394
-16.7014 19.7872 0.7 25.8934 -0.701029 0 -0 142.144 452 461394
-16.7014 19.7797 0.156735 25.8934 -0.701215 -0.0209824 -0 140.269 442 461394
-16.7014 19.7797 1.24327 25.8934 -0.701215 0.0209824 -0 137.644 428 461394
-16.7014 19.7872 0.7 25.8934 -0.701029 0 -0.0707397 135.207 415 461394
-16.4147 20.273 0.7 26.0852 -0.680617 0 0.0707397 141.957 451 461394
-16.4147 20.2656 0.152711 26.0852 -0.680795 -0.0209824 0.0707397 139.519 438 461394
-16.8251 19.9338 0.7 26.0852 -0.701029 0 0.0707397 142.332 453 461394
-16.8251 19.9263 0.152711 26.0852 -0.701215 -0.0209824 0.0707397 140.269 442 461394
-16.4147 20.273 0.7 26.0852 -0.680617 0 -0 149.644 492 461394
-16.4147 20.2656 0.152711 26.0852 -0.680795 -0.0209824 -0 147.207 479 461394
-16.8251 19.9338 0.7 26.0852 -0.701029 0 -0 150.207 495 461394
-16.8251 19.9263 0.152711 26.0852 -0.701215 -0.0209824 -0 148.144 484 461394
-16.4147 20.273 0.7 26.0852 -0.680617 0 -0.0707397 142.894 456 461394
-16.4147 20.2656 0.152711 26.0852 -0.680795 -0.0209824 -0.0707397 140.457 443 461394
-16.8251 19.9338 0.7 26.0852 -0.701029 0 -0.0707397 143.269 458 461394
-16.8251 19.9263 0.152711 26.0852 -0.701215 -0.0209824 -0.0707397 141.394 448 461394
6.71072 25.583 4.05617 26.6606 0.256532 0.12622 -0 136.894 424 461394
6.2913 25.6894 4.05617 26.6606 0.240172 0.12622 -0 138.582 433 461394
6.2913 25.8835 1.81872 26.6606 0.238438 0.041974 -0 136.144 420 461394
6.75899 25.8347 3.51693 26.8524 0.255889 0.105098 -0 142.144 452 461394
6.33656 25.9416 3.51693 26.8524 0.239572 0.105098 -0 142.894 456 461394
-15.2077 22.1309 0.7 26.8524 -0.602065 0 -0.0707397 132.019 398 461394
6.75899 25.8347 3.51693 26.8524 0.255889 0.105098 -0.0707397 134.832 413 461394
6.33656 25.9416 3.51693 26.8524 0.239572 0.105098 -0.0707397 136.144 420 461394
-15.5336 22.6051 0.7 27.4278 -0.602065 0 -0 135.082 409 461394
-15.9651 22.3025 0.7 27.4278 -0.621281 0 -0 138.082 425 461394
-15.9651 22.2951 0.124541 27.4278 -0.621438 -0.0209824 -0 135.082 409 461394
-16.3966 21.9872 0.7 27.4278 -0.640765 0 -0 137.707 423 461394
-16.3966 21.9797 0.124541 27.4278 -0.640929 -0.0209824 -0 135.082 409 461394
-16.8281 21.6587 0.7 27.4278 -0.660537 0 -0 135.269 410 461394
10.8627 25.3938 0.7 27.6196 0.404213 0 0.0707397 134.707 407 461394
10.4282 25.5753 0.7 27.6196 0.387164 0 0.0707397 136.207 415 461394
10.4282 25.5753 0.7 27.6196 0.387164 0 -0 143.332 453 461394
6.5176 26.8146 1.85897 27.6196 0.238438 0.041974 -0 143.894 456 461394
6.5176 26.8334 1.27948 27.6196 0.238277 0.0209824 -0 143.519 454 461394
6.0831 26.9165 1.85897 27.6196 0.222265 0.041974 -0 143.144 452 461394
10.8627 25.3938 0.7 27.6196 0.404213 0 -0.0707397 135.082 409 461394
10.4282 25.5753 0.7 27.6196 0.387164 0 -0.0707397 136.207 415 461394
-16.4117 22.9263 0.7 28.195 -0.621281 0 -0 139.207 431 461394
11.089 25.9229 0.7 28.195 0.404213 0 -0 139.957 435 461394
10.6454 26.1081 0.7 28.195 0.387164 0 -0 141.082 441 461394
6.65339 26.1171 8.98178 28.195 0.249446 0.298128 -0 141.832 445 461394
6.20983 26.2261 8.98178 28.195 0.232498 0.298128 -0 141.082 441 461394
10.6454 26.1081 0.7 28.195 0.387164 0 -0.0707397 134.707 407 461394
-16.0768 23.3955 0.7 28.3868 -0.602065 0 -0 140.144 436 461394
-16.5233 23.0823 0.7 28.3868 -0.621281 0 -0 140.332 437 461394
-19.6494 20.487 0.7 28.3868 -0.764533 0 -0 141.269 442 461394
-19.6494 20.4783 0.10442 28.3868 -0.764744 -0.0209824 -0 140.332 437 461394
-16.4026 23.8698 0.7 28.9622 -0.602065 0 -0 138.707 423 461394
2.73377 28.8329 0.7 28.9622 0.0945316 0 -0 135.894 408 461394
2.73377 28.8265 1.30765 28.9622 0.0945525 0.0209824 -0 137.582 417 461394
-16.0526 24.3366 0.7 29.1541 -0.583099 0 -0 145.832 461 461394
-16.0526 24.329 1.31168 29.1541 -0.583244 0.0209824 -0 143.207 447 461394
-16.5113 24.0278 0.7 29.1541 -0.602065 0 -0 141.894 440 461394
-16.5113 24.0201 1.31168 29.1541 -0.602216 0.0209824 -0 141.332 437 461394
-15.9017 25.1192 0.7 29.7295 -0.564368 0 -0 141.707 439 461394
-16.3694 24.817 0.7 29.7295 -0.583099 0 -0 143.582 449 461394
-16.3694 24.8091 0.076251 29.7295 -0.583244 -0.0209824 -0 141.519 438 461394
3.27389 29.5421 1.32375 29.7295 0.110371 0.0209824 -0 141.332 437 461394
8.9436 28.5534 0.7 29.9213 0.303544 0 -0 140.207 431 461394
3.29501 29.7327 1.32777 29.9213 0.110371 0.0209824 -0 140.207 431 461394
3.35838 30.3112 0.7 30.4967 0.110346 0 -0 141.207 431 461394
3.35838 30.3044 1.33985 30.4967 0.110371 0.0209824 -0 142.144 436 461394
2.87861 30.3605 0.7 30.4967 0.0945316 0 -0 141.957 435 461394
2.87861 30.3538 1.33985 30.4967 0.0945525 0.0209824 -0 143.644 444 461394
6.27621 30.0398 0.7 30.6885 0.205967 0 -0 153.582 497 461394
6.27621 30.0329 1.34387 30.6885 0.206013 0.0209824 -0 153.582 497 461394
5.79342 30.1298 1.34387 30.6885 0.189964 0.0209824 -0 150.957 483 461394
6.84348 30.3091 0.7 31.0721 0.222066 0 0.0707397 155.082 505 461394
6.35466 30.4153 0.7 31.0721 0.205967 0 0.0707397 159.394 528 461394
6.35466 30.4083 1.35192 31.0721 0.206013 0.0209824 0.0707397 159.207 527 461394
5.86584 30.5064 1.35192 31.0721 0.189964 0.0209824 0.0707397 154.707 503 461394
6.84348 30.3091 0.7 31.0721 0.222066 0 -0 162.957 547 461394
6.35466 30.4153 0.7 31.0721 0.205967 0 -0 166.894 568 461394
6.35466 30.4083 1.35192 31.0721 0.206013 0.0209824 -0 166.894 568 461394
6.84348 30.3091 0.7 31.0721 0.222066 0 -0.0707397 155.832 509 461394
6.35466 30.4153 0.7 31.0721 0.205967 0 -0.0707397 160.144 532 461394
6.35466 30.4083 1.35192 31.0721 0.206013 0.0209824 -0.0707397 159.957 531 461394
5.86584 30.5064 1.35192 31.0721 0.189964 0.0209824 -0.0707397 155.269 506 461394
6.88573 30.4962 0.7 31.2639 0.222066 0 -0 153.394 496 461394
6.39389 30.6031 0.7 31.2639 0.205967 0 -0 157.707 519 461394
6.39389 30.5961 1.35594 31.2639 0.206013 0.0209824 -0 157.144 516 461394
6.39389 30.6031 0.7 31.2639 0.205967 0 -0.0707397 151.707 487 461394
6.39389 30.5961 1.35594 31.2639 0.206013 0.0209824 -0.0707397 150.957 483 461394
6.43311 30.7908 0.7 31.4557 0.205967 0 -0 152.082 489 461394
6.43311 30.7838 1.35997 31.4557 0.206013 0.0209824 -0 152.644 492 461394
1.48456 31.4206 0.7 31.4557 0.047213 0 -0 152.269 490 461394
1.52077 32.187 0.7 32.2229 0.047213 0 -0 155.082 505 461394
1.52077 32.1799 0.0239366 32.2229 0.0472234 -0.0209824 -0 153.394 496 461394
1.01385 32.2069 0.7 32.2229 0.0314688 0 -0 152.457 491 461394
1.53888 32.5702 0.7 32.6065 0.047213 0 0.0707397 160.519 534 461394
1.53888 32.563 0.0158883 32.6065 0.0472234 -0.0209824 0.0707397 159.582 529 461394
1.02592 32.5904 0.7 32.6065 0.0314688 0 0.0707397 157.707 519 461394
1.02592 32.5832 0.0158883 32.6065 0.0314757 -0.0209824 0.0707397 156.394 512 461394
1.53888 32.5702 0.7 32.6065 0.047213 0 -0 168.207 575 461394
1.53888 32.563 0.0158883 32.6065 0.0472234 -0.0209824 -0 167.082 569 461394
1.02592 32.5904 0.7 32.6065 0.0314688 0 -0 165.207 559 461394
1.02592 32.5832 0.0158883 32.6065 0.0314757 -0.0209824 -0 163.707 551 461394
1.53888 32.5702 0.7 32.6065 0.047213 0 -0.0707397 160.894 536 461394
1.53888 32.563 0.0158883 32.6065 0.0472234 -0.0209824 -0.0707397 160.144 532 461394
1.02592 32.5904 0.7 32.6065 0.0314688 0 -0.0707397 158.082 521 461394
1.02592 32.5832 0.0158883 32.6065 0.0314757 -0.0209824 -0.0707397 156.957 515 461394
1.54793 32.7618 0.7 32.7983 0.047213 0 -0 158.144 516 461394
1.54793 32.7545 0.0118641 32.7983 0.0472234 -0.0209824 -0 158.707 519 461394
1.03195 32.7821 0.7 32.7983 0.0314688 0 -0 154.957 499 461394
1.03195 32.7748 0.0118641 32.7983 0.0314757 -0.0209824 -0 155.519 502 461394
1.54793 32.7545 0.0118641 32.7983 0.0472234 -0.0209824 -0.0707397 152.707 487 461394
-6.74692 32.2854 0.00783986 32.9901 -0.206013 -0.0209824 0.0707397 136.019 398 461394
-7.26592 32.1726 0.00783986 32.9901 -0.222116 -0.0209824 0.0707397 139.019 414 461394
-7.26592 32.1502 -0.68432 32.9901 -0.222265 -0.041974 0.0707397 135.832 397 461394
-22.8357 23.5563 4.1608 32.9901 -0.769868 0.105098 0.0707397 137.332 405 461394
-23.3547 23.0418 4.1608 32.9901 -0.792142 0.105098 0.0707397 136.207 399 461394
1.55698 32.9534 0.7 32.9901 0.047213 0 -0 153.832 493 461394
1.55698 32.9461 0.00783986 32.9901 0.0472234 -0.0209824 -0 152.707 487 461394
-7.26592 32.1726 0.00783986 32.9901 -0.222116 -0.0209824 -0.0707397 139.207 415 461394
-22.8357 23.5563 -2.7608 32.9901 -0.769868 -0.105098 -0.0707397 138.269 410 461394
-22.8357 23.4442 -3.45296 32.9901 -0.772252 -0.12622 -0.0707397 137.894 408 461394
-22.8357 23.5563 4.1608 32.9901 -0.769868 0.105098 -0.0707397 139.207 415 461394
-23.3547 23.0418 -2.7608 32.9901 -0.792142 -0.105098 -0.0707397 137.519 406 461394
-23.3547 22.9272 -3.45296 32.9901 -0.794636 -0.12622 -0.0707397 137.332 405 461394
-23.3547 23.0418 4.1608 32.9901 -0.792142 0.105098 -0.0707397 138.269 410 461394
5.28046 32.96 4.22116 33.5655 0.158858 0.105098 0.0707397 136.019 398 461394
5.28046 32.96 4.22116 33.5655 0.158858 0.105098 -0 143.332 437 461394
3.69633 33.175 4.22116 33.5655 0.110961 0.105098 -0 143.707 439 461394
10.0329 31.8369 4.22116 33.5655 0.305283 0.105098 -0.0707397 135.832 397 461394
5.28046 32.96 4.22116 33.5655 0.158858 0.105098 -0.0707397 136.582 401 461394
4.75242 33.0403 4.22116 33.5655 0.142857 0.105098 -0.0707397 135.832 397 461394
-16.994 29.1592 1.40826 33.7573 -0.527678 0.0209824 0.0707397 133.394 384 461394
-16.463 29.4708 0.7 33.7573 -0.509437 0 -0 137.519 406 461394
-16.463 29.4623 1.40826 33.7573 -0.50956 0.0209824 -0 139.394 416 461394
-16.994 29.1678 0.7 33.7573 -0.52755 0 -0 139.582 417 461394
-16.994 29.1592 1.40826 33.7573 -0.527678 0.0209824 -0 140.519 422 461394
-16.994 29.1592 1.40826 33.7573 -0.527678 0.0209824 -0.0707397 133.207 383 461394
10.2622 32.5646 4.30165 34.3327 0.305283 0.105098 -0 136.644 396 461394
4.86104 33.7109 5.02198 34.3327 0.143211 0.12622 -0 134.582 385 461394
4.86104 33.7955 4.30165 34.3327 0.142857 0.105098 -0 135.144 388 461394
19.0097 28.8106 -0.0243536 34.5245 0.583244 -0.0209824 -0 139.082 409 461394
-16.5656 30.9362 1.43643 35.0999 -0.491624 0.0209824 0.0707397 143.582 433 461394
-17.1178 30.6341 1.43643 35.0999 -0.50956 0.0209824 0.0707397 145.269 442 461394
5.52186 34.5375 3.6457 35.0999 0.158538 0.0840222 0.0707397 144.144 436 461394
-17.1178 30.6341 1.43643 35.0999 -0.50956 0.0209824 -0 152.957 483 461394
5.52186 34.5375 3.6457 35.0999 0.158538 0.0840222 -0 151.082 473 461394
-16.5656 30.9362 1.43643 35.0999 -0.491624 0.0209824 -0.0707397 143.582 433 461394
-17.1178 30.6341 1.43643 35.0999 -0.50956 0.0209824 -0.0707397 145.644 444 461394
5.52186 34.5375 3.6457 35.0999 0.158538 0.0840222 -0.0707397 143.957 435 461394
5.55203 34.6551 4.40225 35.2917 0.158858 0.105098 0.0707397 137.582 401 461394
4.99683 34.6526 5.1427 35.2917 0.143211 0.12622 0.0707397 138.707 407 461394
4.99683 34.7395 4.40225 35.2917 0.142857 0.105098 0.0707397 140.207 415 461394
4.99683 34.8104 3.6618 35.2917 0.14257 0.0840222 0.0707397 137.019 398 461394
4.99683 34.7395 4.40225 35.2917 0.142857 0.105098 -0 147.144 452 461394
5.55203 34.6551 4.40225 35.2917 0.158858 0.105098 -0.0707397 138.707 407 461394
5.55203 34.7262 3.6618 35.2917 0.158538 0.0840222 -0.0707397 137.582 401 461394
4.99683 34.6526 5.1427 35.2917 0.143211 0.12622 -0.0707397 136.832 397 461394
4.99683 34.7395 4.40225 35.2917 0.142857 0.105098 -0.0707397 140.394 416 461394
4.99683 34.8104 3.6618 35.2917 0.14257 0.0840222 -0.0707397 138.144 404 461394
-17.4919 31.3127 0.7 35.8672 -0.509437 0 0.0707397 137.582 401 461394
-18.0562 30.9908 0.7 35.8672 -0.52755 0 0.0707397 136.269 394 461394
6.77106 35.0934 3.71009 35.8672 0.190602 0.0840222 0.0707397 138.707 407 461394
6.77106 35.0934 3.71009 35.8672 0.190602 0.0840222 -0 145.832 445 461394
6.20681 35.1976 3.71009 35.8672 0.174548 0.0840222 -0 145.269 442 461394
6.77106 35.0934 3.71009 35.8672 0.190602 0.0840222 -0.0707397 138.519 406 461394
6.20681 35.1976 3.71009 35.8672 0.174548 0.0840222 -0.0707397 138.894 408 461394
5.64255 35.2924 3.71009 35.8672 0.158538 0.0840222 -0.0707397 136.457 395 461394
5.67273 35.4085 4.48274 36.059 0.158858 0.105098 0.0707397 135.144 388 461394
5.67273 35.4811 3.72619 36.059 0.158538 0.0840222 0.0707397 137.394 400 461394
7.37455 35.1668 3.72619 36.059 0.206706 0.0840222 -0 144.332 437 461394
6.80727 35.281 3.72619 36.059 0.190602 0.0840222 -0 144.519 438 461394
5.67273 35.4811 3.72619 36.059 0.158538 0.0840222 -0 145.644 444 461394
5.67273 35.4085 4.48274 36.059 0.158858 0.105098 -0.0707397 137.207 399 461394
5.67273 35.4811 3.72619 36.059 0.158538 0.0840222 -0.0707397 140.394 416 461394
5.67273 35.5375 2.96964 36.059 0.158291 0.0629841 -0.0707397 134.582 385 461394
1.72897 36.5855 1.46862 36.6344 0.0472234 0.0209824 0.0707397 153.207 479 461394
1.15265 36.6082 1.46862 36.6344 0.0314757 0.0209824 0.0707397 153.582 481 461394
1.72897 36.5855 1.46862 36.6344 0.0472234 0.0209824 -0 160.332 517 461394
1.15265 36.6082 1.46862 36.6344 0.0314757 0.0209824 -0 160.519 518 461394
1.72897 36.5855 1.46862 36.6344 0.0472234 0.0209824 -0.0707397 153.019 478 461394
1.15265 36.6082 1.46862 36.6344 0.0314757 0.0209824 -0.0707397 153.207 479 461394
1.73803 36.777 -0.0726438 36.8262 0.0472234 -0.0209824 0.0707397 153.207 479 461394
1.73803 36.777 1.47264 36.8262 0.0472234 0.0209824 0.0707397 155.082 489 461394
1.15868 36.7998 -0.0726438 36.8262 0.0314757 -0.0209824 0.0707397 151.707 471 461394
1.15868 36.7998 1.47264 36.8262 0.0314757 0.0209824 0.0707397 155.082 489 461394
1.73803 36.777 -0.0726438 36.8262 0.0472234 -0.0209824 -0 160.519 518 461394
1.73803 36.777 1.47264 36.8262 0.0472234 0.0209824 -0 162.957 531 461394
1.15868 36.7998 -0.0726438 36.8262 0.0314757 -0.0209824 -0 159.394 512 461394
1.15868 36.7998 1.47264 36.8262 0.0314757 0.0209824 -0 162.957 531 461394
1.73803 36.777 -0.0726438 36.8262 0.0472234 -0.0209824 -0.0707397 153.957 483 461394
1.73803 36.777 1.47264 36.8262 0.0472234 0.0209824 -0.0707397 156.019 494 461394
1.15868 36.7998 -0.0726438 36.8262 0.0314757 -0.0209824 -0.0707397 152.269 474 461394
1.15868 36.7998 1.47264 36.8262 0.0314757 0.0209824 -0.0707397 156.207 495 461394
-15.8867 33.8599 0.7 37.4016 -0.438696 0 0.0707397 148.894 456 461394
-15.2983 34.1298 0.7 37.4016 -0.421388 0 -0 153.957 483 461394
-15.8867 33.8599 0.7 37.4016 -0.438696 0 -0 156.957 499 461394
-15.8867 33.8508 -0.0847164 37.4016 -0.438799 -0.0209824 -0 151.707 471 461394
-15.8867 33.8508 1.48472 37.4016 -0.438799 0.0209824 -0 152.644 476 461394
-15.8867 33.8599 0.7 37.4016 -0.438696 0 -0.0707397 150.582 465 461394
-15.3767 34.3048 0.7 37.5934 -0.421388 0 0.0707397 154.332 485 461394
-15.9681 34.0335 0.7 37.5934 -0.438696 0 0.0707397 155.457 491 461394
-15.9681 34.0244 -0.0887406 37.5934 -0.438799 -0.0209824 0.0707397 151.144 468 461394
-15.9681 34.0244 1.48874 37.5934 -0.438799 0.0209824 0.0707397 150.957 467 461394
-15.3767 34.3048 0.7 37.5934 -0.421388 0 -0 162.207 527 461394
-15.9681 34.0335 0.7 37.5934 -0.438696 0 -0 163.332 533 461394
-15.9681 34.0244 -0.0887406 37.5934 -0.438799 -0.0209824 -0 159.207 511 461394
-15.9681 34.0244 1.48874 37.5934 -0.438799 0.0209824 -0 159.019 510 461394
-15.3767 34.3048 0.7 37.5934 -0.421388 0 -0.0707397 154.894 488 461394
-15.9681 34.0335 0.7 37.5934 -0.438696 0 -0.0707397 156.394 496 461394
-15.9681 34.0244 -0.0887406 37.5934 -0.438799 -0.0209824 -0.0707397 152.082 473 461394
-15.9681 34.0244 1.48874 37.5934 -0.438799 0.0209824 -0.0707397 151.894 472 461394
6.60511 37.3791 4.70407 38.1688 0.1749 0.105098 -0 138.019 398 461394
6.60511 37.4562 3.90325 38.1688 0.174548 0.0840222 -0 138.957 403 461394
6.00464 37.4802 4.70407 38.1688 0.158858 0.105098 -0 140.269 410 461394
6.00464 37.5572 3.90325 38.1688 0.158538 0.0840222 -0 140.082 409 461394
6.00464 37.4802 4.70407 38.1688 0.158858 0.105098 -0.0707397 135.957 387 461394
6.00464 37.5572 3.90325 38.1688 0.158538 0.0840222 -0.0707397 135.207 383 461394
24.7427 29.3144 0.7 38.3606 0.701029 0 -0 141.207 415 461394
7.24178 37.6364 2.30967 38.3606 0.190091 0.041974 -0 140.082 409 461394
6.03482 37.7459 3.91935 38.3606 0.158538 0.0840222 -0.0707397 134.832 381 461394
24.5014 30.2494 1.51691 38.936 0.680795 0.0209824 -0 139.957 403 461394
-15.9259 35.53 0.7 38.936 -0.421388 0 -0 141.082 409 461394
-15.3888 35.9652 -0.120934 39.1278 -0.404307 -0.0209824 -0 143.144 420 461394
-13.7413 37.2495 0.7 39.7032 -0.353411 0 0.0707397 136.582 385 461394
-13.7413 37.2402 1.53301 39.7032 -0.353492 0.0209824 0.0707397 135.082 377 461394
-15.6151 36.5036 0.7 39.7032 -0.404213 0 0.0707397 138.269 394 461394
-15.6151 36.5036 0.7 39.7032 -0.404213 0 -0 143.894 424 461394
-15.6151 36.4941 -0.133007 39.7032 -0.404307 -0.0209824 -0 142.582 417 461394
-15.6151 36.5036 0.7 39.7032 -0.404213 0 -0.0707397 138.082 393 461394
-6.90383 39.2931 0.7 39.895 -0.173925 0 0.0707397 135.644 380 461394
-15.0629 36.9421 0.7 39.895 -0.387164 0 0.0707397 138.269 394 461394
-15.6905 36.68 0.7 39.895 -0.404213 0 0.0707397 139.207 399 461394
-15.6905 36.68 0.7 39.895 -0.404213 0 -0 144.082 425 461394
-6.90383 39.2931 0.7 39.895 -0.173925 0 -0.0707397 135.269 378 461394
-15.3526 37.6526 0.7 40.6622 -0.387164 0 0.0707397 137.707 391 461394
-15.3526 37.6429 1.55313 40.6622 -0.387253 0.0209824 0.0707397 139.582 401 461394
-15.9923 37.3756 1.55313 40.6622 -0.404307 0.0209824 0.0707397 140.144 404 461394
-15.3526 37.6526 0.7 40.6622 -0.387164 0 -0 142.957 419 461394
-15.3526 37.6429 1.55313 40.6622 -0.387253 0.0209824 -0 145.207 431 461394
-15.9923 37.3854 0.7 40.6622 -0.404213 0 -0 144.457 427 461394
-15.9923 37.3756 1.55313 40.6622 -0.404307 0.0209824 -0 146.332 437 461394
-20.111 35.9908 1.5652 41.2376 -0.50956 0.0209824 0.0707397 134.207 367 461394
-20.7598 35.6206 1.5652 41.2376 -0.527678 0.0209824 0.0707397 134.207 367 461394
-20.111 35.9908 1.5652 41.2376 -0.50956 0.0209824 -0 140.019 398 461394
-19.5528 36.3593 4.1769 41.4294 -0.493402 0.0840222 -0 141.144 404 461394
32.3798 26.7573 0.7 42.0049 0.880188 0 -0 138.144 388 461394
32.3798 26.7428 1.5813 42.0049 0.880455 0.0209824 -0 135.894 376 461394
31.719 27.5375 0.7 42.0049 0.855848 0 -0 138.332 389 461394
-6.6383 41.6618 1.58532 42.1967 -0.158009 0.0209824 0.0707397 139.269 394 461394
-7.30213 41.5506 1.58532 42.1967 -0.173964 0.0209824 0.0707397 139.269 394 461394
29.2085 30.4407 1.58532 42.1967 0.764744 0.0209824 0.0707397 136.082 377 461394
-6.6383 41.6618 1.58532 42.1967 -0.158009 0.0209824 -0 146.207 431 461394
-7.30213 41.5506 1.58532 42.1967 -0.173964 0.0209824 -0 146.207 431 461394
-6.6383 41.6618 1.58532 42.1967 -0.158009 0.0209824 -0.0707397 138.519 390 461394
-7.30213 41.5506 1.58532 42.1967 -0.173964 0.0209824 -0.0707397 138.707 391 461394
29.8723 29.7895 1.58532 42.1967 0.786786 0.0209824 -0.0707397 135.894 376 461394
29.2085 30.4407 1.58532 42.1967 0.764744 0.0209824 -0.0707397 137.207 383 461394
28.9339 31.5004 0.7 42.7721 0.742956 0 0.0707397 141.144 404 461394
28.9339 31.4876 1.59739 42.7721 0.743158 0.0209824 0.0707397 140.207 399 461394
28.261 32.1055 0.7 42.7721 0.721799 0 0.0707397 143.582 417 461394
28.261 32.0929 1.59739 42.7721 0.721993 0.0209824 0.0707397 142.644 412 461394
28.9339 31.5004 0.7 42.7721 0.742956 0 -0 148.457 443 461394
28.9339 31.4876 1.59739 42.7721 0.743158 0.0209824 -0 147.519 438 461394
28.261 32.1055 0.7 42.7721 0.721799 0 -0 151.082 457 461394
28.261 32.0929 1.59739 42.7721 0.721993 0.0209824 -0 149.957 451 461394
28.9339 31.5004 0.7 42.7721 0.742956 0 -0.0707397 141.707 407 461394
28.9339 31.4876 1.59739 42.7721 0.743158 0.0209824 -0.0707397 140.582 401 461394
28.261 32.1055 0.7 42.7721 0.721799 0 -0.0707397 144.332 421 461394
28.261 32.0929 1.59739 42.7721 0.721993 0.0209824 -0.0707397 143.019 414 461394
29.0637 31.6417 0.7 42.9639 0.742956 0 0.0707397 136.832 381 461394
29.0637 31.6288 1.60142 42.9639 0.743158 0.0209824 0.0707397 135.332 373 461394
28.3878 32.2495 0.7 42.9639 0.721799 0 0.0707397 138.707 391 461394
28.3878 32.2369 1.60142 42.9639 0.721993 0.0209824 0.0707397 137.394 384 461394
29.0637 31.6417 0.7 42.9639 0.742956 0 -0 143.957 419 461394
29.0637 31.6288 1.60142 42.9639 0.743158 0.0209824 -0 143.019 414 461394
28.3878 32.2495 0.7 42.9639 0.721799 0 -0 146.582 433 461394
28.3878 32.2369 1.60142 42.9639 0.721993 0.0209824 -0 145.269 426 461394
29.0637 31.6417 0.7 42.9639 0.742956 0 -0.0707397 136.832 381 461394
29.0637 31.6288 1.60142 42.9639 0.743158 0.0209824 -0.0707397 135.707 375 461394
28.3878 32.2495 0.7 42.9639 0.721799 0 -0.0707397 140.019 398 461394
28.3878 32.2369 1.60142 42.9639 0.721993 0.0209824 -0.0707397 138.519 390 461394
6.84952 42.9874 1.61349 43.5393 0.158009 0.0209824 0.0707397 134.832 365 461394
6.16457 43.0619 2.52698 43.5393 0.14219 0.041974 0.0707397 135.394 368 461394
6.16457 43.091 1.61349 43.5393 0.142095 0.0209824 0.0707397 138.019 382 461394
6.84952 42.9874 1.61349 43.5393 0.158009 0.0209824 -0 142.519 406 461394
6.16457 43.0619 2.52698 43.5393 0.14219 0.041974 -0 143.082 409 461394
6.16457 43.091 1.61349 43.5393 0.142095 0.0209824 -0 145.519 422 461394
6.84952 42.9874 1.61349 43.5393 0.158009 0.0209824 -0.0707397 136.894 376 461394
6.16457 43.0619 2.52698 43.5393 0.14219 0.041974 -0.0707397 137.457 379 461394
6.16457 43.091 1.61349 43.5393 0.142095 0.0209824 -0.0707397 139.332 389 461394
-24.0789 36.32 4.37006 43.7311 -0.585436 0.0840222 0.0707397 131.269 346 461394
-24.0789 36.4011 3.45254 43.7311 -0.58441 0.0629841 0.0707397 132.207 351 461394
6.87969 43.1768 1.61751 43.7311 0.158009 0.0209824 0.0707397 131.082 345 461394
6.19172 43.2808 1.61751 43.7311 0.142095 0.0209824 0.0707397 133.519 358 461394
5.50375 43.3737 1.61751 43.7311 0.126217 0.0209824 0.0707397 131.832 349 461394
4.81578 43.4651 0.7 43.7311 0.110346 0 0.0707397 132.582 353 461394
28.2067 33.4184 0.7 43.7311 0.701029 0 -0.0707397 137.082 377 461394
28.2067 33.4058 1.61751 43.7311 0.701215 0.0209824 -0.0707397 137.832 381 461394
6.19172 43.2808 1.61751 43.7311 0.142095 0.0209824 -0.0707397 134.082 361 461394
-16.0315 41.3044 0.7 44.3065 -0.370232 0 0.0707397 138.207 383 461394
-16.0315 41.294 -0.229587 44.3065 -0.370317 -0.0209824 0.0707397 136.144 372 461394
-16.7285 41.0271 0.7 44.3065 -0.387164 0 0.0707397 135.019 366 461394
6.27319 43.8207 2.55917 44.3065 0.14219 0.041974 0.0707397 134.269 362 461394
-16.0315 41.3044 0.7 44.3065 -0.370232 0 -0 144.957 419 461394
-16.0315 41.294 -0.229587 44.3065 -0.370317 -0.0209824 -0 143.269 410 461394
-16.0315 41.3044 0.7 44.3065 -0.370232 0 -0.0707397 136.894 376 461394
-16.0315 41.294 -0.229587 44.3065 -0.370317 -0.0209824 -0.0707397 136.144 372 461394
6.27319 43.8207 2.55917 44.3065 0.14219 0.041974 -0.0707397 135.394 368 461394
6.27319 43.8503 1.62959 44.3065 0.142095 0.0209824 -0.0707397 135.957 371 461394
7.00039 43.9343 1.63361 44.4983 0.158009 0.0209824 0.0707397 131.457 347 461394
6.30035 44.05 0.7 44.4983 0.142064 0 0.0707397 131.644 348 461394
6.30035 44.0401 1.63361 44.4983 0.142095 0.0209824 0.0707397 133.519 358 461394
6.30035 44.0401 1.63361 44.4983 0.142095 0.0209824 -0 139.519 390 461394
-14.7008 41.9998 0.7 44.4983 -0.336693 0 -0.0707397 131.082 345 461394
-23.1013 38.0319 0.7 44.4983 -0.545856 0 -0.0707397 131.082 345 461394
-23.1013 38.0205 1.63361 44.4983 -0.54599 0.0209824 -0.0707397 130.894 344 461394
0 45.0638 -0.245684 45.0737 0 -0.0209824 0.0707397 144.582 417 461394
-2.83636 44.9844 0.7 45.0737 -0.0629689 0 0.0707397 137.457 379 461394
-2.83636 44.9744 -0.245684 45.0737 -0.0629827 -0.0209824 0.0707397 137.269 378 461394
-4.96364 44.7996 0.7 45.0737 -0.110346 0 0.0707397 138.207 383 461394
0 45.0737 0.7 45.0737 0 0 -0 150.957 451 461394
0 45.0638 -0.245684 45.0737 0 -0.0209824 -0 153.019 462 461394
-0.709091 45.0681 0.7 45.0737 -0.0157325 0 -0 150.207 447 461394
-0.709091 45.0582 -0.245684 45.0737 -0.0157359 -0.0209824 -0 150.394 448 461394
0 45.0737 0.7 45.0737 0 0 -0.0707397 144.394 416 461394
0 45.0638 -0.245684 45.0737 0 -0.0209824 -0.0707397 146.269 426 461394
-0.709091 45.0681 0.7 45.0737 -0.0157325 0 -0.0707397 143.644 412 461394
-0.709091 45.0582 -0.245684 45.0737 -0.0157359 -0.0209824 -0.0707397 144.019 414 461394
-3.56054 45.1253 0.7 45.2655 -0.0787404 0 0.0707397 143.269 410 461394
-3.56054 45.1153 -0.249708 45.2655 -0.0787578 -0.0209824 0.0707397 142.894 408 461394
-4.27265 45.0634 0.7 45.2655 -0.0945316 0 0.0707397 141.957 403 461394
-4.27265 45.0534 -0.249708 45.2655 -0.0945525 -0.0209824 0.0707397 141.582 401 461394
-3.56054 45.1253 0.7 45.2655 -0.0787404 0 -0 150.207 447 461394
-3.56054 45.1153 -0.249708 45.2655 -0.0787578 -0.0209824 -0 149.832 445 461394
-4.27265 45.0634 0.7 45.2655 -0.0945316 0 -0 148.894 440 461394
-4.27265 45.0534 -0.249708 45.2655 -0.0945525 -0.0209824 -0 148.707 439 461394
-3.56054 45.1253 0.7 45.2655 -0.0787404 0 -0.0707397 142.894 408 461394
-3.56054 45.1153 -0.249708 45.2655 -0.0787578 -0.0209824 -0.0707397 142.707 407 461394
-4.27265 45.0634 0.7 45.2655 -0.0945316 0 -0.0707397 141.582 401 461394
-4.27265 45.0534 -0.249708 45.2655 -0.0945525 -0.0209824 -0.0707397 141.582 401 461394
-8.65393 45.0167 0.7 45.8409 -0.189921 0 0.0707397 136.332 373 461394
-9.37509 44.872 0.7 45.8409 -0.205967 0 0.0707397 139.332 389 461394
-9.37509 44.872 0.7 45.8409 -0.205967 0 -0 147.019 430 461394
-9.37509 44.872 0.7 45.8409 -0.205967 0 -0.0707397 140.269 394 461394
-6.5176 45.569 0.7 46.0327 -0.142064 0 0.0707397 141.019 398 461394
-6.5176 45.5587 -0.265805 46.0327 -0.142095 -0.0209824 0.0707397 140.082 393 461394
-7.24178 45.4595 0.7 46.0327 -0.157974 0 0.0707397 140.832 397 461394
-7.24178 45.4493 -0.265805 46.0327 -0.158009 -0.0209824 0.0707397 140.644 396 461394
-6.5176 45.569 0.7 46.0327 -0.142064 0 -0 147.957 435 461394
-6.5176 45.5587 -0.265805 46.0327 -0.142095 -0.0209824 -0 147.394 432 461394
-7.24178 45.4595 0.7 46.0327 -0.157974 0 -0 147.957 435 461394
-7.24178 45.4493 -0.265805 46.0327 -0.158009 -0.0209824 -0 148.144 436 461394
-21.2637 41.475 0.7 46.6081 -0.473746 0 0.0707397 133.019 350 461394
-21.2637 41.475 0.7 46.6081 -0.473746 0 -0 139.582 385 461394
28.7137 36.9562 0.7 46.7999 0.660537 0 -0 135.832 365 461394
28.7137 36.9431 -0.281902 46.7999 0.660708 -0.0209824 -0 135.269 362 461394
27.9774 37.5166 0.7 46.7999 0.640765 0 -0 136.019 366 461394
27.9774 37.5038 -0.281902 46.7999 0.640929 -0.0209824 -0 134.519 358 461394
-21.6137 42.1577 0.7 47.3753 -0.473746 0 -0 137.707 375 461394
-14.9663 45.1513 0.7 47.5671 -0.320073 0 0.0707397 134.144 356 461394
-15.7147 44.8963 0.7 47.5671 -0.336693 0 0.0707397 133.019 350 461394
26.9394 39.1906 -0.297998 47.5671 0.602216 -0.0209824 0.0707397 131.519 342 461394
-14.9663 45.1513 0.7 47.5671 -0.320073 0 -0 142.582 401 461394
-15.7147 44.8963 0.7 47.5671 -0.336693 0 -0 140.707 391 461394
-14.9663 45.1513 0.7 47.5671 -0.320073 0 -0.0707397 136.207 367 461394
-15.7147 44.8963 0.7 47.5671 -0.336693 0 -0.0707397 134.144 356 461394
-2.27211 48.0889 0.7 48.1425 -0.047213 0 0.0707397 132.082 345 461394
-24.2358 41.4867 3.73021 48.1425 -0.528708 0.0629841 0.0707397 131.707 343 461394
23.4785 42.0294 0.7 48.1425 0.509437 0 -0.0707397 132.269 346 461394
25.0928 41.3106 0.7 48.3344 0.545856 0 0.0707397 133.394 352 461394
25.0928 41.3106 0.7 48.3344 0.545856 0 -0.0707397 134.707 359 461394
25.0928 41.2607 -1.32819 48.3344 0.546391 -0.041974 -0.0707397 132.644 348 461394
25.0928 41.2981 1.7141 48.3344 0.54599 0.0209824 -0.0707397 131.707 343 461394
26.9304 40.8279 0.7 48.9098 0.583099 0 -0 135.519 358 461394
10.0027 47.865 1.72617 48.9098 0.206013 0.0209824 -0 135.144 356 461394
9.23327 48.0303 0.7 48.9098 0.189921 0 -0 135.894 360 461394
9.23327 48.0194 1.72617 48.9098 0.189964 0.0209824 -0 137.957 371 461394
10.0419 48.0527 1.73019 49.1016 0.206013 0.0209824 0.0707397 136.457 363 461394
9.26948 48.2077 1.73019 49.1016 0.189964 0.0209824 0.0707397 138.707 375 461394
4.63474 48.8823 0.7 49.1016 0.0945316 0 0.0707397 138.519 374 461394
4.63474 48.8715 1.73019 49.1016 0.0945525 0.0209824 0.0707397 136.269 362 461394
3.86228 48.9494 0.7 49.1016 0.0787404 0 0.0707397 136.082 361 461394
9.26948 48.2077 1.73019 49.1016 0.189964 0.0209824 -0 145.457 411 461394
4.63474 48.8823 0.7 49.1016 0.0945316 0 -0 145.269 410 461394
10.0419 48.0637 0.7 49.1016 0.205967 0 -0.0707397 135.894 360 461394
10.0419 48.0527 1.73019 49.1016 0.206013 0.0209824 -0.0707397 137.019 366 461394
9.26948 48.2077 1.73019 49.1016 0.189964 0.0209824 -0.0707397 138.519 374 461394
4.63474 48.8823 0.7 49.1016 0.0945316 0 -0.0707397 137.582 369 461394
3.86228 48.9494 0.7 49.1016 0.0787404 0 -0.0707397 135.894 360 461394
8.5966 48.9275 0.7 49.677 0.173925 0 -0 134.019 350 461394
8.5966 48.9164 1.74226 49.677 0.173964 0.0209824 -0 134.019 350 461394
7.81509 49.0584 0.7 49.677 0.157974 0 -0 132.894 344 461394
7.81509 49.0473 1.74226 49.677 0.158009 0.0209824 -0 133.832 349 461394
-28.2429 41.1003 0.7 49.8688 -0.602065 0 -0 138.144 372 461394
-28.2429 41.0869 1.74629 49.8688 -0.602216 0.0209824 -0 136.457 363 461394
-29.0275 40.55 0.7 49.8688 -0.621281 0 -0 135.894 360 461394
-24.6009 44.026 1.75836 50.4442 -0.50956 0.0209824 -0 133.457 347 461394
7.93578 49.8048 1.75836 50.4442 0.158009 0.0209824 -0 133.082 345 461394
4.76147 50.1743 2.81672 50.4442 0.0946152 0.041974 -0 132.707 343 461394
18.3217 47.1931 1.76239 50.636 0.370317 0.0209824 -0 133.082 345 461394
3.22259 51.0986 1.77446 51.2114 0.0629827 0.0209824 -0 134.957 355 461394
25.8773 44.4146 0.7 51.4032 0.52755 0 -0 134.582 353 461394
4.85199 51.1737 0.7 51.4032 0.0945316 0 -0 135.894 360 461394
4.85199 51.1623 1.77848 51.4032 0.0945525 0.0209824 -0 135.144 356 461394
4.04333 51.2439 0.7 51.4032 0.0787404 0 -0 135.332 357 461394
4.04333 51.2326 1.77848 51.4032 0.0787578 0.0209824 -0 134.207 351 461394
6.54174 51.5538 1.79055 51.9786 0.126217 0.0209824 -0 133.519 342 461394
4.08859 51.8061 1.79055 51.9786 0.0787578 0.0209824 -0 135.957 355 461394
3.27087 51.8641 1.79055 51.9786 0.0629827 0.0209824 -0 138.019 366 461394
-26.2635 45.0775 0.7 52.1704 -0.52755 0 -0 136.144 356 461394
-26.2635 45.0642 1.79458 52.1704 -0.527678 0.0209824 -0 134.457 347 461394
-27.0843 44.5892 0.7 52.1704 -0.545856 0 -0 134.832 349 461394
19.6976 48.3089 0.7 52.1704 0.387164 0 -0 136.144 356 461394
19.6976 48.2965 1.79458 52.1704 0.387253 0.0209824 -0 138.582 369 461394
18.8769 48.6232 1.79458 52.1704 0.370317 0.0209824 -0 136.519 358 461394
0 52.7458 0.7 52.7458 0 0 0.0707397 148.332 421 461394
0 52.7342 1.80665 52.7458 0 0.0209824 0.0707397 147.207 415 461394
-0.829787 52.7393 0.7 52.7458 -0.0157325 0 0.0707397 147.207 415 461394
-0.829787 52.7277 1.80665 52.7458 -0.0157359 0.0209824 0.0707397 147.207 415 461394
0 52.7458 0.7 52.7458 0 0 -0 155.832 461 461394
0 52.7342 1.80665 52.7458 0 0.0209824 -0 154.894 456 461394
-0.829787 52.7393 0.7 52.7458 -0.0157325 0 -0 155.082 457 461394
-0.829787 52.7277 1.80665 52.7458 -0.0157359 0.0209824 -0 155.082 457 461394
0 52.7458 0.7 52.7458 0 0 -0.0707397 149.082 425 461394
0 52.7342 1.80665 52.7458 0 0.0209824 -0.0707397 148.144 420 461394
-0.829787 52.7393 0.7 52.7458 -0.0157325 0 -0.0707397 149.082 425 461394
-0.829787 52.7277 1.80665 52.7458 -0.0157359 0.0209824 -0.0707397 148.894 424 461394
1.66561 52.8998 1.81068 52.9376 0.0314757 0.0209824 0.0707397 140.269 378 461394
1.66561 52.8648 2.92135 52.9376 0.0314966 0.041974 -0 146.832 413 461394
1.66561 52.8998 1.81068 52.9376 0.0314757 0.0209824 -0 148.519 422 461394
0.832805 52.8844 2.92135 52.9376 0.0157463 0.041974 -0 145.894 408 461394
0.832805 52.9194 1.81068 52.9376 0.0157359 0.0209824 -0 146.832 413 461394
1.66561 52.8648 2.92135 52.9376 0.0314966 0.041974 -0.0707397 140.269 378 461394
1.66561 52.8998 1.81068 52.9376 0.0314757 0.0209824 -0.0707397 141.394 384 461394
-2.52557 53.4534 0.7 53.513 -0.047213 0 0.0707397 149.269 426 461394
-2.52557 53.4416 -0.422748 53.513 -0.0472234 -0.0209824 0.0707397 147.394 416 461394
-3.36743 53.407 0.7 53.513 -0.0629689 0 0.0707397 148.144 420 461394
-2.52557 53.4534 0.7 53.513 -0.047213 0 -0 157.144 468 461394
-2.52557 53.4416 -0.422748 53.513 -0.0472234 -0.0209824 -0 154.707 455 461394
-3.36743 53.407 0.7 53.513 -0.0629689 0 -0 155.457 459 461394
-2.52557 53.4534 0.7 53.513 -0.047213 0 -0.0707397 149.457 427 461394
-2.52557 53.4416 -0.422748 53.513 -0.0472234 -0.0209824 -0.0707397 147.582 417 461394
-3.36743 53.407 0.7 53.513 -0.0629689 0 -0.0707397 148.332 421 461394
-4.22437 53.5384 0.7 53.7048 -0.0787404 0 0.0707397 144.019 398 461394
-4.22437 53.5266 -0.426772 53.7048 -0.0787578 -0.0209824 0.0707397 144.957 403 461394
-4.22437 53.5266 -0.426772 53.7048 -0.0787578 -0.0209824 -0 151.519 438 461394
-3.3795 53.5984 0.7 53.7048 -0.0629689 0 -0.0707397 142.707 391 461394
-3.3795 53.5866 -0.426772 53.7048 -0.0629827 -0.0209824 -0.0707397 142.332 389 461394
-3.3795 53.5866 1.82677 53.7048 -0.0629827 0.0209824 -0.0707397 142.332 389 461394
-4.22437 53.5384 0.7 53.7048 -0.0787404 0 -0.0707397 144.582 401 461394
-4.22437 53.5266 -0.426772 53.7048 -0.0787578 -0.0209824 -0.0707397 144.582 401 461394
-9.39319 53.4613 0.7 54.2802 -0.173925 0 0.0707397 148.894 424 461394
-41.1333 35.7107 0.7 54.472 -0.855848 0 0.0707397 139.519 374 461394
-41.1333 35.6924 -0.442869 54.472 -0.856101 -0.0209824 0.0707397 134.457 347 461394
-41.1333 35.7107 0.7 54.472 -0.855848 0 -0 147.582 417 461394
-41.1333 35.7107 0.7 54.472 -0.855848 0 -0.0707397 141.394 384 461394
-41.1333 35.6924 -0.442869 54.472 -0.856101 -0.0209824 -0.0707397 135.957 355 461394
-41.1333 35.6924 1.84287 54.472 -0.856101 0.0209824 -0.0707397 135.394 352 461394
0 55.0353 1.85494 55.0475 0 0.0209824 0.0707397 139.957 371 461394
0.865996 55.0285 1.85494 55.0475 0.0157359 0.0209824 0.0707397 140.519 374 461394
0 55.0353 1.85494 55.0475 0 0.0209824 -0 147.644 412 461394
0.865996 55.0285 1.85494 55.0475 0.0157359 0.0209824 -0 148.394 416 461394
0 55.0353 1.85494 55.0475 0 0.0209824 -0.0707397 140.332 373 461394
0.865996 55.0285 1.85494 55.0475 0.0157359 0.0209824 -0.0707397 141.082 377 461394
-0.869014 55.1838 -1.61793 55.2393 -0.0157463 -0.041974 -0 143.519 390 461394
-0.869014 55.1838 3.01793 55.2393 -0.0157463 0.041974 -0 142.957 387 461394
-0.869014 55.2203 1.85897 55.2393 -0.0157359 0.0209824 -0 145.207 399 461394
0 55.2271 1.85897 55.2393 0 0.0209824 -0.0707397 135.269 346 461394
-0.869014 55.2203 1.85897 55.2393 -0.0157359 0.0209824 -0.0707397 138.644 364 461394
-4.40542 55.7835 -1.65013 56.0065 -0.07881 -0.041974 0.0707397 139.207 367 461394
-4.40542 55.8206 1.87506 56.0065 -0.0787578 0.0209824 0.0707397 137.894 360 461394
-8.81083 55.2966 -0.475063 56.0065 -0.158009 -0.0209824 0.0707397 138.082 361 461394
-4.40542 55.7835 -1.65013 56.0065 -0.07881 -0.041974 -0.0707397 139.957 371 461394
-3.56054 56.4198 -1.67427 56.5819 -0.0630244 -0.041974 -0 136.394 352 461394
-18.6928 53.4049 0.7 56.5819 -0.336693 0 -0 138.082 361 461394
6.23095 56.2377 0.7 56.5819 0.110346 0 -0 136.394 352 461394
-19.6494 53.2649 0.7 56.7737 -0.353411 0 0.0707397 142.582 385 461394
-19.6494 53.2516 -0.491159 56.7737 -0.353492 -0.0209824 0.0707397 140.144 372 461394
-20.5425 52.9269 0.7 56.7737 -0.370232 0 0.0707397 142.582 385 461394
-20.5425 52.9135 -0.491159 56.7737 -0.370317 -0.0209824 0.0707397 139.207 367 461394
-19.6494 53.2649 0.7 56.7737 -0.353411 0 -0 149.519 422 461394
-19.6494 53.2516 -0.491159 56.7737 -0.353492 -0.0209824 -0 147.269 410 461394
-20.5425 52.9269 0.7 56.7737 -0.370232 0 -0 149.519 422 461394
-20.5425 52.9135 -0.491159 56.7737 -0.370317 -0.0209824 -0 145.957 403 461394
-19.6494 53.2649 0.7 56.7737 -0.353411 0 -0.0707397 141.269 378 461394
-19.6494 53.2516 -0.491159 56.7737 -0.353492 -0.0209824 -0.0707397 139.394 368 461394
-20.5425 52.9269 0.7 56.7737 -0.370232 0 -0.0707397 142.207 383 461394
-20.5425 52.9135 -0.491159 56.7737 -0.370317 -0.0209824 -0.0707397 138.457 363 461394
-18.9463 54.1291 0.7 57.3491 -0.336693 0 -0 137.519 358 461394
-19.8485 53.8048 0.7 57.3491 -0.353411 0 -0 141.082 377 461394
-19.8485 53.7913 -0.503232 57.3491 -0.353492 -0.0209824 -0 136.207 351 461394
-19.8485 53.7913 1.90323 57.3491 -0.353492 0.0209824 -0 136.957 355 461394
-20.7507 53.4633 0.7 57.3491 -0.370232 0 -0 135.457 347 461394
-19.8485 53.8048 0.7 57.3491 -0.353411 0 -0.0707397 134.144 340 461394
-8.147 56.9612 0.7 57.5409 -0.142064 0 0.0707397 134.332 341 461394
-8.147 56.9612 0.7 57.5409 -0.142064 0 -0 142.019 382 461394
-8.147 56.9484 -0.507256 57.5409 -0.142095 -0.0209824 -0 141.644 380 461394
-8.147 56.9612 0.7 57.5409 -0.142064 0 -0.0707397 135.082 345 461394
-8.147 56.9484 -0.507256 57.5409 -0.142095 -0.0209824 -0.0707397 134.144 340 461394
0 58.3081 0.7 58.3081 0 0 -0 137.519 358 461394
-0.917292 58.3009 0.7 58.3081 -0.0157325 0 -0 137.332 357 461394
-1.83458 58.2792 0.7 58.3081 -0.0314688 0 -0 136.957 355 461394
-1.85269 58.7375 4.40628 58.8835 -0.0315314 0.0629841 -0 136.082 345 461394
-6.50553 58.716 0.7 59.0753 -0.110346 0 -0 136.269 346 461394
-7.43489 58.6056 0.7 59.0753 -0.126189 0 -0 137.394 352 461394
7.43489 58.6056 0.7 59.0753 0.126189 0 -0 135.707 343 461394
7.43489 58.5925 1.93945 59.0753 0.126217 0.0209824 -0 136.082 345 461394
39.9203 45.3508 0.7 60.4179 0.721799 0 -0 136.269 346 461394
39.9203 45.3331 1.96762 60.4179 0.721993 0.0209824 -0 134.582 337 461394
30.4155 52.1883 1.96762 60.4179 0.527678 0.0209824 -0 136.832 349 461394
29.465 52.685 3.23524 60.4179 0.50993 0.041974 -0 134.582 337 461394
29.465 52.7308 1.96762 60.4179 0.50956 0.0209824 -0 137.207 351 461394
-30.512 52.354 1.97164 60.6097 -0.527678 0.0209824 -0 135.519 342 461394
30.512 52.3694 0.7 60.6097 0.52755 0 -0 135.519 342 461394
30.512 52.354 1.97164 60.6097 0.527678 0.0209824 -0 137.207 351 461394
29.5585 52.9135 0.7 60.6097 0.509437 0 -0 137.019 350 461394
29.5585 52.8982 1.97164 60.6097 0.50956 0.0209824 -0 137.582 353 461394
33.2398 52.4911 2.00384 62.1442 0.564507 0.0209824 -0 137.644 348 461394
-6.99133 63.0866 -0.632006 63.4868 -0.110371 -0.0209824 -0 136.707 343 461394
37.4008 52.2471 0.7 64.254 0.621281 0 -0 138.394 352 461394
37.4008 52.2297 2.0481 64.254 0.621438 0.0209824 -0 140.269 362 461394
36.3899 52.9561 0.7 64.254 0.602065 0 -0 137.269 346 461394
36.3899 52.9389 2.0481 64.254 0.602216 0.0209824 -0 139.332 357 461394
-9.23327 64.5561 0.7 65.213 -0.142064 0 -0 136.894 344 461394
13.7684 65.8848 2.11249 67.3228 0.206013 0.0209824 -0 139.207 351 461394
12.7093 66.0519 3.52498 67.3228 0.190091 0.041974 -0 140.144 356 461394
12.7093 66.0972 2.11249 67.3228 0.189964 0.0209824 -0 141.269 362 461394
2.1665 68.808 2.14468 68.8573 0.0314757 0.0209824 -0 138.082 345 461394
1.08325 68.8336 2.14468 68.8573 0.0157359 0.0209824 -0 137.707 343 461394
0 69.0339 2.14871 69.0491 0 0.0209824 -0 138.644 348 461394
2.17253 68.9997 2.14871 69.0491 0.0314757 0.0209824 -0 141.269 362 461394
1.08627 69.0405 0.7 69.0491 0.0157325 0 -0 139.207 351 461394
1.08627 69.0253 2.14871 69.0491 0.0157359 0.0209824 -0 142.957 371 461394
1.08627 69.0253 2.14871 69.0491 0.0157359 0.0209824 -0.0707397 136.582 337 461394
8.88325 70.0066 2.1809 70.5835 0.126217 0.0209824 -0 138.707 343 461394
7.77284 70.1386 2.1809 70.5835 0.110371 0.0209824 -0 138.519 342 461394
2.26306 71.8747 2.20907 71.9261 0.0314757 0.0209824 0.0707397 140.207 351 461394
2.26306 71.8905 0.7 71.9261 0.0314688 0 -0 144.332 373 461394
2.26306 71.8747 2.20907 71.9261 0.0314757 0.0209824 -0 146.582 385 461394
1.13153 71.9014 2.20907 71.9261 0.0157359 0.0209824 -0 142.457 363 461394
2.26306 71.8747 2.20907 71.9261 0.0314757 0.0209824 -0.0707397 139.457 347 461394
-1.13455 72.0931 2.21309 72.1179 -0.0157359 0.0209824 -0 140.207 351 461394
2.26909 72.0822 0.7 72.1179 0.0314688 0 -0 140.207 351 461394
2.26909 72.0663 2.21309 72.1179 0.0314757 0.0209824 -0 143.582 369 461394
1.13455 72.0931 2.21309 72.1179 0.0157359 0.0209824 -0 140.207 351 461394
-10.2924 71.9448 2.22517 72.6933 -0.142095 0.0209824 -0 139.832 349 461394
