1.43629 2.22362 0.249291 2.68524 0.573504 -0.168645 -0 98.3317 421 461800
1.39404 2.25034 0.249291 2.68524 0.554621 -0.168645 -0 98.3317 421 461800
1.26731 2.53734 0.217098 2.87704 0.463219 -0.168645 -0 105.332 437 461800
1.22205 2.55945 0.217098 2.87704 0.445458 -0.168645 -0 104.582 433 461800
0.995745 2.644 0.156735 2.87704 0.360177 -0.189968 -0.0707397 97.6442 396 461800
0.995745 2.63088 0.096372 2.87704 0.361822 -0.211379 -0.0707397 97.0817 393 461800
1.30352 2.74145 0.249291 3.06885 0.443845 -0.147399 -0 102.519 422 461800
1.30352 2.73008 0.184904 3.06885 0.445458 -0.168645 -0 101.207 415 461800
1.15868 2.80573 0.249291 3.06885 0.391638 -0.147399 -0 102.332 421 461800
1.15868 2.79463 0.184904 3.06885 0.393039 -0.168645 -0 100.832 413 461800
0.917292 2.87064 0.120517 3.06885 0.309288 -0.189968 -0 100.269 410 461800
0.917292 2.85689 0.0561301 3.06885 0.310683 -0.211379 -0 99.5192 406 461800
1.12851 3.03147 0.289533 3.26065 0.356371 -0.12622 0.0707397 99.1442 404 461800
1.12851 3.02142 0.221122 3.26065 0.357458 -0.147399 0.0707397 102.144 420 461800
1.07721 3.04009 0.221122 3.26065 0.340533 -0.147399 0.0707397 98.2067 399 461800
1.12851 3.02142 0.221122 3.26065 0.357458 -0.147399 -0 109.457 459 461800
1.12851 3.03147 0.289533 3.26065 0.356371 -0.12622 -0.0707397 99.7067 407 461800
1.12851 3.02142 0.221122 3.26065 0.357458 -0.147399 -0.0707397 102.519 422 461800
1.07721 3.04009 0.221122 3.26065 0.340533 -0.147399 -0.0707397 98.9567 403 461800
1.79234 2.91857 0.265388 3.45245 0.550734 -0.12622 -0 103.082 425 461800
1.30352 3.16724 0.265388 3.45245 0.390435 -0.12622 -0 105.144 436 461800
1.24921 3.18905 0.265388 3.45245 0.373346 -0.12622 -0 103.082 425 461800
1.59319 3.88219 0.257339 4.21967 0.389427 -0.105098 -0 114.894 472 461800
1.19489 4.02267 0.257339 4.21967 0.288739 -0.105098 -0 116.019 478 461800
1.12851 4.04179 0.257339 4.21967 0.272276 -0.105098 -0 115.082 473 461800
1.71992 3.17994 0.241243 3.64426 0.495804 -0.12622 0.0707397 99.5192 390 461800
1.43327 3.31902 0.241243 3.64426 0.407646 -0.12622 0.0707397 99.3317 389 461800
1.08928 3.45658 0.317702 3.64426 0.305283 -0.105098 0.0707397 99.3317 389 461800
1.08928 3.44726 0.241243 3.64426 0.306057 -0.12622 0.0707397 99.7067 391 461800
1.94925 3.04476 0.241243 3.64426 0.569452 -0.12622 -0.0707397 97.2692 378 461800
1.71992 3.17994 0.241243 3.64426 0.495804 -0.12622 -0.0707397 100.269 394 461800
1.66259 3.21029 0.241243 3.64426 0.477861 -0.12622 -0.0707397 98.2067 383 461800
1.4906 3.29367 0.241243 3.64426 0.424985 -0.12622 -0.0707397 98.9567 387 461800
1.43327 3.31902 0.241243 3.64426 0.407646 -0.12622 -0.0707397 100.457 395 461800
1.14662 3.6385 0.297581 3.83606 0.305283 -0.105098 0.0707397 102.519 406 461800
1.14662 3.6287 0.217098 3.83606 0.306057 -0.12622 0.0707397 102.332 405 461800
1.08627 3.65697 0.297581 3.83606 0.288739 -0.105098 0.0707397 102.519 406 461800
1.08627 3.64722 0.217098 3.83606 0.289469 -0.12622 0.0707397 101.957 403 461800
1.14662 3.6385 0.297581 3.83606 0.305283 -0.105098 -0.0707397 103.269 410 461800
1.14662 3.6287 0.217098 3.83606 0.306057 -0.12622 -0.0707397 102.707 407 461800
1.52077 3.70572 0.27746 4.02786 0.389427 -0.105098 0.0707397 104.582 417 461800
1.52077 3.69511 0.192952 4.02786 0.390435 -0.12622 0.0707397 104.019 414 461800
1.45741 3.7311 0.27746 4.02786 0.372386 -0.105098 0.0707397 103.269 410 461800
1.52077 3.70572 0.27746 4.02786 0.389427 -0.105098 -0.0707397 104.207 415 461800
1.59319 3.88219 0.257339 4.21967 0.389427 -0.105098 0.0707397 107.582 433 461800
1.19489 4.02267 0.257339 4.21967 0.288739 -0.105098 0.0707397 109.082 441 461800
1.12851 4.04179 0.257339 4.21967 0.272276 -0.105098 0.0707397 107.582 433 461800
-1.39404 3.96697 1.05413 4.21967 -0.337933 0.0840222 -1.0611 106.832 429 461800
-1.39404 3.97387 0.965596 4.21967 -0.337389 0.0629841 -1.0611 106.644 428 461800
1.59319 3.88219 0.257339 4.21967 0.389427 -0.105098 -0.0707397 108.144 436 461800
1.19489 4.02267 0.257339 4.21967 0.288739 -0.105098 -0.0707397 108.144 436 461800
1.12851 4.04179 0.257339 4.21967 0.272276 -0.105098 -0.0707397 107.957 435 461800
1.44836 4.35237 0.313678 4.60327 0.321247 -0.0840222 0.0707397 110.582 433 461800
1.44836 4.34272 0.217098 4.60327 0.321913 -0.105098 0.0707397 110.582 433 461800
1.20696 4.62321 0.297581 4.79507 0.255367 -0.0840222 0.0707397 108.894 424 461800
1.20696 4.61334 0.196977 4.79507 0.255889 -0.105098 0.0707397 108.707 423 461800
1.13153 4.64225 0.297581 4.79507 0.239084 -0.0840222 0.0707397 108.894 424 461800
1.13153 4.63242 0.196977 4.79507 0.239572 -0.105098 0.0707397 108.519 422 461800
1.44836 4.35237 0.313678 4.60327 0.321247 -0.0840222 -0 118.269 474 461800
1.44836 4.34272 0.217098 4.60327 0.321913 -0.105098 -0 118.644 476 461800
1.44836 4.35237 0.313678 4.60327 0.321247 -0.0840222 -0.0707397 111.894 440 461800
1.44836 4.34272 0.217098 4.60327 0.321913 -0.105098 -0.0707397 112.269 442 461800
1.20696 4.62321 0.297581 4.79507 0.255367 -0.0840222 -0 116.582 465 461800
1.20696 4.61334 0.196977 4.79507 0.255889 -0.105098 -0 116.957 467 461800
1.13153 4.64225 0.297581 4.79507 0.239084 -0.0840222 -0 116.582 465 461800
1.13153 4.63242 0.196977 4.79507 0.239572 -0.105098 -0 116.582 465 461800
-1.44836 4.36841 0.60342 4.60327 -0.320146 -0.0209824 -0.212219 113.582 449 461800
-1.44836 4.36521 0.506839 4.60327 -0.320366 -0.041974 -0.212219 114.144 452 461800
-1.52077 4.34373 0.60342 4.60327 -0.336771 -0.0209824 -0.212219 117.144 468 461800
-1.52077 4.34051 0.506839 4.60327 -0.337002 -0.041974 -0.212219 117.519 470 461800
-1.44836 4.36521 0.506839 4.60327 -0.320366 -0.041974 -0.141479 113.394 448 461800
-1.44836 4.34272 0.217098 4.60327 -0.321913 -0.105098 -0.141479 110.019 430 461800
-1.52077 4.34373 0.60342 4.60327 -0.336771 -0.0209824 -0.141479 110.394 432 461800
-1.52077 4.34051 0.506839 4.60327 -0.337002 -0.041974 -0.141479 114.519 454 461800
-1.52077 4.31789 0.217098 4.60327 -0.338636 -0.105098 -0.141479 109.832 429 461800
1.20696 4.62321 0.297581 4.79507 0.255367 -0.0840222 -0.0707397 110.394 432 461800
1.20696 4.61334 0.196977 4.79507 0.255889 -0.105098 -0.0707397 110.207 431 461800
1.13153 4.64225 0.297581 4.79507 0.239084 -0.0840222 -0.0707397 110.207 431 461800
1.13153 4.63242 0.196977 4.79507 0.239572 -0.105098 -0.0707397 110.207 431 461800
-1.52077 4.34373 0.60342 4.60327 -0.336771 -0.0209824 -0.282959 112.832 445 461800
-1.52077 4.34051 0.506839 4.60327 -0.337002 -0.041974 -0.282959 111.519 438 461800
-1.59319 4.3177 0.60342 4.60327 -0.353492 -0.0209824 -0.282959 109.457 427 461800
-1.59319 4.31446 0.506839 4.60327 -0.353736 -0.041974 -0.282959 108.332 421 461800
-1.52077 4.34373 0.60342 4.60327 -0.336771 -0.0209824 -0.424438 108.707 423 461800
1.66561 4.05865 0.237219 4.41147 0.389427 -0.105098 -0.0707397 107.019 414 461800
-1.52077 4.34481 0.7 4.60327 -0.336693 0 -0.353699 109.082 425 461800
-1.52077 4.34373 0.60342 4.60327 -0.336771 -0.0209824 -0.353699 113.207 447 461800
-1.59319 4.3177 0.60342 4.60327 -0.353492 -0.0209824 -0.353699 108.894 424 461800
-1.5087 4.52366 0.196977 4.79507 -0.321913 -0.105098 -0.141479 108.894 424 461800
-1.58414 4.4978 0.196977 4.79507 -0.338636 -0.105098 -0.141479 108.332 421 461800
-1.58414 4.52137 0.498791 4.79507 -0.337002 -0.041974 -0.212219 108.332 421 461800
-1.58414 4.4978 0.196977 4.79507 -0.338636 -0.105098 -0.212219 108.332 421 461800
-1.73501 4.45998 1.00181 4.79507 -0.371003 0.0629841 -0.495178 109.457 427 461800
-1.81044 4.42189 1.10242 4.79507 -0.388608 0.0840222 -0.495178 106.457 411 461800
-1.81044 4.42989 1.00181 4.79507 -0.387974 0.0629841 -0.495178 110.207 431 461800
-1.66561 4.28158 0.989741 4.60327 -0.371003 0.0629841 -0.565918 113.957 451 461800
-1.73803 4.24501 1.08632 4.60327 -0.388608 0.0840222 -0.565918 111.144 436 461800
-1.73803 4.2527 0.989741 4.60327 -0.387974 0.0629841 -0.565918 115.082 457 461800
-1.73803 4.25818 0.893161 4.60327 -0.387523 0.041974 -0.565918 110.582 433 461800
1.66561 4.05865 0.237219 4.41147 0.389427 -0.105098 0.0707397 105.519 406 461800
1.31861 4.18428 0.237219 4.41147 0.305283 -0.105098 0.0707397 106.082 409 461800
1.24921 4.20552 0.237219 4.41147 0.288739 -0.105098 0.0707397 106.457 411 461800
-1.44836 4.36521 0.893161 4.60327 -0.320366 0.041974 -0.707397 117.519 470 461800
-1.44836 4.36841 0.79658 4.60327 -0.320146 0.0209824 -0.707397 119.957 483 461800
-1.52077 4.34051 0.893161 4.60327 -0.337002 0.041974 -0.707397 118.457 475 461800
-1.52077 4.34373 0.79658 4.60327 -0.336771 0.0209824 -0.707397 120.144 484 461800
-1.38801 4.1864 0.792556 4.41147 -0.320146 0.0209824 -0.636658 109.644 428 461800
-1.59621 4.10318 0.977669 4.41147 -0.371003 0.0629841 -0.636658 108.707 423 461800
-1.66561 4.0755 0.977669 4.41147 -0.387974 0.0629841 -0.636658 108.894 424 461800
-1.66561 4.28158 0.989741 4.60327 -0.371003 0.0629841 -0.636658 116.957 467 461800
-1.73803 4.24501 1.08632 4.60327 -0.388608 0.0840222 -0.636658 114.144 452 461800
-1.73803 4.2527 0.989741 4.60327 -0.387974 0.0629841 -0.636658 117.519 470 461800
-1.73501 4.45203 1.10242 4.79507 -0.371606 0.0840222 -0.636658 118.457 475 461800
-1.73501 4.45998 1.00181 4.79507 -0.371003 0.0629841 -0.636658 122.207 495 461800
-1.81044 4.42189 1.10242 4.79507 -0.388608 0.0840222 -0.636658 119.019 478 461800
-1.81044 4.42989 1.00181 4.79507 -0.387974 0.0629841 -0.636658 122.582 497 461800
-1.73501 4.45203 1.10242 4.79507 -0.371606 0.0840222 -0.707397 119.019 478 461800
-1.73501 4.45998 1.00181 4.79507 -0.371003 0.0629841 -0.707397 121.082 489 461800
-1.81044 4.42189 1.10242 4.79507 -0.388608 0.0840222 -0.707397 118.644 476 461800
-1.81044 4.42989 1.00181 4.79507 -0.387974 0.0629841 -0.707397 120.894 488 461800
-1.73501 4.45998 1.00181 4.79507 -0.371003 0.0629841 -0.565918 119.207 479 461800
-1.81044 4.42189 1.10242 4.79507 -0.388608 0.0840222 -0.565918 116.582 465 461800
-1.81044 4.42989 1.00181 4.79507 -0.387974 0.0629841 -0.565918 120.332 485 461800
-1.44836 4.35987 0.989741 4.60327 -0.320732 0.0629841 -0.919617 108.519 422 461800
-1.73803 4.23511 1.1829 4.60327 -0.389427 0.105098 -0.919617 106.457 411 461800
-1.73501 4.44178 1.20302 4.79507 -0.372386 0.105098 -0.919617 111.144 436 461800
-1.59621 4.09586 1.07023 4.41147 -0.371606 0.0840222 -0.848877 108.894 424 461800
-1.59621 4.10318 0.977669 4.41147 -0.371003 0.0629841 -0.848877 108.707 423 461800
-1.44836 4.36841 0.79658 4.60327 -0.320146 0.0209824 -0.778137 117.332 469 461800
-1.52077 4.34051 0.893161 4.60327 -0.337002 0.041974 -0.778137 116.394 464 461800
-1.52077 4.34373 0.79658 4.60327 -0.336771 0.0209824 -0.778137 117.519 470 461800
-1.66561 4.27395 1.08632 4.60327 -0.371606 0.0840222 -0.778137 116.019 462 461800
-1.73803 4.24501 1.08632 4.60327 -0.388608 0.0840222 -0.778137 116.207 463 461800
-1.66561 4.27395 1.08632 4.60327 -0.371606 0.0840222 -0.848877 114.519 454 461800
-1.66561 4.28158 0.989741 4.60327 -0.371003 0.0629841 -0.848877 113.957 451 461800
-1.73803 4.24501 1.08632 4.60327 -0.388608 0.0840222 -0.848877 114.332 453 461800
-1.73803 4.2527 0.989741 4.60327 -0.387974 0.0629841 -0.848877 113.582 449 461800
1.33369 4.78697 0.281485 4.98688 0.271719 -0.0840222 -0 115.082 457 461800
-1.38801 4.18333 0.885113 4.41147 -0.320366 0.041974 -0.707397 113.582 449 461800
-1.38801 4.1864 0.792556 4.41147 -0.320146 0.0209824 -0.707397 116.019 462 461800
-1.45741 4.15966 0.885113 4.41147 -0.337002 0.041974 -0.707397 113.207 447 461800
-1.45741 4.16275 0.792556 4.41147 -0.336771 0.0209824 -0.707397 115.082 457 461800
-1.73501 4.45203 1.10242 4.79507 -0.371606 0.0840222 -0.848877 121.082 489 461800
-1.73501 4.45998 1.00181 4.79507 -0.371003 0.0629841 -0.848877 120.519 486 461800
-1.81044 4.42189 1.10242 4.79507 -0.388608 0.0840222 -0.848877 120.144 484 461800
-1.81044 4.42989 1.00181 4.79507 -0.387974 0.0629841 -0.848877 118.644 476 461800
-1.73501 4.45203 1.10242 4.79507 -0.371606 0.0840222 -0.778137 121.644 492 461800
-1.73501 4.45998 1.00181 4.79507 -0.371003 0.0629841 -0.778137 120.144 484 461800
-1.81044 4.42189 1.10242 4.79507 -0.388608 0.0840222 -0.778137 120.894 488 461800
-1.81044 4.42989 1.00181 4.79507 -0.387974 0.0629841 -0.778137 119.394 480 461800
-1.44836 4.35237 1.08632 4.60327 -0.321247 0.0840222 -0.990356 111.144 436 461800
-1.52077 4.3276 1.08632 4.60327 -0.337933 0.0840222 -0.990356 114.332 453 461800
-1.52077 4.33514 0.989741 4.60327 -0.337389 0.0629841 -0.990356 111.894 440 461800
-1.59319 4.30147 1.08632 4.60327 -0.354717 0.0840222 -0.990356 111.144 436 461800
-1.45741 4.13798 1.16278 4.41147 -0.338636 0.105098 -1.13184 112.644 444 461800
-1.45741 4.14728 1.07023 4.41147 -0.337933 0.0840222 -1.13184 111.707 439 461800
-1.45741 4.15451 0.977669 4.41147 -0.337389 0.0629841 -1.13184 111.332 437 461800
-1.52681 4.11288 1.16278 4.41147 -0.355458 0.105098 -1.13184 112.832 445 461800
-1.52681 4.12224 1.07023 4.41147 -0.354717 0.0840222 -1.13184 109.644 428 461800
-1.52077 4.31789 1.1829 4.60327 -0.338636 0.105098 -1.13184 120.332 485 461800
-1.44836 4.35987 0.989741 4.60327 -0.320732 0.0629841 -1.0611 120.894 488 461800
-1.52077 4.3276 1.08632 4.60327 -0.337933 0.0840222 -1.0611 124.269 506 461800
-1.52077 4.33514 0.989741 4.60327 -0.337389 0.0629841 -1.0611 125.019 510 461800
-1.38801 4.1782 0.977669 4.41147 -0.320732 0.0629841 -1.0611 115.644 460 461800
-1.45741 4.14728 1.07023 4.41147 -0.337933 0.0840222 -1.0611 117.894 472 461800
-1.45741 4.15451 0.977669 4.41147 -0.337389 0.0629841 -1.0611 119.019 478 461800
-1.38801 4.18333 0.885113 4.41147 -0.320366 0.041974 -0.778137 108.519 422 461800
-1.38801 4.1864 0.792556 4.41147 -0.320146 0.0209824 -0.778137 111.519 438 461800
-1.45741 4.15966 0.885113 4.41147 -0.337002 0.041974 -0.778137 108.519 422 461800
-1.45741 4.16275 0.792556 4.41147 -0.336771 0.0209824 -0.778137 110.582 433 461800
-1.44836 4.35987 0.989741 4.60327 -0.320732 0.0629841 -1.27332 110.582 433 461800
-1.66561 4.28702 0.893161 4.60327 -0.370574 0.041974 -1.27332 112.832 445 461800
-1.66561 4.29028 0.79658 4.60327 -0.370317 0.0209824 -1.27332 115.082 457 461800
-1.73803 4.25818 0.893161 4.60327 -0.387523 0.041974 -1.27332 110.957 435 461800
-1.73803 4.26146 0.79658 4.60327 -0.387253 0.0209824 -1.27332 112.269 442 461800
-1.59621 4.11152 0.792556 4.41147 -0.370317 0.0209824 -1.27332 108.894 424 461800
-1.73501 4.44178 1.20302 4.79507 -0.372386 0.105098 -0.990356 113.207 447 461800
-1.73501 4.45203 1.10242 4.79507 -0.371606 0.0840222 -0.990356 111.894 440 461800
-1.81044 4.41158 1.20302 4.79507 -0.389427 0.105098 -0.990356 111.707 439 461800
-1.81044 4.42189 1.10242 4.79507 -0.388608 0.0840222 -0.990356 110.582 433 461800
-1.65957 4.48069 0.297581 4.79507 -0.354717 -0.0840222 -2.90033 108.519 422 461800
-1.5087 4.46057 1.60544 4.79507 -0.326152 0.189968 -1.13184 108.332 421 461800
-1.5087 4.47982 1.50484 4.79507 -0.324847 0.168645 -1.13184 108.707 423 461800
-1.66561 4.29137 0.7 4.60327 -0.370232 0 -1.41479 108.707 423 461800
-1.66561 4.29028 0.60342 4.60327 -0.370317 -0.0209824 -1.41479 112.082 441 461800
-1.73803 4.26146 0.60342 4.60327 -0.387253 -0.0209824 -1.41479 111.519 438 461800
-1.73803 4.25818 0.506839 4.60327 -0.387523 -0.041974 -1.41479 108.332 421 461800
-1.65957 4.44327 -0.00423265 4.79507 -0.357458 -0.147399 -3.32477 110.957 435 461800
-1.65957 4.42615 -0.104837 4.79507 -0.358725 -0.168645 -3.32477 111.332 437 461800
-1.73501 4.41436 -0.00423265 4.79507 -0.37449 -0.147399 -3.32477 108.519 422 461800
-1.59621 4.11256 0.7 4.41147 -0.370232 0 -1.41479 109.269 426 461800
-1.59621 4.11152 0.607444 4.41147 -0.370317 -0.0209824 -1.41479 110.394 432 461800
-1.66561 4.08495 0.7 4.41147 -0.387164 0 -1.41479 106.832 413 461800
-1.66561 4.0839 0.607444 4.41147 -0.387253 -0.0209824 -1.41479 109.832 429 461800
-1.66561 4.0839 0.607444 4.41147 -0.387253 -0.0209824 -1.48553 107.394 416 461800
-1.59621 4.11256 0.7 4.41147 -0.370232 0 -1.34406 108.894 424 461800
-1.59621 4.11152 0.607444 4.41147 -0.370317 -0.0209824 -1.34406 108.707 423 461800
-1.66561 4.0839 0.607444 4.41147 -0.387253 -0.0209824 -1.34406 106.457 411 461800
-1.59319 4.2917 0.217098 4.60327 -0.355458 -0.105098 -3.53699 108.332 421 461800
-1.73803 4.26146 0.60342 4.60327 -0.387253 -0.0209824 -1.48553 108.894 424 461800
-1.73803 4.25818 0.506839 4.60327 -0.387523 -0.041974 -1.48553 106.832 413 461800
-1.66561 4.29137 0.7 4.60327 -0.370232 0 -1.34406 110.207 431 461800
-1.66561 4.29028 0.79658 4.60327 -0.370317 0.0209824 -1.34406 109.082 425 461800
-1.73803 4.26255 0.7 4.60327 -0.387164 0 -1.34406 107.957 419 461800
-1.73803 4.26146 0.60342 4.60327 -0.387253 -0.0209824 -1.34406 106.269 410 461800
-1.73803 4.26146 0.79658 4.60327 -0.387253 0.0209824 -1.34406 106.457 411 461800
-1.58414 4.4978 0.196977 4.79507 -0.338636 -0.105098 -3.53699 108.332 421 461800
-1.65957 4.47052 0.196977 4.79507 -0.355458 -0.105098 -3.53699 113.207 447 461800
-1.65957 4.45805 0.096372 4.79507 -0.356371 -0.12622 -3.53699 110.957 435 461800
-1.73501 4.44178 0.196977 4.79507 -0.372386 -0.105098 -3.53699 110.207 431 461800
-1.73501 4.42923 0.096372 4.79507 -0.373346 -0.12622 -3.53699 108.332 421 461800
-1.65957 4.47052 0.196977 4.79507 -0.355458 -0.105098 -3.46625 113.207 447 461800
-1.65957 4.45805 0.096372 4.79507 -0.356371 -0.12622 -3.46625 108.707 423 461800
-1.73501 4.44178 0.196977 4.79507 -0.372386 -0.105098 -3.46625 112.644 444 461800
1.56905 4.71507 0.281485 4.98688 0.321247 -0.0840222 0.0707397 104.957 403 461800
1.56905 4.70461 0.176856 4.98688 0.321913 -0.105098 0.0707397 104.019 398 461800
1.41215 4.76441 0.281485 4.98688 0.288146 -0.0840222 0.0707397 106.269 410 461800
1.33369 4.78697 0.281485 4.98688 0.271719 -0.0840222 0.0707397 108.332 421 461800
1.33369 4.77666 0.176856 4.98688 0.272276 -0.105098 0.0707397 105.144 404 461800
-1.56905 4.72319 1.01389 4.98688 -0.320732 0.0629841 -1.0611 108.519 422 461800
-1.6475 4.68823 1.11852 4.98688 -0.337933 0.0840222 -1.0611 112.457 443 461800
-1.6475 4.6964 1.01389 4.98688 -0.337389 0.0629841 -1.0611 111.332 437 461800
-1.72596 4.65992 1.11852 4.98688 -0.354717 0.0840222 -1.0611 108.519 422 461800
1.56905 4.71507 0.281485 4.98688 0.321247 -0.0840222 -0.0707397 105.332 405 461800
1.41215 4.76441 0.281485 4.98688 0.288146 -0.0840222 -0.0707397 104.207 399 461800
1.33369 4.78697 0.281485 4.98688 0.271719 -0.0840222 -0.0707397 108.144 420 461800
1.33369 4.77666 0.176856 4.98688 0.272276 -0.105098 -0.0707397 104.394 400 461800
1.25524 4.80813 0.281485 4.98688 0.255367 -0.0840222 -0.0707397 105.332 405 461800
1.46646 4.94766 0.265388 5.17868 0.288146 -0.0840222 0.0707397 112.207 431 461800
1.46646 4.93691 0.156735 5.17868 0.288739 -0.105098 0.0707397 108.082 409 461800
1.38499 4.97108 0.265388 5.17868 0.271719 -0.0840222 0.0707397 109.957 419 461800
1.05911 5.04003 0.156735 5.17868 0.207126 -0.105098 0.0707397 107.332 405 461800
1.46646 4.94766 0.265388 5.17868 0.288146 -0.0840222 -0 119.332 469 461800
1.38499 4.97108 0.265388 5.17868 0.271719 -0.0840222 -0 117.457 459 461800
1.46646 4.94766 0.265388 5.17868 0.288146 -0.0840222 -0.0707397 113.144 436 461800
1.46646 4.93691 0.156735 5.17868 0.288739 -0.105098 -0.0707397 109.207 415 461800
1.38499 4.97108 0.265388 5.17868 0.271719 -0.0840222 -0.0707397 111.269 426 461800
1.60526 5.1138 0.361968 5.37048 0.304167 -0.0629841 0.0707397 105.832 397 461800
1.60526 5.1051 0.249291 5.37048 0.304653 -0.0840222 0.0707397 108.832 413 461800
1.52077 5.13091 0.249291 5.37048 0.288146 -0.0840222 0.0707397 106.957 403 461800
1.18282 5.21918 0.249291 5.37048 0.222865 -0.0840222 0.0707397 106.582 401 461800
1.60526 5.1051 0.249291 5.37048 0.304653 -0.0840222 -0 115.582 449 461800
1.52077 5.13091 0.249291 5.37048 0.288146 -0.0840222 -0 114.457 443 461800
1.60526 5.1051 0.249291 5.37048 0.304653 -0.0840222 -0.0707397 109.207 415 461800
1.52077 5.13091 0.249291 5.37048 0.288146 -0.0840222 -0.0707397 109.019 414 461800
1.18282 5.21918 0.249291 5.37048 0.222865 -0.0840222 -0.0707397 107.144 404 461800
1.22507 5.41439 0.349896 5.56229 0.222515 -0.0629841 0.0707397 107.332 405 461800
1.22507 5.40558 0.233194 5.56229 0.222865 -0.0840222 0.0707397 110.144 420 461800
1.13756 5.43345 0.349896 5.56229 0.206382 -0.0629841 0.0707397 106.582 401 461800
1.13756 5.42467 0.233194 5.56229 0.206706 -0.0840222 0.0707397 109.957 419 461800
1.22507 5.40558 0.233194 5.56229 0.222865 -0.0840222 -0 116.894 456 461800
1.13756 5.42467 0.233194 5.56229 0.206706 -0.0840222 -0 116.894 456 461800
1.48758 5.33931 0.233194 5.56229 0.271719 -0.0840222 -0.0707397 106.957 403 461800
1.40008 5.36292 0.233194 5.56229 0.255367 -0.0840222 -0.0707397 107.144 404 461800
1.22507 5.41439 0.349896 5.56229 0.222515 -0.0629841 -0.0707397 106.957 403 461800
1.22507 5.40558 0.233194 5.56229 0.222865 -0.0840222 -0.0707397 109.582 417 461800
1.13756 5.43345 0.349896 5.56229 0.206382 -0.0629841 -0.0707397 106.957 403 461800
1.13756 5.42467 0.233194 5.56229 0.206706 -0.0840222 -0.0707397 109.957 419 461800
1.35783 5.57069 0.217098 5.75409 0.239084 -0.0840222 0.0707397 109.582 417 461800
1.26731 5.6011 0.337823 5.75409 0.222515 -0.0629841 0.0707397 110.519 422 461800
1.26731 5.59198 0.217098 5.75409 0.222865 -0.0840222 0.0707397 113.519 438 461800
1.17679 5.61173 0.217098 5.75409 0.206706 -0.0840222 0.0707397 109.207 415 461800
1.35783 5.57069 0.217098 5.75409 0.239084 -0.0840222 -0 117.082 457 461800
1.26731 5.6011 0.337823 5.75409 0.222515 -0.0629841 -0 118.019 462 461800
1.26731 5.59198 0.217098 5.75409 0.222865 -0.0840222 -0 121.019 478 461800
1.17679 5.61173 0.217098 5.75409 0.206706 -0.0840222 -0 116.519 454 461800
1.35783 5.57069 0.217098 5.75409 0.239084 -0.0840222 -0.0707397 110.332 421 461800
1.26731 5.6011 0.337823 5.75409 0.222515 -0.0629841 -0.0707397 111.082 425 461800
1.26731 5.59198 0.217098 5.75409 0.222865 -0.0840222 -0.0707397 114.082 441 461800
1.17679 5.61173 0.217098 5.75409 0.206706 -0.0840222 -0.0707397 109.957 419 461800
1.21602 5.80817 0.325751 5.94589 0.206382 -0.0629841 -0 112.894 424 461800
1.21602 5.79879 0.201001 5.94589 0.206706 -0.0840222 -0 114.394 432 461800
1.15868 6.01494 0.313678 6.1377 0.190303 -0.0629841 0.0707397 112.144 420 461800
1.15868 6.00528 0.184904 6.1377 0.190602 -0.0840222 0.0707397 112.144 420 461800
0.965571 6.03934 0.184904 6.1377 0.158538 -0.0840222 0.0707397 106.519 390 461800
1.25524 5.98585 0.184904 6.1377 0.206706 -0.0840222 -0 116.457 443 461800
1.15868 6.01494 0.313678 6.1377 0.190303 -0.0629841 -0 119.269 458 461800
1.15868 6.00528 0.184904 6.1377 0.190602 -0.0840222 -0 119.269 458 461800
0.965571 6.03934 0.184904 6.1377 0.158538 -0.0840222 -0 115.894 440 461800
1.15868 6.01494 0.313678 6.1377 0.190303 -0.0629841 -0.0707397 111.582 417 461800
1.15868 6.00528 0.184904 6.1377 0.190602 -0.0840222 -0.0707397 111.582 417 461800
0.965571 6.04894 0.313678 6.1377 0.158291 -0.0629841 -0.0707397 107.832 397 461800
0.965571 6.03934 0.184904 6.1377 0.158538 -0.0840222 -0.0707397 110.082 409 461800
1.19489 6.20291 0.301606 6.3295 0.190303 -0.0629841 0.0707397 109.144 404 461800
1.19489 6.19295 0.168807 6.3295 0.190602 -0.0840222 0.0707397 108.957 403 461800
1.69277 6.08592 0.301606 6.3295 0.271288 -0.0629841 -0 115.332 437 461800
1.19489 6.20291 0.301606 6.3295 0.190303 -0.0629841 -0 117.019 446 461800
1.19489 6.19295 0.168807 6.3295 0.190602 -0.0840222 -0 117.207 447 461800
1.19489 6.20291 0.301606 6.3295 0.190303 -0.0629841 -0.0707397 110.457 411 461800
1.19489 6.19295 0.168807 6.3295 0.190602 -0.0840222 -0.0707397 110.644 412 461800
1.09532 6.22126 0.301606 6.3295 0.174275 -0.0629841 -0.0707397 107.457 395 461800
2.15443 6.14144 0.289533 6.5213 0.337389 -0.0629841 0.0707397 107.457 395 461800
2.15443 6.13076 0.152711 6.5213 0.337933 -0.0840222 0.0707397 107.832 397 461800
1.74406 6.27034 0.289533 6.5213 0.271288 -0.0629841 0.0707397 113.644 428 461800
1.84665 6.24089 0.289533 6.5213 0.287687 -0.0629841 -0 119.457 459 461800
1.74406 6.27034 0.289533 6.5213 0.271288 -0.0629841 -0 121.332 469 461800
1.74406 6.25988 0.152711 6.5213 0.271719 -0.0840222 -0 119.269 458 461800
1.64147 6.29797 0.289533 6.5213 0.254962 -0.0629841 -0 118.707 455 461800
1.74406 6.27034 0.289533 6.5213 0.271288 -0.0629841 -0.0707397 114.582 433 461800
1.12851 6.40979 0.289533 6.5213 0.174275 -0.0629841 -0.0707397 107.457 395 461800
1.12851 6.39956 0.152711 6.5213 0.174548 -0.0840222 -0.0707397 108.207 399 461800
-1.37594 7.15746 0.7 7.28851 -0.189921 0 1.76849 118.269 442 461800
-1.37594 7.15583 0.547081 7.28851 -0.189964 -0.0209824 1.76849 116.207 431 461800
-1.4906 7.13446 0.7 7.28851 -0.205967 0 1.76849 116.207 431 461800
-1.37594 7.15746 0.7 7.28851 -0.189921 0 1.62701 116.019 430 461800
-1.37594 7.15583 0.852919 7.28851 -0.189964 0.0209824 1.62701 116.582 433 461800
-1.4906 7.0537 -0.370434 7.28851 -0.208258 -0.147399 1.62701 115.082 425 461800
-1.4906 7.13282 0.852919 7.28851 -0.206013 0.0209824 1.62701 115.832 429 461800
-1.4906 7.13282 0.852919 7.28851 -0.206013 0.0209824 1.41479 116.019 430 461800
-1.37594 7.15746 0.7 7.28851 -0.189921 0 1.55627 120.144 452 461800
-1.37594 7.15583 0.852919 7.28851 -0.189964 0.0209824 1.55627 121.269 458 461800
-1.4906 7.13446 0.7 7.28851 -0.205967 0 1.55627 117.894 440 461800
-1.4906 7.13282 0.852919 7.28851 -0.206013 0.0209824 1.55627 119.957 451 461800
-1.37594 7.15092 1.00584 7.28851 -0.190091 0.041974 1.34406 120.519 454 461800
-1.37594 7.15583 0.852919 7.28851 -0.189964 0.0209824 1.34406 119.957 451 461800
-1.4906 7.1279 1.00584 7.28851 -0.206151 0.041974 1.34406 123.519 470 461800
-1.4906 7.13282 0.852919 7.28851 -0.206013 0.0209824 1.34406 122.019 462 461800
-1.60526 7.10296 1.00584 7.28851 -0.222265 0.041974 1.34406 119.207 447 461800
-1.4906 7.10819 1.31168 7.28851 -0.206706 0.0840222 1.20258 120.144 452 461800
-1.4906 7.1197 1.15876 7.28851 -0.206382 0.0629841 1.20258 122.207 463 461800
-1.4906 7.1279 1.00584 7.28851 -0.206151 0.041974 1.20258 119.957 451 461800
-1.60526 7.09472 1.15876 7.28851 -0.222515 0.0629841 1.20258 120.144 452 461800
-1.60526 7.10296 1.00584 7.28851 -0.222265 0.041974 1.20258 120.144 452 461800
-1.37594 7.15092 1.00584 7.28851 -0.190091 0.041974 1.27332 123.894 472 461800
-1.37594 7.15583 0.852919 7.28851 -0.189964 0.0209824 1.27332 125.207 479 461800
-1.4906 7.1279 1.00584 7.28851 -0.206151 0.041974 1.27332 125.394 480 461800
-1.4906 7.13282 0.852919 7.28851 -0.206013 0.0209824 1.27332 125.582 481 461800
-1.4906 7.09337 1.4646 7.28851 -0.207126 0.105098 0.990356 119.957 451 461800
-1.4906 7.10819 1.31168 7.28851 -0.206706 0.0840222 0.990356 123.332 469 461800
-1.60526 7.08318 1.31168 7.28851 -0.222865 0.0840222 0.990356 119.582 449 461800
-1.4906 7.10819 1.31168 7.28851 -0.206706 0.0840222 1.13184 125.394 480 461800
-1.4906 7.1279 1.00584 7.28851 -0.206151 0.041974 1.13184 123.707 471 461800
-1.60526 7.08318 1.31168 7.28851 -0.222865 0.0840222 1.13184 122.394 464 461800
-1.37594 7.13127 1.31168 7.28851 -0.190602 0.0840222 1.0611 126.707 487 461800
-1.4906 7.09337 1.4646 7.28851 -0.207126 0.105098 1.0611 126.144 484 461800
-1.4906 7.10819 1.31168 7.28851 -0.206706 0.0840222 1.0611 131.957 515 461800
-1.4906 7.1197 1.15876 7.28851 -0.206382 0.0629841 1.0611 127.457 491 461800
-1.60526 7.08318 1.31168 7.28851 -0.222865 0.0840222 1.0611 128.207 495 461800
1.68975 6.49696 0.7 6.7131 0.254446 0 0.0707397 122.394 464 461800
1.79536 6.46857 0.7 6.7131 0.270736 0 -0 127.457 491 461800
1.68975 6.49696 0.7 6.7131 0.254446 0 -0 129.332 501 461800
1.68975 6.49544 0.559153 6.7131 0.254503 -0.0209824 -0 124.832 477 461800
1.68975 6.49544 0.840847 6.7131 0.254503 0.0209824 -0 125.207 479 461800
1.79536 6.46857 0.7 6.7131 0.270736 0 -0.0707397 120.519 454 461800
1.68975 6.49696 0.7 6.7131 0.254446 0 -0.0707397 122.394 464 461800
1.95528 6.60801 0.265388 6.90491 0.287687 -0.0629841 0.0707397 121.457 459 461800
1.84665 6.65339 0.7 6.90491 0.270736 0 0.0707397 122.582 465 461800
1.84665 6.63918 0.265388 6.90491 0.271288 -0.0629841 0.0707397 121.269 458 461800
1.73803 6.68259 0.7 6.90491 0.254446 0 0.0707397 123.707 471 461800
1.84665 6.65339 0.7 6.90491 0.270736 0 -0 130.644 508 461800
1.73803 6.68259 0.7 6.90491 0.254446 0 -0 131.957 515 461800
1.95528 6.60801 0.265388 6.90491 0.287687 -0.0629841 -0.0707397 122.394 464 461800
1.84665 6.65339 0.7 6.90491 0.270736 0 -0.0707397 124.082 473 461800
1.84665 6.63918 0.265388 6.90491 0.271288 -0.0629841 -0.0707397 121.644 460 461800
1.73803 6.68259 0.7 6.90491 0.254446 0 -0.0707397 125.394 480 461800
1.73803 6.68102 0.555129 6.90491 0.254503 -0.0209824 -0.0707397 121.644 460 461800
1.89795 6.8236 0.253315 7.09671 0.271288 -0.0629841 -0 122.207 463 461800
1.78631 6.85368 0.253315 7.09671 0.254962 -0.0629841 -0 122.394 464 461800
1.67466 6.88181 0.253315 7.09671 0.238706 -0.0629841 -0 124.644 476 461800
1.56302 6.90802 0.253315 7.09671 0.222515 -0.0629841 -0 123.707 471 461800
-1.37594 7.09841 1.61751 7.28851 -0.191463 0.12622 0.919617 115.269 426 461800
3.09586 6.58237 0.241243 7.28851 0.439628 -0.0629841 -0 110.957 403 461800
1.37594 7.14274 0.241243 7.28851 0.190303 -0.0629841 -0 119.207 447 461800
1.26128 7.16388 0.241243 7.28851 0.174275 -0.0629841 -0 113.394 416 461800
-1.14662 7.15703 1.4646 7.28851 -0.158858 0.105098 0.778137 110.957 403 461800
-1.14662 7.17172 1.31168 7.28851 -0.158538 0.0840222 0.778137 110.207 399 461800
-1.26128 7.13772 1.4646 7.28851 -0.1749 0.105098 0.778137 115.832 429 461800
-1.26128 7.15244 1.31168 7.28851 -0.174548 0.0840222 0.778137 115.082 425 461800
-1.41215 7.14007 -1.02638 7.48032 -0.195258 -0.232889 1.20258 119.144 436 461800
-1.52983 7.29525 1.32777 7.48032 -0.206706 0.0840222 1.20258 121.019 446 461800
-1.52983 7.30706 1.17083 7.48032 -0.206382 0.0629841 1.20258 120.832 445 461800
-1.6475 7.28143 1.17083 7.48032 -0.222515 0.0629841 1.20258 119.332 437 461800
-1.41215 7.3391 1.01389 7.48032 -0.190091 0.041974 1.34406 118.207 431 461800
-1.41215 7.34414 0.856943 7.48032 -0.189964 0.0209824 1.34406 117.082 425 461800
-1.52983 7.31548 1.01389 7.48032 -0.206151 0.041974 1.34406 120.644 444 461800
-1.41215 7.3391 1.01389 7.48032 -0.190091 0.041974 1.27332 117.269 426 461800
-1.41215 7.34414 0.856943 7.48032 -0.189964 0.0209824 1.27332 119.144 436 461800
-1.52983 7.31548 1.01389 7.48032 -0.206151 0.041974 1.27332 120.269 442 461800
-1.52983 7.32053 0.856943 7.48032 -0.206013 0.0209824 1.27332 118.207 431 461800
-1.56905 7.50823 0.860967 7.67212 -0.206013 0.0209824 1.27332 118.394 432 461800
-1.41215 7.14007 -1.02638 7.48032 -0.195258 -0.232889 1.13184 123.082 457 461800
-1.52983 7.29525 1.32777 7.48032 -0.206706 0.0840222 1.13184 125.332 469 461800
-1.41215 7.31894 1.32777 7.48032 -0.190602 0.0840222 1.0611 127.019 478 461800
-1.52983 7.29525 1.32777 7.48032 -0.206706 0.0840222 1.0611 131.519 502 461800
-1.52983 7.30706 1.17083 7.48032 -0.206382 0.0629841 1.0611 128.332 485 461800
-1.6475 7.26958 1.32777 7.48032 -0.222865 0.0840222 1.0611 127.207 479 461800
-1.41215 7.2632 1.7986 7.48032 -0.192029 0.147399 0.919617 126.457 475 461800
-1.41215 7.28521 1.64166 7.48032 -0.191463 0.12622 0.919617 128.144 484 461800
-1.52983 7.23933 1.7986 7.48032 -0.208258 0.147399 0.919617 125.894 472 461800
-1.52983 7.26141 1.64166 7.48032 -0.207642 0.12622 0.919617 127.582 481 461800
-1.44836 7.47201 1.6658 7.67212 -0.191463 0.12622 0.919617 118.207 431 461800
-1.56905 7.48231 1.34387 7.67212 -0.206706 0.0840222 1.0611 119.144 436 461800
-1.41215 7.2632 1.7986 7.48032 -0.192029 0.147399 0.848877 118.019 430 461800
-1.41215 7.28521 1.64166 7.48032 -0.191463 0.12622 0.848877 119.332 437 461800
-1.52983 7.23933 1.7986 7.48032 -0.208258 0.147399 0.848877 117.269 426 461800
-1.52983 7.26141 1.64166 7.48032 -0.207642 0.12622 0.848877 119.144 436 461800
-1.41215 7.28521 1.64166 7.48032 -0.191463 0.12622 0.990356 121.957 451 461800
-1.52983 7.26141 1.64166 7.48032 -0.207642 0.12622 0.990356 122.519 454 461800
-1.52983 7.29525 1.32777 7.48032 -0.206706 0.0840222 0.990356 123.832 461 461800
-1.68975 7.482 0.539033 7.67212 -0.222116 -0.0209824 0.707397 117.269 426 461800
-1.81044 7.45371 0.539033 7.67212 -0.238277 -0.0209824 0.707397 118.582 433 461800
-1.20696 7.54918 1.34387 7.67212 -0.158538 0.0840222 0.424438 112.957 403 461800
-1.20696 7.54918 1.34387 7.67212 -0.158538 0.0840222 0.353699 114.269 410 461800
-1.17679 7.36045 1.32777 7.48032 -0.158538 0.0840222 0.424438 112.207 399 461800
-1.17679 7.36045 1.32777 7.48032 -0.158538 0.0840222 0.353699 112.019 398 461800
-1.20696 7.54918 1.34387 7.67212 -0.158538 0.0840222 0.495178 112.207 399 461800
-1.44836 7.49106 -0.104837 7.67212 -0.190988 -0.105098 0.212219 118.207 431 461800
-1.56905 7.49442 0.217098 7.67212 -0.206382 -0.0629841 0.212219 117.644 428 461800
-1.56905 7.48231 0.0561301 7.67212 -0.206706 -0.0840222 0.212219 119.707 439 461800
-1.56905 7.46671 -0.104837 7.67212 -0.207126 -0.105098 0.212219 121.582 449 461800
-1.52983 7.28004 -0.0847164 7.48032 -0.207126 -0.105098 0.212219 117.644 428 461800
-1.6475 7.29495 0.543057 7.48032 -0.222116 -0.0209824 0.707397 118.394 432 461800
-1.76518 7.26737 0.543057 7.48032 -0.238277 -0.0209824 0.707397 119.519 438 461800
-1.76518 7.26228 0.386113 7.48032 -0.238438 -0.041974 0.707397 117.082 425 461800
1.76518 7.26228 0.386113 7.48032 0.238438 -0.041974 -0 124.394 464 461800
1.41215 7.33071 0.22917 7.48032 0.190303 -0.0629841 -0 119.707 439 461800
-1.52983 7.28004 -0.0847164 7.48032 -0.207126 -0.105098 0.141479 119.144 436 461800
-1.44836 7.5066 0.0561301 7.67212 -0.190602 -0.0840222 0.0707397 117.269 426 461800
-1.44836 7.49106 -0.104837 7.67212 -0.190988 -0.105098 0.0707397 119.707 439 461800
-1.56905 7.48231 0.0561301 7.67212 -0.206706 -0.0840222 0.0707397 120.269 442 461800
-1.56905 7.46671 -0.104837 7.67212 -0.207126 -0.105098 0.0707397 122.332 453 461800
-1.56905 7.4476 -0.265805 7.67212 -0.207642 -0.12622 0.0707397 118.207 431 461800
-1.44836 7.5066 0.0561301 7.67212 -0.190602 -0.0840222 -0 120.644 444 461800
-1.56905 7.49442 0.217098 7.67212 -0.206382 -0.0629841 -0 118.394 432 461800
-1.56905 7.48231 0.0561301 7.67212 -0.206706 -0.0840222 -0 121.394 448 461800
-1.44836 7.49106 -0.104837 7.67212 -0.190988 -0.105098 0.141479 120.832 445 461800
-1.56905 7.50306 0.378065 7.67212 -0.206151 -0.041974 0.141479 119.894 440 461800
-1.56905 7.49442 0.217098 7.67212 -0.206382 -0.0629841 0.141479 120.269 442 461800
-1.56905 7.48231 0.0561301 7.67212 -0.206706 -0.0840222 0.141479 121.207 447 461800
-1.56905 7.46671 -0.104837 7.67212 -0.207126 -0.105098 0.141479 124.019 462 461800
-1.56905 7.4476 -0.265805 7.67212 -0.207642 -0.12622 0.141479 120.082 441 461800
2.84542 7.32366 0.370017 7.86392 0.370574 -0.041974 0.0707397 110.332 389 461800
2.84542 7.31436 0.205025 7.86392 0.371003 -0.0629841 0.0707397 113.144 404 461800
2.47427 7.4481 0.205025 7.86392 0.320732 -0.0629841 0.0707397 114.644 412 461800
1.85571 7.64005 0.535008 7.86392 0.238277 -0.0209824 -0 126.269 474 461800
1.85571 7.63471 0.370017 7.86392 0.238438 -0.041974 -0 126.644 476 461800
1.73199 7.66904 0.535008 7.86392 0.222116 -0.0209824 -0 123.457 459 461800
1.73199 7.66372 0.370017 7.86392 0.222265 -0.041974 -0 124.019 462 461800
2.84542 7.31436 0.205025 7.86392 0.371003 -0.0629841 -0.0707397 112.394 400 461800
2.47427 7.4481 0.205025 7.86392 0.320732 -0.0629841 -0.0707397 114.644 412 461800
1.90097 7.8264 0.530984 8.05573 0.238277 -0.0209824 0.0707397 126.082 473 461800
1.90097 7.82092 0.361968 8.05573 0.238438 -0.041974 0.0707397 131.144 500 461800
1.90097 7.81178 0.192952 8.05573 0.238706 -0.0629841 0.0707397 128.144 484 461800
1.77424 7.85064 0.361968 8.05573 0.222265 -0.041974 0.0707397 127.582 481 461800
1.90097 7.8264 0.530984 8.05573 0.238277 -0.0209824 -0 133.582 513 461800
1.90097 7.82092 0.361968 8.05573 0.238438 -0.041974 -0 138.832 541 461800
1.90097 7.81178 0.192952 8.05573 0.238706 -0.0629841 -0 135.644 524 461800
1.77424 7.85064 0.361968 8.05573 0.222265 -0.041974 -0 135.269 522 461800
1.90097 7.8264 0.530984 8.05573 0.238277 -0.0209824 -0.0707397 126.644 476 461800
1.90097 7.82092 0.361968 8.05573 0.238438 -0.041974 -0.0707397 131.707 503 461800
1.90097 7.81178 0.192952 8.05573 0.238706 -0.0629841 -0.0707397 128.707 487 461800
1.77424 7.85064 0.361968 8.05573 0.222265 -0.041974 -0.0707397 128.332 485 461800
1.94623 8.00713 0.35392 8.24753 0.238438 -0.041974 0.0707397 123.707 455 461800
1.94623 8.00713 0.35392 8.24753 0.238438 -0.041974 -0 131.582 497 461800
1.94623 7.99778 0.18088 8.24753 0.238706 -0.0629841 -0 130.082 489 461800
1.81648 8.03756 0.35392 8.24753 0.222265 -0.041974 -0 128.207 479 461800
1.94623 8.00713 0.35392 8.24753 0.238438 -0.041974 -0.0707397 125.394 464 461800
1.94623 7.99778 0.18088 8.24753 0.238706 -0.0629841 -0.0707397 123.894 456 461800
1.99149 8.19334 0.345872 8.43933 0.238438 -0.041974 -0 124.832 461 461800
1.32766 8.32672 0.345872 8.43933 0.158115 -0.041974 -0 117.144 420 461800
1.32766 8.3173 0.168807 8.43933 0.158291 -0.0629841 -0 116.207 415 461800
1.6294 8.4682 0.337823 8.63113 0.190091 -0.041974 -0 121.644 444 461800
4.68 7.69546 0.321726 9.01474 0.546391 -0.041974 -0 115.957 403 461800
3.12 8.44914 0.321726 9.01474 0.353736 -0.041974 -0 117.082 409 461800
2.97818 8.50017 0.321726 9.01474 0.337002 -0.041974 -0 118.019 414 461800
4.77957 7.85919 0.313678 9.20654 0.546391 -0.041974 -0 115.582 401 461800
3.76573 8.39229 0.313678 9.20654 0.421783 -0.041974 -0 117.269 410 461800
3.62089 8.45579 0.313678 9.20654 0.40459 -0.041974 -0 120.082 425 461800
3.62089 8.44475 0.120517 9.20654 0.405063 -0.0629841 -0 116.332 405 461800
3.47605 8.51635 0.313678 9.20654 0.387523 -0.041974 -0 116.332 405 461800
3.8472 8.9913 0.494766 9.78195 0.404307 -0.0209824 -0 119.582 417 461800
3.8472 8.98427 0.289533 9.78195 0.40459 -0.041974 -0 120.894 424 461800
3.69331 9.0556 0.494766 9.78195 0.387253 -0.0209824 -0 118.269 410 461800
3.69331 9.04862 0.289533 9.78195 0.387523 -0.041974 -0 119.394 416 461800
-1.72596 9.82328 0.7 9.97375 -0.173925 0 -0 114.144 388 461800
-1.72596 9.82105 0.490742 9.97375 -0.173964 -0.0209824 -0 116.394 400 461800
-1.88286 9.79218 0.490742 9.97375 -0.189964 -0.0209824 -0 114.894 392 461800
-2.03977 9.7607 0.490742 9.97375 -0.206013 -0.0209824 -0 119.019 414 461800
-2.03977 9.75397 0.281485 9.97375 -0.206151 -0.041974 -0 114.707 391 461800
-2.19667 9.72659 0.490742 9.97375 -0.222116 -0.0209824 -0 115.269 394 461800
-2.3234 10.2806 0.257339 10.5492 -0.222265 -0.041974 -0 121.519 422 461800
-2.48936 10.2417 0.257339 10.5492 -0.238438 -0.041974 -0 121.519 422 461800
8.13192 6.71624 0.47867 10.5492 0.880455 -0.0209824 -0 121.332 421 461800
8.13192 6.70529 0.257339 10.5492 0.881256 -0.041974 -0 124.144 436 461800
8.13192 6.70529 0.257339 10.5492 0.881256 -0.041974 -0.0707397 117.394 400 461800
6.05292 9.55856 0.462573 11.3164 0.564507 -0.0209824 0.0707397 123.644 428 461800
6.05292 9.54971 0.225146 11.3164 0.564926 -0.041974 0.0707397 124.957 435 461800
6.05292 9.55856 0.462573 11.3164 0.564507 -0.0209824 -0 131.332 469 461800
6.05292 9.54971 0.225146 11.3164 0.564926 -0.041974 -0 132.457 475 461800
6.23095 9.44348 0.462573 11.3164 0.583244 -0.0209824 -0.0707397 118.957 403 461800
6.05292 9.55856 0.462573 11.3164 0.564507 -0.0209824 -0.0707397 124.394 432 461800
6.05292 9.54971 0.225146 11.3164 0.564926 -0.041974 -0.0707397 125.332 437 461800
6.15551 9.72057 0.458549 11.5082 0.564507 -0.0209824 -0 120.644 412 461800
6.15551 9.71157 0.217098 11.5082 0.564926 -0.041974 -0 121.957 419 461800
5.97447 9.53489 3.11451 11.5082 0.559742 0.211379 -0 121.394 416 461800
5.97447 9.59279 2.87306 11.5082 0.557021 0.189968 -0 123.832 429 461800
1.39404 12.5708 0.168807 12.659 0.110444 -0.041974 -0 120.707 407 461800
6.15551 11.4954 0.426355 13.0426 0.491624 -0.0209824 -0 139.519 502 461800
5.95033 11.6029 0.426355 13.0426 0.473858 -0.0209824 -0 137.832 493 461800
6.24604 11.6645 0.422331 13.2344 0.491624 -0.0209824 -0 143.644 524 461800
6.24604 11.6545 0.144662 13.2344 0.491978 -0.041974 -0 140.457 507 461800
6.03783 11.7736 0.422331 13.2344 0.473858 -0.0209824 -0 141.582 513 461800
6.03783 11.7637 0.144662 13.2344 0.474198 -0.041974 -0 138.394 496 461800
6.33656 11.8335 0.418307 13.4262 0.491624 -0.0209824 0.0707397 145.332 533 461800
6.33656 11.8234 0.136614 13.4262 0.491978 -0.041974 0.0707397 141.582 513 461800
6.12534 11.9442 0.418307 13.4262 0.473858 -0.0209824 0.0707397 143.457 523 461800
6.33656 11.8335 0.418307 13.4262 0.491624 -0.0209824 -0 153.207 575 461800
6.33656 11.8234 0.136614 13.4262 0.491978 -0.041974 -0 149.269 554 461800
6.12534 11.9442 0.418307 13.4262 0.473858 -0.0209824 -0 151.144 564 461800
6.33656 11.8335 0.418307 13.4262 0.491624 -0.0209824 -0.0707397 146.269 538 461800
6.33656 11.8234 0.136614 13.4262 0.491978 -0.041974 -0.0707397 142.519 518 461800
6.12534 11.9442 0.418307 13.4262 0.473858 -0.0209824 -0.0707397 144.207 527 461800
6.42708 12.0026 0.414283 13.618 0.491624 -0.0209824 -0 141.082 505 461800
6.42708 11.8382 2.70002 13.618 0.497384 0.147399 -0 139.207 495 461800
6.21284 12.1148 0.414283 13.618 0.473858 -0.0209824 -0 138.832 493 461800
6.21284 11.9007 2.98574 13.618 0.481138 0.168645 -0 137.894 488 461800
6.21284 11.952 2.70002 13.618 0.479374 0.147399 -0 142.019 510 461800
6.5176 12.1716 0.410259 13.8098 0.491624 -0.0209824 -0 138.269 490 461800
6.30035 12.2855 0.410259 13.8098 0.473858 -0.0209824 -0 137.332 485 461800
6.1193 13.6519 0.7 14.9606 0.421388 0 -0 131.582 449 461800
-7.15126 13.2981 -0.571643 15.1524 -0.493402 -0.0840222 -0 126.394 416 461800
-7.38963 13.2284 0.7 15.1524 -0.509437 0 -0 128.457 427 461800
-7.38963 13.2245 0.382089 15.1524 -0.50956 -0.0209824 -0 128.832 429 461800
-7.38963 13.1939 -0.253732 15.1524 -0.510548 -0.0629841 -0 126.019 414 461800
-7.38963 13.1671 -0.571643 15.1524 -0.511416 -0.0840222 -0 130.332 437 461800
6.82538 15.2271 0.7 16.6869 0.421388 0 0.0707397 145.394 512 461800
6.56286 15.3421 0.7 16.6869 0.404213 0 0.0707397 149.519 534 461800
6.56286 15.3381 1.0501 16.6869 0.404307 0.0209824 0.0707397 149.332 533 461800
6.82538 15.2271 0.7 16.6869 0.421388 0 -0 152.894 552 461800
6.56286 15.3421 0.7 16.6869 0.404213 0 -0 156.832 573 461800
6.56286 15.3381 1.0501 16.6869 0.404307 0.0209824 -0 156.832 573 461800
6.82538 15.2271 0.7 16.6869 0.421388 0 -0.0707397 145.582 513 461800
6.56286 15.3421 0.7 16.6869 0.404213 0 -0.0707397 149.707 535 461800
6.56286 15.3381 1.0501 16.6869 0.404307 0.0209824 -0.0707397 149.707 535 461800
6.6383 15.5184 0.7 16.8787 0.404213 0 0.0707397 149.519 534 461800
6.6383 15.5144 1.05413 16.8787 0.404307 0.0209824 0.0707397 149.144 532 461800
6.6383 15.5184 0.7 16.8787 0.404213 0 -0 157.394 576 461800
6.6383 15.5144 1.05413 16.8787 0.404307 0.0209824 -0 157.207 575 461800
6.6383 15.5184 0.7 16.8787 0.404213 0 -0.0707397 150.644 540 461800
6.6383 15.5144 1.05413 16.8787 0.404307 0.0209824 -0.0707397 150.269 538 461800
-7.3323 15.6276 0.7 17.2623 -0.438696 0 -0 130.582 433 461800
-7.3323 15.6234 0.337823 17.2623 -0.438799 -0.0209824 -0 135.269 458 461800
-7.3323 15.6108 -0.0243536 17.2623 -0.439109 -0.041974 -0 132.082 441 461800
-7.60387 15.4931 0.337823 17.2623 -0.456253 -0.0209824 -0 132.832 445 461800
6.73486 16.5174 0.7 17.8377 0.387164 0 0.0707397 148.269 522 461800
6.73486 16.5132 0.325751 17.8377 0.387253 -0.0209824 0.0707397 148.644 524 461800
6.45424 16.6291 0.7 17.8377 0.370232 0 0.0707397 145.644 508 461800
6.45424 16.6248 0.325751 17.8377 0.370317 -0.0209824 0.0707397 146.019 510 461800
6.73486 16.5174 0.7 17.8377 0.387164 0 -0 155.957 563 461800
6.73486 16.5132 0.325751 17.8377 0.387253 -0.0209824 -0 156.144 564 461800
6.45424 16.6291 0.7 17.8377 0.370232 0 -0 152.957 547 461800
6.45424 16.6248 0.325751 17.8377 0.370317 -0.0209824 -0 153.332 549 461800
6.73486 16.5174 0.7 17.8377 0.387164 0 -0.0707397 148.644 524 461800
6.73486 16.5132 0.325751 17.8377 0.387253 -0.0209824 -0.0707397 149.019 526 461800
6.45424 16.6291 0.7 17.8377 0.370232 0 -0.0707397 145.644 508 461800
6.45424 16.6248 0.325751 17.8377 0.370317 -0.0209824 -0.0707397 146.019 510 461800
6.80727 16.695 0.7 18.0295 0.387164 0 0.0707397 142.082 489 461800
6.80727 16.6907 0.321726 18.0295 0.387253 -0.0209824 0.0707397 142.457 491 461800
6.80727 16.695 0.7 18.0295 0.387164 0 -0 150.144 532 461800
6.80727 16.6907 0.321726 18.0295 0.387253 -0.0209824 -0 150.519 534 461800
6.52364 16.8079 0.7 18.0295 0.370232 0 -0 147.144 516 461800
6.52364 16.8036 0.321726 18.0295 0.370317 -0.0209824 -0 147.332 517 461800
6.80727 16.695 0.7 18.0295 0.387164 0 -0.0707397 143.957 499 461800
6.80727 16.6907 0.321726 18.0295 0.387253 -0.0209824 -0.0707397 144.519 502 461800
6.87969 16.8726 0.7 18.2213 0.387164 0 -0 146.457 507 461800
6.87969 16.8683 0.317702 18.2213 0.387253 -0.0209824 -0 145.519 502 461800
6.59304 16.9867 0.7 18.2213 0.370232 0 -0 146.269 506 461800
6.59304 16.9824 0.317702 18.2213 0.370317 -0.0209824 -0 145.519 502 461800
3.04758 19.1309 0.7 19.3721 0.157974 0 0.0707397 137.519 454 461800
2.74282 19.1769 0.7 19.3721 0.142064 0 0.0707397 138.457 459 461800
6.46329 18.4654 0.7 19.5639 0.336693 0 -0 152.894 536 461800
6.46329 18.4609 0.289533 19.5639 0.336771 -0.0209824 -0 152.332 533 461800
6.15551 18.5703 0.7 19.5639 0.320073 0 -0 152.144 532 461800
6.15551 18.5658 0.289533 19.5639 0.320146 -0.0209824 -0 151.207 527 461800
7.14824 18.1871 3.60144 19.7557 0.37449 0.147399 -0 143.519 486 461800
5.90507 18.8525 0.7 19.7557 0.303544 0 -0 151.207 527 461800
6.27621 18.9344 0.7 19.9475 0.320073 0 0.0707397 159.457 571 461800
6.27621 18.9298 0.281485 19.9475 0.320146 -0.0209824 0.0707397 155.332 549 461800
6.27621 18.9298 1.11852 19.9475 0.320146 0.0209824 0.0707397 155.519 550 461800
5.9624 19.0356 0.7 19.9475 0.303544 0 0.0707397 158.894 568 461800
6.27621 18.9344 0.7 19.9475 0.320073 0 -0 166.957 611 461800
6.27621 18.9298 0.281485 19.9475 0.320146 -0.0209824 -0 163.019 590 461800
6.27621 18.9298 1.11852 19.9475 0.320146 0.0209824 -0 163.019 590 461800
5.9624 19.0356 0.7 19.9475 0.303544 0 -0 166.207 607 461800
6.27621 18.9344 0.7 19.9475 0.320073 0 -0.0707397 160.019 574 461800
6.27621 18.9298 0.281485 19.9475 0.320146 -0.0209824 -0.0707397 156.082 553 461800
6.27621 18.9298 1.11852 19.9475 0.320146 0.0209824 -0.0707397 155.894 552 461800
5.9624 19.0356 0.7 19.9475 0.303544 0 -0.0707397 159.269 570 461800
6.33656 19.1165 0.7 20.1393 0.320073 0 0.0707397 152.894 536 461800
6.01973 19.2186 0.7 20.1393 0.303544 0 0.0707397 151.582 529 461800
6.33656 19.1165 0.7 20.1393 0.320073 0 -0 161.144 580 461800
6.33656 19.1118 0.27746 20.1393 0.320146 -0.0209824 -0 156.832 557 461800
6.33656 19.1118 1.12254 20.1393 0.320146 0.0209824 -0 157.394 560 461800
6.01973 19.2186 0.7 20.1393 0.303544 0 -0 160.582 577 461800
6.01973 19.214 0.27746 20.1393 0.303613 -0.0209824 -0 156.644 556 461800
6.33656 19.1165 0.7 20.1393 0.320073 0 -0.0707397 154.582 545 461800
6.01973 19.2186 0.7 20.1393 0.303544 0 -0.0707397 154.582 545 461800
6.39691 19.2985 0.7 20.3311 0.320073 0 -0 152.707 535 461800
6.07706 19.4016 0.7 20.3311 0.303544 0 -0 151.582 529 461800
1.93718 20.4268 1.13059 20.5229 0.0945525 0.0209824 -0 147.519 502 461800
1.61431 20.4548 1.13059 20.5229 0.0787578 0.0209824 -0 148.832 509 461800
1.29145 20.4822 0.7 20.5229 0.0629689 0 -0 151.269 522 461800
1.29145 20.4777 1.13059 20.5229 0.0629827 0.0209824 -0 150.144 516 461800
0.968588 20.5 0.7 20.5229 0.047213 0 -0 148.457 507 461800
1.95528 20.6222 0.7 20.7147 0.0945316 0 0.0707397 152.019 526 461800
1.95528 20.6177 1.13461 20.7147 0.0945525 0.0209824 0.0707397 154.832 541 461800
1.6294 20.6505 0.7 20.7147 0.0787404 0 0.0707397 152.957 531 461800
1.6294 20.646 1.13461 20.7147 0.0787578 0.0209824 0.0707397 155.019 542 461800
1.95528 20.6177 1.13461 20.7147 0.0945525 0.0209824 -0 161.957 579 461800
1.6294 20.6505 0.7 20.7147 0.0787404 0 -0 159.707 567 461800
1.6294 20.646 1.13461 20.7147 0.0787578 0.0209824 -0 161.957 579 461800
1.95528 20.6222 0.7 20.7147 0.0945316 0 -0.0707397 151.082 521 461800
1.95528 20.6177 1.13461 20.7147 0.0945525 0.0209824 -0.0707397 154.269 538 461800
1.6294 20.6505 0.7 20.7147 0.0787404 0 -0.0707397 152.207 527 461800
1.6294 20.646 1.13461 20.7147 0.0787578 0.0209824 -0.0707397 154.457 539 461800
4.93346 20.3161 0.7 20.9065 0.238224 0 0.0707397 146.957 499 461800
4.93346 20.3114 1.13864 20.9065 0.238277 0.0209824 0.0707397 148.269 506 461800
4.60457 20.3743 1.57727 20.9065 0.222265 0.041974 0.0707397 145.644 492 461800
4.60457 20.3884 1.13864 20.9065 0.222116 0.0209824 0.0707397 146.582 497 461800
4.93346 20.3114 1.13864 20.9065 0.238277 0.0209824 -0 156.144 548 461800
4.93346 20.3161 0.7 20.9065 0.238224 0 -0.0707397 148.082 505 461800
4.93346 20.3114 1.13864 20.9065 0.238277 0.0209824 -0.0707397 149.957 515 461800
4.60457 20.3743 1.57727 20.9065 0.222265 0.041974 -0.0707397 147.144 500 461800
4.60457 20.3884 1.13864 20.9065 0.222116 0.0209824 -0.0707397 148.457 507 461800
1.64449 20.8417 0.7 20.9065 0.0787404 0 -0.0707397 147.707 503 461800
1.64449 20.8371 1.13864 20.9065 0.0787578 0.0209824 -0.0707397 148.269 506 461800
1.99149 21.0041 0.7 21.0983 0.0945316 0 -0 147.144 500 461800
1.99149 20.9995 1.14266 21.0983 0.0945525 0.0209824 -0 151.457 523 461800
1.65957 21.0283 1.14266 21.0983 0.0787578 0.0209824 -0 151.082 521 461800
3.68426 20.9499 1.59337 21.2901 0.17408 0.041974 -0 144.894 488 461800
3.68426 20.9642 1.14668 21.2901 0.173964 0.0209824 -0 143.957 483 461800
1.67466 21.2242 0.7 21.2901 0.0787404 0 -0 145.457 491 461800
1.67466 21.2195 1.14668 21.2901 0.0787578 0.0209824 -0 145.457 491 461800
3.71745 21.153 1.15071 21.4819 0.173964 0.0209824 0.0707397 147.894 504 461800
1.3518 21.4394 0.7 21.4819 0.0629689 0 0.0707397 150.519 518 461800
1.3518 21.4346 0.249291 21.4819 0.0629827 -0.0209824 0.0707397 147.707 503 461800
1.3518 21.4346 1.15071 21.4819 0.0629827 0.0209824 0.0707397 149.019 510 461800
1.01385 21.458 0.7 21.4819 0.047213 0 0.0707397 147.519 502 461800
1.3518 21.4394 0.7 21.4819 0.0629689 0 -0 158.207 559 461800
1.3518 21.4346 1.15071 21.4819 0.0629827 0.0209824 -0 156.519 550 461800
3.71745 21.153 1.15071 21.4819 0.173964 0.0209824 -0.0707397 148.832 509 461800
1.3518 21.4394 0.7 21.4819 0.0629689 0 -0.0707397 151.082 521 461800
1.3518 21.4346 0.249291 21.4819 0.0629827 -0.0209824 -0.0707397 148.269 506 461800
1.3518 21.4346 1.15071 21.4819 0.0629827 0.0209824 -0.0707397 149.582 513 461800
1.01385 21.458 0.7 21.4819 0.047213 0 -0.0707397 148.082 505 461800
1.36387 21.6308 0.7 21.6737 0.0629689 0 0.0707397 145.457 491 461800
1.36387 21.6308 0.7 21.6737 0.0629689 0 -0 153.707 535 461800
1.36387 21.6308 0.7 21.6737 0.0629689 0 -0.0707397 147.332 501 461800
5.15977 21.2431 1.15876 21.8655 0.238277 0.0209824 0.0707397 149.207 511 461800
4.81578 21.3089 1.61751 21.8655 0.222265 0.041974 0.0707397 149.019 510 461800
4.81578 21.3237 1.15876 21.8655 0.222116 0.0209824 0.0707397 154.082 537 461800
4.4718 21.3985 1.15876 21.8655 0.206013 0.0209824 0.0707397 149.582 513 461800
5.15977 21.2431 1.15876 21.8655 0.238277 0.0209824 -0 156.332 549 461800
4.81578 21.3089 1.61751 21.8655 0.222265 0.041974 -0 156.332 549 461800
4.81578 21.3237 1.15876 21.8655 0.222116 0.0209824 -0 161.394 576 461800
4.4718 21.3985 1.15876 21.8655 0.206013 0.0209824 -0 156.707 551 461800
5.15977 21.2431 1.15876 21.8655 0.238277 0.0209824 -0.0707397 148.644 508 461800
4.81578 21.3089 1.61751 21.8655 0.222265 0.041974 -0.0707397 149.207 511 461800
4.81578 21.3237 1.15876 21.8655 0.222116 0.0209824 -0.0707397 154.082 537 461800
4.4718 21.3985 1.15876 21.8655 0.206013 0.0209824 -0.0707397 149.582 513 461800
4.85803 21.5107 1.16278 22.0573 0.222116 0.0209824 0.0707397 149.269 506 461800
5.20503 21.4294 1.16278 22.0573 0.238277 0.0209824 -0 153.207 527 461800
4.85803 21.4958 1.62556 22.0573 0.222265 0.041974 -0 151.519 518 461800
4.85803 21.5107 1.16278 22.0573 0.222116 0.0209824 -0 157.519 550 461800
4.51103 21.5862 1.16278 22.0573 0.206013 0.0209824 -0 152.269 522 461800
5.20503 21.4294 1.16278 22.0573 0.238277 0.0209824 -0.0707397 146.832 493 461800
4.85803 21.5107 1.16278 22.0573 0.222116 0.0209824 -0.0707397 151.332 517 461800
4.51103 21.5862 1.16278 22.0573 0.206013 0.0209824 -0.0707397 146.082 489 461800
8.05045 20.7206 1.63361 22.2491 0.370574 0.041974 -0 141.394 464 461800
8.05045 20.7364 1.16681 22.2491 0.370317 0.0209824 -0 142.519 470 461800
4.90027 21.6978 1.16681 22.2491 0.222116 0.0209824 -0 147.019 494 461800
2.80015 22.0722 0.7 22.2491 0.126189 0 -0 142.144 468 461800
2.80015 22.0673 1.16681 22.2491 0.126217 0.0209824 -0 141.957 467 461800
8.05045 20.7206 1.63361 22.2491 0.370574 0.041974 -0.0707397 136.519 438 461800
8.05045 20.7364 1.16681 22.2491 0.370317 0.0209824 -0.0707397 137.082 441 461800
1.79536 22.7538 0.7 22.8246 0.0787404 0 0.0707397 152.707 519 461800
1.43629 22.7793 0.7 22.8246 0.0629689 0 0.0707397 155.144 532 461800
1.43629 22.7743 1.17888 22.8246 0.0629827 0.0209824 0.0707397 151.019 510 461800
1.07721 22.7991 0.7 22.8246 0.047213 0 0.0707397 152.332 517 461800
1.79536 22.7538 0.7 22.8246 0.0787404 0 -0 160.019 558 461800
1.43629 22.7793 0.7 22.8246 0.0629689 0 -0 162.082 569 461800
1.43629 22.7743 1.17888 22.8246 0.0629827 0.0209824 -0 158.144 548 461800
1.07721 22.7991 0.7 22.8246 0.047213 0 -0 159.457 555 461800
1.79536 22.7538 0.7 22.8246 0.0787404 0 -0.0707397 152.707 519 461800
1.43629 22.7793 0.7 22.8246 0.0629689 0 -0.0707397 154.582 529 461800
1.43629 22.7743 1.17888 22.8246 0.0629827 0.0209824 -0.0707397 150.644 508 461800
1.07721 22.7991 0.7 22.8246 0.047213 0 -0.0707397 152.144 516 461800
1.81044 22.945 0.7 23.0164 0.0787404 0 0.0707397 151.957 515 461800
1.44836 22.9707 0.7 23.0164 0.0629689 0 0.0707397 155.332 533 461800
1.44836 22.9657 1.1829 23.0164 0.0629827 0.0209824 0.0707397 151.957 515 461800
1.08627 22.9907 0.7 23.0164 0.047213 0 0.0707397 153.644 524 461800
1.08627 22.9856 1.1829 23.0164 0.0472234 0.0209824 0.0707397 150.832 509 461800
1.81044 22.945 0.7 23.0164 0.0787404 0 -0 159.644 556 461800
1.44836 22.9707 0.7 23.0164 0.0629689 0 -0 163.207 575 461800
1.44836 22.9657 1.1829 23.0164 0.0629827 0.0209824 -0 159.644 556 461800
1.08627 22.9907 0.7 23.0164 0.047213 0 -0 161.519 566 461800
1.81044 22.945 0.7 23.0164 0.0787404 0 -0.0707397 152.894 520 461800
1.44836 22.9707 0.7 23.0164 0.0629689 0 -0.0707397 156.269 538 461800
1.44836 22.9657 1.1829 23.0164 0.0629827 0.0209824 -0.0707397 152.519 518 461800
1.08627 22.9907 0.7 23.0164 0.047213 0 -0.0707397 154.582 529 461800
1.08627 22.9856 1.1829 23.0164 0.0472234 0.0209824 -0.0707397 151.957 515 461800
-14.4745 18.6295 0.7 23.5918 -0.660537 0 0.0707397 133.207 415 461800
-14.4745 18.623 0.205025 23.5918 -0.660708 -0.0209824 0.0707397 133.957 419 461800
-14.8456 18.3352 0.7 23.5918 -0.680617 0 0.0707397 138.644 444 461800
-14.8456 18.3285 0.205025 23.5918 -0.680795 -0.0209824 0.0707397 136.957 435 461800
-15.2168 18.0283 0.7 23.5918 -0.701029 0 0.0707397 135.082 425 461800
-14.8456 18.3352 0.7 23.5918 -0.680617 0 -0 145.207 479 461800
-14.8456 18.3285 0.205025 23.5918 -0.680795 -0.0209824 -0 143.519 470 461800
-13.7322 19.1833 0.7 23.5918 -0.621281 0 -0.0707397 133.394 416 461800
-13.7322 19.1769 1.19497 23.5918 -0.621438 0.0209824 -0.0707397 133.582 417 461800
-14.1034 18.9056 1.19497 23.5918 -0.640929 0.0209824 -0.0707397 133.207 415 461800
-14.8456 18.3352 0.7 23.5918 -0.680617 0 -0.0707397 137.707 439 461800
-14.8456 18.3285 0.205025 23.5918 -0.680795 -0.0209824 -0.0707397 135.832 429 461800
-15.2168 18.0283 0.7 23.5918 -0.701029 0 -0.0707397 134.707 423 461800
-14.5922 18.781 0.7 23.7836 -0.660537 0 0.0707397 139.019 446 461800
-14.5922 18.7744 0.201001 23.7836 -0.660708 -0.0209824 0.0707397 135.082 425 461800
-14.5922 18.7744 1.199 23.7836 -0.660708 0.0209824 0.0707397 135.269 426 461800
-14.9663 18.4842 0.7 23.7836 -0.680617 0 0.0707397 139.394 448 461800
-14.9663 18.4775 0.201001 23.7836 -0.680795 -0.0209824 0.0707397 136.957 435 461800
-14.9663 18.4775 1.199 23.7836 -0.680795 0.0209824 0.0707397 135.082 425 461800
-14.5922 18.781 0.7 23.7836 -0.660537 0 -0 145.957 483 461800
-14.9663 18.4842 0.7 23.7836 -0.680617 0 -0 146.707 487 461800
-14.9663 18.4775 0.201001 23.7836 -0.680795 -0.0209824 -0 144.269 474 461800
-14.5922 18.781 0.7 23.7836 -0.660537 0 -0.0707397 138.644 444 461800
-14.9663 18.4842 0.7 23.7836 -0.680617 0 -0.0707397 140.144 452 461800
-14.9663 18.4775 0.201001 23.7836 -0.680795 -0.0209824 -0.0707397 137.332 437 461800
1.52077 24.1193 0.7 24.1672 0.0629689 0 0.0707397 148.582 497 461800
1.52077 24.1139 1.20705 24.1672 0.0629827 0.0209824 0.0707397 146.519 486 461800
1.14058 24.1402 0.7 24.1672 0.047213 0 0.0707397 148.957 499 461800
1.14058 24.1349 1.20705 24.1672 0.0472234 0.0209824 0.0707397 146.894 488 461800
1.52077 24.1193 0.7 24.1672 0.0629689 0 -0 155.707 535 461800
1.52077 24.1139 1.20705 24.1672 0.0629827 0.0209824 -0 154.019 526 461800
1.14058 24.1402 0.7 24.1672 0.047213 0 -0 156.082 537 461800
1.14058 24.1349 1.20705 24.1672 0.0472234 0.0209824 -0 154.394 528 461800
1.52077 24.1193 0.7 24.1672 0.0629689 0 -0.0707397 148.207 495 461800
1.52077 24.1139 1.20705 24.1672 0.0629827 0.0209824 -0.0707397 146.332 485 461800
1.14058 24.1402 0.7 24.1672 0.047213 0 -0.0707397 148.394 496 461800
1.14058 24.1349 1.20705 24.1672 0.0472234 0.0209824 -0.0707397 146.894 488 461800
1.53284 24.3107 0.7 24.359 0.0629689 0 0.0707397 149.957 499 461800
1.53284 24.3053 1.21107 24.359 0.0629827 0.0209824 0.0707397 148.644 492 461800
1.14963 24.3318 0.7 24.359 0.047213 0 0.0707397 149.957 499 461800
1.14963 24.3265 1.21107 24.359 0.0472234 0.0209824 0.0707397 148.457 491 461800
1.53284 24.3107 0.7 24.359 0.0629689 0 -0 157.644 540 461800
1.53284 24.3053 1.21107 24.359 0.0629827 0.0209824 -0 156.519 534 461800
1.14963 24.3318 0.7 24.359 0.047213 0 -0 158.019 542 461800
1.14963 24.3265 1.21107 24.359 0.0472234 0.0209824 -0 156.519 534 461800
1.53284 24.3107 0.7 24.359 0.0629689 0 -0.0707397 150.894 504 461800
1.53284 24.3053 1.21107 24.359 0.0629827 0.0209824 -0.0707397 149.957 499 461800
1.14963 24.3318 0.7 24.359 0.047213 0 -0.0707397 151.457 507 461800
1.14963 24.3265 1.21107 24.359 0.0472234 0.0209824 -0.0707397 150.144 500 461800
10.0419 22.4031 0.7 24.5508 0.421388 0 -0 137.207 431 461800
9.65571 22.5723 0.7 24.5508 0.404213 0 -0 137.019 430 461800
5.79342 23.8519 1.2151 24.5508 0.238277 0.0209824 -0 138.144 436 461800
9.48673 23.2664 0.7 25.1262 0.387164 0 -0 134.207 415 461800
9.09145 23.4237 0.7 25.1262 0.370232 0 -0 134.957 419 461800
11.1523 22.7046 1.76239 25.318 0.456578 0.041974 -0 139.457 443 461800
11.1523 22.7232 1.23119 25.318 0.456253 0.0209824 -0 139.644 444 461800
10.754 22.8959 1.76239 25.318 0.439109 0.041974 -0 137.957 435 461800
10.754 22.9144 1.23119 25.318 0.438799 0.0209824 -0 138.144 436 461800
-16.7014 19.7872 0.7 25.8934 -0.701029 0 0.0707397 135.394 416 461800
-16.294 20.124 0.7 25.8934 -0.680617 0 -0 140.082 441 461800
-16.294 20.1166 0.156735 25.8934 -0.680795 -0.0209824 -0 138.019 430 461800
-16.7014 19.7872 0.7 25.8934 -0.701029 0 -0 142.332 453 461800
-16.7014 19.7797 0.156735 25.8934 -0.701215 -0.0209824 -0 140.457 443 461800
-16.7014 19.7797 1.24327 25.8934 -0.701215 0.0209824 -0 138.207 431 461800
-16.7014 19.7872 0.7 25.8934 -0.701029 0 -0.0707397 135.957 419 461800
-16.4147 20.273 0.7 26.0852 -0.680617 0 0.0707397 141.957 451 461800
-16.4147 20.2656 0.152711 26.0852 -0.680795 -0.0209824 0.0707397 139.332 437 461800
-16.8251 19.9338 0.7 26.0852 -0.701029 0 0.0707397 142.332 453 461800
-16.8251 19.9263 0.152711 26.0852 -0.701215 -0.0209824 0.0707397 140.269 442 461800
-16.4147 20.273 0.7 26.0852 -0.680617 0 -0 149.644 492 461800
-16.4147 20.2656 0.152711 26.0852 -0.680795 -0.0209824 -0 147.207 479 461800
-16.8251 19.9338 0.7 26.0852 -0.701029 0 -0 150.207 495 461800
-16.8251 19.9263 0.152711 26.0852 -0.701215 -0.0209824 -0 148.144 484 461800
-16.4147 20.273 0.7 26.0852 -0.680617 0 -0.0707397 142.894 456 461800
-16.4147 20.2656 0.152711 26.0852 -0.680795 -0.0209824 -0.0707397 140.457 443 461800
-16.8251 19.9338 0.7 26.0852 -0.701029 0 -0.0707397 143.269 458 461800
-16.8251 19.9263 0.152711 26.0852 -0.701215 -0.0209824 -0.0707397 141.394 448 461800
6.71072 25.583 4.05617 26.6606 0.256532 0.12622 -0 136.332 421 461800
6.2913 25.6894 4.05617 26.6606 0.240172 0.12622 -0 138.394 432 461800
6.2913 25.8835 1.81872 26.6606 0.238438 0.041974 -0 135.957 419 461800
6.75899 25.8347 3.51693 26.8524 0.255889 0.105098 -0 141.957 451 461800
6.33656 25.9416 3.51693 26.8524 0.239572 0.105098 -0 142.707 455 461800
6.75899 25.8347 3.51693 26.8524 0.255889 0.105098 -0.0707397 135.019 414 461800
6.33656 25.9416 3.51693 26.8524 0.239572 0.105098 -0.0707397 136.332 421 461800
-15.5336 22.6051 0.7 27.4278 -0.602065 0 -0 134.707 407 461800
-15.9651 22.3025 0.7 27.4278 -0.621281 0 -0 137.707 423 461800
-15.9651 22.2951 0.124541 27.4278 -0.621438 -0.0209824 -0 134.894 408 461800
-16.3966 21.9872 0.7 27.4278 -0.640765 0 -0 136.957 419 461800
-16.3966 21.9797 0.124541 27.4278 -0.640929 -0.0209824 -0 134.707 407 461800
10.8627 25.3938 0.7 27.6196 0.404213 0 0.0707397 134.894 408 461800
10.4282 25.5753 0.7 27.6196 0.387164 0 0.0707397 137.332 421 461800
10.4282 25.5753 0.7 27.6196 0.387164 0 -0 143.332 453 461800
6.5176 26.8146 1.85897 27.6196 0.238438 0.041974 -0 143.707 455 461800
6.5176 26.8334 1.27948 27.6196 0.238277 0.0209824 -0 143.332 453 461800
6.0831 26.9165 1.85897 27.6196 0.222265 0.041974 -0 142.957 451 461800
10.8627 25.3938 0.7 27.6196 0.404213 0 -0.0707397 135.269 410 461800
10.4282 25.5753 0.7 27.6196 0.387164 0 -0.0707397 136.019 414 461800
-16.4117 22.9263 0.7 28.195 -0.621281 0 -0 138.832 429 461800
11.089 25.9229 0.7 28.195 0.404213 0 -0 139.394 432 461800
10.6454 26.1081 0.7 28.195 0.387164 0 -0 140.707 439 461800
6.65339 26.1171 8.98178 28.195 0.249446 0.298128 -0 141.644 444 461800
6.20983 26.2261 8.98178 28.195 0.232498 0.298128 -0 140.894 440 461800
-16.0768 23.3955 0.7 28.3868 -0.602065 0 -0 140.332 437 461800
-16.5233 23.0823 0.7 28.3868 -0.621281 0 -0 140.519 438 461800
-19.6494 20.487 0.7 28.3868 -0.764533 0 -0 140.707 439 461800
-19.6494 20.4783 0.10442 28.3868 -0.764744 -0.0209824 -0 140.144 436 461800
-16.4026 23.8698 0.7 28.9622 -0.602065 0 -0 138.707 423 461800
2.73377 28.8329 0.7 28.9622 0.0945316 0 -0 135.894 408 461800
2.73377 28.8265 1.30765 28.9622 0.0945525 0.0209824 -0 137.394 416 461800
-16.0526 24.3366 0.7 29.1541 -0.583099 0 -0 145.832 461 461800
-16.0526 24.329 1.31168 29.1541 -0.583244 0.0209824 -0 143.394 448 461800
-16.5113 24.0278 0.7 29.1541 -0.602065 0 -0 141.707 439 461800
-16.5113 24.0201 1.31168 29.1541 -0.602216 0.0209824 -0 141.144 436 461800
-16.0526 24.3366 0.7 29.1541 -0.583099 0 -0.0707397 138.894 424 461800
-15.9017 25.1192 0.7 29.7295 -0.564368 0 -0 141.519 438 461800
-16.3694 24.817 0.7 29.7295 -0.583099 0 -0 143.207 447 461800
-16.3694 24.8091 0.076251 29.7295 -0.583244 -0.0209824 -0 141.332 437 461800
3.27389 29.5421 1.32375 29.7295 0.110371 0.0209824 -0 141.519 438 461800
8.9436 28.5534 0.7 29.9213 0.303544 0 -0 139.457 427 461800
3.29501 29.7327 1.32777 29.9213 0.110371 0.0209824 -0 140.019 430 461800
3.35838 30.3112 0.7 30.4967 0.110346 0 -0 141.207 431 461800
3.35838 30.3044 1.33985 30.4967 0.110371 0.0209824 -0 141.957 435 461800
2.87861 30.3605 0.7 30.4967 0.0945316 0 -0 142.144 436 461800
2.87861 30.3538 1.33985 30.4967 0.0945525 0.0209824 -0 143.832 445 461800
-7.24178 29.8148 0.0561301 30.6885 -0.238277 -0.0209824 0.0707397 137.082 409 461800
6.27621 30.0398 0.7 30.6885 0.205967 0 -0 153.582 497 461800
6.27621 30.0329 1.34387 30.6885 0.206013 0.0209824 -0 153.582 497 461800
5.79342 30.1367 0.7 30.6885 0.189921 0 -0 150.582 481 461800
5.79342 30.1298 1.34387 30.6885 0.189964 0.0209824 -0 150.957 483 461800
-7.24178 29.8148 0.0561301 30.6885 -0.238277 -0.0209824 -0.0707397 138.019 414 461800
6.84348 30.3091 0.7 31.0721 0.222066 0 0.0707397 155.269 506 461800
6.35466 30.4153 0.7 31.0721 0.205967 0 0.0707397 159.394 528 461800
6.35466 30.4083 1.35192 31.0721 0.206013 0.0209824 0.0707397 159.207 527 461800
6.84348 30.3091 0.7 31.0721 0.222066 0 -0 162.957 547 461800
6.35466 30.4153 0.7 31.0721 0.205967 0 -0 166.894 568 461800
6.35466 30.4083 1.35192 31.0721 0.206013 0.0209824 -0 166.894 568 461800
6.84348 30.3091 0.7 31.0721 0.222066 0 -0.0707397 156.207 511 461800
6.35466 30.4153 0.7 31.0721 0.205967 0 -0.0707397 160.144 532 461800
6.35466 30.4083 1.35192 31.0721 0.206013 0.0209824 -0.0707397 160.144 532 461800
5.86584 30.5064 1.35192 31.0721 0.189964 0.0209824 -0.0707397 155.457 507 461800
6.88573 30.4962 0.7 31.2639 0.222066 0 -0 153.394 496 461800
6.39389 30.6031 0.7 31.2639 0.205967 0 -0 157.707 519 461800
6.39389 30.5961 1.35594 31.2639 0.206013 0.0209824 -0 157.144 516 461800
6.39389 30.6031 0.7 31.2639 0.205967 0 -0.0707397 152.082 489 461800
6.39389 30.5961 1.35594 31.2639 0.206013 0.0209824 -0.0707397 151.144 484 461800
6.43311 30.7908 0.7 31.4557 0.205967 0 -0 152.082 489 461800
6.43311 30.7838 1.35997 31.4557 0.206013 0.0209824 -0 152.644 492 461800
1.48456 31.4206 0.7 31.4557 0.047213 0 -0 152.832 493 461800
1.52077 32.187 0.7 32.2229 0.047213 0 -0 155.082 505 461800
1.52077 32.1799 0.0239366 32.2229 0.0472234 -0.0209824 -0 153.394 496 461800
1.01385 32.2069 0.7 32.2229 0.0314688 0 -0 152.644 492 461800
1.53888 32.5702 0.7 32.6065 0.047213 0 0.0707397 160.519 534 461800
1.53888 32.563 0.0158883 32.6065 0.0472234 -0.0209824 0.0707397 159.582 529 461800
1.02592 32.5904 0.7 32.6065 0.0314688 0 0.0707397 157.707 519 461800
1.02592 32.5832 0.0158883 32.6065 0.0314757 -0.0209824 0.0707397 156.207 511 461800
1.53888 32.5702 0.7 32.6065 0.047213 0 -0 168.207 575 461800
1.53888 32.563 0.0158883 32.6065 0.0472234 -0.0209824 -0 167.082 569 461800
1.02592 32.5904 0.7 32.6065 0.0314688 0 -0 165.207 559 461800
1.02592 32.5832 0.0158883 32.6065 0.0314757 -0.0209824 -0 163.707 551 461800
1.53888 32.5702 0.7 32.6065 0.047213 0 -0.0707397 160.894 536 461800
1.53888 32.563 0.0158883 32.6065 0.0472234 -0.0209824 -0.0707397 159.957 531 461800
1.02592 32.5904 0.7 32.6065 0.0314688 0 -0.0707397 158.082 521 461800
1.02592 32.5832 0.0158883 32.6065 0.0314757 -0.0209824 -0.0707397 156.957 515 461800
1.54793 32.7618 0.7 32.7983 0.047213 0 -0 158.144 516 461800
1.54793 32.7545 0.0118641 32.7983 0.0472234 -0.0209824 -0 158.894 520 461800
1.03195 32.7821 0.7 32.7983 0.0314688 0 -0 154.582 497 461800
1.03195 32.7748 0.0118641 32.7983 0.0314757 -0.0209824 -0 155.332 501 461800
1.54793 32.7618 0.7 32.7983 0.047213 0 -0.0707397 152.332 485 461800
1.54793 32.7545 0.0118641 32.7983 0.0472234 -0.0209824 -0.0707397 152.894 488 461800
-22.8357 23.4442 -3.45296 32.9901 -0.772252 -0.12622 0.0707397 135.832 397 461800
-22.8357 23.5563 4.1608 32.9901 -0.769868 0.105098 0.0707397 137.707 407 461800
-23.3547 23.0418 4.1608 32.9901 -0.792142 0.105098 0.0707397 136.582 401 461800
1.55698 32.9534 0.7 32.9901 0.047213 0 -0 154.019 494 461800
1.55698 32.9461 0.00783986 32.9901 0.0472234 -0.0209824 -0 152.707 487 461800
-22.8357 23.5563 -2.7608 32.9901 -0.769868 -0.105098 -0.0707397 137.144 404 461800
-22.8357 23.4442 4.85296 32.9901 -0.772252 0.12622 -0.0707397 137.144 404 461800
-22.8357 23.5563 4.1608 32.9901 -0.769868 0.105098 -0.0707397 140.144 420 461800
-23.3547 23.0418 4.1608 32.9901 -0.792142 0.105098 -0.0707397 139.582 417 461800
3.69633 33.175 4.22116 33.5655 0.110961 0.105098 -0 143.519 438 461800
10.0329 31.8369 4.22116 33.5655 0.305283 0.105098 -0.0707397 135.269 394 461800
5.28046 32.96 4.22116 33.5655 0.158858 0.105098 -0.0707397 136.957 403 461800
5.28046 33.0277 3.51693 33.5655 0.158538 0.0840222 -0.0707397 136.207 399 461800
4.75242 33.0403 4.22116 33.5655 0.142857 0.105098 -0.0707397 135.832 397 461800
-16.994 29.1592 1.40826 33.7573 -0.527678 0.0209824 0.0707397 133.207 383 461800
-16.463 29.4623 1.40826 33.7573 -0.50956 0.0209824 -0 139.207 415 461800
-16.994 29.1678 0.7 33.7573 -0.52755 0 -0 139.582 417 461800
-16.994 29.1592 1.40826 33.7573 -0.527678 0.0209824 -0 140.332 421 461800
10.2622 32.7631 0.7 34.3327 0.303544 0 -0 135.707 391 461800
10.2622 32.5646 4.30165 34.3327 0.305283 0.105098 -0 136.457 395 461800
5.40116 33.6286 5.02198 34.3327 0.159252 0.12622 -0 135.332 389 461800
4.86104 33.7109 5.02198 34.3327 0.143211 0.12622 -0 134.957 387 461800
19.0097 28.8106 -0.0243536 34.5245 0.583244 -0.0209824 -0 139.269 410 461800
-16.5656 30.9362 1.43643 35.0999 -0.491624 0.0209824 0.0707397 143.394 432 461800
-17.1178 30.6341 1.43643 35.0999 -0.50956 0.0209824 0.0707397 145.644 444 461800
5.52186 34.5375 3.6457 35.0999 0.158538 0.0840222 0.0707397 143.582 433 461800
-17.1178 30.6341 1.43643 35.0999 -0.50956 0.0209824 -0 152.957 483 461800
-17.1178 30.6341 1.43643 35.0999 -0.50956 0.0209824 -0.0707397 145.269 442 461800
5.52186 34.5375 3.6457 35.0999 0.158538 0.0840222 -0.0707397 144.332 437 461800
5.55203 34.6551 4.40225 35.2917 0.158858 0.105098 0.0707397 137.207 399 461800
4.99683 34.6526 5.1427 35.2917 0.143211 0.12622 0.0707397 138.144 404 461800
4.99683 34.7395 4.40225 35.2917 0.142857 0.105098 0.0707397 139.644 412 461800
4.99683 34.8104 3.6618 35.2917 0.14257 0.0840222 0.0707397 136.644 396 461800
4.99683 34.7395 4.40225 35.2917 0.142857 0.105098 -0 147.144 452 461800
5.55203 34.568 5.1427 35.2917 0.159252 0.12622 -0.0707397 137.207 399 461800
5.55203 34.6551 4.40225 35.2917 0.158858 0.105098 -0.0707397 139.082 409 461800
5.55203 34.7262 3.6618 35.2917 0.158538 0.0840222 -0.0707397 137.394 400 461800
4.99683 34.6526 5.1427 35.2917 0.143211 0.12622 -0.0707397 137.582 401 461800
4.99683 34.7395 4.40225 35.2917 0.142857 0.105098 -0.0707397 141.144 420 461800
4.99683 34.8104 3.6618 35.2917 0.14257 0.0840222 -0.0707397 138.707 407 461800
6.77106 35.0934 3.71009 35.8672 0.190602 0.0840222 0.0707397 139.644 412 461800
6.20681 35.1976 3.71009 35.8672 0.174548 0.0840222 0.0707397 138.519 406 461800
6.77106 35.0934 3.71009 35.8672 0.190602 0.0840222 -0 146.394 448 461800
6.20681 35.1976 3.71009 35.8672 0.174548 0.0840222 -0 146.019 446 461800
-17.4919 31.3127 0.7 35.8672 -0.509437 0 -0.0707397 136.832 397 461800
6.77106 35.0934 3.71009 35.8672 0.190602 0.0840222 -0.0707397 138.894 408 461800
6.20681 35.1976 3.71009 35.8672 0.174548 0.0840222 -0.0707397 139.082 409 461800
5.64255 35.2924 3.71009 35.8672 0.158538 0.0840222 -0.0707397 135.519 390 461800
7.37455 35.1668 3.72619 36.059 0.206706 0.0840222 0.0707397 138.519 406 461800
5.67273 35.4085 4.48274 36.059 0.158858 0.105098 0.0707397 137.394 400 461800
5.67273 35.4811 3.72619 36.059 0.158538 0.0840222 0.0707397 140.207 415 461800
7.37455 35.1668 3.72619 36.059 0.206706 0.0840222 -0 144.332 437 461800
6.80727 35.281 3.72619 36.059 0.190602 0.0840222 -0 144.894 440 461800
5.67273 35.4811 3.72619 36.059 0.158538 0.0840222 -0 145.269 442 461800
5.67273 35.4811 3.72619 36.059 0.158538 0.0840222 -0.0707397 135.519 390 461800
1.72897 36.5855 -0.0686197 36.6344 0.0472234 -0.0209824 0.0707397 147.957 451 461800
1.72897 36.5855 1.46862 36.6344 0.0472234 0.0209824 0.0707397 153.207 479 461800
1.15265 36.6082 1.46862 36.6344 0.0314757 0.0209824 0.0707397 153.582 481 461800
1.72897 36.5855 1.46862 36.6344 0.0472234 0.0209824 -0 160.332 517 461800
1.15265 36.6082 1.46862 36.6344 0.0314757 0.0209824 -0 160.519 518 461800
1.72897 36.5855 1.46862 36.6344 0.0472234 0.0209824 -0.0707397 153.019 478 461800
1.15265 36.6082 1.46862 36.6344 0.0314757 0.0209824 -0.0707397 153.207 479 461800
1.73803 36.777 -0.0726438 36.8262 0.0472234 -0.0209824 0.0707397 153.207 479 461800
1.73803 36.777 1.47264 36.8262 0.0472234 0.0209824 0.0707397 155.269 490 461800
1.15868 36.7998 -0.0726438 36.8262 0.0314757 -0.0209824 0.0707397 151.707 471 461800
1.15868 36.7998 1.47264 36.8262 0.0314757 0.0209824 0.0707397 155.082 489 461800
1.73803 36.777 -0.0726438 36.8262 0.0472234 -0.0209824 -0 160.519 518 461800
1.73803 36.777 1.47264 36.8262 0.0472234 0.0209824 -0 162.957 531 461800
1.15868 36.7998 -0.0726438 36.8262 0.0314757 -0.0209824 -0 159.394 512 461800
1.15868 36.7998 1.47264 36.8262 0.0314757 0.0209824 -0 162.957 531 461800
1.73803 36.777 -0.0726438 36.8262 0.0472234 -0.0209824 -0.0707397 153.957 483 461800
1.73803 36.777 1.47264 36.8262 0.0472234 0.0209824 -0.0707397 156.019 494 461800
1.15868 36.7998 -0.0726438 36.8262 0.0314757 -0.0209824 -0.0707397 152.457 475 461800
1.15868 36.7998 1.47264 36.8262 0.0314757 0.0209824 -0.0707397 156.207 495 461800
-15.8867 33.8599 0.7 37.4016 -0.438696 0 0.0707397 149.082 457 461800
-15.2983 34.1298 0.7 37.4016 -0.421388 0 -0 153.957 483 461800
-15.8867 33.8599 0.7 37.4016 -0.438696 0 -0 156.582 497 461800
-15.8867 33.8508 -0.0847164 37.4016 -0.438799 -0.0209824 -0 151.332 469 461800
-15.8867 33.8508 1.48472 37.4016 -0.438799 0.0209824 -0 152.269 474 461800
-15.8867 33.8599 0.7 37.4016 -0.438696 0 -0.0707397 150.207 463 461800
-15.3767 34.3048 0.7 37.5934 -0.421388 0 0.0707397 154.707 487 461800
-15.9681 34.0335 0.7 37.5934 -0.438696 0 0.0707397 156.207 495 461800
-15.9681 34.0244 -0.0887406 37.5934 -0.438799 -0.0209824 0.0707397 151.707 471 461800
-15.9681 34.0244 1.48874 37.5934 -0.438799 0.0209824 0.0707397 151.519 470 461800
-15.3767 34.3048 0.7 37.5934 -0.421388 0 -0 162.207 527 461800
-15.9681 34.0335 0.7 37.5934 -0.438696 0 -0 163.519 534 461800
-15.9681 34.0244 -0.0887406 37.5934 -0.438799 -0.0209824 -0 159.207 511 461800
-15.9681 34.0244 1.48874 37.5934 -0.438799 0.0209824 -0 159.019 510 461800
-15.3767 34.3048 0.7 37.5934 -0.421388 0 -0.0707397 155.269 490 461800
-15.9681 34.0335 0.7 37.5934 -0.438696 0 -0.0707397 156.957 499 461800
-15.9681 34.0244 -0.0887406 37.5934 -0.438799 -0.0209824 -0.0707397 152.457 475 461800
-15.9681 34.0244 1.48874 37.5934 -0.438799 0.0209824 -0.0707397 152.269 474 461800
6.00464 37.4802 4.70407 38.1688 0.158858 0.105098 -0 139.894 408 461800
6.00464 37.5572 3.90325 38.1688 0.158538 0.0840222 -0 140.269 410 461800
6.00464 37.4802 4.70407 38.1688 0.158858 0.105098 -0.0707397 135.019 382 461800
6.00464 37.5572 3.90325 38.1688 0.158538 0.0840222 -0.0707397 135.207 383 461800
6.03482 37.6686 4.72419 38.3606 0.158858 0.105098 -0.0707397 135.019 382 461800
6.03482 37.7459 3.91935 38.3606 0.158538 0.0840222 -0.0707397 134.832 381 461800
-15.9259 35.53 0.7 38.936 -0.421388 0 -0 142.394 416 461800
6.15551 38.6319 1.52093 39.1278 0.158009 0.0209824 0.0707397 133.957 371 461800
-15.3888 35.9652 -0.120934 39.1278 -0.404307 -0.0209824 -0 142.582 417 461800
-13.7413 37.2495 0.7 39.7032 -0.353411 0 0.0707397 137.144 388 461800
-13.7413 37.2402 1.53301 39.7032 -0.353492 0.0209824 0.0707397 136.957 387 461800
-14.9905 36.7645 0.7 39.7032 -0.387164 0 0.0707397 140.144 404 461800
-14.9905 36.7551 1.53301 39.7032 -0.387253 0.0209824 0.0707397 138.269 394 461800
-15.0629 36.9421 0.7 39.895 -0.387164 0 0.0707397 139.394 400 461800
-15.0629 36.9327 1.53703 39.895 -0.387253 0.0209824 0.0707397 139.019 398 461800
-15.0629 36.9421 0.7 39.895 -0.387164 0 -0 142.582 417 461800
-15.9168 37.1993 -0.149103 40.4704 -0.404307 -0.0209824 -0 140.894 408 461800
-16.5535 36.9204 -0.149103 40.4704 -0.421486 -0.0209824 -0 140.144 404 461800
-15.3526 37.6429 1.55313 40.6622 -0.387253 0.0209824 0.0707397 138.457 395 461800
-15.9923 37.3756 1.55313 40.6622 -0.404307 0.0209824 0.0707397 139.394 400 461800
-15.3526 37.6526 0.7 40.6622 -0.387164 0 -0 143.144 420 461800
-15.3526 37.6429 1.55313 40.6622 -0.387253 0.0209824 -0 145.394 432 461800
-15.9923 37.3854 0.7 40.6622 -0.404213 0 -0 145.394 432 461800
-15.9923 37.3756 1.55313 40.6622 -0.404307 0.0209824 -0 147.082 441 461800
-15.3526 37.6429 1.55313 40.6622 -0.387253 0.0209824 -0.0707397 137.519 390 461800
-15.9923 37.3756 1.55313 40.6622 -0.404307 0.0209824 -0.0707397 140.519 406 461800
-19.4623 36.191 -2.7608 41.2376 -0.493402 -0.0840222 -0 139.832 397 461800
-20.111 35.9908 1.5652 41.2376 -0.50956 0.0209824 -0 140.019 398 461800
-19.5528 36.3593 4.1769 41.4294 -0.493402 0.0840222 0.0707397 134.394 368 461800
32.3798 26.7573 0.7 42.0049 0.880188 0 -0 138.332 389 461800
32.3798 26.7428 1.5813 42.0049 0.880455 0.0209824 -0 136.457 379 461800
31.719 27.5375 0.7 42.0049 0.855848 0 -0 138.519 390 461800
31.719 27.5234 1.5813 42.0049 0.856101 0.0209824 -0 135.894 376 461800
6.60812 41.4724 1.5813 42.0049 0.158009 0.0209824 -0 136.082 377 461800
-6.6383 41.6618 1.58532 42.1967 -0.158009 0.0209824 0.0707397 137.394 384 461800
-7.30213 41.5506 1.58532 42.1967 -0.173964 0.0209824 0.0707397 137.582 385 461800
29.2085 30.4407 1.58532 42.1967 0.764744 0.0209824 0.0707397 136.269 378 461800
-15.2681 39.3276 1.58532 42.1967 -0.370317 0.0209824 0.0707397 135.519 374 461800
-21.2426 36.449 1.58532 42.1967 -0.527678 0.0209824 0.0707397 135.707 375 461800
-6.6383 41.6618 1.58532 42.1967 -0.158009 0.0209824 -0.0707397 135.707 375 461800
-7.30213 41.5506 1.58532 42.1967 -0.173964 0.0209824 -0.0707397 137.394 384 461800
29.8723 29.7895 1.58532 42.1967 0.786786 0.0209824 -0.0707397 135.144 372 461800
29.2085 30.4407 1.58532 42.1967 0.764744 0.0209824 -0.0707397 136.269 378 461800
28.9339 31.5004 0.7 42.7721 0.742956 0 0.0707397 144.144 420 461800
28.9339 31.4876 1.59739 42.7721 0.743158 0.0209824 0.0707397 143.207 415 461800
28.261 32.1055 0.7 42.7721 0.721799 0 0.0707397 146.957 435 461800
28.261 32.0929 1.59739 42.7721 0.721993 0.0209824 0.0707397 145.832 429 461800
28.9339 31.5004 0.7 42.7721 0.742956 0 -0 148.082 441 461800
28.9339 31.4876 1.59739 42.7721 0.743158 0.0209824 -0 146.957 435 461800
28.261 32.1055 0.7 42.7721 0.721799 0 -0 150.894 456 461800
28.261 32.0929 1.59739 42.7721 0.721993 0.0209824 -0 149.394 448 461800
28.9339 31.5004 0.7 42.7721 0.742956 0 -0.0707397 137.582 385 461800
28.9339 31.4876 1.59739 42.7721 0.743158 0.0209824 -0.0707397 135.894 376 461800
28.261 32.1055 0.7 42.7721 0.721799 0 -0.0707397 140.582 401 461800
28.261 32.0929 1.59739 42.7721 0.721993 0.0209824 -0.0707397 138.519 390 461800
29.0637 31.6417 0.7 42.9639 0.742956 0 0.0707397 137.582 385 461800
29.0637 31.6288 1.60142 42.9639 0.743158 0.0209824 0.0707397 137.207 383 461800
28.3878 32.2495 0.7 42.9639 0.721799 0 0.0707397 140.957 403 461800
28.3878 32.2369 1.60142 42.9639 0.721993 0.0209824 0.0707397 139.832 397 461800
29.0637 31.6417 0.7 42.9639 0.742956 0 -0 143.394 416 461800
28.3878 32.2495 0.7 42.9639 0.721799 0 -0 147.144 436 461800
28.3878 32.2369 1.60142 42.9639 0.721993 0.0209824 -0 145.644 428 461800
29.0637 31.6417 0.7 42.9639 0.742956 0 -0.0707397 135.144 372 461800
28.3878 32.2495 0.7 42.9639 0.721799 0 -0.0707397 138.894 392 461800
28.3878 32.2369 1.60142 42.9639 0.721993 0.0209824 -0.0707397 137.019 382 461800
6.84952 42.9874 1.61349 43.5393 0.158009 0.0209824 0.0707397 135.019 366 461800
6.16457 43.0619 2.52698 43.5393 0.14219 0.041974 0.0707397 135.957 371 461800
6.16457 43.091 1.61349 43.5393 0.142095 0.0209824 0.0707397 138.019 382 461800
6.84952 42.9874 1.61349 43.5393 0.158009 0.0209824 -0 142.144 404 461800
6.16457 43.0619 2.52698 43.5393 0.14219 0.041974 -0 143.082 409 461800
6.16457 43.091 1.61349 43.5393 0.142095 0.0209824 -0 145.519 422 461800
6.84952 42.9874 1.61349 43.5393 0.158009 0.0209824 -0.0707397 136.144 372 461800
6.16457 43.0619 2.52698 43.5393 0.14219 0.041974 -0.0707397 136.894 376 461800
6.16457 43.091 1.61349 43.5393 0.142095 0.0209824 -0.0707397 139.519 390 461800
-24.0789 36.4011 3.45254 43.7311 -0.58441 0.0629841 0.0707397 130.707 343 461800
6.87969 43.1768 1.61751 43.7311 0.158009 0.0209824 0.0707397 130.707 343 461800
6.19172 43.2808 1.61751 43.7311 0.142095 0.0209824 0.0707397 132.957 355 461800
5.50375 43.3737 1.61751 43.7311 0.126217 0.0209824 0.0707397 132.019 350 461800
4.81578 43.4651 0.7 43.7311 0.110346 0 0.0707397 132.957 355 461800
28.8947 32.8253 0.7 43.7311 0.721799 0 -0.0707397 136.144 372 461800
28.2067 33.4184 0.7 43.7311 0.701029 0 -0.0707397 137.644 380 461800
28.2067 33.4058 1.61751 43.7311 0.701215 0.0209824 -0.0707397 136.332 373 461800
6.19172 43.2808 1.61751 43.7311 0.142095 0.0209824 -0.0707397 134.269 362 461800
5.50375 43.3737 1.61751 43.7311 0.126217 0.0209824 -0.0707397 133.894 360 461800
6.27319 43.8207 2.55917 44.3065 0.14219 0.041974 0.0707397 134.644 364 461800
6.27319 43.8503 1.62959 44.3065 0.142095 0.0209824 0.0707397 133.894 360 461800
5.57617 43.9149 2.55917 44.3065 0.126301 0.041974 0.0707397 132.207 351 461800
6.27319 43.8207 2.55917 44.3065 0.14219 0.041974 -0 142.332 405 461800
6.27319 43.8503 1.62959 44.3065 0.142095 0.0209824 -0 142.144 404 461800
5.57617 43.9149 2.55917 44.3065 0.126301 0.041974 -0 139.707 391 461800
6.27319 43.8207 2.55917 44.3065 0.14219 0.041974 -0.0707397 135.582 369 461800
6.27319 43.8503 1.62959 44.3065 0.142095 0.0209824 -0.0707397 135.582 369 461800
5.57617 43.9149 2.55917 44.3065 0.126301 0.041974 -0.0707397 133.144 356 461800
5.57617 43.9444 1.62959 44.3065 0.126217 0.0209824 -0.0707397 132.394 352 461800
7.00039 43.9343 1.63361 44.4983 0.158009 0.0209824 0.0707397 132.957 355 461800
6.30035 44.05 0.7 44.4983 0.142064 0 0.0707397 132.582 353 461800
6.30035 44.0401 1.63361 44.4983 0.142095 0.0209824 0.0707397 133.332 357 461800
7.00039 43.9343 1.63361 44.4983 0.158009 0.0209824 -0 139.332 389 461800
6.30035 44.05 0.7 44.4983 0.142064 0 -0 138.957 387 461800
6.30035 44.0401 1.63361 44.4983 0.142095 0.0209824 -0 139.144 388 461800
2.10012 44.4487 0.7 44.4983 0.047213 0 -0 138.394 384 461800
2.10012 44.4389 1.63361 44.4983 0.0472234 0.0209824 -0 138.582 385 461800
7.00039 43.9343 1.63361 44.4983 0.158009 0.0209824 -0.0707397 132.207 351 461800
6.30035 44.05 0.7 44.4983 0.142064 0 -0.0707397 130.894 344 461800
0 45.0638 -0.245684 45.0737 0 -0.0209824 0.0707397 144.207 415 461800
-2.83636 44.9744 -0.245684 45.0737 -0.0629827 -0.0209824 0.0707397 137.832 381 461800
-4.96364 44.7996 0.7 45.0737 -0.110346 0 0.0707397 138.019 382 461800
0 45.0737 0.7 45.0737 0 0 -0 150.394 448 461800
0 45.0638 -0.245684 45.0737 0 -0.0209824 -0 152.832 461 461800
-0.709091 45.0681 0.7 45.0737 -0.0157325 0 -0 150.207 447 461800
-0.709091 45.0582 -0.245684 45.0737 -0.0157359 -0.0209824 -0 150.394 448 461800
0 45.0737 0.7 45.0737 0 0 -0.0707397 144.207 415 461800
0 45.0638 -0.245684 45.0737 0 -0.0209824 -0.0707397 146.269 426 461800
-0.709091 45.0681 0.7 45.0737 -0.0157325 0 -0.0707397 143.457 411 461800
-0.709091 45.0582 -0.245684 45.0737 -0.0157359 -0.0209824 -0.0707397 143.832 413 461800
-3.56054 45.1253 0.7 45.2655 -0.0787404 0 0.0707397 143.269 410 461800
-3.56054 45.1153 -0.249708 45.2655 -0.0787578 -0.0209824 0.0707397 142.519 406 461800
-4.27265 45.0634 0.7 45.2655 -0.0945316 0 0.0707397 141.582 401 461800
-4.27265 45.0534 -0.249708 45.2655 -0.0945525 -0.0209824 0.0707397 141.394 400 461800
-3.56054 45.1253 0.7 45.2655 -0.0787404 0 -0 150.582 449 461800
-3.56054 45.1153 -0.249708 45.2655 -0.0787578 -0.0209824 -0 149.832 445 461800
-4.27265 45.0634 0.7 45.2655 -0.0945316 0 -0 148.332 437 461800
-4.27265 45.0534 -0.249708 45.2655 -0.0945525 -0.0209824 -0 148.519 438 461800
-3.56054 45.1253 0.7 45.2655 -0.0787404 0 -0.0707397 142.707 407 461800
-3.56054 45.1153 -0.249708 45.2655 -0.0787578 -0.0209824 -0.0707397 142.332 405 461800
-4.27265 45.0634 0.7 45.2655 -0.0945316 0 -0.0707397 140.082 393 461800
-4.27265 45.0534 -0.249708 45.2655 -0.0945525 -0.0209824 -0.0707397 141.582 401 461800
29.6913 35.1772 0.7 46.0327 0.701029 0 0.141479 131.269 346 461800
34.6157 30.0523 0.7 45.8409 0.855848 0 0.0707397 139.332 389 461800
-6.5176 45.569 0.7 46.0327 -0.142064 0 0.0707397 142.332 405 461800
-6.5176 45.5587 -0.265805 46.0327 -0.142095 -0.0209824 0.0707397 140.269 394 461800
-7.24178 45.4595 0.7 46.0327 -0.157974 0 0.0707397 143.644 412 461800
-7.24178 45.4493 -0.265805 46.0327 -0.158009 -0.0209824 0.0707397 141.582 401 461800
-6.5176 45.569 0.7 46.0327 -0.142064 0 -0 149.457 443 461800
-7.24178 45.4595 0.7 46.0327 -0.157974 0 -0 151.707 455 461800
-7.24178 45.4493 -0.265805 46.0327 -0.158009 -0.0209824 -0 150.957 451 461800
-7.24178 45.4595 0.7 46.0327 -0.157974 0 -0.0707397 145.332 421 461800
-7.24178 45.4493 -0.265805 46.0327 -0.158009 -0.0209824 -0.0707397 144.582 417 461800
-10.9985 45.2918 0.7 46.6081 -0.238224 0 0.0707397 133.394 352 461800
-10.9985 45.2813 1.67788 46.6081 -0.238277 0.0209824 0.0707397 131.519 342 461800
-21.2637 41.475 0.7 46.6081 -0.473746 0 0.0707397 132.644 348 461800
-10.9985 45.2918 0.7 46.6081 -0.238224 0 -0.0707397 132.832 349 461800
-10.9985 45.2813 1.67788 46.6081 -0.238277 0.0209824 -0.0707397 132.082 345 461800
-11.7317 45.1075 0.7 46.6081 -0.254446 0 -0.0707397 133.207 351 461800
-11.78 45.2931 0.7 46.7999 -0.254446 0 0.0707397 132.457 347 461800
-12.5162 45.0952 0.7 46.7999 -0.270736 0 0.0707397 132.269 346 461800
28.7137 36.9562 0.7 46.7999 0.660537 0 0.0707397 132.269 346 461800
-11.78 45.2931 0.7 46.7999 -0.254446 0 -0 139.394 384 461800
-12.5162 45.0952 0.7 46.7999 -0.270736 0 -0 139.582 385 461800
-11.78 45.2931 0.7 46.7999 -0.254446 0 -0.0707397 132.269 346 461800
-12.5162 45.0952 0.7 46.7999 -0.270736 0 -0.0707397 133.019 350 461800
8.23149 46.807 2.696 47.5671 0.17408 0.041974 -0.0707397 131.707 343 461800
23.4785 42.0294 0.7 48.1425 0.509437 0 0.0707397 133.019 350 461800
23.4785 42.0294 0.7 48.1425 0.509437 0 -0.0707397 132.082 345 461800
25.0928 41.3106 0.7 48.3344 0.545856 0 0.0707397 131.894 344 461800
25.0928 41.3106 0.7 48.3344 0.545856 0 -0.0707397 132.269 346 461800
25.0928 41.2607 -1.32819 48.3344 0.546391 -0.041974 -0.0707397 132.832 349 461800
26.9304 40.8279 0.7 48.9098 0.583099 0 -0 134.019 350 461800
11.5416 47.5174 1.72617 48.9098 0.238277 0.0209824 -0 133.832 349 461800
10.0027 47.865 1.72617 48.9098 0.206013 0.0209824 -0 134.957 355 461800
9.23327 48.0303 0.7 48.9098 0.189921 0 -0 136.082 361 461800
9.23327 48.0194 1.72617 48.9098 0.189964 0.0209824 -0 138.332 373 461800
4.61663 48.6914 0.7 48.9098 0.0945316 0 -0 133.457 347 461800
10.0419 48.0637 0.7 49.1016 0.205967 0 0.0707397 136.269 362 461800
10.0419 48.0527 1.73019 49.1016 0.206013 0.0209824 0.0707397 136.832 365 461800
9.26948 48.2077 1.73019 49.1016 0.189964 0.0209824 0.0707397 138.332 373 461800
4.63474 48.8823 0.7 49.1016 0.0945316 0 0.0707397 138.707 375 461800
4.63474 48.8715 1.73019 49.1016 0.0945525 0.0209824 0.0707397 136.457 363 461800
3.86228 48.9494 0.7 49.1016 0.0787404 0 0.0707397 136.457 363 461800
9.26948 48.2077 1.73019 49.1016 0.189964 0.0209824 -0 144.519 406 461800
4.63474 48.8823 0.7 49.1016 0.0945316 0 -0 145.644 412 461800
10.0419 48.0637 0.7 49.1016 0.205967 0 -0.0707397 135.144 356 461800
10.0419 48.0527 1.73019 49.1016 0.206013 0.0209824 -0.0707397 135.519 358 461800
9.26948 48.1746 2.76038 49.1016 0.190091 0.041974 -0.0707397 134.582 353 461800
9.26948 48.2077 1.73019 49.1016 0.189964 0.0209824 -0.0707397 137.394 368 461800
4.63474 48.8823 0.7 49.1016 0.0945316 0 -0.0707397 137.582 369 461800
4.63474 48.8715 1.73019 49.1016 0.0945525 0.0209824 -0.0707397 135.707 359 461800
3.86228 48.9494 0.7 49.1016 0.0787404 0 -0.0707397 135.332 357 461800
-28.1343 40.9289 1.74226 49.677 -0.602216 0.0209824 -0 133.457 347 461800
8.5966 48.9275 0.7 49.677 0.173925 0 -0 133.457 347 461800
8.5966 48.9164 1.74226 49.677 0.173964 0.0209824 -0 133.457 347 461800
4.68905 49.4112 2.78453 49.677 0.0946152 0.041974 -0 132.894 344 461800
-28.2429 41.1003 0.7 49.8688 -0.602065 0 -0 137.207 367 461800
-28.2429 41.0869 1.74629 49.8688 -0.602216 0.0209824 -0 135.519 358 461800
-29.0275 40.55 0.7 49.8688 -0.621281 0 -0 136.644 364 461800
7.93578 49.8048 1.75836 50.4442 0.158009 0.0209824 -0 134.207 351 461800
-22.3047 45.4588 0.7 50.636 -0.456145 0 -0 133.832 349 461800
3.22259 51.0986 1.77446 51.2114 0.0629827 0.0209824 -0 134.957 355 461800
2.41694 51.143 1.77446 51.2114 0.0472234 0.0209824 -0 134.207 351 461800
-32.3466 39.9352 1.77848 51.4032 -0.680795 0.0209824 -0 133.082 345 461800
4.85199 51.1737 0.7 51.4032 0.0945316 0 -0 134.582 353 461800
4.04333 51.2439 0.7 51.4032 0.0787404 0 -0 134.019 350 461800
6.54174 51.5538 1.79055 51.9786 0.126217 0.0209824 -0 135.019 350 461800
-26.2635 45.0775 0.7 52.1704 -0.52755 0 -0 133.894 344 461800
19.6976 48.3089 0.7 52.1704 0.387164 0 -0 134.832 349 461800
19.6976 48.2965 1.79458 52.1704 0.387253 0.0209824 -0 137.644 364 461800
18.8769 48.6232 1.79458 52.1704 0.370317 0.0209824 -0 135.957 355 461800
0 52.7458 0.7 52.7458 0 0 0.0707397 148.332 421 461800
0 52.7342 1.80665 52.7458 0 0.0209824 0.0707397 146.832 413 461800
-0.829787 52.7393 0.7 52.7458 -0.0157325 0 0.0707397 147.394 416 461800
-0.829787 52.7277 1.80665 52.7458 -0.0157359 0.0209824 0.0707397 146.832 413 461800
0 52.7458 0.7 52.7458 0 0 -0 155.832 461 461800
0 52.7342 1.80665 52.7458 0 0.0209824 -0 154.707 455 461800
-0.829787 52.7393 0.7 52.7458 -0.0157325 0 -0 155.269 458 461800
-0.829787 52.7277 1.80665 52.7458 -0.0157359 0.0209824 -0 154.707 455 461800
0 52.7458 0.7 52.7458 0 0 -0.0707397 149.269 426 461800
0 52.7342 1.80665 52.7458 0 0.0209824 -0.0707397 147.957 419 461800
-0.829787 52.7393 0.7 52.7458 -0.0157325 0 -0.0707397 149.269 426 461800
-0.829787 52.7277 1.80665 52.7458 -0.0157359 0.0209824 -0.0707397 148.332 421 461800
1.66561 52.8998 1.81068 52.9376 0.0314757 0.0209824 0.0707397 139.894 376 461800
1.66561 52.8648 2.92135 52.9376 0.0314966 0.041974 -0 146.832 413 461800
1.66561 52.8998 1.81068 52.9376 0.0314757 0.0209824 -0 147.957 419 461800
0.832805 52.8844 2.92135 52.9376 0.0157463 0.041974 -0 146.269 410 461800
0.832805 52.9194 1.81068 52.9376 0.0157359 0.0209824 -0 146.269 410 461800
1.66561 52.8648 2.92135 52.9376 0.0314966 0.041974 -0.0707397 140.644 380 461800
1.66561 52.8998 1.81068 52.9376 0.0314757 0.0209824 -0.0707397 141.207 383 461800
-1.68371 53.4865 0.7 53.513 -0.0314688 0 0.0707397 146.082 409 461800
-2.52557 53.4534 0.7 53.513 -0.047213 0 0.0707397 148.894 424 461800
-2.52557 53.4416 -0.422748 53.513 -0.0472234 -0.0209824 0.0707397 146.457 411 461800
-3.36743 53.407 0.7 53.513 -0.0629689 0 0.0707397 147.582 417 461800
-2.52557 53.4534 0.7 53.513 -0.047213 0 -0 156.957 467 461800
-2.52557 53.4416 -0.422748 53.513 -0.0472234 -0.0209824 -0 154.332 453 461800
-3.36743 53.407 0.7 53.513 -0.0629689 0 -0 155.457 459 461800
-2.52557 53.4534 0.7 53.513 -0.047213 0 -0.0707397 149.832 429 461800
-2.52557 53.4416 -0.422748 53.513 -0.0472234 -0.0209824 -0.0707397 147.394 416 461800
-3.36743 53.407 0.7 53.513 -0.0629689 0 -0.0707397 148.332 421 461800
-3.3795 53.5866 1.82677 53.7048 -0.0629827 0.0209824 0.0707397 141.207 383 461800
-4.22437 53.5384 0.7 53.7048 -0.0787404 0 0.0707397 141.957 387 461800
-4.22437 53.5266 -0.426772 53.7048 -0.0787578 -0.0209824 0.0707397 144.019 398 461800
-9.29362 52.8946 0.7 53.7048 -0.173925 0 0.0707397 143.082 393 461800
-2.53462 53.645 0.7 53.7048 -0.047213 0 -0.0707397 141.957 387 461800
-2.53462 53.6332 1.82677 53.7048 -0.0472234 0.0209824 -0.0707397 141.957 387 461800
-3.3795 53.5984 0.7 53.7048 -0.0629689 0 -0.0707397 142.519 390 461800
-3.3795 53.5866 1.82677 53.7048 -0.0629827 0.0209824 -0.0707397 142.332 389 461800
-4.22437 53.5384 0.7 53.7048 -0.0787404 0 -0.0707397 142.894 392 461800
-4.22437 53.5266 -0.426772 53.7048 -0.0787578 -0.0209824 -0.0707397 143.082 393 461800
-6.83141 53.8486 0.7 54.2802 -0.126189 0 0.0707397 146.832 413 461800
-9.39319 53.4613 0.7 54.2802 -0.173925 0 0.0707397 148.144 420 461800
-9.39319 53.4613 0.7 54.2802 -0.173925 0 -0 155.457 459 461800
-9.39319 53.4613 0.7 54.2802 -0.173925 0 -0.0707397 148.707 423 461800
0 55.0353 1.85494 55.0475 0 0.0209824 0.0707397 138.082 361 461800
1.73199 54.9717 -1.60988 55.0475 0.0314966 -0.041974 0.0707397 138.832 365 461800
0.865996 55.0285 1.85494 55.0475 0.0157359 0.0209824 0.0707397 140.144 372 461800
0.865996 55.0285 1.85494 55.0475 0.0157359 0.0209824 -0 148.207 415 461800
0 55.0353 1.85494 55.0475 0 0.0209824 -0.0707397 140.144 372 461800
0.865996 55.0285 1.85494 55.0475 0.0157359 0.0209824 -0.0707397 140.707 375 461800
-0.869014 55.1838 -1.61793 55.2393 -0.0157463 -0.041974 0.0707397 134.519 342 461800
-0.869014 55.2203 1.85897 55.2393 -0.0157359 0.0209824 0.0707397 136.207 351 461800
1.73803 55.1632 -1.61793 55.2393 0.0314966 -0.041974 0.0707397 134.519 342 461800
-0.869014 55.2203 1.85897 55.2393 -0.0157359 0.0209824 -0 145.394 400 461800
0 55.2271 1.85897 55.2393 0 0.0209824 -0.0707397 135.082 345 461800
-0.869014 55.1838 -1.61793 55.2393 -0.0157463 -0.041974 -0.0707397 134.894 344 461800
-0.869014 55.1838 3.01793 55.2393 -0.0157463 0.041974 -0.0707397 135.644 348 461800
-0.869014 55.2203 1.85897 55.2393 -0.0157359 0.0209824 -0.0707397 138.269 362 461800
-4.39033 55.6417 0.7 55.8147 -0.0787404 0 0.0707397 142.957 387 461800
-4.40542 55.8329 0.7 56.0065 -0.0787404 0 0.0707397 138.269 362 461800
-4.40542 55.7835 -1.65013 56.0065 -0.07881 -0.041974 0.0707397 138.269 362 461800
-4.40542 55.8206 1.87506 56.0065 -0.0787578 0.0209824 0.0707397 137.894 360 461800
42.7265 36.4036 7.82281 56.5819 0.865134 0.12622 -0 138.832 365 461800
-15.1323 53.8838 9.00994 56.5819 -0.27378 0.147399 -0 139.394 368 461800
12.4619 55.1925 0.7 56.5819 0.222066 0 -0 138.457 363 461800
-16.0768 54.4499 0.7 56.7737 -0.287101 0 -0 141.644 380 461800
-16.2397 54.9491 -1.70646 57.3491 -0.287361 -0.041974 -0 142.207 383 461800
-16.2397 54.9886 1.90323 57.3491 -0.287166 0.0209824 -0 140.144 372 461800
-17.1419 54.6743 -1.70646 57.3491 -0.303821 -0.041974 -0 138.269 362 461800
-16.294 55.1328 -1.71451 57.5409 -0.287361 -0.041974 0.0707397 147.457 411 461800
-17.1992 54.8572 -1.71451 57.5409 -0.303821 -0.041974 0.0707397 145.394 400 461800
-16.294 55.1328 -1.71451 57.5409 -0.287361 -0.041974 -0 154.957 451 461800
-17.1992 54.8572 -1.71451 57.5409 -0.303821 -0.041974 -0 151.394 432 461800
-15.3888 55.3923 -1.71451 57.5409 -0.270981 -0.041974 -0.0707397 142.019 382 461800
-16.294 55.1725 -0.507256 57.5409 -0.287166 -0.0209824 -0.0707397 141.644 380 461800
-16.294 55.1328 -1.71451 57.5409 -0.287361 -0.041974 -0.0707397 147.457 411 461800
-16.294 55.0667 -2.92177 57.5409 -0.287687 -0.0629841 -0.0707397 142.019 382 461800
-17.1992 54.8572 -1.71451 57.5409 -0.303821 -0.041974 -0.0707397 143.332 389 461800
29.2568 50.2002 1.91933 58.1163 0.527678 0.0209824 -0 134.144 340 461800
27.4282 51.2367 0.7 58.1163 0.491506 0 -0 134.894 344 461800
27.4282 51.2222 1.91933 58.1163 0.491624 0.0209824 -0 134.894 344 461800
0 58.3081 0.7 58.3081 0 0 -0 136.582 353 461800
0 58.2953 -0.523353 58.3081 0 -0.0209824 -0 135.457 347 461800
-23.8496 53.1934 1.92335 58.3081 -0.421486 0.0209824 -0 135.644 348 461800
2.75188 58.2431 0.7 58.3081 0.047213 0 -0 135.644 348 461800
2.75188 58.2303 1.92335 58.3081 0.0472234 0.0209824 -0 134.894 344 461800
0.917292 58.3009 0.7 58.3081 0.0157325 0 -0 136.019 350 461800
7.43489 58.6056 0.7 59.0753 0.126189 0 -0 136.082 345 461800
7.43489 58.5925 1.93945 59.0753 0.126217 0.0209824 -0 135.707 343 461800
30.0292 51.5408 0.7 59.6507 0.52755 0 -0 135.707 343 461800
30.0292 51.5256 1.95152 59.6507 0.527678 0.0209824 -0 136.457 347 461800
29.0908 52.0762 0.7 59.6507 0.509437 0 -0 135.707 343 461800
29.0908 52.0612 1.95152 59.6507 0.50956 0.0209824 -0 137.019 350 461800
31.0672 51.0847 3.21109 59.8425 0.546391 0.041974 -0 137.019 350 461800
31.0672 51.131 1.95555 59.8425 0.54599 0.0209824 -0 138.707 359 461800
30.1258 51.6913 1.95555 59.8425 0.527678 0.0209824 -0 137.019 350 461800
28.2429 52.6988 3.21109 59.8425 0.491978 0.041974 -0 137.207 351 461800
28.2429 52.7436 1.95555 59.8425 0.491624 0.0209824 -0 138.707 359 461800
39.9203 45.3508 0.7 60.4179 0.721799 0 -0 135.519 342 461800
30.4155 52.1421 3.23524 60.4179 0.528064 0.041974 -0 136.832 349 461800
30.4155 52.1883 1.96762 60.4179 0.527678 0.0209824 -0 138.519 358 461800
29.465 52.685 3.23524 60.4179 0.50993 0.041974 -0 135.894 344 461800
29.465 52.7308 1.96762 60.4179 0.50956 0.0209824 -0 137.957 355 461800
30.512 52.3694 0.7 60.6097 0.52755 0 -0 137.582 353 461800
30.512 52.354 1.97164 60.6097 0.527678 0.0209824 -0 139.457 363 461800
29.5585 52.9135 0.7 60.6097 0.509437 0 -0 139.082 361 461800
29.5585 52.8982 1.97164 60.6097 0.50956 0.0209824 -0 140.207 367 461800
29.9327 53.0233 8.42644 61.377 0.513923 0.12622 -0 134.957 339 461800
33.2398 52.4425 3.30767 62.1442 0.564926 0.041974 -0 136.144 340 461800
33.2398 52.4911 2.00384 62.1442 0.564507 0.0209824 -0 138.957 355 461800
32.8596 54.0972 0.7 63.295 0.545856 0 -0 135.582 337 461800
-6.99133 63.0866 -0.632006 63.4868 -0.110371 -0.0209824 -0 136.144 340 461800
36.2813 52.7809 2.04408 64.0622 0.602216 0.0209824 -0 136.144 340 461800
37.4008 52.2297 2.0481 64.254 0.621438 0.0209824 0.0707397 135.957 339 461800
37.4008 52.2471 0.7 64.254 0.621281 0 -0 138.019 350 461800
37.4008 52.1775 3.39621 64.254 0.621912 0.041974 -0 138.582 353 461800
37.4008 52.2297 2.0481 64.254 0.621438 0.0209824 -0 141.207 367 461800
36.3899 52.9561 0.7 64.254 0.602065 0 -0 137.269 346 461800
36.3899 52.8874 3.39621 64.254 0.60267 0.041974 -0 138.019 350 461800
36.3899 52.9389 2.0481 64.254 0.602216 0.0209824 -0 140.457 363 461800
-9.23327 64.5561 0.7 65.213 -0.142064 0 -0 136.707 343 461800
-10.2592 64.401 0.7 65.213 -0.157974 0 -0 135.957 339 461800
-46.3353 48.3105 0.7 66.9392 -0.764533 0 -0 139.019 350 461800
-47.3884 47.2779 0.7 66.9392 -0.786565 0 -0 138.269 346 461800
-46.4681 48.4489 0.7 67.131 -0.764533 0 -0 138.832 349 461800
-47.5242 47.4134 0.7 67.131 -0.786565 0 -0 138.457 347 461800
12.6731 65.9089 2.10847 67.131 0.189964 0.0209824 -0 137.332 341 461800
13.7684 65.8393 3.52498 67.3228 0.206151 0.041974 -0 139.207 351 461800
13.7684 65.8848 2.11249 67.3228 0.206013 0.0209824 -0 140.894 360 461800
12.7093 66.0519 3.52498 67.3228 0.190091 0.041974 -0 140.894 360 461800
12.7093 66.0972 2.11249 67.3228 0.189964 0.0209824 -0 142.582 369 461800
11.6502 66.2921 2.11249 67.3228 0.173964 0.0209824 -0 138.457 347 461800
2.1665 68.808 2.14468 68.8573 0.0314757 0.0209824 -0 138.082 345 461800
2.17253 69.0149 0.7 69.0491 0.0314688 0 -0 140.707 359 461800
2.17253 68.9997 2.14871 69.0491 0.0314757 0.0209824 -0 141.832 365 461800
1.08627 69.0405 0.7 69.0491 0.0157325 0 -0 139.957 355 461800
1.08627 69.0253 2.14871 69.0491 0.0157359 0.0209824 -0 141.832 365 461800
2.17253 68.9997 2.14871 69.0491 0.0314757 0.0209824 -0.0707397 137.144 340 461800
1.08627 69.0253 2.14871 69.0491 0.0157359 0.0209824 -0.0707397 136.957 339 461800
-2.17857 69.1456 3.60546 69.2409 -0.0314966 0.041974 -0 137.144 340 461800
-3.26785 69.1027 3.60546 69.2409 -0.0472546 0.041974 -0 137.144 340 461800
-2.1846 69.2606 5.07027 69.4327 -0.0315314 0.0629841 -0 138.644 348 461800
-2.1846 69.3371 3.61351 69.4327 -0.0314966 0.041974 -0 138.269 346 461800
-3.27691 69.2175 5.07027 69.4327 -0.0473068 0.0629841 -0 138.269 346 461800
-3.27691 69.2941 3.61351 69.4327 -0.0472546 0.041974 -0 138.457 347 461800
7.87845 71.1074 0.7 71.5425 0.110346 0 -0 138.894 344 461800
2.26306 71.8747 2.20907 71.9261 0.0314757 0.0209824 0.0707397 138.519 342 461800
2.26306 71.8905 0.7 71.9261 0.0314688 0 -0 143.957 371 461800
2.26306 71.8747 2.20907 71.9261 0.0314757 0.0209824 -0 146.207 383 461800
2.26306 71.8747 2.20907 71.9261 0.0314757 0.0209824 -0.0707397 139.082 345 461800
-1.13455 72.0931 2.21309 72.1179 -0.0157359 0.0209824 -0 138.707 343 461800
9.07636 71.5445 0.7 72.1179 0.126189 0 -0 139.644 348 461800
2.26909 72.0822 0.7 72.1179 0.0314688 0 -0 138.519 342 461800
2.26909 72.0663 2.21309 72.1179 0.0314757 0.0209824 -0 143.394 368 461800
1.13455 72.0931 2.21309 72.1179 0.0157359 0.0209824 -0 140.582 353 461800
2.27513 72.258 2.21712 72.3097 0.0314757 0.0209824 -0 140.019 350 461800
1.13756 72.2849 2.21712 72.3097 0.0157359 0.0209824 -0 139.644 348 461800
-9.14878 72.0992 2.22517 72.6933 -0.126217 0.0209824 -0 138.894 344 461800
-10.2924 71.9448 2.22517 72.6933 -0.142095 0.0209824 -0 138.707 343 461800
24.1423 68.9056 3.76643 73.0769 0.337002 0.041974 -0 138.519 342 461800
24.2057 69.0009 5.31172 73.2687 0.337389 0.0629841 -0 141.519 358 461800
24.2057 69.0865 3.77448 73.2687 0.337002 0.041974 -0 144.707 375 461800
24.2057 69.1378 2.23724 73.2687 0.336771 0.0209824 -0 139.269 346 461800
23.053 69.3945 5.31172 73.2687 0.320732 0.0629841 -0 139.082 345 461800
23.053 69.4796 3.77448 73.2687 0.320366 0.041974 -0 141.894 360 461800
-19.8002 71.3222 2.25334 74.0359 -0.270797 0.0209824 -0 140.394 352 461800
