1.09834 2.40854 0.249291 2.68524 0.427848 -0.168645 -0 97.2067 415 462155
1.26731 2.53734 0.217098 2.87704 0.463219 -0.168645 -0 105.332 437 462155
1.22205 2.55945 0.217098 2.87704 0.445458 -0.168645 -0 104.582 433 462155
0.995745 2.644 0.156735 2.87704 0.360177 -0.189968 -0.0707397 97.0817 393 462155
1.30352 2.74145 0.249291 3.06885 0.443845 -0.147399 -0 102.332 421 462155
1.30352 2.73008 0.184904 3.06885 0.445458 -0.168645 -0 101.207 415 462155
1.15868 2.80573 0.249291 3.06885 0.391638 -0.147399 -0 102.519 422 462155
1.15868 2.79463 0.184904 3.06885 0.393039 -0.168645 -0 100.832 413 462155
0.917292 2.87064 0.120517 3.06885 0.309288 -0.189968 -0 99.3317 405 462155
1.12851 3.03147 0.289533 3.26065 0.356371 -0.12622 0.0707397 99.7067 407 462155
1.12851 3.02142 0.221122 3.26065 0.357458 -0.147399 0.0707397 102.332 421 462155
1.07721 3.04009 0.221122 3.26065 0.340533 -0.147399 0.0707397 98.9567 403 462155
1.12851 3.02142 0.221122 3.26065 0.357458 -0.147399 -0 109.457 459 462155
1.12851 3.03147 0.289533 3.26065 0.356371 -0.12622 -0.0707397 99.8942 408 462155
1.12851 3.02142 0.221122 3.26065 0.357458 -0.147399 -0.0707397 102.332 421 462155
1.07721 3.05008 0.289533 3.26065 0.339502 -0.12622 -0.0707397 97.0817 393 462155
1.07721 3.04009 0.221122 3.26065 0.340533 -0.147399 -0.0707397 98.9567 403 462155
1.79234 2.91857 0.265388 3.45245 0.550734 -0.12622 -0 103.269 426 462155
1.30352 3.16724 0.265388 3.45245 0.390435 -0.12622 -0 105.332 437 462155
1.24921 3.18905 0.265388 3.45245 0.373346 -0.12622 -0 103.269 426 462155
1.19489 3.19915 0.192952 3.45245 0.357458 -0.147399 -0.0707397 97.0817 393 462155
1.59319 3.88219 0.257339 4.21967 0.389427 -0.105098 -0 115.082 473 462155
1.19489 4.02267 0.257339 4.21967 0.288739 -0.105098 -0 115.644 476 462155
1.12851 4.04179 0.257339 4.21967 0.272276 -0.105098 -0 114.519 470 462155
-1.79234 3.76949 0.0802752 4.21967 -0.443845 -0.147399 -0.212219 104.207 415 462155
1.59319 3.88219 0.257339 4.21967 0.389427 -0.105098 0.0707397 107.582 433 462155
1.19489 4.02267 0.257339 4.21967 0.288739 -0.105098 0.0707397 107.582 433 462155
-1.72596 3.72535 -0.273853 4.21967 -0.433859 -0.232889 -0.424438 109.644 444 462155
-1.72596 3.70108 -0.362385 4.21967 -0.436358 -0.254509 -0.424438 107.957 435 462155
-1.79234 3.69387 -0.273853 4.21967 -0.451754 -0.232889 -0.424438 107.957 435 462155
-1.79234 3.66939 -0.362385 4.21967 -0.454371 -0.254509 -0.424438 106.082 425 462155
1.52077 3.70572 0.27746 4.02786 0.389427 -0.105098 0.0707397 104.394 416 462155
1.52077 3.69511 0.192952 4.02786 0.390435 -0.12622 0.0707397 103.457 411 462155
1.45741 3.7311 0.27746 4.02786 0.372386 -0.105098 0.0707397 103.269 410 462155
-1.92511 3.60151 -0.362385 4.21967 -0.490887 -0.254509 -0.353699 99.7067 391 462155
-1.6475 3.65115 1.12254 4.02786 -0.423876 0.105098 -0.848877 107.582 433 462155
-1.71087 3.62189 1.12254 4.02786 -0.4413 0.105098 -0.848877 105.144 420 462155
-1.71087 3.63075 1.03803 4.02786 -0.440357 0.0840222 -0.848877 104.019 414 462155
-1.72596 3.82501 1.14266 4.21967 -0.423876 0.105098 -0.848877 109.457 443 462155
-1.72596 3.83422 1.05413 4.21967 -0.422975 0.0840222 -0.848877 108.332 437 462155
-1.79234 3.79436 1.14266 4.21967 -0.4413 0.105098 -0.848877 106.644 428 462155
-1.79234 3.80364 1.05413 4.21967 -0.440357 0.0840222 -0.848877 104.957 419 462155
1.20395 3.82043 0.27746 4.02786 0.305283 -0.105098 -0.0707397 104.582 417 462155
1.20395 3.81013 0.192952 4.02786 0.306057 -0.12622 -0.0707397 104.207 415 462155
1.59319 3.88219 0.257339 4.21967 0.389427 -0.105098 -0.0707397 108.144 436 462155
1.19489 4.02267 0.257339 4.21967 0.288739 -0.105098 -0.0707397 108.894 440 462155
1.12851 4.04179 0.257339 4.21967 0.272276 -0.105098 -0.0707397 107.957 435 462155
-1.52681 3.88463 1.31972 4.21967 -0.37449 0.147399 -0.990356 113.207 463 462155
-1.52681 3.89773 1.23119 4.21967 -0.373346 0.12622 -0.990356 111.519 454 462155
-1.59319 3.85788 1.31972 4.21967 -0.391638 0.147399 -0.990356 116.019 478 462155
-1.59319 3.87107 1.23119 4.21967 -0.390435 0.12622 -0.990356 114.144 468 462155
-1.45741 3.70806 1.29156 4.02786 -0.37449 0.147399 -0.990356 111.894 456 462155
-1.45741 3.72056 1.20705 4.02786 -0.373346 0.12622 -0.990356 110.394 448 462155
-1.52077 3.68252 1.29156 4.02786 -0.391638 0.147399 -0.990356 115.269 474 462155
-1.52077 3.69511 1.20705 4.02786 -0.390435 0.12622 -0.990356 113.582 465 462155
-1.59319 3.85788 1.31972 4.21967 -0.391638 0.147399 -1.0611 123.894 520 462155
-1.59319 3.87107 1.23119 4.21967 -0.390435 0.12622 -1.0611 122.582 513 462155
-1.65957 3.82979 1.31972 4.21967 -0.408907 0.147399 -1.0611 120.144 500 462155
-1.52077 3.68252 1.29156 4.02786 -0.391638 0.147399 -1.0611 122.394 512 462155
-1.52077 3.69511 1.20705 4.02786 -0.390435 0.12622 -1.0611 120.894 504 462155
-1.58414 3.65571 1.29156 4.02786 -0.408907 0.147399 -1.0611 118.832 493 462155
-1.52077 3.68252 1.29156 4.02786 -0.391638 0.147399 -1.13184 117.519 486 462155
-1.58414 3.65571 1.29156 4.02786 -0.408907 0.147399 -1.13184 115.644 476 462155
-1.58414 3.67908 1.12254 4.02786 -0.406588 0.105098 -1.13184 117.332 485 462155
-1.58414 3.68781 1.03803 4.02786 -0.405728 0.0840222 -1.13184 116.957 483 462155
-1.59319 3.85788 1.31972 4.21967 -0.391638 0.147399 -1.13184 119.957 499 462155
-1.65957 3.82979 1.31972 4.21967 -0.408907 0.147399 -1.13184 117.519 486 462155
-1.65957 3.85428 1.14266 4.21967 -0.406588 0.105098 -1.13184 118.644 492 462155
-1.65957 3.86342 1.05413 4.21967 -0.405728 0.0840222 -1.13184 118.082 489 462155
-1.65957 3.85428 1.14266 4.21967 -0.406588 0.105098 -1.20258 115.082 473 462155
-1.65957 3.87557 0.877064 4.21967 -0.40459 0.041974 -1.20258 115.832 477 462155
-1.58414 3.67908 1.12254 4.02786 -0.406588 0.105098 -1.20258 113.394 464 462155
-1.58414 3.69941 0.869016 4.02786 -0.40459 0.041974 -1.20258 115.082 473 462155
-1.58414 3.7023 0.784508 4.02786 -0.404307 0.0209824 -1.20258 114.332 469 462155
-1.6475 3.67454 0.784508 4.02786 -0.421486 0.0209824 -1.20258 113.394 464 462155
-1.52077 3.7259 0.869016 4.02786 -0.387523 0.041974 -1.34406 119.394 496 462155
-1.52077 3.72878 0.784508 4.02786 -0.387253 0.0209824 -1.34406 116.207 479 462155
-1.58414 3.69941 0.869016 4.02786 -0.40459 0.041974 -1.34406 119.207 495 462155
-1.58414 3.7023 0.784508 4.02786 -0.404307 0.0209824 -1.34406 115.269 474 462155
-1.59319 3.90333 0.877064 4.21967 -0.387523 0.041974 -1.27332 115.644 476 462155
-1.65957 3.87557 0.877064 4.21967 -0.40459 0.041974 -1.27332 116.394 480 462155
-1.65957 3.8786 0.788532 4.21967 -0.404307 0.0209824 -1.27332 113.957 467 462155
-1.59319 3.8983 0.965596 4.21967 -0.387974 0.0629841 -1.34406 114.707 471 462155
-1.59319 3.90333 0.877064 4.21967 -0.387523 0.041974 -1.34406 119.207 495 462155
-1.59319 3.90634 0.788532 4.21967 -0.387253 0.0209824 -1.34406 116.207 479 462155
-1.65957 3.87557 0.877064 4.21967 -0.40459 0.041974 -1.34406 117.894 488 462155
-1.52077 3.7259 0.869016 4.02786 -0.387523 0.041974 -1.41479 108.707 439 462155
-1.58414 3.69941 0.869016 4.02786 -0.40459 0.041974 -1.41479 110.207 447 462155
-1.52077 3.7259 0.869016 4.02786 -0.387523 0.041974 -1.27332 116.957 483 462155
-1.52077 3.72878 0.784508 4.02786 -0.387253 0.0209824 -1.27332 113.957 467 462155
-1.58414 3.69941 0.869016 4.02786 -0.40459 0.041974 -1.27332 117.332 485 462155
-1.58414 3.7023 0.784508 4.02786 -0.404307 0.0209824 -1.27332 115.269 474 462155
-1.52077 3.72974 0.7 4.02786 -0.387164 0 -1.62701 107.582 433 462155
-1.59319 3.90333 0.877064 4.21967 -0.387523 0.041974 -1.41479 110.019 446 462155
-1.59319 3.90634 0.788532 4.21967 -0.387253 0.0209824 -1.41479 110.019 446 462155
-1.65957 3.87557 0.877064 4.21967 -0.40459 0.041974 -1.41479 110.957 451 462155
-1.65957 3.8786 0.788532 4.21967 -0.404307 0.0209824 -1.41479 107.582 433 462155
-1.52077 3.72974 0.7 4.02786 -0.387164 0 -1.69775 111.707 455 462155
-1.52077 3.72878 0.784508 4.02786 -0.387253 0.0209824 -1.69775 109.832 445 462155
-1.58414 3.70327 0.7 4.02786 -0.404213 0 -1.69775 109.457 443 462155
-1.58414 3.7023 0.784508 4.02786 -0.404307 0.0209824 -1.69775 109.082 441 462155
-1.52681 3.93376 0.7 4.21967 -0.370232 0 -1.90997 111.144 452 462155
-1.59319 3.90734 0.7 4.21967 -0.387164 0 -1.90997 116.394 480 462155
-1.59319 3.90634 0.611468 4.21967 -0.387253 -0.0209824 -1.90997 113.394 464 462155
-1.65957 3.87961 0.7 4.21967 -0.404213 0 -1.90997 112.082 457 462155
1.71992 3.17994 0.241243 3.64426 0.495804 -0.12622 0.0707397 101.019 398 462155
1.71992 3.16797 0.164783 3.64426 0.497384 -0.147399 0.0707397 98.0192 382 462155
1.66259 3.21029 0.241243 3.64426 0.477861 -0.12622 0.0707397 98.3942 384 462155
1.4906 3.29367 0.241243 3.64426 0.424985 -0.12622 0.0707397 98.5817 385 462155
1.43327 3.31902 0.241243 3.64426 0.407646 -0.12622 0.0707397 99.8942 392 462155
1.94925 3.04476 0.241243 3.64426 0.569452 -0.12622 -0.0707397 98.5817 385 462155
1.71992 3.17994 0.241243 3.64426 0.495804 -0.12622 -0.0707397 99.7067 391 462155
1.54793 3.26712 0.241243 3.64426 0.442461 -0.12622 -0.0707397 96.5192 374 462155
1.43327 3.31902 0.241243 3.64426 0.407646 -0.12622 -0.0707397 99.7067 391 462155
1.08928 3.44726 0.241243 3.64426 0.306057 -0.12622 -0.0707397 99.5192 390 462155
1.14662 3.6385 0.297581 3.83606 0.305283 -0.105098 0.0707397 102.519 406 462155
1.14662 3.6287 0.217098 3.83606 0.306057 -0.12622 0.0707397 103.082 409 462155
1.08627 3.65697 0.297581 3.83606 0.288739 -0.105098 0.0707397 102.519 406 462155
1.08627 3.64722 0.217098 3.83606 0.289469 -0.12622 0.0707397 102.144 404 462155
-1.44836 3.50717 1.26339 3.83606 -0.391638 0.147399 -1.0611 110.207 447 462155
1.14662 3.6385 0.297581 3.83606 0.305283 -0.105098 -0.0707397 104.019 414 462155
1.14662 3.6287 0.217098 3.83606 0.306057 -0.12622 -0.0707397 103.644 412 462155
-1.45741 3.75495 0.7 4.02786 -0.370232 0 -1.83923 116.957 483 462155
-1.52077 3.72974 0.7 4.02786 -0.387164 0 -1.83923 122.207 511 462155
-1.52077 3.72878 0.615492 4.02786 -0.387253 -0.0209824 -1.83923 118.457 491 462155
-1.58414 3.70327 0.7 4.02786 -0.404213 0 -1.83923 118.269 490 462155
-1.52077 3.72974 0.7 4.02786 -0.387164 0 -1.90997 116.207 479 462155
-1.52077 3.72878 0.615492 4.02786 -0.387253 -0.0209824 -1.90997 112.644 460 462155
-1.58414 3.70327 0.7 4.02786 -0.404213 0 -1.90997 112.832 461 462155
-1.45741 3.75495 0.7 4.02786 -0.370232 0 -1.76849 113.957 467 462155
-1.52077 3.72974 0.7 4.02786 -0.387164 0 -1.76849 119.019 494 462155
-1.52077 3.72878 0.615492 4.02786 -0.387253 -0.0209824 -1.76849 113.957 467 462155
-1.52077 3.72878 0.784508 4.02786 -0.387253 0.0209824 -1.76849 114.332 469 462155
-1.58414 3.70327 0.7 4.02786 -0.404213 0 -1.76849 114.707 471 462155
-1.52681 3.93376 0.7 4.21967 -0.370232 0 -1.83923 116.394 480 462155
-1.59319 3.90734 0.7 4.21967 -0.387164 0 -1.83923 121.644 508 462155
-1.59319 3.90634 0.611468 4.21967 -0.387253 -0.0209824 -1.83923 117.707 487 462155
-1.59319 3.90634 0.788532 4.21967 -0.387253 0.0209824 -1.83923 116.207 479 462155
-1.65957 3.87961 0.7 4.21967 -0.404213 0 -1.83923 117.144 484 462155
-1.59319 3.90333 0.522936 4.21967 -0.387523 -0.041974 -2.33441 108.144 436 462155
-1.52681 3.93376 0.7 4.21967 -0.370232 0 -1.76849 113.207 463 462155
-1.59319 3.90734 0.7 4.21967 -0.387164 0 -1.76849 118.082 489 462155
-1.59319 3.90634 0.788532 4.21967 -0.387253 0.0209824 -1.76849 114.332 469 462155
-1.65957 3.87961 0.7 4.21967 -0.404213 0 -1.76849 113.394 464 462155
1.44836 4.35237 0.313678 4.60327 0.321247 -0.0840222 -0 118.269 474 462155
1.44836 4.34272 0.217098 4.60327 0.321913 -0.105098 -0 118.644 476 462155
1.44836 4.35237 0.313678 4.60327 0.321247 -0.0840222 -0.0707397 111.332 437 462155
1.44836 4.34272 0.217098 4.60327 0.321913 -0.105098 -0.0707397 111.707 439 462155
1.44836 4.35237 0.313678 4.60327 0.321247 -0.0840222 0.0707397 110.207 431 462155
1.44836 4.34272 0.217098 4.60327 0.321913 -0.105098 0.0707397 110.394 432 462155
-1.52077 4.31789 0.217098 4.60327 -0.338636 -0.105098 -2.33441 107.207 415 462155
-1.52077 4.31789 0.217098 4.60327 -0.338636 -0.105098 -2.40515 105.707 407 462155
-1.52077 4.30599 0.120517 4.60327 -0.339502 -0.12622 -2.40515 105.894 408 462155
-1.52077 4.29189 0.0239366 4.60327 -0.340533 -0.147399 -2.40515 104.582 401 462155
-1.52077 4.27556 -0.0726438 4.60327 -0.341735 -0.168645 -2.40515 106.457 411 462155
1.73501 4.02947 0.237219 4.41147 0.406588 -0.105098 0.0707397 104.957 403 462155
1.66561 4.05865 0.237219 4.41147 0.389427 -0.105098 0.0707397 105.332 405 462155
1.31861 4.18428 0.237219 4.41147 0.305283 -0.105098 0.0707397 105.519 406 462155
1.24921 4.20552 0.237219 4.41147 0.288739 -0.105098 0.0707397 104.957 403 462155
-1.94321 3.9333 1.16278 4.41147 -0.458869 0.105098 -1.27332 103.269 394 462155
-1.44836 4.30063 -0.0726438 4.60327 -0.324847 -0.168645 -2.47589 103.082 393 462155
-1.52077 4.27556 -0.0726438 4.60327 -0.341735 -0.168645 -2.47589 106.644 412 462155
-1.52077 4.31789 0.217098 4.60327 -0.338636 -0.105098 -2.54663 105.519 406 462155
-1.52077 4.27556 -0.0726438 4.60327 -0.341735 -0.168645 -2.54663 104.582 401 462155
-1.52077 4.31789 0.217098 4.60327 -0.338636 -0.105098 -2.61737 105.894 408 462155
-1.52077 4.30599 0.120517 4.60327 -0.339502 -0.12622 -2.61737 105.894 408 462155
1.73501 4.45203 0.297581 4.79507 0.371606 -0.0840222 0.0707397 107.394 416 462155
1.20696 4.62321 0.297581 4.79507 0.255367 -0.0840222 0.0707397 107.957 419 462155
1.20696 4.61334 0.196977 4.79507 0.255889 -0.105098 0.0707397 108.144 420 462155
1.13153 4.64225 0.297581 4.79507 0.239084 -0.0840222 0.0707397 108.707 423 462155
1.13153 4.63242 0.196977 4.79507 0.239572 -0.105098 0.0707397 108.519 422 462155
1.20696 4.62321 0.297581 4.79507 0.255367 -0.0840222 -0 116.019 462 462155
1.20696 4.61334 0.196977 4.79507 0.255889 -0.105098 -0 116.394 464 462155
1.13153 4.64225 0.297581 4.79507 0.239084 -0.0840222 -0 116.582 465 462155
1.13153 4.63242 0.196977 4.79507 0.239572 -0.105098 -0 116.582 465 462155
1.33369 4.78697 0.281485 4.98688 0.271719 -0.0840222 -0 114.519 454 462155
1.46646 4.94766 0.265388 5.17868 0.288146 -0.0840222 0.0707397 112.207 431 462155
1.46646 4.93691 0.156735 5.17868 0.288739 -0.105098 0.0707397 108.082 409 462155
1.38499 4.97108 0.265388 5.17868 0.271719 -0.0840222 0.0707397 109.957 419 462155
1.46646 4.94766 0.265388 5.17868 0.288146 -0.0840222 -0 119.332 469 462155
1.38499 4.97108 0.265388 5.17868 0.271719 -0.0840222 -0 117.457 459 462155
1.46646 4.94766 0.265388 5.17868 0.288146 -0.0840222 -0.0707397 112.394 432 462155
1.46646 4.93691 0.156735 5.17868 0.288739 -0.105098 -0.0707397 108.082 409 462155
1.38499 4.97108 0.265388 5.17868 0.271719 -0.0840222 -0.0707397 110.707 423 462155
1.60526 5.1138 0.361968 5.37048 0.304167 -0.0629841 0.0707397 106.019 398 462155
1.60526 5.1051 0.249291 5.37048 0.304653 -0.0840222 0.0707397 108.644 412 462155
1.52077 5.13091 0.249291 5.37048 0.288146 -0.0840222 0.0707397 107.332 405 462155
1.18282 5.21918 0.249291 5.37048 0.222865 -0.0840222 0.0707397 106.582 401 462155
1.60526 5.1051 0.249291 5.37048 0.304653 -0.0840222 -0 115.582 449 462155
1.52077 5.13091 0.249291 5.37048 0.288146 -0.0840222 -0 114.644 444 462155
1.60526 5.1138 0.361968 5.37048 0.304167 -0.0629841 -0.0707397 105.082 393 462155
1.60526 5.1051 0.249291 5.37048 0.304653 -0.0840222 -0.0707397 109.207 415 462155
1.52077 5.13091 0.249291 5.37048 0.288146 -0.0840222 -0.0707397 108.457 411 462155
1.18282 5.21918 0.249291 5.37048 0.222865 -0.0840222 -0.0707397 107.332 405 462155
1.22507 5.41439 0.349896 5.56229 0.222515 -0.0629841 0.0707397 107.144 404 462155
1.22507 5.40558 0.233194 5.56229 0.222865 -0.0840222 0.0707397 109.957 419 462155
1.13756 5.43345 0.349896 5.56229 0.206382 -0.0629841 0.0707397 106.582 401 462155
1.13756 5.42467 0.233194 5.56229 0.206706 -0.0840222 0.0707397 109.582 417 462155
1.22507 5.40558 0.233194 5.56229 0.222865 -0.0840222 -0 116.519 454 462155
1.13756 5.42467 0.233194 5.56229 0.206706 -0.0840222 -0 116.519 454 462155
1.35783 5.57069 0.217098 5.75409 0.239084 -0.0840222 -0 116.894 456 462155
1.26731 5.6011 0.337823 5.75409 0.222515 -0.0629841 -0 117.832 461 462155
1.26731 5.59198 0.217098 5.75409 0.222865 -0.0840222 -0 120.832 477 462155
1.17679 5.61173 0.217098 5.75409 0.206706 -0.0840222 -0 116.332 453 462155
1.26731 5.59198 0.217098 5.75409 0.222865 -0.0840222 -0.0707397 113.519 438 462155
1.21602 5.80817 0.325751 5.94589 0.206382 -0.0629841 -0 112.707 423 462155
1.21602 5.79879 0.201001 5.94589 0.206706 -0.0840222 -0 114.582 433 462155
1.12248 5.82697 0.325751 5.94589 0.190303 -0.0629841 -0 110.832 413 462155
1.12248 5.81762 0.201001 5.94589 0.190602 -0.0840222 -0 110.644 412 462155
1.15868 6.01494 0.313678 6.1377 0.190303 -0.0629841 0.0707397 112.519 422 462155
1.15868 6.00528 0.184904 6.1377 0.190602 -0.0840222 0.0707397 112.519 422 462155
1.06213 6.03274 0.313678 6.1377 0.174275 -0.0629841 0.0707397 109.519 406 462155
1.15868 6.01494 0.313678 6.1377 0.190303 -0.0629841 -0 119.644 460 462155
1.15868 6.00528 0.184904 6.1377 0.190602 -0.0840222 -0 119.644 460 462155
1.06213 6.03274 0.313678 6.1377 0.174275 -0.0629841 -0 116.832 445 462155
1.15868 6.01494 0.313678 6.1377 0.190303 -0.0629841 -0.0707397 112.144 420 462155
1.15868 6.00528 0.184904 6.1377 0.190602 -0.0840222 -0.0707397 112.144 420 462155
1.06213 6.03274 0.313678 6.1377 0.174275 -0.0629841 -0.0707397 109.707 407 462155
2.29021 5.88717 0.301606 6.3295 0.371003 -0.0629841 0.0707397 105.582 385 462155
2.29021 5.87668 0.168807 6.3295 0.371606 -0.0840222 0.0707397 105.957 387 462155
1.19489 6.20291 0.301606 6.3295 0.190303 -0.0629841 0.0707397 109.332 405 462155
1.19489 6.19295 0.168807 6.3295 0.190602 -0.0840222 0.0707397 108.394 400 462155
1.09532 6.22126 0.301606 6.3295 0.174275 -0.0629841 0.0707397 108.957 403 462155
1.09532 6.21133 0.168807 6.3295 0.174548 -0.0840222 0.0707397 106.707 391 462155
1.19489 6.20291 0.301606 6.3295 0.190303 -0.0629841 -0 117.207 447 462155
1.19489 6.19295 0.168807 6.3295 0.190602 -0.0840222 -0 117.207 447 462155
1.09532 6.22126 0.301606 6.3295 0.174275 -0.0629841 -0 117.019 446 462155
1.84665 6.24089 0.289533 6.5213 0.287687 -0.0629841 -0 120.207 463 462155
1.74406 6.27034 0.289533 6.5213 0.271288 -0.0629841 -0 121.707 471 462155
1.74406 6.25988 0.152711 6.5213 0.271719 -0.0840222 -0 119.457 459 462155
1.64147 6.29797 0.289533 6.5213 0.254962 -0.0629841 -0 118.894 456 462155
1.79536 6.46857 0.7 6.7131 0.270736 0 0.0707397 120.332 453 462155
1.68975 6.49696 0.7 6.7131 0.254446 0 0.0707397 122.394 464 462155
1.79536 6.46857 0.7 6.7131 0.270736 0 -0 127.644 492 462155
1.68975 6.49696 0.7 6.7131 0.254446 0 -0 129.144 500 462155
1.68975 6.49544 0.559153 6.7131 0.254503 -0.0209824 -0 124.644 476 462155
1.68975 6.49544 0.840847 6.7131 0.254503 0.0209824 -0 125.019 478 462155
1.79536 6.46857 0.7 6.7131 0.270736 0 -0.0707397 120.332 453 462155
1.68975 6.49696 0.7 6.7131 0.254446 0 -0.0707397 122.019 462 462155
1.95528 6.60801 0.265388 6.90491 0.287687 -0.0629841 0.0707397 122.019 462 462155
1.84665 6.65339 0.7 6.90491 0.270736 0 0.0707397 122.957 467 462155
1.84665 6.63918 0.265388 6.90491 0.271288 -0.0629841 0.0707397 120.707 455 462155
1.73803 6.68259 0.7 6.90491 0.254446 0 0.0707397 123.707 471 462155
1.95528 6.60801 0.265388 6.90491 0.287687 -0.0629841 -0 129.519 502 462155
1.84665 6.65339 0.7 6.90491 0.270736 0 -0 131.019 510 462155
1.73803 6.68259 0.7 6.90491 0.254446 0 -0 131.957 515 462155
1.95528 6.60801 0.265388 6.90491 0.287687 -0.0629841 -0.0707397 122.957 467 462155
1.84665 6.65339 0.7 6.90491 0.270736 0 -0.0707397 124.269 474 462155
1.73803 6.68259 0.7 6.90491 0.254446 0 -0.0707397 125.394 480 462155
1.78631 6.85368 0.253315 7.09671 0.254962 -0.0629841 -0 121.269 458 462155
1.67466 6.88986 0.40221 7.09671 0.238438 -0.041974 -0 121.457 459 462155
1.67466 6.88181 0.253315 7.09671 0.238706 -0.0629841 -0 125.957 483 462155
1.56302 6.90802 0.253315 7.09671 0.222515 -0.0629841 -0 124.082 473 462155
1.83458 7.05384 0.7 7.28851 0.254446 0 -0 120.519 454 462155
1.37594 7.14274 0.241243 7.28851 0.190303 -0.0629841 -0 119.582 449 462155
-1.20696 7.56974 1.02193 7.67212 -0.158115 0.041974 1.20258 119.332 437 462155
-1.20696 7.57488 0.860967 7.67212 -0.158009 0.0209824 1.20258 116.894 424 462155
-1.32766 7.54951 1.02193 7.67212 -0.17408 0.041974 1.20258 116.519 422 462155
-1.32766 7.55466 0.860967 7.67212 -0.173964 0.0209824 1.20258 115.582 417 462155
-1.17679 7.3805 1.01389 7.48032 -0.158115 0.041974 1.20258 115.394 416 462155
-1.17679 7.3855 0.856943 7.48032 -0.158009 0.0209824 1.20258 115.957 419 462155
-1.23714 7.70265 -0.28995 7.86392 -0.159252 -0.12622 1.34406 116.144 420 462155
-1.17679 7.38717 0.7 7.48032 -0.157974 0 1.27332 116.144 420 462155
-1.20696 7.56974 1.02193 7.67212 -0.158115 0.041974 0.990356 127.207 479 462155
-1.32766 7.54092 1.1829 7.67212 -0.174275 0.0629841 0.990356 125.707 471 462155
-1.32766 7.54951 1.02193 7.67212 -0.17408 0.041974 0.990356 128.519 486 462155
-1.36085 7.74528 0.7 7.86392 -0.173925 0 1.13184 116.144 420 462155
-1.36085 7.74352 0.864992 7.86392 -0.173964 0.0209824 1.13184 115.207 415 462155
-1.11342 7.7215 -0.28995 7.86392 -0.143211 -0.12622 1.27332 119.894 440 462155
-1.23714 7.70265 -0.28995 7.86392 -0.159252 -0.12622 1.27332 121.957 451 462155
-1.23714 7.67964 -0.454942 7.86392 -0.159721 -0.147399 1.27332 118.207 431 462155
-1.20696 7.56118 1.1829 7.67212 -0.158291 0.0629841 1.13184 118.957 435 462155
-1.20696 7.56974 1.02193 7.67212 -0.158115 0.041974 1.13184 121.957 451 462155
-1.20696 7.57488 0.860967 7.67212 -0.158009 0.0209824 1.13184 117.269 426 462155
-1.32766 7.54951 1.02193 7.67212 -0.17408 0.041974 1.13184 118.394 432 462155
-1.20696 7.56974 1.02193 7.67212 -0.158115 0.041974 1.0611 122.894 456 462155
-1.20696 7.57488 0.860967 7.67212 -0.158009 0.0209824 1.0611 122.332 453 462155
-1.32766 7.54092 1.1829 7.67212 -0.174275 0.0629841 1.0611 120.457 443 462155
-1.32766 7.54951 1.02193 7.67212 -0.17408 0.041974 1.0611 125.144 468 462155
-1.32766 7.55466 0.860967 7.67212 -0.173964 0.0209824 1.0611 122.519 454 462155
-1.29447 7.32555 1.48472 7.48032 -0.1749 0.105098 0.919617 116.519 422 462155
-1.29447 7.34067 1.32777 7.48032 -0.174548 0.0840222 0.919617 118.019 430 462155
-1.32766 7.51339 1.50484 7.67212 -0.1749 0.105098 0.919617 129.082 489 462155
-1.32766 7.52889 1.34387 7.67212 -0.174548 0.0840222 0.919617 131.144 500 462155
-1.32766 7.54092 1.1829 7.67212 -0.174275 0.0629841 0.919617 127.207 479 462155
-1.44836 7.5066 1.34387 7.67212 -0.190602 0.0840222 0.919617 127.394 480 462155
-1.32766 7.51339 1.50484 7.67212 -0.1749 0.105098 0.848877 125.707 471 462155
-1.32766 7.52889 1.34387 7.67212 -0.174548 0.0840222 0.848877 127.207 479 462155
-1.29447 7.36077 1.01389 7.48032 -0.17408 0.041974 1.0611 116.519 422 462155
-1.20696 7.57659 0.7 7.67212 -0.157974 0 0.778137 121.957 451 462155
-1.20696 7.51478 1.6658 7.67212 -0.159252 0.12622 0.778137 121.394 448 462155
-1.20696 7.57488 0.860967 7.67212 -0.158009 0.0209824 0.778137 121.582 449 462155
-1.32766 7.55637 0.7 7.67212 -0.173925 0 0.778137 121.019 446 462155
-1.32766 7.49439 1.6658 7.67212 -0.175335 0.12622 0.778137 121.582 449 462155
-1.36085 7.6016 -0.784925 7.86392 -0.177145 -0.189968 0.919617 121.394 448 462155
-1.36085 7.70122 1.52496 7.86392 -0.1749 0.105098 0.919617 121.019 446 462155
-1.36085 7.71711 1.35997 7.86392 -0.174548 0.0840222 0.919617 123.269 458 462155
-1.36085 7.72945 1.19497 7.86392 -0.174275 0.0629841 0.919617 121.207 447 462155
-1.17679 7.3805 1.01389 7.48032 -0.158115 0.041974 0.990356 115.207 415 462155
-1.29447 7.3524 1.17083 7.48032 -0.174275 0.0629841 0.990356 114.832 413 462155
-1.29447 7.36077 1.01389 7.48032 -0.17408 0.041974 0.990356 117.457 427 462155
-1.23714 7.766 0.7 7.86392 -0.157974 0 0.707397 116.519 422 462155
-1.23714 7.70265 1.68995 7.86392 -0.159252 0.12622 0.707397 115.394 416 462155
-1.23714 7.76425 0.864992 7.86392 -0.158009 0.0209824 0.707397 116.519 422 462155
-1.36085 7.65869 1.85494 7.86392 -0.175852 0.147399 0.707397 115.582 417 462155
-1.36085 7.68175 1.68995 7.86392 -0.175335 0.12622 0.707397 117.269 426 462155
-1.36085 7.74352 0.864992 7.86392 -0.173964 0.0209824 0.707397 114.832 413 462155
-1.48456 7.72076 0.535008 7.86392 -0.189964 -0.0209824 0.707397 115.019 414 462155
-1.08627 7.55206 1.50484 7.67212 -0.142857 0.105098 0.707397 119.332 437 462155
-1.08627 7.56749 1.34387 7.67212 -0.14257 0.0840222 0.707397 119.519 438 462155
-1.20696 7.57659 0.7 7.67212 -0.157974 0 0.707397 119.332 437 462155
-1.20696 7.57488 0.860967 7.67212 -0.158009 0.0209824 0.707397 119.144 436 462155
-1.44836 7.53245 0.539033 7.67212 -0.189964 -0.0209824 0.565918 122.707 455 462155
-1.44836 7.52729 0.378065 7.67212 -0.190091 -0.041974 0.565918 122.332 453 462155
-1.56905 7.50823 0.539033 7.67212 -0.206013 -0.0209824 0.565918 121.394 448 462155
-1.56905 7.50306 0.378065 7.67212 -0.206151 -0.041974 0.565918 121.019 446 462155
-1.44836 7.53245 0.539033 7.67212 -0.189964 -0.0209824 0.495178 119.707 439 462155
-1.44836 7.52729 0.378065 7.67212 -0.190091 -0.041974 0.495178 119.144 436 462155
-1.56905 7.50823 0.539033 7.67212 -0.206013 -0.0209824 0.495178 118.957 435 462155
-1.56905 7.50306 0.378065 7.67212 -0.206151 -0.041974 0.495178 118.207 431 462155
-0.98971 7.77343 1.35997 7.86392 -0.126638 0.0840222 0.495178 112.207 399 462155
-1.36085 7.70122 1.52496 7.86392 -0.1749 0.105098 0.848877 120.457 443 462155
-1.36085 7.71711 1.35997 7.86392 -0.174548 0.0840222 0.848877 122.144 452 462155
-1.23714 7.70265 1.68995 7.86392 -0.159252 0.12622 0.778137 122.707 455 462155
-1.36085 7.68175 1.68995 7.86392 -0.175335 0.12622 0.778137 123.082 457 462155
-1.05911 7.36326 1.48472 7.48032 -0.142857 0.105098 0.636658 116.519 422 462155
-1.39404 7.90533 1.37606 8.05573 -0.174548 0.0840222 0.919617 117.644 428 462155
-1.39404 7.92698 1.03803 8.05573 -0.17408 0.041974 0.990356 115.207 415 462155
-0.941431 7.37923 1.48472 7.48032 -0.126893 0.105098 0.707397 111.832 397 462155
-0.941431 7.39424 1.32777 7.48032 -0.126638 0.0840222 0.707397 112.207 399 462155
-1.05911 7.36326 1.48472 7.48032 -0.142857 0.105098 0.707397 117.269 426 462155
-1.05911 7.3783 1.32777 7.48032 -0.14257 0.0840222 0.707397 116.707 423 462155
1.88286 7.23266 0.386113 7.48032 0.254675 -0.041974 -0 124.957 467 462155
1.76518 7.26228 0.386113 7.48032 0.238438 -0.041974 -0 125.144 468 462155
1.41215 7.33071 0.22917 7.48032 0.190303 -0.0629841 -0 119.707 439 462155
-1.41215 7.34414 0.543057 7.48032 -0.189964 -0.0209824 0.565918 116.144 420 462155
-1.44836 7.52729 0.378065 7.67212 -0.190091 -0.041974 0.0707397 116.519 422 462155
-1.56905 7.50306 0.378065 7.67212 -0.206151 -0.041974 0.0707397 116.332 421 462155
-1.08627 7.55206 1.50484 7.67212 -0.142857 0.105098 0.636658 118.582 433 462155
-1.08627 7.56749 1.34387 7.67212 -0.14257 0.0840222 0.636658 120.082 441 462155
-1.32766 7.52889 1.34387 7.67212 -0.174548 0.0840222 0.636658 118.957 435 462155
-1.44836 7.5066 1.34387 7.67212 -0.190602 0.0840222 0.636658 116.332 421 462155
-1.44836 7.51868 0.217098 7.67212 -0.190303 -0.0629841 0.141479 115.394 416 462155
-1.56905 7.49442 0.217098 7.67212 -0.206382 -0.0629841 0.141479 114.832 413 462155
2.84542 7.32366 0.370017 7.86392 0.370574 -0.041974 0.0707397 110.332 389 462155
2.84542 7.31436 0.205025 7.86392 0.371003 -0.0629841 0.0707397 112.582 401 462155
1.85571 7.64005 0.535008 7.86392 0.238277 -0.0209824 -0 126.269 474 462155
1.85571 7.63471 0.370017 7.86392 0.238438 -0.041974 -0 126.457 475 462155
1.73199 7.66904 0.535008 7.86392 0.222116 -0.0209824 -0 123.832 461 462155
1.73199 7.66372 0.370017 7.86392 0.222265 -0.041974 -0 124.207 463 462155
1.90097 7.8264 0.530984 8.05573 0.238277 -0.0209824 0.0707397 126.269 474 462155
1.90097 7.82092 0.361968 8.05573 0.238438 -0.041974 0.0707397 131.144 500 462155
1.90097 7.81178 0.192952 8.05573 0.238706 -0.0629841 0.0707397 127.957 483 462155
1.77424 7.85064 0.361968 8.05573 0.222265 -0.041974 0.0707397 127.582 481 462155
1.90097 7.8264 0.530984 8.05573 0.238277 -0.0209824 -0 133.957 515 462155
1.90097 7.82092 0.361968 8.05573 0.238438 -0.041974 -0 138.644 540 462155
1.90097 7.81178 0.192952 8.05573 0.238706 -0.0629841 -0 135.457 523 462155
1.77424 7.85064 0.361968 8.05573 0.222265 -0.041974 -0 135.082 521 462155
1.90097 7.8264 0.530984 8.05573 0.238277 -0.0209824 -0.0707397 126.832 477 462155
1.90097 7.82092 0.361968 8.05573 0.238438 -0.041974 -0.0707397 131.519 502 462155
1.90097 7.81178 0.192952 8.05573 0.238706 -0.0629841 -0.0707397 128.519 486 462155
1.77424 7.85064 0.361968 8.05573 0.222265 -0.041974 -0.0707397 128.144 484 462155
1.94623 8.00713 0.35392 8.24753 0.238438 -0.041974 0.0707397 123.519 454 462155
1.94623 8.00713 0.35392 8.24753 0.238438 -0.041974 -0 131.582 497 462155
1.94623 7.99778 0.18088 8.24753 0.238706 -0.0629841 -0 129.894 488 462155
1.81648 8.03756 0.35392 8.24753 0.222265 -0.041974 -0 127.644 476 462155
1.94623 8.00713 0.35392 8.24753 0.238438 -0.041974 -0.0707397 125.207 463 462155
1.94623 7.99778 0.18088 8.24753 0.238706 -0.0629841 -0.0707397 123.707 455 462155
1.99149 8.19334 0.345872 8.43933 0.238438 -0.041974 -0 125.019 462 462155
1.32766 8.32672 0.345872 8.43933 0.158115 -0.041974 -0 116.957 419 462155
2.4441 8.26993 0.337823 8.63113 0.287361 -0.041974 -0 118.644 428 462155
1.6294 8.4682 0.337823 8.63113 0.190091 -0.041974 -0 121.269 442 462155
1.49362 8.4932 0.337823 8.63113 0.17408 -0.041974 -0 119.582 433 462155
4.68 7.69546 0.321726 9.01474 0.546391 -0.041974 -0 115.394 400 462155
3.12 8.44914 0.321726 9.01474 0.353736 -0.041974 -0 117.644 412 462155
2.97818 8.50017 0.321726 9.01474 0.337002 -0.041974 -0 117.832 413 462155
4.77957 7.85919 0.313678 9.20654 0.546391 -0.041974 -0 115.582 401 462155
3.76573 8.39229 0.313678 9.20654 0.421783 -0.041974 -0 116.894 408 462155
3.62089 8.45579 0.313678 9.20654 0.40459 -0.041974 -0 119.519 422 462155
3.62089 8.44475 0.120517 9.20654 0.405063 -0.0629841 -0 115.582 401 462155
3.47605 8.51635 0.313678 9.20654 0.387523 -0.041974 -0 115.582 401 462155
3.8472 8.9913 0.494766 9.78195 0.404307 -0.0209824 -0 119.207 415 462155
3.8472 8.98427 0.289533 9.78195 0.40459 -0.041974 -0 120.144 420 462155
3.69331 9.0556 0.494766 9.78195 0.387253 -0.0209824 -0 118.082 409 462155
3.69331 9.04862 0.289533 9.78195 0.387523 -0.041974 -0 118.832 413 462155
-1.72596 9.82105 0.490742 9.97375 -0.173964 -0.0209824 -0 116.019 398 462155
-2.03977 9.7607 0.490742 9.97375 -0.206013 -0.0209824 -0 118.082 409 462155
-2.19667 9.72659 0.490742 9.97375 -0.222116 -0.0209824 -0 114.894 392 462155
-2.3234 10.2806 0.257339 10.5492 -0.222265 -0.041974 -0 121.519 422 462155
-2.48936 10.2417 0.257339 10.5492 -0.238438 -0.041974 -0 121.519 422 462155
8.13192 6.71624 0.47867 10.5492 0.880455 -0.0209824 -0 121.332 421 462155
8.13192 6.70529 0.257339 10.5492 0.881256 -0.041974 -0 124.144 436 462155
8.13192 6.70529 0.257339 10.5492 0.881256 -0.041974 -0.0707397 117.957 403 462155
6.23095 9.43452 0.225146 11.3164 0.58368 -0.041974 0.0707397 118.582 401 462155
6.05292 9.55856 0.462573 11.3164 0.564507 -0.0209824 0.0707397 123.644 428 462155
6.05292 9.54971 0.225146 11.3164 0.564926 -0.041974 0.0707397 125.144 436 462155
6.05292 9.55856 0.462573 11.3164 0.564507 -0.0209824 -0 131.332 469 462155
6.05292 9.54971 0.225146 11.3164 0.564926 -0.041974 -0 132.644 476 462155
6.05292 9.55856 0.462573 11.3164 0.564507 -0.0209824 -0.0707397 124.582 433 462155
6.05292 9.54971 0.225146 11.3164 0.564926 -0.041974 -0.0707397 125.707 439 462155
6.15551 9.72057 0.458549 11.5082 0.564507 -0.0209824 -0 120.269 410 462155
6.15551 9.71157 0.217098 11.5082 0.564926 -0.041974 -0 121.394 416 462155
5.97447 9.53489 3.11451 11.5082 0.559742 0.211379 -0 121.582 417 462155
5.97447 9.59279 2.87306 11.5082 0.557021 0.189968 -0 123.832 429 462155
1.59319 12.5471 0.168807 12.659 0.126301 -0.041974 -0 119.394 400 462155
1.39404 12.5708 0.168807 12.659 0.110444 -0.041974 -0 120.707 407 462155
6.15551 11.4954 0.426355 13.0426 0.491624 -0.0209824 -0 139.519 502 462155
5.95033 11.6029 0.426355 13.0426 0.473858 -0.0209824 -0 137.832 493 462155
6.24604 11.6645 0.422331 13.2344 0.491624 -0.0209824 -0 143.644 524 462155
6.24604 11.6545 0.144662 13.2344 0.491978 -0.041974 -0 140.457 507 462155
6.03783 11.7736 0.422331 13.2344 0.473858 -0.0209824 -0 141.957 515 462155
6.03783 11.7637 0.144662 13.2344 0.474198 -0.041974 -0 138.394 496 462155
6.33656 11.8335 0.418307 13.4262 0.491624 -0.0209824 0.0707397 145.519 534 462155
6.33656 11.8234 0.136614 13.4262 0.491978 -0.041974 0.0707397 141.582 513 462155
6.12534 11.9442 0.418307 13.4262 0.473858 -0.0209824 0.0707397 143.644 524 462155
6.33656 11.8335 0.418307 13.4262 0.491624 -0.0209824 -0 153.207 575 462155
6.33656 11.8234 0.136614 13.4262 0.491978 -0.041974 -0 149.269 554 462155
6.12534 11.9442 0.418307 13.4262 0.473858 -0.0209824 -0 151.144 564 462155
6.33656 11.8335 0.418307 13.4262 0.491624 -0.0209824 -0.0707397 146.082 537 462155
6.33656 11.8234 0.136614 13.4262 0.491978 -0.041974 -0.0707397 142.332 517 462155
6.12534 11.9442 0.418307 13.4262 0.473858 -0.0209824 -0.0707397 144.207 527 462155
6.42708 12.0026 0.414283 13.618 0.491624 -0.0209824 -0 141.082 505 462155
6.42708 11.8382 2.70002 13.618 0.497384 0.147399 -0 139.019 494 462155
6.21284 12.1148 0.414283 13.618 0.473858 -0.0209824 -0 138.832 493 462155
6.21284 11.9007 2.98574 13.618 0.481138 0.168645 -0 137.894 488 462155
6.21284 11.952 2.70002 13.618 0.479374 0.147399 -0 142.019 510 462155
6.5176 12.1716 0.410259 13.8098 0.491624 -0.0209824 -0 138.082 489 462155
6.1193 13.6519 0.7 14.9606 0.421388 0 -0 131.582 449 462155
-7.38963 13.2284 0.7 15.1524 -0.509437 0 -0 127.707 423 462155
-7.38963 13.2245 0.382089 15.1524 -0.50956 -0.0209824 -0 128.082 425 462155
-7.38963 13.1671 -0.571643 15.1524 -0.511416 -0.0840222 -0 129.394 432 462155
6.82538 15.2271 0.7 16.6869 0.421388 0 0.0707397 145.394 512 462155
6.56286 15.3421 0.7 16.6869 0.404213 0 0.0707397 149.519 534 462155
6.56286 15.3381 1.0501 16.6869 0.404307 0.0209824 0.0707397 149.332 533 462155
6.82538 15.2271 0.7 16.6869 0.421388 0 -0 152.894 552 462155
6.56286 15.3421 0.7 16.6869 0.404213 0 -0 156.832 573 462155
6.56286 15.3381 1.0501 16.6869 0.404307 0.0209824 -0 156.832 573 462155
6.82538 15.2271 0.7 16.6869 0.421388 0 -0.0707397 145.582 513 462155
6.56286 15.3421 0.7 16.6869 0.404213 0 -0.0707397 149.707 535 462155
6.56286 15.3381 1.0501 16.6869 0.404307 0.0209824 -0.0707397 149.707 535 462155
6.6383 15.5184 0.7 16.8787 0.404213 0 0.0707397 149.519 534 462155
6.6383 15.5144 1.05413 16.8787 0.404307 0.0209824 0.0707397 149.144 532 462155
6.6383 15.5184 0.7 16.8787 0.404213 0 -0 157.394 576 462155
6.6383 15.5144 1.05413 16.8787 0.404307 0.0209824 -0 157.207 575 462155
6.6383 15.5184 0.7 16.8787 0.404213 0 -0.0707397 150.832 541 462155
6.6383 15.5144 1.05413 16.8787 0.404307 0.0209824 -0.0707397 150.269 538 462155
6.73486 16.5174 0.7 17.8377 0.387164 0 0.0707397 148.269 522 462155
6.73486 16.5132 0.325751 17.8377 0.387253 -0.0209824 0.0707397 148.832 525 462155
6.45424 16.6291 0.7 17.8377 0.370232 0 0.0707397 145.644 508 462155
6.45424 16.6248 0.325751 17.8377 0.370317 -0.0209824 0.0707397 146.019 510 462155
6.73486 16.5174 0.7 17.8377 0.387164 0 -0 155.957 563 462155
6.73486 16.5132 0.325751 17.8377 0.387253 -0.0209824 -0 156.144 564 462155
6.45424 16.6291 0.7 17.8377 0.370232 0 -0 152.957 547 462155
6.45424 16.6248 0.325751 17.8377 0.370317 -0.0209824 -0 153.332 549 462155
6.73486 16.5174 0.7 17.8377 0.387164 0 -0.0707397 148.644 524 462155
6.73486 16.5132 0.325751 17.8377 0.387253 -0.0209824 -0.0707397 149.019 526 462155
6.45424 16.6291 0.7 17.8377 0.370232 0 -0.0707397 145.644 508 462155
6.45424 16.6248 0.325751 17.8377 0.370317 -0.0209824 -0.0707397 146.019 510 462155
6.80727 16.695 0.7 18.0295 0.387164 0 0.0707397 142.082 489 462155
6.80727 16.6907 0.321726 18.0295 0.387253 -0.0209824 0.0707397 142.457 491 462155
6.80727 16.695 0.7 18.0295 0.387164 0 -0 150.144 532 462155
6.80727 16.6907 0.321726 18.0295 0.387253 -0.0209824 -0 150.519 534 462155
6.52364 16.8079 0.7 18.0295 0.370232 0 -0 147.144 516 462155
6.52364 16.8036 0.321726 18.0295 0.370317 -0.0209824 -0 147.332 517 462155
6.80727 16.695 0.7 18.0295 0.387164 0 -0.0707397 143.957 499 462155
6.80727 16.6907 0.321726 18.0295 0.387253 -0.0209824 -0.0707397 144.332 501 462155
6.87969 16.8726 0.7 18.2213 0.387164 0 -0 146.457 507 462155
6.87969 16.8683 0.317702 18.2213 0.387253 -0.0209824 -0 145.519 502 462155
6.59304 16.9867 0.7 18.2213 0.370232 0 -0 146.269 506 462155
6.59304 16.9824 0.317702 18.2213 0.370317 -0.0209824 -0 145.519 502 462155
3.04758 19.1309 0.7 19.3721 0.157974 0 0.0707397 137.707 455 462155
3.04758 19.1266 0.293557 19.3721 0.158009 -0.0209824 0.0707397 136.582 449 462155
2.74282 19.1769 0.7 19.3721 0.142064 0 0.0707397 138.644 460 462155
2.74282 19.1726 0.293557 19.3721 0.142095 -0.0209824 0.0707397 136.582 449 462155
6.46329 18.4654 0.7 19.5639 0.336693 0 -0 152.894 536 462155
6.46329 18.4609 0.289533 19.5639 0.336771 -0.0209824 -0 152.332 533 462155
6.15551 18.5703 0.7 19.5639 0.320073 0 -0 152.144 532 462155
6.15551 18.5658 0.289533 19.5639 0.320146 -0.0209824 -0 151.207 527 462155
7.14824 18.1871 3.60144 19.7557 0.37449 0.147399 -0 143.332 485 462155
5.90507 18.8525 0.7 19.7557 0.303544 0 -0 151.207 527 462155
6.27621 18.9344 0.7 19.9475 0.320073 0 0.0707397 159.457 571 462155
6.27621 18.9298 0.281485 19.9475 0.320146 -0.0209824 0.0707397 155.332 549 462155
6.27621 18.9298 1.11852 19.9475 0.320146 0.0209824 0.0707397 155.519 550 462155
5.9624 19.0356 0.7 19.9475 0.303544 0 0.0707397 158.894 568 462155
6.27621 18.9344 0.7 19.9475 0.320073 0 -0 166.957 611 462155
6.27621 18.9298 0.281485 19.9475 0.320146 -0.0209824 -0 163.019 590 462155
6.27621 18.9298 1.11852 19.9475 0.320146 0.0209824 -0 163.019 590 462155
5.9624 19.0356 0.7 19.9475 0.303544 0 -0 166.207 607 462155
6.27621 18.9344 0.7 19.9475 0.320073 0 -0.0707397 160.019 574 462155
6.27621 18.9298 0.281485 19.9475 0.320146 -0.0209824 -0.0707397 156.082 553 462155
6.27621 18.9298 1.11852 19.9475 0.320146 0.0209824 -0.0707397 155.894 552 462155
5.9624 19.0356 0.7 19.9475 0.303544 0 -0.0707397 159.269 570 462155
6.33656 19.1165 0.7 20.1393 0.320073 0 0.0707397 152.894 536 462155
6.01973 19.2186 0.7 20.1393 0.303544 0 0.0707397 151.582 529 462155
6.33656 19.1165 0.7 20.1393 0.320073 0 -0 161.144 580 462155
6.33656 19.1118 0.27746 20.1393 0.320146 -0.0209824 -0 157.019 558 462155
6.33656 19.1118 1.12254 20.1393 0.320146 0.0209824 -0 157.394 560 462155
6.01973 19.2186 0.7 20.1393 0.303544 0 -0 160.582 577 462155
6.33656 19.1165 0.7 20.1393 0.320073 0 -0.0707397 154.582 545 462155
6.01973 19.2186 0.7 20.1393 0.303544 0 -0.0707397 154.582 545 462155
6.39691 19.2985 0.7 20.3311 0.320073 0 -0 152.707 535 462155
6.07706 19.4016 0.7 20.3311 0.303544 0 -0 151.582 529 462155
1.93718 20.4268 1.13059 20.5229 0.0945525 0.0209824 -0 147.707 503 462155
1.61431 20.4548 1.13059 20.5229 0.0787578 0.0209824 -0 148.832 509 462155
1.29145 20.4822 0.7 20.5229 0.0629689 0 -0 151.269 522 462155
1.29145 20.4777 1.13059 20.5229 0.0629827 0.0209824 -0 150.144 516 462155
0.968588 20.5 0.7 20.5229 0.047213 0 -0 148.457 507 462155
1.95528 20.6222 0.7 20.7147 0.0945316 0 0.0707397 150.519 518 462155
1.95528 20.6177 1.13461 20.7147 0.0945525 0.0209824 0.0707397 153.707 535 462155
1.6294 20.6505 0.7 20.7147 0.0787404 0 0.0707397 151.457 523 462155
1.6294 20.646 1.13461 20.7147 0.0787578 0.0209824 0.0707397 154.082 537 462155
1.95528 20.6222 0.7 20.7147 0.0945316 0 -0 158.582 561 462155
1.95528 20.6177 1.13461 20.7147 0.0945525 0.0209824 -0 161.582 577 462155
1.6294 20.6505 0.7 20.7147 0.0787404 0 -0 159.707 567 462155
1.6294 20.646 1.13461 20.7147 0.0787578 0.0209824 -0 161.957 579 462155
1.95528 20.6222 0.7 20.7147 0.0945316 0 -0.0707397 151.832 525 462155
1.95528 20.6177 1.13461 20.7147 0.0945525 0.0209824 -0.0707397 154.832 541 462155
1.6294 20.6505 0.7 20.7147 0.0787404 0 -0.0707397 152.957 531 462155
1.6294 20.646 1.13461 20.7147 0.0787578 0.0209824 -0.0707397 155.019 542 462155
4.93346 20.3161 0.7 20.9065 0.238224 0 0.0707397 147.144 500 462155
4.93346 20.2971 1.57727 20.9065 0.238438 0.041974 0.0707397 145.269 490 462155
4.93346 20.3114 1.13864 20.9065 0.238277 0.0209824 0.0707397 148.644 508 462155
4.60457 20.3743 1.57727 20.9065 0.222265 0.041974 0.0707397 146.019 494 462155
4.60457 20.3884 1.13864 20.9065 0.222116 0.0209824 0.0707397 147.144 500 462155
4.93346 20.3114 1.13864 20.9065 0.238277 0.0209824 -0 156.144 548 462155
4.60457 20.3884 1.13864 20.9065 0.222116 0.0209824 -0 155.019 542 462155
4.93346 20.3161 0.7 20.9065 0.238224 0 -0.0707397 147.894 504 462155
4.93346 20.3114 1.13864 20.9065 0.238277 0.0209824 -0.0707397 149.582 513 462155
4.60457 20.3884 1.13864 20.9065 0.222116 0.0209824 -0.0707397 148.269 506 462155
1.64449 20.8417 0.7 20.9065 0.0787404 0 -0.0707397 148.269 506 462155
1.64449 20.8371 1.13864 20.9065 0.0787578 0.0209824 -0.0707397 148.832 509 462155
1.99149 21.0041 0.7 21.0983 0.0945316 0 -0 147.144 500 462155
1.99149 20.9995 1.14266 21.0983 0.0945525 0.0209824 -0 151.457 523 462155
1.65957 21.0283 1.14266 21.0983 0.0787578 0.0209824 -0 151.082 521 462155
3.68426 20.9499 1.59337 21.2901 0.17408 0.041974 -0 144.894 488 462155
3.68426 20.9642 1.14668 21.2901 0.173964 0.0209824 -0 143.957 483 462155
1.67466 21.2242 0.7 21.2901 0.0787404 0 -0 145.457 491 462155
1.67466 21.2195 1.14668 21.2901 0.0787578 0.0209824 -0 145.457 491 462155
3.71745 21.153 1.15071 21.4819 0.173964 0.0209824 0.0707397 147.894 504 462155
1.3518 21.4394 0.7 21.4819 0.0629689 0 0.0707397 150.519 518 462155
1.3518 21.4346 0.249291 21.4819 0.0629827 -0.0209824 0.0707397 147.707 503 462155
1.3518 21.4346 1.15071 21.4819 0.0629827 0.0209824 0.0707397 148.832 509 462155
1.01385 21.458 0.7 21.4819 0.047213 0 0.0707397 147.707 503 462155
1.3518 21.4394 0.7 21.4819 0.0629689 0 -0 158.207 559 462155
1.3518 21.4346 1.15071 21.4819 0.0629827 0.0209824 -0 156.519 550 462155
3.71745 21.153 1.15071 21.4819 0.173964 0.0209824 -0.0707397 148.644 508 462155
1.3518 21.4394 0.7 21.4819 0.0629689 0 -0.0707397 150.894 520 462155
1.3518 21.4346 0.249291 21.4819 0.0629827 -0.0209824 -0.0707397 148.082 505 462155
1.3518 21.4346 1.15071 21.4819 0.0629827 0.0209824 -0.0707397 149.394 512 462155
1.01385 21.458 0.7 21.4819 0.047213 0 -0.0707397 148.082 505 462155
1.36387 21.6308 0.7 21.6737 0.0629689 0 0.0707397 145.457 491 462155
1.36387 21.6308 0.7 21.6737 0.0629689 0 -0 153.519 534 462155
1.36387 21.6308 0.7 21.6737 0.0629689 0 -0.0707397 147.144 500 462155
5.15977 21.2431 1.15876 21.8655 0.238277 0.0209824 0.0707397 149.582 513 462155
4.81578 21.3089 1.61751 21.8655 0.222265 0.041974 0.0707397 149.582 513 462155
4.81578 21.3237 1.15876 21.8655 0.222116 0.0209824 0.0707397 154.644 540 462155
4.4718 21.3985 1.15876 21.8655 0.206013 0.0209824 0.0707397 149.957 515 462155
5.15977 21.2431 1.15876 21.8655 0.238277 0.0209824 -0 156.332 549 462155
4.81578 21.3089 1.61751 21.8655 0.222265 0.041974 -0 156.519 550 462155
4.81578 21.3237 1.15876 21.8655 0.222116 0.0209824 -0 161.394 576 462155
4.4718 21.3985 1.15876 21.8655 0.206013 0.0209824 -0 156.707 551 462155
5.15977 21.2431 1.15876 21.8655 0.238277 0.0209824 -0.0707397 148.269 506 462155
4.81578 21.3089 1.61751 21.8655 0.222265 0.041974 -0.0707397 148.457 507 462155
4.81578 21.3237 1.15876 21.8655 0.222116 0.0209824 -0.0707397 153.707 535 462155
4.4718 21.3985 1.15876 21.8655 0.206013 0.0209824 -0.0707397 149.207 511 462155
4.85803 21.5107 1.16278 22.0573 0.222116 0.0209824 0.0707397 150.019 510 462155
5.20503 21.4294 1.16278 22.0573 0.238277 0.0209824 -0 153.207 527 462155
4.85803 21.4958 1.62556 22.0573 0.222265 0.041974 -0 151.519 518 462155
4.85803 21.5107 1.16278 22.0573 0.222116 0.0209824 -0 157.519 550 462155
4.51103 21.5862 1.16278 22.0573 0.206013 0.0209824 -0 152.457 523 462155
5.20503 21.4294 1.16278 22.0573 0.238277 0.0209824 -0.0707397 146.457 491 462155
4.85803 21.5107 1.16278 22.0573 0.222116 0.0209824 -0.0707397 150.957 515 462155
8.05045 20.7364 1.16681 22.2491 0.370317 0.0209824 0.0707397 135.019 430 462155
8.05045 20.7364 1.16681 22.2491 0.370317 0.0209824 -0 142.519 470 462155
4.90027 21.6978 1.16681 22.2491 0.222116 0.0209824 -0 147.019 494 462155
2.80015 22.0722 0.7 22.2491 0.126189 0 -0 142.144 468 462155
2.80015 22.0673 1.16681 22.2491 0.126217 0.0209824 -0 141.957 467 462155
8.05045 20.7364 1.16681 22.2491 0.370317 0.0209824 -0.0707397 135.582 433 462155
4.01617 22.858 0.7 23.2082 0.173925 0 0.0707397 138.269 442 462155
4.01617 22.8528 1.18693 23.2082 0.173964 0.0209824 0.0707397 139.957 451 462155
3.65106 22.914 1.18693 23.2082 0.158009 0.0209824 0.0707397 136.582 433 462155
3.28596 22.9744 0.7 23.2082 0.142064 0 0.0707397 137.707 439 462155
3.28596 22.9692 1.18693 23.2082 0.142095 0.0209824 0.0707397 138.644 444 462155
1.79536 22.7538 0.7 22.8246 0.0787404 0 0.0707397 152.332 517 462155
1.43629 22.7793 0.7 22.8246 0.0629689 0 0.0707397 154.582 529 462155
1.43629 22.7743 1.17888 22.8246 0.0629827 0.0209824 0.0707397 150.457 507 462155
1.07721 22.7991 0.7 22.8246 0.047213 0 0.0707397 152.332 517 462155
1.79536 22.7538 0.7 22.8246 0.0787404 0 -0 159.644 556 462155
1.43629 22.7793 0.7 22.8246 0.0629689 0 -0 161.894 568 462155
1.43629 22.7743 1.17888 22.8246 0.0629827 0.0209824 -0 157.957 547 462155
1.07721 22.7991 0.7 22.8246 0.047213 0 -0 159.457 555 462155
1.79536 22.7538 0.7 22.8246 0.0787404 0 -0.0707397 152.519 518 462155
1.43629 22.7793 0.7 22.8246 0.0629689 0 -0.0707397 154.582 529 462155
1.43629 22.7743 1.17888 22.8246 0.0629827 0.0209824 -0.0707397 150.832 509 462155
1.07721 22.7991 0.7 22.8246 0.047213 0 -0.0707397 152.332 517 462155
1.81044 22.945 0.7 23.0164 0.0787404 0 0.0707397 151.582 513 462155
1.44836 22.9707 0.7 23.0164 0.0629689 0 0.0707397 155.332 533 462155
1.44836 22.9657 1.1829 23.0164 0.0629827 0.0209824 0.0707397 151.582 513 462155
1.08627 22.9907 0.7 23.0164 0.047213 0 0.0707397 153.644 524 462155
1.08627 22.9856 1.1829 23.0164 0.0472234 0.0209824 0.0707397 150.832 509 462155
1.81044 22.945 0.7 23.0164 0.0787404 0 -0 159.457 555 462155
1.44836 22.9707 0.7 23.0164 0.0629689 0 -0 163.207 575 462155
1.44836 22.9657 1.1829 23.0164 0.0629827 0.0209824 -0 159.457 555 462155
1.08627 22.9907 0.7 23.0164 0.047213 0 -0 161.519 566 462155
1.81044 22.945 0.7 23.0164 0.0787404 0 -0.0707397 152.519 518 462155
1.44836 22.9707 0.7 23.0164 0.0629689 0 -0.0707397 156.269 538 462155
1.44836 22.9657 1.1829 23.0164 0.0629827 0.0209824 -0.0707397 152.707 519 462155
1.08627 22.9907 0.7 23.0164 0.047213 0 -0.0707397 154.957 531 462155
1.08627 22.9856 1.1829 23.0164 0.0472234 0.0209824 -0.0707397 152.144 516 462155
-14.2392 18.2683 2.16078 23.2082 -0.662081 0.0629841 -0.141479 134.707 423 462155
9.12766 21.2488 2.64771 23.2082 0.405728 0.0840222 -0.141479 136.582 433 462155
9.12766 21.2878 2.16078 23.2082 0.405063 0.0629841 -0.141479 138.082 441 462155
8.76255 21.4407 2.16078 23.2082 0.387974 0.0629841 -0.141479 135.832 429 462155
4.38128 22.7857 1.18693 23.2082 0.189964 0.0209824 -0 149.144 500 462155
9.2031 21.4244 2.6638 23.4 0.405728 0.0840222 -0.141479 135.269 426 462155
9.2031 21.4637 2.17285 23.4 0.405063 0.0629841 -0.141479 136.957 435 462155
8.83497 21.6179 2.17285 23.4 0.387974 0.0629841 -0.141479 135.269 426 462155
4.41749 22.974 1.19095 23.4 0.189964 0.0209824 -0 141.832 461 462155
4.04936 23.0469 0.7 23.4 0.173925 0 -0 140.144 452 462155
4.04936 23.0417 1.19095 23.4 0.173964 0.0209824 -0 139.394 448 462155
3.31311 23.1642 0.7 23.4 0.142064 0 -0 139.957 451 462155
3.31311 23.159 1.19095 23.4 0.142095 0.0209824 -0 140.332 453 462155
-14.8456 18.3352 0.7 23.5918 -0.680617 0 0.0707397 137.144 436 462155
-14.8456 18.3285 0.205025 23.5918 -0.680795 -0.0209824 0.0707397 135.457 427 462155
-15.2168 18.0283 0.7 23.5918 -0.701029 0 0.0707397 133.957 419 462155
-14.8456 18.3352 0.7 23.5918 -0.680617 0 -0 145.207 479 462155
-14.8456 18.3285 0.205025 23.5918 -0.680795 -0.0209824 -0 143.144 468 462155
-13.7322 19.1769 1.19497 23.5918 -0.621438 0.0209824 -0.0707397 134.144 420 462155
-14.1034 18.9056 1.19497 23.5918 -0.640929 0.0209824 -0.0707397 134.144 420 462155
-14.8456 18.3352 0.7 23.5918 -0.680617 0 -0.0707397 138.457 443 462155
-14.8456 18.3285 0.205025 23.5918 -0.680795 -0.0209824 -0.0707397 136.957 435 462155
-15.2168 18.0283 0.7 23.5918 -0.701029 0 -0.0707397 134.707 423 462155
-7.10901 22.6908 0.201001 23.7836 -0.303613 -0.0209824 0.0707397 135.644 428 462155
-14.5922 18.781 0.7 23.7836 -0.660537 0 0.0707397 138.457 443 462155
-14.9663 18.4842 0.7 23.7836 -0.680617 0 0.0707397 138.832 445 462155
-14.9663 18.4775 0.201001 23.7836 -0.680795 -0.0209824 0.0707397 136.582 433 462155
-14.5922 18.781 0.7 23.7836 -0.660537 0 -0 145.957 483 462155
-14.9663 18.4842 0.7 23.7836 -0.680617 0 -0 146.707 487 462155
-14.9663 18.4775 0.201001 23.7836 -0.680795 -0.0209824 -0 144.269 474 462155
-14.5922 18.781 0.7 23.7836 -0.660537 0 -0.0707397 139.394 448 462155
-14.9663 18.4842 0.7 23.7836 -0.680617 0 -0.0707397 140.519 454 462155
-14.9663 18.4775 0.201001 23.7836 -0.680795 -0.0209824 -0.0707397 137.894 440 462155
-7.16634 22.8738 0.196977 23.9754 -0.303613 -0.0209824 0.0707397 134.144 420 462155
-14.3327 19.2196 0.7 23.9754 -0.640765 0 0.0707397 133.207 415 462155
-14.3327 19.213 1.20302 23.9754 -0.640929 0.0209824 0.0707397 133.019 414 462155
-14.7099 18.9325 0.7 23.9754 -0.660537 0 0.0707397 134.519 422 462155
-14.7099 18.9258 1.20302 23.9754 -0.660708 0.0209824 0.0707397 134.144 420 462155
-7.16634 22.8738 0.196977 23.9754 -0.303613 -0.0209824 -0 142.394 464 462155
1.52077 24.1193 0.7 24.1672 0.0629689 0 0.0707397 148.582 497 462155
1.52077 24.1139 1.20705 24.1672 0.0629827 0.0209824 0.0707397 146.707 487 462155
1.14058 24.1402 0.7 24.1672 0.047213 0 0.0707397 148.957 499 462155
1.14058 24.1349 1.20705 24.1672 0.0472234 0.0209824 0.0707397 147.082 489 462155
1.52077 24.1193 0.7 24.1672 0.0629689 0 -0 155.894 536 462155
1.52077 24.1139 1.20705 24.1672 0.0629827 0.0209824 -0 154.207 527 462155
1.14058 24.1402 0.7 24.1672 0.047213 0 -0 156.082 537 462155
1.14058 24.1349 1.20705 24.1672 0.0472234 0.0209824 -0 154.394 528 462155
1.52077 24.1193 0.7 24.1672 0.0629689 0 -0.0707397 148.582 497 462155
1.52077 24.1139 1.20705 24.1672 0.0629827 0.0209824 -0.0707397 146.707 487 462155
1.14058 24.1402 0.7 24.1672 0.047213 0 -0.0707397 148.582 497 462155
1.14058 24.1349 1.20705 24.1672 0.0472234 0.0209824 -0.0707397 147.082 489 462155
1.53284 24.3107 0.7 24.359 0.0629689 0 0.0707397 150.144 500 462155
1.53284 24.3053 1.21107 24.359 0.0629827 0.0209824 0.0707397 149.207 495 462155
1.14963 24.3318 0.7 24.359 0.047213 0 0.0707397 150.144 500 462155
1.14963 24.3265 1.21107 24.359 0.0472234 0.0209824 0.0707397 148.832 493 462155
1.53284 24.3107 0.7 24.359 0.0629689 0 -0 157.644 540 462155
1.53284 24.3053 1.21107 24.359 0.0629827 0.0209824 -0 156.519 534 462155
1.14963 24.3318 0.7 24.359 0.047213 0 -0 158.207 543 462155
1.14963 24.3265 1.21107 24.359 0.0472234 0.0209824 -0 156.519 534 462155
1.53284 24.3107 0.7 24.359 0.0629689 0 -0.0707397 151.082 505 462155
1.53284 24.3053 1.21107 24.359 0.0629827 0.0209824 -0.0707397 150.144 500 462155
1.14963 24.3318 0.7 24.359 0.047213 0 -0.0707397 151.644 508 462155
1.14963 24.3265 1.21107 24.359 0.0472234 0.0209824 -0.0707397 150.144 500 462155
10.0419 22.4031 0.7 24.5508 0.421388 0 -0 137.582 433 462155
9.65571 22.5723 0.7 24.5508 0.404213 0 -0 137.394 432 462155
1.55698 24.6935 0.7 24.7426 0.0629689 0 -0 143.019 462 462155
11.0679 22.5572 0.7 25.1262 0.456145 0 -0 134.207 415 462155
9.88201 23.1013 0.7 25.1262 0.404213 0 -0 134.019 414 462155
9.48673 23.2664 0.7 25.1262 0.387164 0 -0 134.394 416 462155
9.09145 23.4237 0.7 25.1262 0.370232 0 -0 135.519 422 462155
11.1523 22.7294 0.7 25.318 0.456145 0 -0 136.269 426 462155
11.1523 22.7046 1.76239 25.318 0.456578 0.041974 -0 139.457 443 462155
11.1523 22.7232 1.23119 25.318 0.456253 0.0209824 -0 139.832 445 462155
10.754 22.8959 1.76239 25.318 0.439109 0.041974 -0 137.582 433 462155
10.754 22.9144 1.23119 25.318 0.438799 0.0209824 -0 138.144 436 462155
-14.4474 21.0244 0.7 25.5098 -0.602065 0 -0 140.582 449 462155
11.2368 22.8953 1.23522 25.5098 0.456253 0.0209824 -0 141.332 453 462155
-16.7014 19.7872 0.7 25.8934 -0.701029 0 0.0707397 135.394 416 462155
-16.294 20.124 0.7 25.8934 -0.680617 0 -0 139.707 439 462155
-16.294 20.1166 0.156735 25.8934 -0.680795 -0.0209824 -0 137.457 427 462155
-16.7014 19.7872 0.7 25.8934 -0.701029 0 -0 142.144 452 462155
-16.7014 19.7797 0.156735 25.8934 -0.701215 -0.0209824 -0 140.082 441 462155
-16.7014 19.7797 1.24327 25.8934 -0.701215 0.0209824 -0 138.207 431 462155
-16.4147 20.273 0.7 26.0852 -0.680617 0 0.0707397 142.144 452 462155
-16.4147 20.2656 0.152711 26.0852 -0.680795 -0.0209824 0.0707397 139.519 438 462155
-16.8251 19.9338 0.7 26.0852 -0.701029 0 0.0707397 142.519 454 462155
-16.8251 19.9263 0.152711 26.0852 -0.701215 -0.0209824 0.0707397 140.269 442 462155
-16.4147 20.273 0.7 26.0852 -0.680617 0 -0 149.644 492 462155
-16.4147 20.2656 0.152711 26.0852 -0.680795 -0.0209824 -0 147.207 479 462155
-16.8251 19.9338 0.7 26.0852 -0.701029 0 -0 150.019 494 462155
-16.8251 19.9263 0.152711 26.0852 -0.701215 -0.0209824 -0 147.957 483 462155
-16.4147 20.273 0.7 26.0852 -0.680617 0 -0.0707397 142.707 455 462155
-16.4147 20.2656 0.152711 26.0852 -0.680795 -0.0209824 -0.0707397 140.082 441 462155
-16.8251 19.9338 0.7 26.0852 -0.701029 0 -0.0707397 142.894 456 462155
-16.8251 19.9263 0.152711 26.0852 -0.701215 -0.0209824 -0.0707397 141.207 447 462155
6.71072 25.583 4.05617 26.6606 0.256532 0.12622 -0 136.144 420 462155
6.2913 25.6894 4.05617 26.6606 0.240172 0.12622 -0 138.207 431 462155
6.2913 25.8835 1.81872 26.6606 0.238438 0.041974 -0 135.582 417 462155
6.75899 25.8347 3.51693 26.8524 0.255889 0.105098 -0 141.957 451 462155
6.33656 25.9416 3.51693 26.8524 0.239572 0.105098 -0 142.894 456 462155
6.75899 25.8347 3.51693 26.8524 0.255889 0.105098 -0.0707397 135.207 415 462155
6.33656 25.9416 3.51693 26.8524 0.239572 0.105098 -0.0707397 136.707 423 462155
3.82909 26.7718 0.7 27.0442 0.142064 0 0.0707397 133.519 406 462155
3.82909 26.7658 1.26741 27.0442 0.142095 0.0209824 0.0707397 133.519 406 462155
3.40364 26.8232 1.26741 27.0442 0.126217 0.0209824 0.0707397 133.332 405 462155
-15.5336 22.6051 0.7 27.4278 -0.602065 0 -0 135.082 409 462155
-15.5336 22.5978 1.27546 27.4278 -0.602216 0.0209824 -0 133.207 399 462155
-15.9651 22.3025 0.7 27.4278 -0.621281 0 -0 137.707 423 462155
-15.9651 22.2951 0.124541 27.4278 -0.621438 -0.0209824 -0 134.894 408 462155
-16.3966 21.9872 0.7 27.4278 -0.640765 0 -0 136.394 416 462155
10.4282 25.5753 0.7 27.6196 0.387164 0 -0 143.144 452 462155
6.5176 26.8146 1.85897 27.6196 0.238438 0.041974 -0 143.707 455 462155
6.5176 26.8334 1.27948 27.6196 0.238277 0.0209824 -0 143.144 452 462155
6.0831 26.9165 1.85897 27.6196 0.222265 0.041974 -0 142.957 451 462155
10.8627 25.3938 0.7 27.6196 0.404213 0 -0.0707397 135.644 412 462155
10.4282 25.5753 0.7 27.6196 0.387164 0 -0.0707397 136.207 415 462155
10.573 25.9305 0.7 28.0032 0.387164 0 0.0707397 143.144 452 462155
10.573 25.9305 0.7 28.0032 0.387164 0 -0 151.019 494 462155
-16.4117 22.9263 0.7 28.195 -0.621281 0 -0 138.832 429 462155
11.089 25.9229 0.7 28.195 0.404213 0 -0 139.582 433 462155
10.6454 26.1081 0.7 28.195 0.387164 0 -0 140.894 440 462155
6.65339 26.1171 8.98178 28.195 0.249446 0.298128 -0 141.457 443 462155
6.20983 26.2261 8.98178 28.195 0.232498 0.298128 -0 140.519 438 462155
10.6454 26.1081 0.7 28.195 0.387164 0 -0.0707397 134.707 407 462155
-16.0768 23.3955 0.7 28.3868 -0.602065 0 -0 140.144 436 462155
-16.5233 23.0823 0.7 28.3868 -0.621281 0 -0 140.332 437 462155
-19.6494 20.487 0.7 28.3868 -0.764533 0 -0 140.894 440 462155
-19.6494 20.4783 0.10442 28.3868 -0.764744 -0.0209824 -0 140.144 436 462155
-16.4026 23.8698 0.7 28.9622 -0.602065 0 -0 138.144 420 462155
2.73377 28.8329 0.7 28.9622 0.0945316 0 -0 136.269 410 462155
2.73377 28.8265 1.30765 28.9622 0.0945525 0.0209824 -0 137.957 419 462155
-16.0526 24.3366 0.7 29.1541 -0.583099 0 -0 146.207 463 462155
-16.0526 24.329 1.31168 29.1541 -0.583244 0.0209824 -0 143.957 451 462155
-16.5113 24.0278 0.7 29.1541 -0.602065 0 -0 142.269 442 462155
-16.5113 24.0201 1.31168 29.1541 -0.602216 0.0209824 -0 141.894 440 462155
-16.0526 24.3366 0.7 29.1541 -0.583099 0 -0.0707397 139.269 426 462155
-15.6966 24.7951 0.7 29.3459 -0.564368 0 0.0707397 144.144 452 462155
-16.1582 24.4968 0.7 29.3459 -0.583099 0 0.0707397 147.332 469 462155
-16.1582 24.489 0.0842994 29.3459 -0.583244 -0.0209824 0.0707397 142.269 442 462155
-16.1582 24.489 1.3157 29.3459 -0.583244 0.0209824 0.0707397 143.394 448 462155
-15.6966 24.7951 0.7 29.3459 -0.564368 0 -0 151.082 489 462155
-16.1582 24.4968 0.7 29.3459 -0.583099 0 -0 154.269 506 462155
-16.1582 24.489 0.0842994 29.3459 -0.583244 -0.0209824 -0 149.394 480 462155
-16.1582 24.489 1.3157 29.3459 -0.583244 0.0209824 -0 150.332 485 462155
-15.9017 25.1192 0.7 29.7295 -0.564368 0 -0 141.332 437 462155
-16.3694 24.817 0.7 29.7295 -0.583099 0 -0 143.394 448 462155
-16.3694 24.8091 0.076251 29.7295 -0.583244 -0.0209824 -0 141.332 437 462155
3.27389 29.5421 1.32375 29.7295 0.110371 0.0209824 -0 141.519 438 462155
8.9436 28.5534 0.7 29.9213 0.303544 0 -0 140.207 431 462155
3.29501 29.7327 1.32777 29.9213 0.110371 0.0209824 -0 139.832 429 462155
3.35838 30.3112 0.7 30.4967 0.110346 0 -0 141.207 431 462155
3.35838 30.3044 1.33985 30.4967 0.110371 0.0209824 -0 141.957 435 462155
2.87861 30.3605 0.7 30.4967 0.0945316 0 -0 142.144 436 462155
2.87861 30.3538 1.33985 30.4967 0.0945525 0.0209824 -0 143.644 444 462155
-7.24178 29.8148 0.0561301 30.6885 -0.238277 -0.0209824 0.0707397 138.207 415 462155
6.27621 30.0398 0.7 30.6885 0.205967 0 -0 153.582 497 462155
6.27621 30.0329 1.34387 30.6885 0.206013 0.0209824 -0 153.582 497 462155
5.79342 30.1298 1.34387 30.6885 0.189964 0.0209824 -0 150.957 483 462155
-6.75899 29.928 0.0561301 30.6885 -0.222116 -0.0209824 -0.0707397 136.332 405 462155
-7.24178 29.8148 0.0561301 30.6885 -0.238277 -0.0209824 -0.0707397 138.019 414 462155
6.31544 30.2276 0.7 30.8803 0.205967 0 -0 153.957 499 462155
6.31544 30.2206 1.34789 30.8803 0.206013 0.0209824 -0 154.144 500 462155
6.84348 30.3091 0.7 31.0721 0.222066 0 0.0707397 155.832 509 462155
6.35466 30.4153 0.7 31.0721 0.205967 0 0.0707397 159.957 531 462155
6.35466 30.4083 1.35192 31.0721 0.206013 0.0209824 0.0707397 159.957 531 462155
6.84348 30.3091 0.7 31.0721 0.222066 0 -0 162.957 547 462155
6.35466 30.4153 0.7 31.0721 0.205967 0 -0 166.894 568 462155
6.35466 30.4083 1.35192 31.0721 0.206013 0.0209824 -0 166.894 568 462155
6.84348 30.3091 0.7 31.0721 0.222066 0 -0.0707397 155.457 507 462155
6.35466 30.4153 0.7 31.0721 0.205967 0 -0.0707397 159.582 529 462155
6.35466 30.4083 1.35192 31.0721 0.206013 0.0209824 -0.0707397 159.582 529 462155
6.88573 30.4962 0.7 31.2639 0.222066 0 -0 153.394 496 462155
6.39389 30.6031 0.7 31.2639 0.205967 0 -0 157.707 519 462155
6.39389 30.5961 1.35594 31.2639 0.206013 0.0209824 -0 157.144 516 462155
6.39389 30.6031 0.7 31.2639 0.205967 0 -0.0707397 151.332 485 462155
6.43311 30.7908 0.7 31.4557 0.205967 0 -0 152.082 489 462155
6.43311 30.7838 1.35997 31.4557 0.206013 0.0209824 -0 152.644 492 462155
1.48456 31.4206 0.7 31.4557 0.047213 0 -0 152.644 492 462155
1.52077 32.187 0.7 32.2229 0.047213 0 -0 155.269 506 462155
1.52077 32.1799 0.0239366 32.2229 0.0472234 -0.0209824 -0 153.394 496 462155
1.01385 32.2069 0.7 32.2229 0.0314688 0 -0 152.457 491 462155
1.52983 32.3786 0.7 32.4147 0.047213 0 -0 155.832 509 462155
1.52983 32.3714 0.0199124 32.4147 0.0472234 -0.0209824 -0 154.332 501 462155
1.01988 32.3987 0.7 32.4147 0.0314688 0 -0 154.144 500 462155
1.01988 32.3915 0.0199124 32.4147 0.0314757 -0.0209824 -0 151.707 487 462155
1.53888 32.5702 0.7 32.6065 0.047213 0 0.0707397 160.519 534 462155
1.53888 32.563 0.0158883 32.6065 0.0472234 -0.0209824 0.0707397 159.582 529 462155
1.02592 32.5904 0.7 32.6065 0.0314688 0 0.0707397 157.707 519 462155
1.02592 32.5832 0.0158883 32.6065 0.0314757 -0.0209824 0.0707397 156.394 512 462155
1.53888 32.5702 0.7 32.6065 0.047213 0 -0 168.207 575 462155
1.53888 32.563 0.0158883 32.6065 0.0472234 -0.0209824 -0 167.082 569 462155
1.02592 32.5904 0.7 32.6065 0.0314688 0 -0 165.207 559 462155
1.02592 32.5832 0.0158883 32.6065 0.0314757 -0.0209824 -0 163.894 552 462155
1.53888 32.5702 0.7 32.6065 0.047213 0 -0.0707397 160.894 536 462155
1.53888 32.563 0.0158883 32.6065 0.0472234 -0.0209824 -0.0707397 159.957 531 462155
1.02592 32.5904 0.7 32.6065 0.0314688 0 -0.0707397 158.269 522 462155
1.02592 32.5832 0.0158883 32.6065 0.0314757 -0.0209824 -0.0707397 156.957 515 462155
1.54793 32.7618 0.7 32.7983 0.047213 0 -0 158.144 516 462155
1.54793 32.7545 0.0118641 32.7983 0.0472234 -0.0209824 -0 158.894 520 462155
1.03195 32.7821 0.7 32.7983 0.0314688 0 -0 154.957 499 462155
1.03195 32.7748 0.0118641 32.7983 0.0314757 -0.0209824 -0 155.332 501 462155
1.54793 32.7545 0.0118641 32.7983 0.0472234 -0.0209824 -0.0707397 152.707 487 462155
-6.74692 32.2854 0.00783986 32.9901 -0.206013 -0.0209824 0.0707397 140.519 422 462155
-7.26592 32.1726 0.00783986 32.9901 -0.222116 -0.0209824 0.0707397 142.957 435 462155
-7.26592 32.1726 0.00783986 32.9901 -0.222116 -0.0209824 -0 149.707 471 462155
1.55698 32.9534 0.7 32.9901 0.047213 0 -0 153.457 491 462155
1.55698 32.9461 0.00783986 32.9901 0.0472234 -0.0209824 -0 152.519 486 462155
-6.74692 32.2854 0.00783986 32.9901 -0.206013 -0.0209824 -0.0707397 139.582 417 462155
-7.26592 32.18 0.7 32.9901 -0.222066 0 -0.0707397 138.082 409 462155
-7.26592 32.1726 0.00783986 32.9901 -0.222116 -0.0209824 -0.0707397 142.394 432 462155
-22.8357 23.5563 4.1608 32.9901 -0.769868 0.105098 -0.0707397 137.707 407 462155
3.13207 32.8499 4.18092 33.1819 0.0950577 0.105098 -0 147.644 460 462155
10.0329 31.8369 4.22116 33.5655 0.305283 0.105098 0.0707397 135.082 393 462155
3.69633 33.175 4.22116 33.5655 0.110961 0.105098 -0 143.707 439 462155
10.0329 31.8369 4.22116 33.5655 0.305283 0.105098 -0.0707397 135.457 395 462155
5.28046 32.96 4.22116 33.5655 0.158858 0.105098 -0.0707397 136.394 400 462155
4.75242 33.0403 4.22116 33.5655 0.142857 0.105098 -0.0707397 135.457 395 462155
-16.994 29.1592 1.40826 33.7573 -0.527678 0.0209824 0.0707397 133.019 382 462155
-16.463 29.4623 1.40826 33.7573 -0.50956 0.0209824 -0 139.582 417 462155
-16.994 29.1678 0.7 33.7573 -0.52755 0 -0 139.207 415 462155
-16.994 29.1592 1.40826 33.7573 -0.527678 0.0209824 -0 140.519 422 462155
-16.994 29.1592 1.40826 33.7573 -0.527678 0.0209824 -0.0707397 133.582 385 462155
1.60224 33.9113 0.7 33.9491 0.047213 0 -0 149.144 468 462155
1.06816 33.9323 0.7 33.9491 0.0314688 0 -0 146.894 456 462155
10.2622 32.5646 4.30165 34.3327 0.305283 0.105098 -0 135.519 390 462155
19.0097 28.8197 0.7 34.5245 0.583099 0 -0 138.707 407 462155
-17.1178 30.6341 1.43643 35.0999 -0.50956 0.0209824 0.0707397 145.082 441 462155
5.52186 34.5375 3.6457 35.0999 0.158538 0.0840222 0.0707397 143.582 433 462155
-17.1178 30.6341 1.43643 35.0999 -0.50956 0.0209824 -0 152.394 480 462155
5.52186 34.5375 3.6457 35.0999 0.158538 0.0840222 -0 151.082 473 462155
-17.1178 30.6341 1.43643 35.0999 -0.50956 0.0209824 -0.0707397 144.894 440 462155
5.52186 34.5375 3.6457 35.0999 0.158538 0.0840222 -0.0707397 144.707 439 462155
4.99683 34.6526 5.1427 35.2917 0.143211 0.12622 0.0707397 138.707 407 462155
4.99683 34.7395 4.40225 35.2917 0.142857 0.105098 0.0707397 139.644 412 462155
4.99683 34.8104 3.6618 35.2917 0.14257 0.0840222 0.0707397 135.894 392 462155
4.99683 34.7395 4.40225 35.2917 0.142857 0.105098 -0 147.144 452 462155
5.55203 34.568 5.1427 35.2917 0.159252 0.12622 -0.0707397 137.019 398 462155
5.55203 34.6551 4.40225 35.2917 0.158858 0.105098 -0.0707397 138.332 405 462155
4.99683 34.6526 5.1427 35.2917 0.143211 0.12622 -0.0707397 137.582 401 462155
4.99683 34.7395 4.40225 35.2917 0.142857 0.105098 -0.0707397 140.957 419 462155
4.99683 34.8104 3.6618 35.2917 0.14257 0.0840222 -0.0707397 137.957 403 462155
6.77106 35.0934 3.71009 35.8672 0.190602 0.0840222 0.0707397 138.894 408 462155
5.64255 35.2924 3.71009 35.8672 0.158538 0.0840222 0.0707397 135.707 391 462155
6.77106 35.0934 3.71009 35.8672 0.190602 0.0840222 -0 145.832 445 462155
6.20681 35.1976 3.71009 35.8672 0.174548 0.0840222 -0 145.644 444 462155
-17.4919 31.3127 0.7 35.8672 -0.509437 0 -0.0707397 138.144 404 462155
-18.0562 30.9908 0.7 35.8672 -0.52755 0 -0.0707397 137.394 400 462155
6.20681 35.1976 3.71009 35.8672 0.174548 0.0840222 -0.0707397 138.707 407 462155
5.64255 35.2924 3.71009 35.8672 0.158538 0.0840222 -0.0707397 135.894 392 462155
5.67273 35.4085 4.48274 36.059 0.158858 0.105098 0.0707397 137.019 398 462155
5.67273 35.4811 3.72619 36.059 0.158538 0.0840222 0.0707397 139.644 412 462155
7.37455 35.1668 3.72619 36.059 0.206706 0.0840222 -0 144.332 437 462155
6.80727 35.281 3.72619 36.059 0.190602 0.0840222 -0 144.332 437 462155
5.67273 35.4811 3.72619 36.059 0.158538 0.0840222 -0 145.644 444 462155
-17.5855 31.4802 0.7 36.059 -0.509437 0 -0.0707397 136.082 393 462155
5.67273 35.4811 3.72619 36.059 0.158538 0.0840222 -0.0707397 137.957 403 462155
5.7029 35.6699 3.74229 36.2508 0.158538 0.0840222 0.0707397 141.707 423 462155
5.7029 35.6699 3.74229 36.2508 0.158538 0.0840222 -0 148.457 459 462155
1.72897 36.5855 -0.0686197 36.6344 0.0472234 -0.0209824 0.0707397 148.144 452 462155
1.72897 36.5855 1.46862 36.6344 0.0472234 0.0209824 0.0707397 153.207 479 462155
1.15265 36.6082 1.46862 36.6344 0.0314757 0.0209824 0.0707397 153.582 481 462155
1.72897 36.5855 1.46862 36.6344 0.0472234 0.0209824 -0 160.332 517 462155
1.15265 36.6082 1.46862 36.6344 0.0314757 0.0209824 -0 160.519 518 462155
1.72897 36.5855 1.46862 36.6344 0.0472234 0.0209824 -0.0707397 152.644 476 462155
1.15265 36.6082 1.46862 36.6344 0.0314757 0.0209824 -0.0707397 153.207 479 462155
1.73803 36.777 -0.0726438 36.8262 0.0472234 -0.0209824 0.0707397 153.019 478 462155
1.73803 36.777 1.47264 36.8262 0.0472234 0.0209824 0.0707397 155.269 490 462155
1.15868 36.7998 -0.0726438 36.8262 0.0314757 -0.0209824 0.0707397 151.519 470 462155
1.15868 36.7998 1.47264 36.8262 0.0314757 0.0209824 0.0707397 155.082 489 462155
1.73803 36.777 -0.0726438 36.8262 0.0472234 -0.0209824 -0 160.519 518 462155
1.73803 36.777 1.47264 36.8262 0.0472234 0.0209824 -0 162.957 531 462155
1.15868 36.7998 -0.0726438 36.8262 0.0314757 -0.0209824 -0 159.207 511 462155
1.15868 36.7998 1.47264 36.8262 0.0314757 0.0209824 -0 162.957 531 462155
1.73803 36.777 -0.0726438 36.8262 0.0472234 -0.0209824 -0.0707397 153.582 481 462155
1.73803 36.777 1.47264 36.8262 0.0472234 0.0209824 -0.0707397 156.207 495 462155
1.15868 36.7998 1.47264 36.8262 0.0314757 0.0209824 -0.0707397 156.207 495 462155
8.23752 36.2716 4.62358 37.4016 0.223319 0.105098 0.0707397 138.207 399 462155
7.64913 36.4002 4.62358 37.4016 0.207126 0.105098 0.0707397 137.644 396 462155
8.23752 36.2716 4.62358 37.4016 0.223319 0.105098 -0 145.332 437 462155
7.64913 36.4002 4.62358 37.4016 0.207126 0.105098 -0 145.144 436 462155
7.64913 36.4762 3.83887 37.4016 0.206706 0.0840222 -0 143.269 426 462155
8.23752 36.2716 4.62358 37.4016 0.223319 0.105098 -0.0707397 138.207 399 462155
7.64913 36.4002 4.62358 37.4016 0.207126 0.105098 -0.0707397 138.207 399 462155
6.60511 37.4562 3.90325 38.1688 0.174548 0.0840222 -0 138.582 401 462155
6.00464 37.4802 4.70407 38.1688 0.158858 0.105098 -0 139.519 406 462155
6.00464 37.5572 3.90325 38.1688 0.158538 0.0840222 -0 139.332 405 462155
7.24178 37.6364 2.30967 38.3606 0.190091 0.041974 -0 140.082 409 462155
7.24178 37.6622 1.50484 38.3606 0.189964 0.0209824 -0 138.582 401 462155
6.6383 37.7475 2.30967 38.3606 0.17408 0.041974 -0 138.207 399 462155
24.5014 30.2494 1.51691 38.936 0.680795 0.0209824 -0 139.957 403 462155
6.15551 38.6319 1.52093 39.1278 0.158009 0.0209824 0.0707397 133.957 371 462155
6.15551 38.6319 1.52093 39.1278 0.158009 0.0209824 -0 139.957 403 462155
6.87064 39.0687 2.36601 39.7032 0.17408 0.041974 -0 139.957 403 462155
6.87064 39.0953 1.53301 39.7032 0.173964 0.0209824 -0 140.144 404 462155
6.90383 39.2574 2.37406 39.895 0.17408 0.041974 -0 140.144 404 462155
6.90383 39.2842 1.53703 39.895 0.173964 0.0209824 -0 140.332 405 462155
-19.8304 35.4989 0.7 40.6622 -0.509437 0 -0 134.707 375 462155
-20.4701 35.1236 1.55313 40.6622 -0.527678 0.0209824 -0 135.457 379 462155
-19.4623 36.191 -2.7608 41.2376 -0.493402 -0.0840222 0.0707397 134.207 367 462155
-19.4623 36.191 -2.7608 41.2376 -0.493402 -0.0840222 -0 139.644 396 462155
-20.111 35.9908 1.5652 41.2376 -0.50956 0.0209824 -0 140.207 399 462155
-18.901 36.7023 4.1769 41.4294 -0.475561 0.0840222 0.0707397 134.207 367 462155
-18.901 36.7023 4.1769 41.4294 -0.475561 0.0840222 -0.0707397 134.207 367 462155
32.3798 26.7573 0.7 42.0049 0.880188 0 -0 137.207 383 462155
31.719 27.5375 0.7 42.0049 0.855848 0 -0 137.957 387 462155
28.4149 30.9354 0.7 42.0049 0.742956 0 -0 137.207 383 462155
29.8723 29.7895 1.58532 42.1967 0.786786 0.0209824 0.0707397 134.207 367 462155
29.2085 30.4407 1.58532 42.1967 0.764744 0.0209824 0.0707397 134.582 369 462155
-21.2426 36.449 1.58532 42.1967 -0.527678 0.0209824 0.0707397 134.394 368 462155
29.8723 29.7895 1.58532 42.1967 0.786786 0.0209824 -0.0707397 135.894 376 462155
29.2085 30.4021 2.47064 42.1967 0.765378 0.041974 -0.0707397 136.457 379 462155
29.2085 30.4407 1.58532 42.1967 0.764744 0.0209824 -0.0707397 137.957 387 462155
28.9339 31.5004 0.7 42.7721 0.742956 0 0.0707397 141.519 406 462155
28.9339 31.4876 1.59739 42.7721 0.743158 0.0209824 0.0707397 140.957 403 462155
28.261 32.1055 0.7 42.7721 0.721799 0 0.0707397 144.144 420 462155
28.261 32.0929 1.59739 42.7721 0.721993 0.0209824 0.0707397 143.207 415 462155
28.9339 31.5004 0.7 42.7721 0.742956 0 -0 147.707 439 462155
28.9339 31.4876 1.59739 42.7721 0.743158 0.0209824 -0 146.582 433 462155
28.261 32.1055 0.7 42.7721 0.721799 0 -0 150.332 453 462155
28.261 32.0929 1.59739 42.7721 0.721993 0.0209824 -0 149.019 446 462155
28.9339 31.5004 0.7 42.7721 0.742956 0 -0.0707397 139.082 393 462155
28.9339 31.4876 1.59739 42.7721 0.743158 0.0209824 -0.0707397 137.957 387 462155
28.261 32.1055 0.7 42.7721 0.721799 0 -0.0707397 142.082 409 462155
28.261 32.0929 1.59739 42.7721 0.721993 0.0209824 -0.0707397 140.394 400 462155
27.5882 32.6855 0.7 42.7721 0.701029 0 -0.0707397 137.019 382 462155
29.0637 31.6417 0.7 42.9639 0.742956 0 0.0707397 136.269 378 462155
29.0637 31.6288 1.60142 42.9639 0.743158 0.0209824 0.0707397 135.332 373 462155
28.3878 32.2495 0.7 42.9639 0.721799 0 0.0707397 139.457 395 462155
28.3878 32.2369 1.60142 42.9639 0.721993 0.0209824 0.0707397 138.332 389 462155
29.0637 31.6417 0.7 42.9639 0.742956 0 -0 143.957 419 462155
29.0637 31.6288 1.60142 42.9639 0.743158 0.0209824 -0 143.019 414 462155
28.3878 32.2495 0.7 42.9639 0.721799 0 -0 147.332 437 462155
28.3878 32.2369 1.60142 42.9639 0.721993 0.0209824 -0 145.832 429 462155
29.0637 31.6417 0.7 42.9639 0.742956 0 -0.0707397 136.457 379 462155
28.3878 32.2495 0.7 42.9639 0.721799 0 -0.0707397 140.207 399 462155
28.3878 32.2369 1.60142 42.9639 0.721993 0.0209824 -0.0707397 138.332 389 462155
6.84952 42.9874 1.61349 43.5393 0.158009 0.0209824 0.0707397 135.957 371 462155
6.16457 43.0619 2.52698 43.5393 0.14219 0.041974 0.0707397 137.082 377 462155
6.16457 43.091 1.61349 43.5393 0.142095 0.0209824 0.0707397 138.582 385 462155
6.84952 42.9874 1.61349 43.5393 0.158009 0.0209824 -0 143.082 409 462155
6.16457 43.0619 2.52698 43.5393 0.14219 0.041974 -0 143.832 413 462155
6.16457 43.091 1.61349 43.5393 0.142095 0.0209824 -0 145.894 424 462155
6.84952 42.9874 1.61349 43.5393 0.158009 0.0209824 -0.0707397 136.519 374 462155
6.16457 43.0619 2.52698 43.5393 0.14219 0.041974 -0.0707397 137.269 378 462155
6.16457 43.091 1.61349 43.5393 0.142095 0.0209824 -0.0707397 139.332 389 462155
6.19172 43.2808 1.61751 43.7311 0.142095 0.0209824 0.0707397 133.144 356 462155
5.50375 43.3445 2.53503 43.7311 0.126301 0.041974 0.0707397 132.394 352 462155
5.50375 43.3737 1.61751 43.7311 0.126217 0.0209824 0.0707397 132.957 355 462155
4.81578 43.4651 0.7 43.7311 0.110346 0 0.0707397 132.957 355 462155
4.81578 43.4554 1.61751 43.7311 0.110371 0.0209824 0.0707397 132.582 353 462155
28.8947 32.8253 0.7 43.7311 0.721799 0 -0.0707397 135.207 367 462155
28.2067 33.4184 0.7 43.7311 0.701029 0 -0.0707397 138.582 385 462155
28.2067 33.4058 1.61751 43.7311 0.701215 0.0209824 -0.0707397 137.457 379 462155
5.50375 43.3737 1.61751 43.7311 0.126217 0.0209824 -0.0707397 135.207 367 462155
6.27319 43.8207 2.55917 44.3065 0.14219 0.041974 0.0707397 134.269 362 462155
6.27319 43.8503 1.62959 44.3065 0.142095 0.0209824 0.0707397 133.894 360 462155
5.57617 43.9149 2.55917 44.3065 0.126301 0.041974 0.0707397 132.957 355 462155
5.57617 43.9444 1.62959 44.3065 0.126217 0.0209824 0.0707397 132.019 350 462155
6.27319 43.8207 2.55917 44.3065 0.14219 0.041974 -0 142.332 405 462155
6.27319 43.8503 1.62959 44.3065 0.142095 0.0209824 -0 141.957 403 462155
5.57617 43.9149 2.55917 44.3065 0.126301 0.041974 -0 140.269 394 462155
-16.0315 41.3044 0.7 44.3065 -0.370232 0 -0.0707397 133.707 359 462155
-16.0315 41.294 -0.229587 44.3065 -0.370317 -0.0209824 -0.0707397 132.582 353 462155
6.27319 43.8207 2.55917 44.3065 0.14219 0.041974 -0.0707397 136.144 372 462155
6.27319 43.8503 1.62959 44.3065 0.142095 0.0209824 -0.0707397 135.957 371 462155
5.57617 43.9149 2.55917 44.3065 0.126301 0.041974 -0.0707397 133.707 359 462155
6.30035 44.0401 1.63361 44.4983 0.142095 0.0209824 0.0707397 133.332 357 462155
7.00039 43.9343 1.63361 44.4983 0.158009 0.0209824 -0 138.394 384 462155
6.30035 44.05 0.7 44.4983 0.142064 0 -0 138.019 382 462155
6.30035 44.0401 1.63361 44.4983 0.142095 0.0209824 -0 139.144 388 462155
2.10012 44.4487 0.7 44.4983 0.047213 0 -0 138.207 383 462155
2.10012 44.4389 1.63361 44.4983 0.0472234 0.0209824 -0 139.332 389 462155
6.30035 44.05 0.7 44.4983 0.142064 0 -0.0707397 130.894 344 462155
6.30035 44.0401 1.63361 44.4983 0.142095 0.0209824 -0.0707397 131.269 346 462155
0 45.0638 -0.245684 45.0737 0 -0.0209824 0.0707397 144.957 419 462155
-2.83636 44.9844 0.7 45.0737 -0.0629689 0 0.0707397 138.207 383 462155
-2.83636 44.9744 -0.245684 45.0737 -0.0629827 -0.0209824 0.0707397 138.394 384 462155
-4.96364 44.7996 0.7 45.0737 -0.110346 0 0.0707397 138.207 383 462155
0 45.0737 0.7 45.0737 0 0 -0 150.582 449 462155
0 45.0638 -0.245684 45.0737 0 -0.0209824 -0 152.832 461 462155
-0.709091 45.0681 0.7 45.0737 -0.0157325 0 -0 149.644 444 462155
-0.709091 45.0582 -0.245684 45.0737 -0.0157359 -0.0209824 -0 150.019 446 462155
0 45.0737 0.7 45.0737 0 0 -0.0707397 144.394 416 462155
0 45.0638 -0.245684 45.0737 0 -0.0209824 -0.0707397 146.082 425 462155
-0.709091 45.0681 0.7 45.0737 -0.0157325 0 -0.0707397 143.457 411 462155
-0.709091 45.0582 -0.245684 45.0737 -0.0157359 -0.0209824 -0.0707397 143.832 413 462155
-3.56054 45.1253 0.7 45.2655 -0.0787404 0 0.0707397 143.457 411 462155
-3.56054 45.1153 -0.249708 45.2655 -0.0787578 -0.0209824 0.0707397 143.082 409 462155
-4.27265 45.0634 0.7 45.2655 -0.0945316 0 0.0707397 141.207 399 462155
-4.27265 45.0534 -0.249708 45.2655 -0.0945525 -0.0209824 0.0707397 141.207 399 462155
-3.56054 45.1253 0.7 45.2655 -0.0787404 0 -0 150.582 449 462155
-3.56054 45.1153 -0.249708 45.2655 -0.0787578 -0.0209824 -0 150.207 447 462155
-4.27265 45.0634 0.7 45.2655 -0.0945316 0 -0 148.144 436 462155
-4.27265 45.0534 -0.249708 45.2655 -0.0945525 -0.0209824 -0 148.519 438 462155
-3.56054 45.1253 0.7 45.2655 -0.0787404 0 -0.0707397 143.082 409 462155
-3.56054 45.1153 -0.249708 45.2655 -0.0787578 -0.0209824 -0.0707397 142.707 407 462155
-4.27265 45.0634 0.7 45.2655 -0.0945316 0 -0.0707397 141.207 399 462155
-4.27265 45.0534 -0.249708 45.2655 -0.0945525 -0.0209824 -0.0707397 141.957 403 462155
-3.57563 45.3165 0.7 45.4573 -0.0787404 0 0.0707397 145.894 424 462155
-3.57563 45.3064 -0.253732 45.4573 -0.0787578 -0.0209824 0.0707397 145.519 422 462155
-3.57563 45.3165 0.7 45.4573 -0.0787404 0 -0 153.207 463 462155
-3.57563 45.3064 -0.253732 45.4573 -0.0787578 -0.0209824 -0 153.019 462 462155
43.4507 15.1696 -0.265805 46.0327 1.2349 -0.0209824 -0 149.457 443 462155
-2.89671 45.9313 -0.265805 46.0327 -0.0629827 -0.0209824 -0.0707397 140.269 394 462155
-10.9985 45.2918 0.7 46.6081 -0.238224 0 -0 139.582 385 462155
-11.7317 45.1075 0.7 46.6081 -0.254446 0 -0 138.644 380 462155
-10.9985 45.2918 0.7 46.6081 -0.238224 0 -0.0707397 134.519 358 462155
-11.78 45.2931 0.7 46.7999 -0.254446 0 -0 136.394 368 462155
-11.78 45.2825 -0.281902 46.7999 -0.254503 -0.0209824 -0 136.394 368 462155
-12.5162 45.0952 0.7 46.7999 -0.270736 0 -0 136.957 371 462155
34.6036 31.5091 0.7 46.7999 0.832171 0 -0 136.957 371 462155
34.2838 32.6357 2.68795 47.3753 0.81002 0.041974 -0 135.082 361 462155
33.5385 33.4012 2.68795 47.3753 0.787449 0.041974 -0 134.332 357 462155
-15.6513 44.7153 0.7 47.3753 -0.336693 0 -0 134.894 360 462155
-14.9663 45.1513 0.7 47.5671 -0.320073 0 -0 138.269 378 462155
-15.7147 44.8963 0.7 47.5671 -0.336693 0 -0 138.269 378 462155
-14.9663 45.1513 0.7 47.5671 -0.320073 0 -0.0707397 132.832 349 462155
-15.7147 44.8963 0.7 47.5671 -0.336693 0 -0.0707397 132.644 348 462155
23.4785 42.0294 0.7 48.1425 0.509437 0 -0 138.832 381 462155
25.0928 41.3106 0.7 48.3344 0.545856 0 0.0707397 133.394 352 462155
25.0928 41.3106 0.7 48.3344 0.545856 0 -0.0707397 133.582 353 462155
25.0928 41.2981 1.7141 48.3344 0.54599 0.0209824 -0.0707397 132.269 346 462155
-24.6221 42.2601 0.7 48.9098 -0.52755 0 -0 134.207 351 462155
-25.3915 41.8024 0.7 48.9098 -0.545856 0 -0 135.707 359 462155
-25.3915 41.7898 1.72617 48.9098 -0.54599 0.0209824 -0 134.019 350 462155
10.0027 47.865 1.72617 48.9098 0.206013 0.0209824 -0 134.394 352 462155
9.23327 48.0303 0.7 48.9098 0.189921 0 -0 135.144 356 462155
9.23327 48.0194 1.72617 48.9098 0.189964 0.0209824 -0 136.644 364 462155
4.61663 48.6914 0.7 48.9098 0.0945316 0 -0 134.207 351 462155
10.0419 48.0637 0.7 49.1016 0.205967 0 0.0707397 137.019 366 462155
10.0419 48.0527 1.73019 49.1016 0.206013 0.0209824 0.0707397 137.957 371 462155
9.26948 48.1746 2.76038 49.1016 0.190091 0.041974 0.0707397 136.269 362 462155
9.26948 48.2077 1.73019 49.1016 0.189964 0.0209824 0.0707397 138.707 375 462155
4.63474 48.8823 0.7 49.1016 0.0945316 0 0.0707397 136.269 362 462155
9.26948 48.2077 1.73019 49.1016 0.189964 0.0209824 -0 145.269 410 462155
4.63474 48.8823 0.7 49.1016 0.0945316 0 -0 145.457 411 462155
10.0419 48.0527 1.73019 49.1016 0.206013 0.0209824 -0.0707397 136.082 361 462155
9.26948 48.2077 1.73019 49.1016 0.189964 0.0209824 -0.0707397 136.832 365 462155
4.63474 48.8823 0.7 49.1016 0.0945316 0 -0.0707397 139.082 377 462155
4.63474 48.8715 1.73019 49.1016 0.0945525 0.0209824 -0.0707397 137.207 367 462155
3.86228 48.9494 0.7 49.1016 0.0787404 0 -0.0707397 137.207 367 462155
6.25207 49.1827 3.82679 49.677 0.126441 0.0629841 -0 133.269 346 462155
6.25207 49.2379 2.78453 49.677 0.126301 0.041974 -0 132.707 343 462155
-28.2429 41.1003 0.7 49.8688 -0.602065 0 -0 138.332 373 462155
-29.0275 40.55 0.7 49.8688 -0.621281 0 -0 137.207 367 462155
10.3165 49.3666 1.75836 50.4442 0.206013 0.0209824 -0 133.082 345 462155
7.93578 49.8048 1.75836 50.4442 0.158009 0.0209824 -0 132.707 343 462155
3.22259 51.0986 1.77446 51.2114 0.0629827 0.0209824 -0 133.644 348 462155
25.8773 44.4146 0.7 51.4032 0.52755 0 -0 134.582 353 462155
25.8773 44.4015 1.77848 51.4032 0.527678 0.0209824 -0 133.269 346 462155
25.0686 44.876 0.7 51.4032 0.509437 0 -0 133.644 348 462155
4.85199 51.1737 0.7 51.4032 0.0945316 0 -0 135.144 356 462155
4.04333 51.2439 0.7 51.4032 0.0787404 0 -0 133.457 347 462155
4.08859 51.8061 1.79055 51.9786 0.0787578 0.0209824 -0 136.332 357 462155
0 52.7458 0.7 52.7458 0 0 0.0707397 148.707 423 462155
0 52.7342 1.80665 52.7458 0 0.0209824 0.0707397 147.019 414 462155
-0.829787 52.7393 0.7 52.7458 -0.0157325 0 0.0707397 147.957 419 462155
-0.829787 52.7277 1.80665 52.7458 -0.0157359 0.0209824 0.0707397 147.207 415 462155
0 52.7458 0.7 52.7458 0 0 -0 156.019 462 462155
0 52.7342 1.80665 52.7458 0 0.0209824 -0 154.707 455 462155
-0.829787 52.7393 0.7 52.7458 -0.0157325 0 -0 155.457 459 462155
-0.829787 52.7277 1.80665 52.7458 -0.0157359 0.0209824 -0 154.707 455 462155
0 52.7458 0.7 52.7458 0 0 -0.0707397 149.457 427 462155
0 52.7342 1.80665 52.7458 0 0.0209824 -0.0707397 148.332 421 462155
-0.829787 52.7393 0.7 52.7458 -0.0157325 0 -0.0707397 148.894 424 462155
-0.829787 52.7277 1.80665 52.7458 -0.0157359 0.0209824 -0.0707397 148.144 420 462155
2.49841 52.867 1.81068 52.9376 0.0472234 0.0209824 0.0707397 138.207 367 462155
1.66561 52.8648 2.92135 52.9376 0.0314966 0.041974 0.0707397 139.894 376 462155
1.66561 52.8998 1.81068 52.9376 0.0314757 0.0209824 0.0707397 140.269 378 462155
1.66561 52.8648 2.92135 52.9376 0.0314966 0.041974 -0 147.582 417 462155
1.66561 52.8998 1.81068 52.9376 0.0314757 0.0209824 -0 148.332 421 462155
0.832805 52.8844 2.92135 52.9376 0.0157463 0.041974 -0 146.832 413 462155
0.832805 52.9194 1.81068 52.9376 0.0157359 0.0209824 -0 146.644 412 462155
1.66561 52.8648 2.92135 52.9376 0.0314966 0.041974 -0.0707397 140.644 380 462155
1.66561 52.8998 1.81068 52.9376 0.0314757 0.0209824 -0.0707397 141.207 383 462155
-2.52557 53.4534 0.7 53.513 -0.047213 0 0.0707397 149.457 427 462155
-2.52557 53.4416 -0.422748 53.513 -0.0472234 -0.0209824 0.0707397 147.957 419 462155
-3.36743 53.407 0.7 53.513 -0.0629689 0 0.0707397 148.144 420 462155
-2.52557 53.4534 0.7 53.513 -0.047213 0 -0 157.144 468 462155
-2.52557 53.4416 -0.422748 53.513 -0.0472234 -0.0209824 -0 155.457 459 462155
-3.36743 53.407 0.7 53.513 -0.0629689 0 -0 155.269 458 462155
-2.52557 53.4534 0.7 53.513 -0.047213 0 -0.0707397 150.207 431 462155
-2.52557 53.4416 -0.422748 53.513 -0.0472234 -0.0209824 -0.0707397 148.332 421 462155
-3.36743 53.407 0.7 53.513 -0.0629689 0 -0.0707397 148.519 422 462155
-4.22437 53.5384 0.7 53.7048 -0.0787404 0 0.0707397 142.332 389 462155
-4.22437 53.5266 -0.426772 53.7048 -0.0787578 -0.0209824 0.0707397 143.832 397 462155
-5.06925 53.4532 -0.426772 53.7048 -0.0945525 -0.0209824 0.0707397 141.582 385 462155
40.554 35.2077 0.7 53.7048 0.855848 0 0.0707397 139.144 372 462155
-4.22437 53.5266 -0.426772 53.7048 -0.0787578 -0.0209824 -0 151.519 438 462155
-3.3795 53.5984 0.7 53.7048 -0.0629689 0 -0.0707397 141.957 387 462155
-3.3795 53.5866 1.82677 53.7048 -0.0629827 0.0209824 -0.0707397 142.332 389 462155
-4.22437 53.5384 0.7 53.7048 -0.0787404 0 -0.0707397 143.269 394 462155
-4.22437 53.5266 -0.426772 53.7048 -0.0787578 -0.0209824 -0.0707397 144.207 399 462155
-4.26963 54.1121 0.7 54.2802 -0.0787404 0 -0.0707397 145.894 408 462155
-4.26963 54.1001 1.83884 54.2802 -0.0787578 0.0209824 -0.0707397 145.144 404 462155
-12.8542 52.9337 0.7 54.472 -0.238224 0 0.0707397 140.644 380 462155
-41.1333 35.7107 0.7 54.472 -0.855848 0 0.0707397 141.207 383 462155
-41.1333 35.7107 0.7 54.472 -0.855848 0 -0.0707397 142.519 390 462155
0 55.0353 1.85494 55.0475 0 0.0209824 0.0707397 139.394 368 462155
0.865996 55.0285 1.85494 55.0475 0.0157359 0.0209824 0.0707397 140.894 376 462155
0.865996 55.0285 1.85494 55.0475 0.0157359 0.0209824 -0 148.207 415 462155
0 55.0353 1.85494 55.0475 0 0.0209824 -0.0707397 138.832 365 462155
1.73199 54.9717 -1.60988 55.0475 0.0314966 -0.041974 -0.0707397 138.832 365 462155
0.865996 55.0285 1.85494 55.0475 0.0157359 0.0209824 -0.0707397 140.894 376 462155
-0.869014 55.1838 -1.61793 55.2393 -0.0157463 -0.041974 0.0707397 135.082 345 462155
-0.869014 55.2203 1.85897 55.2393 -0.0157359 0.0209824 0.0707397 137.144 356 462155
-0.869014 55.2203 1.85897 55.2393 -0.0157359 0.0209824 -0 145.207 399 462155
0 55.2271 1.85897 55.2393 0 0.0209824 -0.0707397 136.207 351 462155
-0.869014 55.2324 0.7 55.2393 -0.0157325 0 -0.0707397 136.019 350 462155
-0.869014 55.1838 -1.61793 55.2393 -0.0157463 -0.041974 -0.0707397 136.019 350 462155
-0.869014 55.1838 3.01793 55.2393 -0.0157463 0.041974 -0.0707397 136.207 351 462155
-0.869014 55.2203 1.85897 55.2393 -0.0157359 0.0209824 -0.0707397 139.207 367 462155
-1.73803 55.1997 1.85897 55.2393 -0.0314757 0.0209824 -0.0707397 135.644 348 462155
-4.39033 55.6417 0.7 55.8147 -0.0787404 0 0.0707397 141.832 381 462155
-5.26839 55.5655 0.7 55.8147 -0.0945316 0 0.0707397 139.957 371 462155
-4.39033 55.6417 0.7 55.8147 -0.0787404 0 -0 150.082 425 462155
-4.39033 55.6417 0.7 55.8147 -0.0787404 0 -0.0707397 143.894 392 462155
-4.40542 55.7835 -1.65013 56.0065 -0.07881 -0.041974 0.0707397 138.269 362 462155
-4.40542 55.7215 -2.82519 56.0065 -0.0788972 -0.0629841 0.0707397 136.019 350 462155
-10.573 54.9869 1.87506 56.0065 -0.189964 0.0209824 0.0707397 134.707 343 462155
-4.40542 55.7835 -1.65013 56.0065 -0.07881 -0.041974 -0 146.144 404 462155
-4.40542 55.8329 0.7 56.0065 -0.0787404 0 -0.0707397 137.519 358 462155
-4.40542 55.8206 -0.475063 56.0065 -0.0787578 -0.0209824 -0.0707397 136.582 353 462155
-4.40542 55.7835 -1.65013 56.0065 -0.07881 -0.041974 -0.0707397 139.957 371 462155
-4.40542 55.7215 -2.82519 56.0065 -0.0788972 -0.0629841 -0.0707397 137.519 358 462155
-10.573 54.9869 1.87506 56.0065 -0.189964 0.0209824 -0.0707397 136.207 351 462155
-18.6928 53.4049 0.7 56.5819 -0.336693 0 -0 140.144 372 462155
-18.6928 53.4049 0.7 56.5819 -0.336693 0 -0.0707397 134.894 344 462155
-19.6494 53.2649 0.7 56.7737 -0.353411 0 0.0707397 140.144 372 462155
-19.6494 53.2516 -0.491159 56.7737 -0.353492 -0.0209824 0.0707397 137.519 358 462155
-20.5425 52.9269 0.7 56.7737 -0.370232 0 0.0707397 140.332 373 462155
-20.5425 52.9135 -0.491159 56.7737 -0.370317 -0.0209824 0.0707397 135.457 347 462155
-19.6494 53.2649 0.7 56.7737 -0.353411 0 -0 146.894 408 462155
-19.6494 53.2516 -0.491159 56.7737 -0.353492 -0.0209824 -0 145.207 399 462155
-20.5425 52.9269 0.7 56.7737 -0.370232 0 -0 147.644 412 462155
-19.6494 53.2649 0.7 56.7737 -0.353411 0 -0.0707397 139.394 368 462155
-19.6494 53.2516 -0.491159 56.7737 -0.353492 -0.0209824 -0.0707397 137.144 356 462155
-20.5425 52.9269 0.7 56.7737 -0.370232 0 -0.0707397 140.144 372 462155
-20.5425 52.9135 -0.491159 56.7737 -0.370317 -0.0209824 -0.0707397 136.207 351 462155
-16.2397 54.9491 -1.70646 57.3491 -0.287361 -0.041974 -0 139.957 371 462155
-19.8485 53.8048 0.7 57.3491 -0.353411 0 -0 139.582 369 462155
-20.7507 53.4633 0.7 57.3491 -0.370232 0 -0 138.457 363 462155
-16.294 55.1328 -1.71451 57.5409 -0.287361 -0.041974 0.0707397 146.894 408 462155
-16.294 55.0667 -2.92177 57.5409 -0.287687 -0.0629841 0.0707397 142.019 382 462155
-17.1992 54.8572 -1.71451 57.5409 -0.303821 -0.041974 0.0707397 143.707 391 462155
-16.294 55.1328 -1.71451 57.5409 -0.287361 -0.041974 -0 154.207 447 462155
-17.1992 54.8572 -1.71451 57.5409 -0.303821 -0.041974 -0 150.457 427 462155
-15.3888 55.3923 -1.71451 57.5409 -0.270981 -0.041974 -0.0707397 142.207 383 462155
-16.294 55.1328 -1.71451 57.5409 -0.287361 -0.041974 -0.0707397 147.082 409 462155
-17.1992 54.8572 -1.71451 57.5409 -0.303821 -0.041974 -0.0707397 143.519 390 462155
-29.2568 50.2002 1.91933 58.1163 -0.527678 0.0209824 -0 134.519 342 462155
27.4282 51.2367 0.7 58.1163 0.491506 0 -0 135.832 349 462155
27.4282 51.2222 1.91933 58.1163 0.491624 0.0209824 -0 134.332 341 462155
0 58.3081 0.7 58.3081 0 0 -0 137.894 360 462155
0.917292 58.3009 0.7 58.3081 0.0157325 0 -0 137.894 360 462155
-12.0425 57.586 3.17085 58.8835 -0.206151 0.041974 -0 135.144 340 462155
-27.8809 52.0822 0.7 59.0753 -0.491506 0 -0 135.332 341 462155
-28.8102 51.5739 0.7 59.0753 -0.509437 0 -0 136.457 347 462155
-20.6451 55.9082 3.20304 59.6507 -0.353736 0.041974 -0 135.144 340 462155
30.0292 51.5256 1.95152 59.6507 0.527678 0.0209824 -0 135.332 341 462155
29.0908 52.0612 1.95152 59.6507 0.50956 0.0209824 -0 136.457 347 462155
31.0672 51.131 1.95555 59.8425 0.54599 0.0209824 -0 138.519 358 462155
30.1258 51.6913 1.95555 59.8425 0.527678 0.0209824 -0 137.019 350 462155
29.1844 52.2286 1.95555 59.8425 0.50956 0.0209824 -0 137.019 350 462155
28.2429 52.7436 1.95555 59.8425 0.491624 0.0209824 -0 138.707 359 462155
30.4155 52.1421 3.23524 60.4179 0.528064 0.041974 -0 135.707 343 462155
30.4155 52.1883 1.96762 60.4179 0.527678 0.0209824 -0 138.519 358 462155
29.465 52.685 3.23524 60.4179 0.50993 0.041974 -0 135.894 344 462155
29.465 52.7308 1.96762 60.4179 0.50956 0.0209824 -0 137.957 355 462155
30.512 52.3694 0.7 60.6097 0.52755 0 -0 136.832 349 462155
30.512 52.354 1.97164 60.6097 0.527678 0.0209824 -0 139.644 364 462155
29.5585 52.9135 0.7 60.6097 0.509437 0 -0 138.519 358 462155
29.5585 52.8982 1.97164 60.6097 0.50956 0.0209824 -0 140.394 368 462155
-23.1737 56.8341 0.7 61.377 -0.387164 0 -0 134.957 339 462155
33.2398 52.4911 2.00384 62.1442 0.564507 0.0209824 -0 138.394 352 462155
37.4008 52.1775 3.39621 64.254 0.621912 0.041974 -0 136.707 343 462155
37.4008 52.2297 2.0481 64.254 0.621438 0.0209824 -0 138.957 355 462155
36.3899 52.9561 0.7 64.254 0.602065 0 -0 135.957 339 462155
36.3899 52.9389 2.0481 64.254 0.602216 0.0209824 -0 138.394 352 462155
-46.3353 48.3105 0.7 66.9392 -0.764533 0 -0 139.019 350 462155
-47.3884 47.2779 0.7 66.9392 -0.786565 0 -0 138.457 347 462155
12.7093 66.0519 3.52498 67.3228 0.190091 0.041974 -0 137.707 343 462155
12.7093 66.0972 2.11249 67.3228 0.189964 0.0209824 -0 139.582 353 462155
0 68.605 3.58132 68.6655 0 0.041974 -0 137.894 344 462155
0 68.6504 2.14066 68.6655 0 0.0209824 -0 138.082 345 462155
2.1665 68.808 2.14468 68.8573 0.0314757 0.0209824 -0 137.144 340 462155
1.08325 68.7881 3.58937 68.8573 0.0157463 0.041974 -0 136.582 337 462155
1.08325 68.8336 2.14468 68.8573 0.0157359 0.0209824 -0 137.707 343 462155
2.17253 68.9997 2.14871 69.0491 0.0314757 0.0209824 -0 139.394 352 462155
1.08627 68.9797 3.59741 69.0491 0.0157463 0.041974 -0 138.644 348 462155
1.08627 69.0253 2.14871 69.0491 0.0157359 0.0209824 -0 140.894 360 462155
-2.1846 69.383 2.15676 69.4327 -0.0314757 0.0209824 -0 136.582 337 462155
3.39458 71.8301 2.20907 71.9261 0.0472234 0.0209824 -0 141.332 357 462155
2.26306 71.8905 0.7 71.9261 0.0314688 0 -0 144.332 373 462155
2.26306 71.8747 2.20907 71.9261 0.0314757 0.0209824 -0 146.207 383 462155
1.13153 71.9014 2.20907 71.9261 0.0157359 0.0209824 -0 142.082 361 462155
2.26306 71.8905 0.7 71.9261 0.0314688 0 -0.0707397 138.332 341 462155
2.26306 71.8747 2.20907 71.9261 0.0314757 0.0209824 -0.0707397 140.019 350 462155
0 72.1179 0.7 72.1179 0 0 -0 138.332 341 462155
0 72.102 2.21309 72.1179 0 0.0209824 -0 138.707 343 462155
-1.13455 72.0931 2.21309 72.1179 -0.0157359 0.0209824 -0 138.519 342 462155
2.26909 72.0822 0.7 72.1179 0.0314688 0 -0 138.519 342 462155
2.26909 72.0663 2.21309 72.1179 0.0314757 0.0209824 -0 143.207 367 462155
1.13455 72.0931 2.21309 72.1179 0.0157359 0.0209824 -0 140.394 352 462155
2.27513 72.2739 0.7 72.3097 0.0314688 0 -0 139.457 347 462155
2.27513 72.258 2.21712 72.3097 0.0314757 0.0209824 -0 141.144 356 462155
1.13756 72.2849 2.21712 72.3097 0.0157359 0.0209824 -0 139.832 349 462155
24.1423 68.9056 3.76643 73.0769 0.337002 0.041974 -0 140.582 353 462155
24.2057 69.0009 5.31172 73.2687 0.337389 0.0629841 -0 142.832 365 462155
24.2057 69.0865 3.77448 73.2687 0.337002 0.041974 -0 145.832 381 462155
23.053 69.4796 3.77448 73.2687 0.320366 0.041974 -0 143.207 367 462155
