1.52983 1.91185 0.22917 2.49344 0.67485 -0.189968 -0 92.3317 389 462358
1.43629 2.22362 0.249291 2.68524 0.573504 -0.168645 -0 98.3317 421 462358
1.30956 2.30053 0.249291 2.68524 0.517495 -0.168645 -0 98.3317 421 462358
1.09834 2.40854 0.249291 2.68524 0.427848 -0.168645 -0 97.2067 415 462358
1.26731 2.53734 0.217098 2.87704 0.463219 -0.168645 -0 105.144 436 462358
1.22205 2.55945 0.217098 2.87704 0.445458 -0.168645 -0 104.582 433 462358
0.995745 2.644 0.156735 2.87704 0.360177 -0.189968 -0.0707397 97.6442 396 462358
1.30352 2.74145 0.249291 3.06885 0.443845 -0.147399 -0 102.332 421 462358
1.30352 2.73008 0.184904 3.06885 0.445458 -0.168645 -0 101.207 415 462358
1.15868 2.80573 0.249291 3.06885 0.391638 -0.147399 -0 102.144 420 462358
1.15868 2.79463 0.184904 3.06885 0.393039 -0.168645 -0 100.832 413 462358
1.12851 3.03147 0.289533 3.26065 0.356371 -0.12622 0.0707397 99.3317 405 462358
1.12851 3.02142 0.221122 3.26065 0.357458 -0.147399 0.0707397 101.957 419 462358
1.07721 3.04009 0.221122 3.26065 0.340533 -0.147399 0.0707397 98.5817 401 462358
1.12851 3.02142 0.221122 3.26065 0.357458 -0.147399 -0 109.457 459 462358
1.12851 3.03147 0.289533 3.26065 0.356371 -0.12622 -0.0707397 99.8942 408 462358
1.12851 3.02142 0.221122 3.26065 0.357458 -0.147399 -0.0707397 102.519 422 462358
1.07721 3.05008 0.289533 3.26065 0.339502 -0.12622 -0.0707397 97.2692 394 462358
1.07721 3.04009 0.221122 3.26065 0.340533 -0.147399 -0.0707397 99.3317 405 462358
1.79234 2.91857 0.265388 3.45245 0.550734 -0.12622 -0 102.894 424 462358
1.30352 3.16724 0.265388 3.45245 0.390435 -0.12622 -0 105.332 437 462358
1.30352 3.15645 0.192952 3.45245 0.391638 -0.147399 -0 102.332 421 462358
1.24921 3.18905 0.265388 3.45245 0.373346 -0.12622 -0 102.707 423 462358
-1.38801 3.56798 0.941451 3.83606 -0.371003 0.0629841 0.565918 104.207 415 462358
-1.38801 3.57252 0.860967 3.83606 -0.370574 0.041974 0.565918 107.957 435 462358
-1.44836 3.54391 0.941451 3.83606 -0.387974 0.0629841 0.565918 106.457 427 462358
-1.44836 3.54848 0.860967 3.83606 -0.387523 0.041974 0.565918 110.582 449 462358
-1.38801 3.57252 0.860967 3.83606 -0.370574 0.041974 0.636658 105.519 422 462358
-1.44836 3.54848 0.860967 3.83606 -0.387523 0.041974 0.636658 107.394 432 462358
-1.38801 3.56798 0.941451 3.83606 -0.371003 0.0629841 0.212219 107.019 430 462358
-1.44836 3.54391 0.941451 3.83606 -0.387974 0.0629841 0.212219 108.894 440 462358
-1.38801 3.56798 0.941451 3.83606 -0.371003 0.0629841 0.282959 109.457 443 462358
-1.38801 3.57252 0.860967 3.83606 -0.370574 0.041974 0.282959 107.207 431 462358
-1.44836 3.54391 0.941451 3.83606 -0.387974 0.0629841 0.282959 110.394 448 462358
-1.44836 3.54848 0.860967 3.83606 -0.387523 0.041974 0.282959 106.082 425 462358
-1.5087 3.52324 0.860967 3.83606 -0.40459 0.041974 0.282959 107.394 432 462358
-1.45741 3.74638 0.953524 4.02786 -0.371003 0.0629841 0.212219 105.894 424 462358
-1.52077 3.72111 0.953524 4.02786 -0.387974 0.0629841 0.212219 106.457 427 462358
-1.45741 3.74638 0.953524 4.02786 -0.371003 0.0629841 0.282959 108.519 438 462358
-1.45741 3.75114 0.869016 4.02786 -0.370574 0.041974 0.282959 107.394 432 462358
-1.52077 3.72111 0.953524 4.02786 -0.387974 0.0629841 0.282959 108.144 436 462358
-1.58414 3.69941 0.869016 4.02786 -0.40459 0.041974 0.282959 106.082 425 462358
-1.45741 3.75114 0.869016 4.02786 -0.370574 0.041974 0.565918 104.207 415 462358
-1.52077 3.7259 0.869016 4.02786 -0.387523 0.041974 0.565918 106.269 426 462358
-1.38801 3.56798 0.941451 3.83606 -0.371003 0.0629841 0.353699 104.207 415 462358
1.14662 3.6385 0.297581 3.83606 0.305283 -0.105098 0.0707397 102.332 405 462358
1.14662 3.6287 0.217098 3.83606 0.306057 -0.12622 0.0707397 102.332 405 462358
1.08627 3.65697 0.297581 3.83606 0.288739 -0.105098 0.0707397 102.332 405 462358
1.08627 3.64722 0.217098 3.83606 0.289469 -0.12622 0.0707397 102.144 404 462358
1.52077 3.70572 0.27746 4.02786 0.389427 -0.105098 -0.0707397 104.582 417 462358
1.14058 3.83982 0.27746 4.02786 0.288739 -0.105098 -0.0707397 104.019 414 462358
1.52077 3.70572 0.27746 4.02786 0.389427 -0.105098 0.0707397 104.957 419 462358
1.52077 3.69511 0.192952 4.02786 0.390435 -0.12622 0.0707397 104.207 415 462358
1.14058 3.83982 0.27746 4.02786 0.288739 -0.105098 0.0707397 103.832 413 462358
-1.52077 3.71439 1.03803 4.02786 -0.388608 0.0840222 -0.141479 106.269 426 462358
-1.38801 3.56162 1.02193 3.83606 -0.371606 0.0840222 -0.212219 113.582 465 462358
-1.44836 3.52926 1.10242 3.83606 -0.389427 0.105098 -0.212219 114.144 468 462358
-1.44836 3.53751 1.02193 3.83606 -0.388608 0.0840222 -0.212219 116.582 481 462358
-1.45741 3.7397 1.03803 4.02786 -0.371606 0.0840222 -0.212219 111.144 452 462358
-1.52077 3.70572 1.12254 4.02786 -0.389427 0.105098 -0.212219 111.332 453 462358
-1.52077 3.71439 1.03803 4.02786 -0.388608 0.0840222 -0.212219 114.332 469 462358
1.14662 3.6385 0.297581 3.83606 0.305283 -0.105098 -0.0707397 102.894 408 462358
1.08627 3.65697 0.297581 3.83606 0.288739 -0.105098 -0.0707397 102.519 406 462358
-1.52077 3.71439 1.03803 4.02786 -0.388608 0.0840222 -0.282959 107.019 430 462358
-1.38801 3.56162 1.02193 3.83606 -0.371606 0.0840222 -0.141479 107.957 435 462358
-1.44836 3.52926 1.10242 3.83606 -0.389427 0.105098 -0.141479 108.332 437 462358
-1.44836 3.53751 1.02193 3.83606 -0.388608 0.0840222 -0.141479 111.144 452 462358
1.59319 3.88219 0.257339 4.21967 0.389427 -0.105098 -0 115.082 473 462358
1.19489 4.02267 0.257339 4.21967 0.288739 -0.105098 -0 116.207 479 462358
1.12851 4.04179 0.257339 4.21967 0.272276 -0.105098 -0 115.457 475 462358
-1.38801 3.55343 1.10242 3.83606 -0.372386 0.105098 -0.353699 113.394 464 462358
-1.38801 3.56162 1.02193 3.83606 -0.371606 0.0840222 -0.353699 111.894 456 462358
-1.44836 3.52926 1.10242 3.83606 -0.389427 0.105098 -0.353699 116.582 481 462358
-1.44836 3.53751 1.02193 3.83606 -0.388608 0.0840222 -0.353699 114.519 470 462358
-1.45741 3.7311 1.12254 4.02786 -0.372386 0.105098 -0.353699 110.207 447 462358
-1.45741 3.7397 1.03803 4.02786 -0.371606 0.0840222 -0.353699 108.144 436 462358
-1.52077 3.70572 1.12254 4.02786 -0.389427 0.105098 -0.353699 113.019 462 462358
-1.52077 3.71439 1.03803 4.02786 -0.388608 0.0840222 -0.353699 110.394 448 462358
-1.45741 3.7311 1.12254 4.02786 -0.372386 0.105098 -0.495178 113.207 463 462358
-1.52077 3.69511 1.20705 4.02786 -0.390435 0.12622 -0.495178 111.332 453 462358
-1.52077 3.70572 1.12254 4.02786 -0.389427 0.105098 -0.495178 116.582 481 462358
-1.52077 3.71439 1.03803 4.02786 -0.388608 0.0840222 -0.495178 112.082 457 462358
-1.38801 3.55343 1.10242 3.83606 -0.372386 0.105098 -0.495178 115.832 477 462358
-1.44836 3.51915 1.1829 3.83606 -0.390435 0.12622 -0.495178 114.332 469 462358
-1.44836 3.52926 1.10242 3.83606 -0.389427 0.105098 -0.495178 119.207 495 462358
-1.44836 3.53751 1.02193 3.83606 -0.388608 0.0840222 -0.495178 114.519 470 462358
-1.52077 3.71439 1.03803 4.02786 -0.388608 0.0840222 -0.707397 106.644 428 462358
-1.58414 3.67908 1.12254 4.02786 -0.406588 0.105098 -0.707397 106.832 429 462358
-1.58414 3.68781 1.03803 4.02786 -0.405728 0.0840222 -0.707397 106.832 429 462358
-1.38801 3.55343 1.10242 3.83606 -0.372386 0.105098 -0.565918 110.582 449 462358
-1.44836 3.51915 1.1829 3.83606 -0.390435 0.12622 -0.565918 110.019 446 462358
-1.44836 3.52926 1.10242 3.83606 -0.389427 0.105098 -0.565918 113.582 465 462358
-1.45741 3.7311 1.12254 4.02786 -0.372386 0.105098 -0.565918 107.207 431 462358
-1.52077 3.69511 1.20705 4.02786 -0.390435 0.12622 -0.565918 107.019 430 462358
-1.52077 3.70572 1.12254 4.02786 -0.389427 0.105098 -0.565918 110.957 451 462358
-1.52077 3.71439 1.03803 4.02786 -0.388608 0.0840222 -0.565918 106.082 425 462358
-1.45741 3.7311 1.12254 4.02786 -0.372386 0.105098 -0.424438 114.144 468 462358
-1.52077 3.70572 1.12254 4.02786 -0.389427 0.105098 -0.424438 117.332 485 462358
-1.52077 3.71439 1.03803 4.02786 -0.388608 0.0840222 -0.424438 114.519 470 462358
-1.58414 3.66839 1.20705 4.02786 -0.407646 0.12622 -0.919617 113.394 464 462358
-1.58414 3.67908 1.12254 4.02786 -0.406588 0.105098 -0.919617 113.207 463 462358
-1.77424 3.61209 0.869016 4.02786 -0.456578 0.041974 -0.919617 114.894 472 462358
-1.38801 3.55343 1.10242 3.83606 -0.372386 0.105098 -0.424438 116.957 483 462358
-1.44836 3.52926 1.10242 3.83606 -0.389427 0.105098 -0.424438 120.332 501 462358
-1.44836 3.53751 1.02193 3.83606 -0.388608 0.0840222 -0.424438 116.957 483 462358
-1.38801 3.54339 1.1829 3.83606 -0.373346 0.12622 -0.919617 104.957 419 462358
-1.5087 3.4937 1.1829 3.83606 -0.407646 0.12622 -0.919617 106.457 427 462358
-1.5087 3.50389 1.10242 3.83606 -0.406588 0.105098 -0.919617 108.332 437 462358
-1.68975 3.43538 0.941451 3.83606 -0.45712 0.0629841 -0.919617 106.644 428 462358
-1.68975 3.44009 0.860967 3.83606 -0.456578 0.041974 -0.919617 109.457 443 462358
1.59319 3.88219 0.257339 4.21967 0.389427 -0.105098 -0.0707397 108.332 437 462358
1.19489 4.02267 0.257339 4.21967 0.288739 -0.105098 -0.0707397 108.519 438 462358
1.12851 4.04179 0.257339 4.21967 0.272276 -0.105098 -0.0707397 108.144 436 462358
-1.77424 3.61209 0.869016 4.02786 -0.456578 0.041974 -0.990356 118.457 491 462358
-1.44836 3.50717 1.26339 3.83606 -0.391638 0.147399 -0.990356 109.644 444 462358
-1.68975 3.43538 0.941451 3.83606 -0.45712 0.0629841 -0.990356 109.082 441 462358
-1.68975 3.44009 0.860967 3.83606 -0.456578 0.041974 -0.990356 112.832 461 462358
1.59319 3.88219 0.257339 4.21967 0.389427 -0.105098 0.0707397 107.582 433 462358
1.19489 4.02267 0.257339 4.21967 0.288739 -0.105098 0.0707397 108.707 439 462358
1.12851 4.04179 0.257339 4.21967 0.272276 -0.105098 0.0707397 108.144 436 462358
-1.58414 3.65571 1.29156 4.02786 -0.408907 0.147399 -1.0611 111.144 452 462358
-1.6475 3.65994 1.03803 4.02786 -0.422975 0.0840222 -1.0611 111.519 454 462358
-1.71087 3.63075 1.03803 4.02786 -0.440357 0.0840222 -1.0611 111.519 454 462358
-1.71087 3.63763 0.953524 4.02786 -0.439628 0.0629841 -1.0611 112.082 457 462358
-1.6475 3.65994 1.03803 4.02786 -0.422975 0.0840222 -1.13184 120.707 503 462358
-1.6475 3.66676 0.953524 4.02786 -0.422278 0.0629841 -1.13184 118.644 492 462358
-1.71087 3.63075 1.03803 4.02786 -0.440357 0.0840222 -1.13184 120.144 500 462358
-1.71087 3.63763 0.953524 4.02786 -0.439628 0.0629841 -1.13184 118.269 490 462358
-1.59319 3.88219 1.14266 4.21967 -0.389427 0.105098 -0.424438 107.394 432 462358
-1.79234 3.80364 1.05413 4.21967 -0.440357 0.0840222 -1.13184 108.144 436 462358
-1.85872 3.77165 1.05413 4.21967 -0.457883 0.0840222 -1.13184 106.644 428 462358
-1.92511 3.7382 1.05413 4.21967 -0.475561 0.0840222 -1.13184 106.644 428 462358
-1.99149 3.70326 1.05413 4.21967 -0.493402 0.0840222 -1.13184 104.957 419 462358
1.71992 3.17994 0.241243 3.64426 0.495804 -0.12622 0.0707397 99.3317 389 462358
1.4906 3.29367 0.241243 3.64426 0.424985 -0.12622 0.0707397 99.5192 390 462358
1.43327 3.31902 0.241243 3.64426 0.407646 -0.12622 0.0707397 100.832 397 462358
1.37594 3.34319 0.241243 3.64426 0.390435 -0.12622 0.0707397 100.082 393 462358
1.08928 3.45658 0.317702 3.64426 0.305283 -0.105098 0.0707397 99.3317 389 462358
1.08928 3.44726 0.241243 3.64426 0.306057 -0.12622 0.0707397 99.3317 389 462358
1.71992 3.17994 0.241243 3.64426 0.495804 -0.12622 -0.0707397 100.644 396 462358
1.66259 3.21029 0.241243 3.64426 0.477861 -0.12622 -0.0707397 98.5817 385 462358
1.4906 3.29367 0.241243 3.64426 0.424985 -0.12622 -0.0707397 98.9567 387 462358
1.43327 3.31902 0.241243 3.64426 0.407646 -0.12622 -0.0707397 100.457 395 462358
-1.56905 3.48565 1.02193 3.83606 -0.422975 0.0840222 -1.20258 117.144 484 462358
-1.56905 3.49215 0.941451 3.83606 -0.422278 0.0629841 -1.20258 114.894 472 462358
-1.6294 3.45786 1.02193 3.83606 -0.440357 0.0840222 -1.20258 116.394 480 462358
-1.6294 3.46441 0.941451 3.83606 -0.439628 0.0629841 -1.20258 114.144 468 462358
-1.56905 3.48565 1.02193 3.83606 -0.422975 0.0840222 -1.0611 114.144 468 462358
-1.6294 3.45786 1.02193 3.83606 -0.440357 0.0840222 -1.0611 115.644 476 462358
-1.6294 3.46441 0.941451 3.83606 -0.439628 0.0629841 -1.0611 114.144 468 462358
-1.56905 3.48565 1.02193 3.83606 -0.422975 0.0840222 -1.13184 122.582 513 462358
-1.56905 3.49215 0.941451 3.83606 -0.422278 0.0629841 -1.13184 119.957 499 462358
-1.6294 3.45786 1.02193 3.83606 -0.440357 0.0840222 -1.13184 122.582 513 462358
-1.6294 3.46441 0.941451 3.83606 -0.439628 0.0629841 -1.13184 119.957 499 462358
-1.6475 3.65994 1.03803 4.02786 -0.422975 0.0840222 -1.20258 116.957 483 462358
-1.8376 3.5351 1.29156 4.02786 -0.479374 0.147399 -1.27332 115.269 474 462358
-1.8376 3.54821 1.20705 4.02786 -0.477861 0.12622 -1.27332 116.394 480 462358
-1.90097 3.50144 1.29156 4.02786 -0.497384 0.147399 -1.27332 116.957 483 462358
-1.90097 3.51467 1.20705 4.02786 -0.495804 0.12622 -1.27332 118.832 493 462358
-1.90097 3.51467 1.20705 4.02786 -0.495804 0.12622 -1.34406 112.269 458 462358
-1.92511 3.70344 1.31972 4.21967 -0.479374 0.147399 -1.20258 111.519 454 462358
-1.92511 3.71717 1.23119 4.21967 -0.477861 0.12622 -1.20258 108.332 437 462358
-1.99149 3.66817 1.31972 4.21967 -0.497384 0.147399 -1.20258 111.144 452 462358
-1.99149 3.68203 1.23119 4.21967 -0.495804 0.12622 -1.20258 109.082 441 462358
-1.92511 3.70344 1.31972 4.21967 -0.479374 0.147399 -1.27332 111.144 452 462358
-1.92511 3.71717 1.23119 4.21967 -0.477861 0.12622 -1.27332 112.457 459 462358
-1.99149 3.66817 1.31972 4.21967 -0.497384 0.147399 -1.27332 112.644 460 462358
-1.99149 3.68203 1.23119 4.21967 -0.495804 0.12622 -1.27332 115.082 473 462358
-1.99149 3.66817 1.31972 4.21967 -0.497384 0.147399 -1.34406 104.207 415 462358
-1.99149 3.68203 1.23119 4.21967 -0.495804 0.12622 -1.34406 108.894 440 462358
-1.99149 3.69372 1.14266 4.21967 -0.494479 0.105098 -1.34406 105.144 420 462358
-2.05787 3.64535 1.23119 4.21967 -0.513923 0.12622 -1.34406 103.457 411 462358
1.66561 4.05865 0.237219 4.41147 0.389427 -0.105098 0.0707397 105.332 405 462358
1.31861 4.18428 0.237219 4.41147 0.305283 -0.105098 0.0707397 105.519 406 462358
1.24921 4.20552 0.237219 4.41147 0.288739 -0.105098 0.0707397 105.519 406 462358
1.66561 4.05865 0.237219 4.41147 0.389427 -0.105098 -0.0707397 107.582 417 462358
1.44836 4.35237 0.313678 4.60327 0.321247 -0.0840222 0.0707397 110.582 433 462358
1.44836 4.34272 0.217098 4.60327 0.321913 -0.105098 0.0707397 110.957 435 462358
1.44836 4.35237 0.313678 4.60327 0.321247 -0.0840222 -0 118.269 474 462358
1.44836 4.34272 0.217098 4.60327 0.321913 -0.105098 -0 118.644 476 462358
1.44836 4.35237 0.313678 4.60327 0.321247 -0.0840222 -0.0707397 111.707 439 462358
1.44836 4.34272 0.217098 4.60327 0.321913 -0.105098 -0.0707397 111.894 440 462358
1.20696 4.62321 0.297581 4.79507 0.255367 -0.0840222 -0 116.582 465 462358
1.20696 4.61334 0.196977 4.79507 0.255889 -0.105098 -0 116.582 465 462358
1.13153 4.64225 0.297581 4.79507 0.239084 -0.0840222 -0 116.582 465 462358
1.13153 4.63242 0.196977 4.79507 0.239572 -0.105098 -0 116.582 465 462358
1.56905 4.71507 0.281485 4.98688 0.321247 -0.0840222 0.0707397 105.519 406 462358
1.41215 4.76441 0.281485 4.98688 0.288146 -0.0840222 0.0707397 106.832 413 462358
1.33369 4.78697 0.281485 4.98688 0.271719 -0.0840222 0.0707397 108.519 422 462358
1.33369 4.77666 0.176856 4.98688 0.272276 -0.105098 0.0707397 105.519 406 462358
1.33369 4.78697 0.281485 4.98688 0.271719 -0.0840222 -0 114.894 456 462358
1.80441 4.63011 0.281485 4.98688 0.371606 -0.0840222 -0.0707397 102.707 391 462358
1.56905 4.71507 0.281485 4.98688 0.321247 -0.0840222 -0.0707397 104.957 403 462358
1.41215 4.76441 0.281485 4.98688 0.288146 -0.0840222 -0.0707397 104.019 398 462358
1.33369 4.78697 0.281485 4.98688 0.271719 -0.0840222 -0.0707397 107.394 416 462358
1.25524 4.80813 0.281485 4.98688 0.255367 -0.0840222 -0.0707397 104.582 401 462358
1.46646 4.94766 0.265388 5.17868 0.288146 -0.0840222 0.0707397 112.019 430 462358
1.46646 4.93691 0.156735 5.17868 0.288739 -0.105098 0.0707397 107.894 408 462358
1.38499 4.97108 0.265388 5.17868 0.271719 -0.0840222 0.0707397 109.957 419 462358
1.46646 4.94766 0.265388 5.17868 0.288146 -0.0840222 -0 119.332 469 462358
1.38499 4.97108 0.265388 5.17868 0.271719 -0.0840222 -0 117.457 459 462358
1.46646 4.94766 0.265388 5.17868 0.288146 -0.0840222 -0.0707397 112.207 431 462358
1.46646 4.93691 0.156735 5.17868 0.288739 -0.105098 -0.0707397 108.644 412 462358
1.38499 4.97108 0.265388 5.17868 0.271719 -0.0840222 -0.0707397 110.707 423 462358
1.60526 5.1138 0.361968 5.37048 0.304167 -0.0629841 0.0707397 105.644 396 462358
1.60526 5.1051 0.249291 5.37048 0.304653 -0.0840222 0.0707397 108.644 412 462358
1.52077 5.13091 0.249291 5.37048 0.288146 -0.0840222 0.0707397 106.957 403 462358
1.60526 5.1051 0.249291 5.37048 0.304653 -0.0840222 -0 115.394 448 462358
1.60526 5.1051 0.249291 5.37048 0.304653 -0.0840222 -0.0707397 108.644 412 462358
1.52077 5.13091 0.249291 5.37048 0.288146 -0.0840222 -0.0707397 107.894 408 462358
1.18282 5.21918 0.249291 5.37048 0.222865 -0.0840222 -0.0707397 107.707 407 462358
1.22507 5.40558 0.233194 5.56229 0.222865 -0.0840222 -0 116.144 452 462358
1.13756 5.42467 0.233194 5.56229 0.206706 -0.0840222 -0 116.332 453 462358
1.35783 5.57069 0.217098 5.75409 0.239084 -0.0840222 0.0707397 109.019 414 462358
1.26731 5.6011 0.337823 5.75409 0.222515 -0.0629841 0.0707397 109.957 419 462358
1.26731 5.59198 0.217098 5.75409 0.222865 -0.0840222 0.0707397 113.144 436 462358
1.17679 5.61173 0.217098 5.75409 0.206706 -0.0840222 0.0707397 108.457 411 462358
1.35783 5.57069 0.217098 5.75409 0.239084 -0.0840222 -0 116.707 455 462358
1.26731 5.6011 0.337823 5.75409 0.222515 -0.0629841 -0 117.457 459 462358
1.26731 5.59198 0.217098 5.75409 0.222865 -0.0840222 -0 120.644 476 462358
1.17679 5.61173 0.217098 5.75409 0.206706 -0.0840222 -0 116.144 452 462358
1.35783 5.57069 0.217098 5.75409 0.239084 -0.0840222 -0.0707397 109.957 419 462358
1.26731 5.6011 0.337823 5.75409 0.222515 -0.0629841 -0.0707397 110.144 420 462358
1.26731 5.59198 0.217098 5.75409 0.222865 -0.0840222 -0.0707397 113.519 438 462358
1.17679 5.61173 0.217098 5.75409 0.206706 -0.0840222 -0.0707397 109.207 415 462358
1.21602 5.80817 0.325751 5.94589 0.206382 -0.0629841 -0 112.894 424 462358
1.21602 5.79879 0.201001 5.94589 0.206706 -0.0840222 -0 114.394 432 462358
1.15868 6.01494 0.313678 6.1377 0.190303 -0.0629841 0.0707397 111.582 417 462358
1.15868 6.00528 0.184904 6.1377 0.190602 -0.0840222 0.0707397 112.144 420 462358
0.965571 6.04894 0.313678 6.1377 0.158291 -0.0629841 0.0707397 107.082 393 462358
0.965571 6.03934 0.184904 6.1377 0.158538 -0.0840222 0.0707397 107.644 396 462358
1.25524 5.98585 0.184904 6.1377 0.206706 -0.0840222 -0 116.269 442 462358
1.15868 6.01494 0.313678 6.1377 0.190303 -0.0629841 -0 119.457 459 462358
1.15868 6.00528 0.184904 6.1377 0.190602 -0.0840222 -0 119.457 459 462358
1.15868 6.01494 0.313678 6.1377 0.190303 -0.0629841 -0.0707397 112.519 422 462358
1.15868 6.00528 0.184904 6.1377 0.190602 -0.0840222 -0.0707397 112.144 420 462358
1.19489 6.20291 0.301606 6.3295 0.190303 -0.0629841 -0 117.207 447 462358
1.19489 6.19295 0.168807 6.3295 0.190602 -0.0840222 -0 117.394 448 462358
1.74406 6.27034 0.289533 6.5213 0.271288 -0.0629841 0.0707397 114.207 431 462358
1.84665 6.24089 0.289533 6.5213 0.287687 -0.0629841 -0 120.019 462 462358
1.74406 6.27034 0.289533 6.5213 0.271288 -0.0629841 -0 121.707 471 462358
1.74406 6.25988 0.152711 6.5213 0.271719 -0.0840222 -0 119.457 459 462358
1.64147 6.29797 0.289533 6.5213 0.254962 -0.0629841 -0 118.707 455 462358
1.84665 6.24089 0.289533 6.5213 0.287687 -0.0629841 -0.0707397 113.082 425 462358
1.74406 6.27034 0.289533 6.5213 0.271288 -0.0629841 -0.0707397 114.582 433 462358
1.79536 6.46857 0.7 6.7131 0.270736 0 0.0707397 120.332 453 462358
1.68975 6.49696 0.7 6.7131 0.254446 0 0.0707397 122.582 465 462358
1.79536 6.46857 0.7 6.7131 0.270736 0 -0 127.644 492 462358
1.68975 6.49696 0.7 6.7131 0.254446 0 -0 129.332 501 462358
1.68975 6.49544 0.559153 6.7131 0.254503 -0.0209824 -0 124.644 476 462358
1.68975 6.49544 0.840847 6.7131 0.254503 0.0209824 -0 125.207 479 462358
1.79536 6.46857 0.7 6.7131 0.270736 0 -0.0707397 120.332 453 462358
1.68975 6.49696 0.7 6.7131 0.254446 0 -0.0707397 122.207 463 462358
1.95528 6.60801 0.265388 6.90491 0.287687 -0.0629841 0.0707397 122.207 463 462358
1.84665 6.65339 0.7 6.90491 0.270736 0 0.0707397 123.144 468 462358
1.84665 6.63918 0.265388 6.90491 0.271288 -0.0629841 0.0707397 120.707 455 462358
1.73803 6.68259 0.7 6.90491 0.254446 0 0.0707397 123.894 472 462358
1.95528 6.60801 0.265388 6.90491 0.287687 -0.0629841 -0 129.707 503 462358
1.84665 6.65339 0.7 6.90491 0.270736 0 -0 131.019 510 462358
1.73803 6.68259 0.7 6.90491 0.254446 0 -0 131.957 515 462358
1.95528 6.60801 0.265388 6.90491 0.287687 -0.0629841 -0.0707397 123.332 469 462358
1.84665 6.65339 0.7 6.90491 0.270736 0 -0.0707397 124.269 474 462358
1.73803 6.68259 0.7 6.90491 0.254446 0 -0.0707397 125.394 480 462358
1.67466 6.88986 0.40221 7.09671 0.238438 -0.041974 -0 121.457 459 462358
1.67466 6.88181 0.253315 7.09671 0.238706 -0.0629841 -0 125.582 481 462358
1.67466 6.87052 0.10442 7.09671 0.239084 -0.0840222 -0 120.519 454 462358
1.56302 6.90802 0.253315 7.09671 0.222515 -0.0629841 -0 123.894 472 462358
2.06391 6.97512 0.241243 7.28851 0.287687 -0.0629841 -0 115.082 425 462358
1.83458 7.05384 0.7 7.28851 0.254446 0 -0 120.519 454 462358
1.37594 7.14274 0.241243 7.28851 0.190303 -0.0629841 -0 119.582 449 462358
-1.14058 7.97278 0.530984 8.05573 -0.142095 -0.0209824 1.62701 116.519 422 462358
-1.26731 7.95362 0.530984 8.05573 -0.158009 -0.0209824 1.62701 118.394 432 462358
-1.26731 7.94823 0.361968 8.05573 -0.158115 -0.041974 1.62701 117.082 425 462358
-1.26731 7.86695 -0.483111 8.05573 -0.159721 -0.147399 1.48553 116.707 423 462358
-0.98971 7.79441 1.02998 7.86392 -0.126301 0.041974 0.990356 116.332 421 462358
-0.98971 7.79965 0.864992 7.86392 -0.126217 0.0209824 0.990356 116.519 422 462358
-1.11342 7.7777 1.02998 7.86392 -0.14219 0.041974 0.990356 119.519 438 462358
-1.11342 7.78295 0.864992 7.86392 -0.142095 0.0209824 0.990356 119.332 437 462358
-1.23714 7.75899 1.02998 7.86392 -0.158115 0.041974 0.990356 116.519 422 462358
-1.23714 7.76425 0.864992 7.86392 -0.158009 0.0209824 0.990356 116.332 421 462358
-1.14058 7.9674 1.03803 8.05573 -0.14219 0.041974 0.990356 118.019 430 462358
-1.14058 7.97278 0.869016 8.05573 -0.142095 0.0209824 0.990356 120.832 445 462358
-1.26731 7.94823 1.03803 8.05573 -0.158115 0.041974 0.990356 120.269 442 462358
-1.26731 7.95362 0.869016 8.05573 -0.158009 0.0209824 0.990356 122.144 452 462358
-1.11342 7.76895 1.19497 7.86392 -0.142348 0.0629841 0.919617 119.707 439 462358
-1.11342 7.7777 1.02998 7.86392 -0.14219 0.041974 0.919617 121.394 448 462358
-1.23714 7.75021 1.19497 7.86392 -0.158291 0.0629841 0.919617 120.082 441 462358
-1.23714 7.75899 1.02998 7.86392 -0.158115 0.041974 0.919617 124.207 463 462358
-1.23714 7.76425 0.864992 7.86392 -0.158009 0.0209824 0.919617 118.394 432 462358
-1.26731 7.95362 0.869016 8.05573 -0.158009 0.0209824 1.76849 116.332 421 462358
-1.39404 7.93239 0.869016 8.05573 -0.173964 0.0209824 1.76849 117.269 426 462358
-1.11342 7.7777 1.02998 7.86392 -0.14219 0.041974 0.848877 131.519 502 462358
-1.23714 7.75899 1.02998 7.86392 -0.158115 0.041974 0.848877 132.644 508 462358
-1.23714 7.76425 0.864992 7.86392 -0.158009 0.0209824 0.848877 128.894 488 462358
-0.98971 7.79441 1.02998 7.86392 -0.126301 0.041974 0.707397 124.019 462 462358
-1.11342 7.75667 1.35997 7.86392 -0.14257 0.0840222 0.707397 123.082 457 462358
-1.11342 7.76895 1.19497 7.86392 -0.142348 0.0629841 0.707397 126.269 474 462358
-1.11342 7.7777 1.02998 7.86392 -0.14219 0.041974 0.707397 125.332 469 462358
-1.01385 7.97557 1.20705 8.05573 -0.126441 0.0629841 0.707397 121.019 446 462358
-1.01385 7.98452 1.03803 8.05573 -0.126301 0.041974 0.707397 119.894 440 462358
-1.14058 7.94586 1.37606 8.05573 -0.14257 0.0840222 0.707397 120.644 444 462358
-1.14058 7.95844 1.20705 8.05573 -0.142348 0.0629841 0.707397 123.082 457 462358
-1.14058 7.9674 1.03803 8.05573 -0.14219 0.041974 0.707397 121.019 446 462358
-1.14058 7.94586 1.37606 8.05573 -0.14257 0.0840222 0.848877 121.957 451 462358
-1.14058 7.9674 1.03803 8.05573 -0.14219 0.041974 0.848877 121.582 449 462358
-1.14058 7.97278 0.869016 8.05573 -0.142095 0.0209824 0.848877 120.457 443 462358
-1.26731 7.92664 1.37606 8.05573 -0.158538 0.0840222 0.848877 119.519 438 462358
-1.26731 7.94823 1.03803 8.05573 -0.158115 0.041974 0.848877 121.582 449 462358
-1.26731 7.95362 0.869016 8.05573 -0.158009 0.0209824 0.848877 119.519 438 462358
-0.98971 7.78568 1.19497 7.86392 -0.126441 0.0629841 0.636658 117.832 429 462358
-1.11342 7.76895 1.19497 7.86392 -0.142348 0.0629841 0.636658 117.269 426 462358
-1.14058 7.94586 1.37606 8.05573 -0.14257 0.0840222 0.778137 127.582 481 462358
-1.14058 7.95844 1.20705 8.05573 -0.142348 0.0629841 0.778137 125.894 472 462358
-1.26731 7.92664 1.37606 8.05573 -0.158538 0.0840222 0.778137 124.957 467 462358
-1.26731 7.93924 1.20705 8.05573 -0.158291 0.0629841 0.778137 122.894 456 462358
-1.11342 7.75667 1.35997 7.86392 -0.14257 0.0840222 0.778137 131.519 502 462358
-1.11342 7.76895 1.19497 7.86392 -0.142348 0.0629841 0.778137 128.894 488 462358
-1.23714 7.73791 1.35997 7.86392 -0.158538 0.0840222 0.778137 130.582 497 462358
-1.23714 7.75021 1.19497 7.86392 -0.158291 0.0629841 0.778137 127.019 478 462358
-1.01385 7.99167 0.7 8.05573 -0.126189 0 0.495178 119.332 437 462358
-1.01385 7.92707 -0.314095 8.05573 -0.127207 -0.12622 0.495178 118.207 431 462358
-1.14058 7.97457 0.7 8.05573 -0.142064 0 0.495178 120.644 444 462358
-1.14058 7.97278 0.530984 8.05573 -0.142095 -0.0209824 0.495178 118.957 435 462358
-1.14058 7.92967 -0.145079 8.05573 -0.142857 -0.105098 0.495178 119.332 437 462358
-1.14058 7.90983 -0.314095 8.05573 -0.143211 -0.12622 0.495178 120.269 442 462358
-0.98971 7.80139 0.7 7.86392 -0.126189 0 0.495178 116.894 424 462358
-0.98971 7.79965 0.864992 7.86392 -0.126217 0.0209824 0.495178 116.332 421 462358
-1.11342 7.7847 0.7 7.86392 -0.142064 0 0.495178 118.582 433 462358
-1.11342 7.7215 -0.28995 7.86392 -0.143211 -0.12622 0.495178 116.332 421 462358
-1.11342 7.78295 0.864992 7.86392 -0.142095 0.0209824 0.495178 116.332 421 462358
-0.98971 7.80139 0.7 7.86392 -0.126189 0 0.424438 118.207 431 462358
-0.98971 7.79965 0.535008 7.86392 -0.126217 -0.0209824 0.424438 117.644 428 462358
-1.11342 7.7847 0.7 7.86392 -0.142064 0 0.424438 119.707 439 462358
-1.11342 7.78295 0.535008 7.86392 -0.142095 -0.0209824 0.424438 118.957 435 462358
-1.05911 7.3983 1.01389 7.48032 -0.14219 0.041974 0.848877 118.019 430 462358
-1.17679 7.3805 1.01389 7.48032 -0.158115 0.041974 0.848877 118.394 432 462358
-1.01385 7.98988 0.530984 8.05573 -0.126217 -0.0209824 0.282959 118.394 432 462358
-1.14058 7.97278 0.530984 8.05573 -0.142095 -0.0209824 0.282959 118.582 433 462358
-1.14058 7.92967 -0.145079 8.05573 -0.142857 -0.105098 0.282959 117.457 427 462358
-1.01385 7.99167 0.7 8.05573 -0.126189 0 0.424438 121.207 447 462358
-1.01385 7.98988 0.530984 8.05573 -0.126217 -0.0209824 0.424438 120.644 444 462358
-1.14058 7.97457 0.7 8.05573 -0.142064 0 0.424438 122.894 456 462358
-1.14058 7.97278 0.530984 8.05573 -0.142095 -0.0209824 0.424438 123.269 458 462358
-1.01385 7.99167 0.7 8.05573 -0.126189 0 0.353699 121.207 447 462358
-1.01385 7.98988 0.530984 8.05573 -0.126217 -0.0209824 0.353699 122.332 453 462358
-1.14058 7.97457 0.7 8.05573 -0.142064 0 0.353699 122.332 453 462358
-1.14058 7.97278 0.530984 8.05573 -0.142095 -0.0209824 0.353699 123.644 460 462358
1.88286 7.23266 0.386113 7.48032 0.254675 -0.041974 -0 124.394 464 462358
1.76518 7.26228 0.386113 7.48032 0.238438 -0.041974 -0 124.957 467 462358
1.41215 7.33071 0.22917 7.48032 0.190303 -0.0629841 -0 119.707 439 462358
-1.08627 7.588 1.02193 7.67212 -0.14219 0.041974 0.848877 120.457 443 462358
-1.20696 7.56974 1.02193 7.67212 -0.158115 0.041974 0.848877 122.707 455 462358
2.84542 7.32366 0.370017 7.86392 0.370574 -0.041974 0.0707397 110.144 388 462358
2.84542 7.31436 0.205025 7.86392 0.371003 -0.0629841 0.0707397 112.957 403 462358
2.47427 7.4481 0.205025 7.86392 0.320732 -0.0629841 0.0707397 114.832 413 462358
1.85571 7.64005 0.535008 7.86392 0.238277 -0.0209824 -0 126.457 475 462358
1.85571 7.63471 0.370017 7.86392 0.238438 -0.041974 -0 126.457 475 462358
1.73199 7.66904 0.535008 7.86392 0.222116 -0.0209824 -0 124.019 462 462358
1.73199 7.66372 0.370017 7.86392 0.222265 -0.041974 -0 124.207 463 462358
1.90097 7.8264 0.530984 8.05573 0.238277 -0.0209824 0.0707397 126.269 474 462358
1.90097 7.82092 0.361968 8.05573 0.238438 -0.041974 0.0707397 131.144 500 462358
1.90097 7.81178 0.192952 8.05573 0.238706 -0.0629841 0.0707397 127.957 483 462358
1.77424 7.85064 0.361968 8.05573 0.222265 -0.041974 0.0707397 127.582 481 462358
1.90097 7.8264 0.530984 8.05573 0.238277 -0.0209824 -0 133.582 513 462358
1.90097 7.82092 0.361968 8.05573 0.238438 -0.041974 -0 138.644 540 462358
1.90097 7.81178 0.192952 8.05573 0.238706 -0.0629841 -0 135.644 524 462358
1.77424 7.85064 0.361968 8.05573 0.222265 -0.041974 -0 135.269 522 462358
1.90097 7.8264 0.530984 8.05573 0.238277 -0.0209824 -0.0707397 126.457 475 462358
1.90097 7.82092 0.361968 8.05573 0.238438 -0.041974 -0.0707397 131.519 502 462358
1.90097 7.81178 0.192952 8.05573 0.238706 -0.0629841 -0.0707397 128.519 486 462358
1.77424 7.85064 0.361968 8.05573 0.222265 -0.041974 -0.0707397 128.144 484 462358
1.94623 8.00713 0.35392 8.24753 0.238438 -0.041974 0.0707397 123.332 453 462358
1.94623 8.00713 0.35392 8.24753 0.238438 -0.041974 -0 131.394 496 462358
1.94623 7.99778 0.18088 8.24753 0.238706 -0.0629841 -0 129.894 488 462358
1.81648 8.03756 0.35392 8.24753 0.222265 -0.041974 -0 128.019 478 462358
1.81648 8.02824 0.18088 8.24753 0.222515 -0.0629841 -0 126.707 471 462358
1.94623 8.00713 0.35392 8.24753 0.238438 -0.041974 -0.0707397 125.207 463 462358
1.94623 7.99778 0.18088 8.24753 0.238706 -0.0629841 -0.0707397 123.894 456 462358
1.99149 8.19334 0.345872 8.43933 0.238438 -0.041974 -0 125.207 463 462358
1.32766 8.32672 0.345872 8.43933 0.158115 -0.041974 -0 117.144 420 462358
2.4441 8.26993 0.337823 8.63113 0.287361 -0.041974 -0 118.457 427 462358
1.6294 8.4682 0.337823 8.63113 0.190091 -0.041974 -0 121.644 444 462358
1.49362 8.4932 0.337823 8.63113 0.17408 -0.041974 -0 119.957 435 462358
4.68 7.69546 0.321726 9.01474 0.546391 -0.041974 -0 115.957 403 462358
3.12 8.44914 0.321726 9.01474 0.353736 -0.041974 -0 117.269 410 462358
2.97818 8.50017 0.321726 9.01474 0.337002 -0.041974 -0 117.082 409 462358
4.77957 7.85919 0.313678 9.20654 0.546391 -0.041974 -0 115.957 403 462358
3.76573 8.39229 0.313678 9.20654 0.421783 -0.041974 -0 116.519 406 462358
3.62089 8.45579 0.313678 9.20654 0.40459 -0.041974 -0 119.519 422 462358
3.62089 8.44475 0.120517 9.20654 0.405063 -0.0629841 -0 115.394 400 462358
3.47605 8.51635 0.313678 9.20654 0.387523 -0.041974 -0 115.957 403 462358
3.8472 8.9913 0.494766 9.78195 0.404307 -0.0209824 -0 119.394 416 462358
3.8472 8.98427 0.289533 9.78195 0.40459 -0.041974 -0 120.332 421 462358
3.69331 9.0556 0.494766 9.78195 0.387253 -0.0209824 -0 119.019 414 462358
3.69331 9.04862 0.289533 9.78195 0.387523 -0.041974 -0 119.394 416 462358
-1.72596 9.82328 0.7 9.97375 -0.173925 0 -0 113.957 387 462358
-1.72596 9.82105 0.490742 9.97375 -0.173964 -0.0209824 -0 116.019 398 462358
-1.88286 9.79218 0.490742 9.97375 -0.189964 -0.0209824 -0 114.144 388 462358
-2.03977 9.7607 0.490742 9.97375 -0.206013 -0.0209824 -0 119.019 414 462358
-2.03977 9.75397 0.281485 9.97375 -0.206151 -0.041974 -0 114.894 392 462358
-2.19667 9.72659 0.490742 9.97375 -0.222116 -0.0209824 -0 116.207 399 462358
-2.3234 10.2806 0.257339 10.5492 -0.222265 -0.041974 -0 121.519 422 462358
-2.48936 10.2417 0.257339 10.5492 -0.238438 -0.041974 -0 121.332 421 462358
8.13192 6.71624 0.47867 10.5492 0.880455 -0.0209824 -0 121.519 422 462358
8.13192 6.70529 0.257339 10.5492 0.881256 -0.041974 -0 124.332 437 462358
8.13192 6.70529 0.257339 10.5492 0.881256 -0.041974 -0.0707397 117.957 403 462358
6.23095 9.44348 0.462573 11.3164 0.583244 -0.0209824 0.0707397 118.582 401 462358
6.05292 9.55856 0.462573 11.3164 0.564507 -0.0209824 0.0707397 123.832 429 462358
6.05292 9.54971 0.225146 11.3164 0.564926 -0.041974 0.0707397 124.957 435 462358
6.05292 9.55856 0.462573 11.3164 0.564507 -0.0209824 -0 131.519 470 462358
6.05292 9.54971 0.225146 11.3164 0.564926 -0.041974 -0 132.644 476 462358
6.23095 9.44348 0.462573 11.3164 0.583244 -0.0209824 -0.0707397 119.519 406 462358
6.05292 9.55856 0.462573 11.3164 0.564507 -0.0209824 -0.0707397 124.582 433 462358
6.05292 9.54971 0.225146 11.3164 0.564926 -0.041974 -0.0707397 125.707 439 462358
6.15551 9.72057 0.458549 11.5082 0.564507 -0.0209824 -0 120.644 412 462358
6.15551 9.71157 0.217098 11.5082 0.564926 -0.041974 -0 121.582 417 462358
5.97447 9.53489 3.11451 11.5082 0.559742 0.211379 -0 121.394 416 462358
5.97447 9.59279 2.87306 11.5082 0.557021 0.189968 -0 123.644 428 462358
1.39404 12.5708 0.168807 12.659 0.110444 -0.041974 -0 120.519 406 462358
6.15551 11.4954 0.426355 13.0426 0.491624 -0.0209824 -0 139.519 502 462358
5.95033 11.6029 0.426355 13.0426 0.473858 -0.0209824 -0 137.832 493 462358
6.24604 11.6645 0.422331 13.2344 0.491624 -0.0209824 -0 143.644 524 462358
6.24604 11.6545 0.144662 13.2344 0.491978 -0.041974 -0 140.457 507 462358
6.03783 11.7736 0.422331 13.2344 0.473858 -0.0209824 -0 141.957 515 462358
6.03783 11.7637 0.144662 13.2344 0.474198 -0.041974 -0 138.394 496 462358
6.33656 11.8335 0.418307 13.4262 0.491624 -0.0209824 0.0707397 145.519 534 462358
6.33656 11.8234 0.136614 13.4262 0.491978 -0.041974 0.0707397 141.582 513 462358
6.12534 11.9442 0.418307 13.4262 0.473858 -0.0209824 0.0707397 143.457 523 462358
6.33656 11.8335 0.418307 13.4262 0.491624 -0.0209824 -0 153.207 575 462358
6.33656 11.8234 0.136614 13.4262 0.491978 -0.041974 -0 149.269 554 462358
6.12534 11.9442 0.418307 13.4262 0.473858 -0.0209824 -0 151.144 564 462358
6.33656 11.8335 0.418307 13.4262 0.491624 -0.0209824 -0.0707397 146.082 537 462358
6.33656 11.8234 0.136614 13.4262 0.491978 -0.041974 -0.0707397 142.332 517 462358
6.12534 11.9442 0.418307 13.4262 0.473858 -0.0209824 -0.0707397 144.207 527 462358
6.42708 12.0026 0.414283 13.618 0.491624 -0.0209824 -0 140.894 504 462358
6.42708 11.8382 2.70002 13.618 0.497384 0.147399 -0 139.207 495 462358
6.21284 12.1148 0.414283 13.618 0.473858 -0.0209824 -0 138.832 493 462358
6.21284 11.9007 2.98574 13.618 0.481138 0.168645 -0 137.894 488 462358
6.21284 11.952 2.70002 13.618 0.479374 0.147399 -0 142.019 510 462358
6.5176 12.1716 0.410259 13.8098 0.491624 -0.0209824 -0 138.269 490 462358
6.30035 12.2855 0.410259 13.8098 0.473858 -0.0209824 -0 137.332 485 462358
6.1193 13.6519 0.7 14.9606 0.421388 0 -0 131.582 449 462358
-7.15126 13.2981 -0.571643 15.1524 -0.493402 -0.0840222 -0 127.519 422 462358
-7.38963 13.2284 0.7 15.1524 -0.509437 0 -0 128.457 427 462358
-7.38963 13.2245 0.382089 15.1524 -0.50956 -0.0209824 -0 129.019 430 462358
-7.38963 13.1939 -0.253732 15.1524 -0.510548 -0.0629841 -0 127.332 421 462358
-7.38963 13.1671 -0.571643 15.1524 -0.511416 -0.0840222 -0 131.082 441 462358
-7.38963 13.1325 -0.889554 15.1524 -0.512539 -0.105098 -0 126.582 417 462358
6.82538 15.2271 0.7 16.6869 0.421388 0 0.0707397 145.394 512 462358
6.56286 15.3421 0.7 16.6869 0.404213 0 0.0707397 149.519 534 462358
6.56286 15.3381 1.0501 16.6869 0.404307 0.0209824 0.0707397 149.332 533 462358
6.82538 15.2271 0.7 16.6869 0.421388 0 -0 153.082 553 462358
6.56286 15.3421 0.7 16.6869 0.404213 0 -0 156.832 573 462358
6.56286 15.3381 1.0501 16.6869 0.404307 0.0209824 -0 156.832 573 462358
6.82538 15.2271 0.7 16.6869 0.421388 0 -0.0707397 145.582 513 462358
6.56286 15.3421 0.7 16.6869 0.404213 0 -0.0707397 149.707 535 462358
6.56286 15.3381 1.0501 16.6869 0.404307 0.0209824 -0.0707397 149.707 535 462358
6.6383 15.5184 0.7 16.8787 0.404213 0 0.0707397 149.519 534 462358
6.6383 15.5144 1.05413 16.8787 0.404307 0.0209824 0.0707397 149.144 532 462358
6.6383 15.5184 0.7 16.8787 0.404213 0 -0 157.394 576 462358
6.6383 15.5144 1.05413 16.8787 0.404307 0.0209824 -0 157.207 575 462358
6.6383 15.5184 0.7 16.8787 0.404213 0 -0.0707397 150.644 540 462358
6.6383 15.5144 1.05413 16.8787 0.404307 0.0209824 -0.0707397 150.269 538 462358
6.73486 16.5174 0.7 17.8377 0.387164 0 0.0707397 148.269 522 462358
6.73486 16.5132 0.325751 17.8377 0.387253 -0.0209824 0.0707397 148.644 524 462358
6.45424 16.6291 0.7 17.8377 0.370232 0 0.0707397 145.644 508 462358
6.45424 16.6248 0.325751 17.8377 0.370317 -0.0209824 0.0707397 146.019 510 462358
6.73486 16.5174 0.7 17.8377 0.387164 0 -0 155.957 563 462358
6.73486 16.5132 0.325751 17.8377 0.387253 -0.0209824 -0 156.144 564 462358
6.45424 16.6291 0.7 17.8377 0.370232 0 -0 152.957 547 462358
6.45424 16.6248 0.325751 17.8377 0.370317 -0.0209824 -0 153.144 548 462358
6.73486 16.5174 0.7 17.8377 0.387164 0 -0.0707397 148.457 523 462358
6.73486 16.5132 0.325751 17.8377 0.387253 -0.0209824 -0.0707397 149.019 526 462358
6.45424 16.6291 0.7 17.8377 0.370232 0 -0.0707397 145.644 508 462358
6.45424 16.6248 0.325751 17.8377 0.370317 -0.0209824 -0.0707397 146.019 510 462358
6.80727 16.695 0.7 18.0295 0.387164 0 0.0707397 142.082 489 462358
6.80727 16.6907 0.321726 18.0295 0.387253 -0.0209824 0.0707397 142.457 491 462358
6.80727 16.695 0.7 18.0295 0.387164 0 -0 150.144 532 462358
6.80727 16.6907 0.321726 18.0295 0.387253 -0.0209824 -0 150.519 534 462358
6.52364 16.8079 0.7 18.0295 0.370232 0 -0 147.144 516 462358
6.52364 16.8036 0.321726 18.0295 0.370317 -0.0209824 -0 147.332 517 462358
6.80727 16.695 0.7 18.0295 0.387164 0 -0.0707397 143.957 499 462358
6.80727 16.6907 0.321726 18.0295 0.387253 -0.0209824 -0.0707397 144.332 501 462358
6.87969 16.8726 0.7 18.2213 0.387164 0 -0 146.457 507 462358
6.87969 16.8683 0.317702 18.2213 0.387253 -0.0209824 -0 145.519 502 462358
6.59304 16.9867 0.7 18.2213 0.370232 0 -0 146.269 506 462358
6.59304 16.9824 0.317702 18.2213 0.370317 -0.0209824 -0 145.519 502 462358
3.04758 19.1309 0.7 19.3721 0.157974 0 0.0707397 137.519 454 462358
2.74282 19.1769 0.7 19.3721 0.142064 0 0.0707397 138.269 458 462358
6.46329 18.4654 0.7 19.5639 0.336693 0 -0 152.894 536 462358
6.46329 18.4609 0.289533 19.5639 0.336771 -0.0209824 -0 152.144 532 462358
6.15551 18.5703 0.7 19.5639 0.320073 0 -0 152.144 532 462358
6.15551 18.5658 0.289533 19.5639 0.320146 -0.0209824 -0 151.207 527 462358
7.14824 18.1871 3.60144 19.7557 0.37449 0.147399 -0 143.332 485 462358
5.90507 18.8525 0.7 19.7557 0.303544 0 -0 151.207 527 462358
6.27621 18.9344 0.7 19.9475 0.320073 0 0.0707397 159.457 571 462358
6.27621 18.9298 0.281485 19.9475 0.320146 -0.0209824 0.0707397 155.332 549 462358
6.27621 18.9298 1.11852 19.9475 0.320146 0.0209824 0.0707397 155.519 550 462358
5.9624 19.0356 0.7 19.9475 0.303544 0 0.0707397 158.894 568 462358
6.27621 18.9344 0.7 19.9475 0.320073 0 -0 166.957 611 462358
6.27621 18.9298 0.281485 19.9475 0.320146 -0.0209824 -0 163.019 590 462358
6.27621 18.9298 1.11852 19.9475 0.320146 0.0209824 -0 163.019 590 462358
5.9624 19.0356 0.7 19.9475 0.303544 0 -0 166.207 607 462358
6.27621 18.9344 0.7 19.9475 0.320073 0 -0.0707397 160.019 574 462358
6.27621 18.9298 0.281485 19.9475 0.320146 -0.0209824 -0.0707397 156.082 553 462358
6.27621 18.9298 1.11852 19.9475 0.320146 0.0209824 -0.0707397 155.894 552 462358
5.9624 19.0356 0.7 19.9475 0.303544 0 -0.0707397 159.269 570 462358
6.33656 19.1165 0.7 20.1393 0.320073 0 0.0707397 152.894 536 462358
6.01973 19.2186 0.7 20.1393 0.303544 0 0.0707397 151.582 529 462358
6.33656 19.1165 0.7 20.1393 0.320073 0 -0 161.144 580 462358
6.33656 19.1118 0.27746 20.1393 0.320146 -0.0209824 -0 157.019 558 462358
6.33656 19.1118 1.12254 20.1393 0.320146 0.0209824 -0 157.394 560 462358
6.01973 19.2186 0.7 20.1393 0.303544 0 -0 160.582 577 462358
6.01973 19.214 0.27746 20.1393 0.303613 -0.0209824 -0 156.644 556 462358
6.33656 19.1165 0.7 20.1393 0.320073 0 -0.0707397 154.582 545 462358
6.01973 19.2186 0.7 20.1393 0.303544 0 -0.0707397 154.582 545 462358
6.39691 19.2985 0.7 20.3311 0.320073 0 -0 152.707 535 462358
6.07706 19.4016 0.7 20.3311 0.303544 0 -0 151.582 529 462358
1.61431 20.4548 1.13059 20.5229 0.0787578 0.0209824 -0 149.019 510 462358
1.29145 20.4822 0.7 20.5229 0.0629689 0 -0 151.457 523 462358
1.29145 20.4777 1.13059 20.5229 0.0629827 0.0209824 -0 150.332 517 462358
0.968588 20.5 0.7 20.5229 0.047213 0 -0 148.457 507 462358
1.95528 20.6222 0.7 20.7147 0.0945316 0 0.0707397 150.332 517 462358
1.95528 20.6177 1.13461 20.7147 0.0945525 0.0209824 0.0707397 153.707 535 462358
1.6294 20.6505 0.7 20.7147 0.0787404 0 0.0707397 151.644 524 462358
1.6294 20.646 1.13461 20.7147 0.0787578 0.0209824 0.0707397 154.082 537 462358
1.95528 20.6222 0.7 20.7147 0.0945316 0 -0 158.582 561 462358
1.95528 20.6177 1.13461 20.7147 0.0945525 0.0209824 -0 161.582 577 462358
1.6294 20.6505 0.7 20.7147 0.0787404 0 -0 159.519 566 462358
1.6294 20.646 1.13461 20.7147 0.0787578 0.0209824 -0 161.957 579 462358
1.95528 20.6222 0.7 20.7147 0.0945316 0 -0.0707397 151.457 523 462358
1.95528 20.6177 1.13461 20.7147 0.0945525 0.0209824 -0.0707397 154.644 540 462358
1.6294 20.6505 0.7 20.7147 0.0787404 0 -0.0707397 152.207 527 462358
1.6294 20.646 1.13461 20.7147 0.0787578 0.0209824 -0.0707397 154.644 540 462358
4.93346 20.3161 0.7 20.9065 0.238224 0 0.0707397 147.144 500 462358
4.93346 20.2971 1.57727 20.9065 0.238438 0.041974 0.0707397 145.082 489 462358
4.93346 20.3114 1.13864 20.9065 0.238277 0.0209824 0.0707397 148.457 507 462358
4.60457 20.3743 1.57727 20.9065 0.222265 0.041974 0.0707397 145.644 492 462358
4.60457 20.3884 1.13864 20.9065 0.222116 0.0209824 0.0707397 146.957 499 462358
4.93346 20.3114 1.13864 20.9065 0.238277 0.0209824 -0 156.144 548 462358
4.60457 20.3884 1.13864 20.9065 0.222116 0.0209824 -0 155.019 542 462358
4.93346 20.3161 0.7 20.9065 0.238224 0 -0.0707397 147.894 504 462358
4.93346 20.3114 1.13864 20.9065 0.238277 0.0209824 -0.0707397 149.582 513 462358
4.60457 20.3743 1.57727 20.9065 0.222265 0.041974 -0.0707397 146.957 499 462358
4.60457 20.3884 1.13864 20.9065 0.222116 0.0209824 -0.0707397 148.082 505 462358
1.97338 20.8086 1.13864 20.9065 0.0945525 0.0209824 -0.0707397 146.957 499 462358
1.64449 20.8417 0.7 20.9065 0.0787404 0 -0.0707397 147.707 503 462358
1.64449 20.8371 1.13864 20.9065 0.0787578 0.0209824 -0.0707397 148.269 506 462358
1.99149 21.0041 0.7 21.0983 0.0945316 0 -0 147.144 500 462358
1.99149 20.9995 1.14266 21.0983 0.0945525 0.0209824 -0 151.457 523 462358
1.65957 21.0283 1.14266 21.0983 0.0787578 0.0209824 -0 151.082 521 462358
3.68426 20.9499 1.59337 21.2901 0.17408 0.041974 -0 144.707 487 462358
3.68426 20.9642 1.14668 21.2901 0.173964 0.0209824 -0 143.582 481 462358
1.67466 21.2242 0.7 21.2901 0.0787404 0 -0 145.457 491 462358
1.67466 21.2195 1.14668 21.2901 0.0787578 0.0209824 -0 145.457 491 462358
3.71745 21.153 1.15071 21.4819 0.173964 0.0209824 0.0707397 147.894 504 462358
1.3518 21.4394 0.7 21.4819 0.0629689 0 0.0707397 150.519 518 462358
1.3518 21.4346 0.249291 21.4819 0.0629827 -0.0209824 0.0707397 147.519 502 462358
1.3518 21.4346 1.15071 21.4819 0.0629827 0.0209824 0.0707397 148.832 509 462358
1.01385 21.458 0.7 21.4819 0.047213 0 0.0707397 147.707 503 462358
1.3518 21.4394 0.7 21.4819 0.0629689 0 -0 158.207 559 462358
1.3518 21.4346 1.15071 21.4819 0.0629827 0.0209824 -0 156.519 550 462358
3.71745 21.153 1.15071 21.4819 0.173964 0.0209824 -0.0707397 148.832 509 462358
1.3518 21.4394 0.7 21.4819 0.0629689 0 -0.0707397 151.082 521 462358
1.3518 21.4346 0.249291 21.4819 0.0629827 -0.0209824 -0.0707397 148.269 506 462358
1.3518 21.4346 1.15071 21.4819 0.0629827 0.0209824 -0.0707397 149.394 512 462358
1.01385 21.458 0.7 21.4819 0.047213 0 -0.0707397 148.082 505 462358
1.36387 21.6308 0.7 21.6737 0.0629689 0 0.0707397 145.269 490 462358
1.36387 21.6308 0.7 21.6737 0.0629689 0 -0 153.519 534 462358
1.36387 21.6308 0.7 21.6737 0.0629689 0 -0.0707397 147.144 500 462358
5.15977 21.2431 1.15876 21.8655 0.238277 0.0209824 0.0707397 149.394 512 462358
4.81578 21.3089 1.61751 21.8655 0.222265 0.041974 0.0707397 149.582 513 462358
4.81578 21.3237 1.15876 21.8655 0.222116 0.0209824 0.0707397 154.457 539 462358
4.4718 21.3985 1.15876 21.8655 0.206013 0.0209824 0.0707397 149.957 515 462358
5.15977 21.2431 1.15876 21.8655 0.238277 0.0209824 -0 156.332 549 462358
4.81578 21.3089 1.61751 21.8655 0.222265 0.041974 -0 156.519 550 462358
4.81578 21.3237 1.15876 21.8655 0.222116 0.0209824 -0 161.394 576 462358
4.4718 21.3985 1.15876 21.8655 0.206013 0.0209824 -0 156.707 551 462358
5.15977 21.2431 1.15876 21.8655 0.238277 0.0209824 -0.0707397 148.269 506 462358
4.81578 21.3089 1.61751 21.8655 0.222265 0.041974 -0.0707397 148.832 509 462358
4.81578 21.3237 1.15876 21.8655 0.222116 0.0209824 -0.0707397 153.707 535 462358
4.4718 21.3985 1.15876 21.8655 0.206013 0.0209824 -0.0707397 149.394 512 462358
4.85803 21.5107 1.16278 22.0573 0.222116 0.0209824 0.0707397 149.644 508 462358
5.20503 21.4294 1.16278 22.0573 0.238277 0.0209824 -0 153.207 527 462358
4.85803 21.4958 1.62556 22.0573 0.222265 0.041974 -0 151.519 518 462358
4.85803 21.5107 1.16278 22.0573 0.222116 0.0209824 -0 157.519 550 462358
4.51103 21.5862 1.16278 22.0573 0.206013 0.0209824 -0 152.269 522 462358
5.20503 21.4294 1.16278 22.0573 0.238277 0.0209824 -0.0707397 146.269 490 462358
4.85803 21.5107 1.16278 22.0573 0.222116 0.0209824 -0.0707397 150.957 515 462358
8.05045 20.7206 1.63361 22.2491 0.370574 0.041974 -0 141.019 462 462358
8.05045 20.7364 1.16681 22.2491 0.370317 0.0209824 -0 142.519 470 462358
4.90027 21.6978 1.16681 22.2491 0.222116 0.0209824 -0 146.832 493 462358
2.80015 22.0722 0.7 22.2491 0.126189 0 -0 142.332 469 462358
2.80015 22.0673 1.16681 22.2491 0.126217 0.0209824 -0 141.957 467 462358
8.05045 20.7364 1.16681 22.2491 0.370317 0.0209824 -0.0707397 135.582 433 462358
4.01617 22.858 0.7 23.2082 0.173925 0 0.0707397 138.082 441 462358
4.01617 22.8528 1.18693 23.2082 0.173964 0.0209824 0.0707397 139.582 449 462358
3.65106 22.914 1.18693 23.2082 0.158009 0.0209824 0.0707397 136.394 432 462358
3.28596 22.9744 0.7 23.2082 0.142064 0 0.0707397 137.519 438 462358
3.28596 22.9692 1.18693 23.2082 0.142095 0.0209824 0.0707397 138.457 443 462358
1.79536 22.7538 0.7 22.8246 0.0787404 0 0.0707397 152.332 517 462358
1.43629 22.7793 0.7 22.8246 0.0629689 0 0.0707397 154.957 531 462358
1.43629 22.7743 1.17888 22.8246 0.0629827 0.0209824 0.0707397 150.644 508 462358
1.07721 22.7991 0.7 22.8246 0.047213 0 0.0707397 152.332 517 462358
1.79536 22.7538 0.7 22.8246 0.0787404 0 -0 159.832 557 462358
1.43629 22.7793 0.7 22.8246 0.0629689 0 -0 161.894 568 462358
1.43629 22.7743 1.17888 22.8246 0.0629827 0.0209824 -0 157.957 547 462358
1.07721 22.7991 0.7 22.8246 0.047213 0 -0 159.457 555 462358
1.79536 22.7538 0.7 22.8246 0.0787404 0 -0.0707397 152.519 518 462358
1.43629 22.7793 0.7 22.8246 0.0629689 0 -0.0707397 154.582 529 462358
1.43629 22.7743 1.17888 22.8246 0.0629827 0.0209824 -0.0707397 150.457 507 462358
1.07721 22.7991 0.7 22.8246 0.047213 0 -0.0707397 152.144 516 462358
1.81044 22.945 0.7 23.0164 0.0787404 0 0.0707397 151.582 513 462358
1.44836 22.9707 0.7 23.0164 0.0629689 0 0.0707397 155.332 533 462358
1.44836 22.9657 1.1829 23.0164 0.0629827 0.0209824 0.0707397 151.957 515 462358
1.08627 22.9907 0.7 23.0164 0.047213 0 0.0707397 153.832 525 462358
1.08627 22.9856 1.1829 23.0164 0.0472234 0.0209824 0.0707397 151.019 510 462358
1.81044 22.945 0.7 23.0164 0.0787404 0 -0 159.457 555 462358
1.44836 22.9707 0.7 23.0164 0.0629689 0 -0 163.207 575 462358
1.44836 22.9657 1.1829 23.0164 0.0629827 0.0209824 -0 159.457 555 462358
1.08627 22.9907 0.7 23.0164 0.047213 0 -0 161.519 566 462358
1.81044 22.945 0.7 23.0164 0.0787404 0 -0.0707397 152.707 519 462358
1.44836 22.9707 0.7 23.0164 0.0629689 0 -0.0707397 156.082 537 462358
1.44836 22.9657 1.1829 23.0164 0.0629827 0.0209824 -0.0707397 152.519 518 462358
1.08627 22.9907 0.7 23.0164 0.047213 0 -0.0707397 154.957 531 462358
1.08627 22.9856 1.1829 23.0164 0.0472234 0.0209824 -0.0707397 152.144 516 462358
-2.55574 23.0619 1.18693 23.2082 -0.110371 0.0209824 -0.141479 135.644 428 462358
-2.92085 23.0185 1.18693 23.2082 -0.126217 0.0209824 -0.141479 133.957 419 462358
-14.6043 17.9778 2.16078 23.2082 -0.682226 0.0629841 -0.141479 136.019 430 462358
4.38128 22.7857 1.18693 23.2082 0.189964 0.0209824 -0 149.144 500 462358
-14.4745 18.6295 0.7 23.5918 -0.660537 0 0.0707397 133.207 415 462358
-14.4745 18.623 0.205025 23.5918 -0.660708 -0.0209824 0.0707397 133.207 415 462358
-14.8456 18.3352 0.7 23.5918 -0.680617 0 0.0707397 138.269 442 462358
-14.8456 18.3285 0.205025 23.5918 -0.680795 -0.0209824 0.0707397 136.582 433 462358
-15.2168 18.0283 0.7 23.5918 -0.701029 0 0.0707397 134.519 422 462358
-14.8456 18.3352 0.7 23.5918 -0.680617 0 -0 145.207 479 462358
-14.8456 18.3285 0.205025 23.5918 -0.680795 -0.0209824 -0 143.332 469 462358
-13.7322 19.1833 0.7 23.5918 -0.621281 0 -0.0707397 134.144 420 462358
-13.7322 19.1769 1.19497 23.5918 -0.621438 0.0209824 -0.0707397 134.332 421 462358
-14.1034 18.9056 1.19497 23.5918 -0.640929 0.0209824 -0.0707397 134.144 420 462358
-14.8456 18.3352 0.7 23.5918 -0.680617 0 -0.0707397 138.457 443 462358
-14.8456 18.3285 0.205025 23.5918 -0.680795 -0.0209824 -0.0707397 136.582 433 462358
-15.2168 18.0283 0.7 23.5918 -0.701029 0 -0.0707397 135.082 425 462358
-7.10901 22.6908 0.201001 23.7836 -0.303613 -0.0209824 0.0707397 136.394 432 462358
-14.5922 18.781 0.7 23.7836 -0.660537 0 0.0707397 138.269 442 462358
-14.9663 18.4842 0.7 23.7836 -0.680617 0 0.0707397 138.832 445 462358
-14.9663 18.4775 0.201001 23.7836 -0.680795 -0.0209824 0.0707397 136.207 431 462358
-14.5922 18.781 0.7 23.7836 -0.660537 0 -0 145.957 483 462358
-14.9663 18.4842 0.7 23.7836 -0.680617 0 -0 146.707 487 462358
-14.5922 18.781 0.7 23.7836 -0.660537 0 -0.0707397 139.207 447 462358
-14.9663 18.4842 0.7 23.7836 -0.680617 0 -0.0707397 140.519 454 462358
-14.9663 18.4775 0.201001 23.7836 -0.680795 -0.0209824 -0.0707397 137.894 440 462358
-7.16634 22.8738 0.196977 23.9754 -0.303613 -0.0209824 0.0707397 135.082 425 462358
-7.54352 22.7522 0.196977 23.9754 -0.320146 -0.0209824 0.0707397 133.019 414 462358
-14.7099 18.9325 0.7 23.9754 -0.660537 0 0.0707397 134.519 422 462358
-14.7099 18.9258 1.20302 23.9754 -0.660708 0.0209824 0.0707397 133.957 419 462358
-7.16634 22.8738 0.196977 23.9754 -0.303613 -0.0209824 -0 142.957 467 462358
1.52077 24.1193 0.7 24.1672 0.0629689 0 0.0707397 148.582 497 462358
1.52077 24.1139 1.20705 24.1672 0.0629827 0.0209824 0.0707397 146.707 487 462358
1.14058 24.1402 0.7 24.1672 0.047213 0 0.0707397 149.144 500 462358
1.14058 24.1349 1.20705 24.1672 0.0472234 0.0209824 0.0707397 147.082 489 462358
1.52077 24.1193 0.7 24.1672 0.0629689 0 -0 155.707 535 462358
1.52077 24.1139 1.20705 24.1672 0.0629827 0.0209824 -0 154.019 526 462358
1.14058 24.1402 0.7 24.1672 0.047213 0 -0 156.082 537 462358
1.14058 24.1349 1.20705 24.1672 0.0472234 0.0209824 -0 154.394 528 462358
1.52077 24.1193 0.7 24.1672 0.0629689 0 -0.0707397 148.394 496 462358
1.52077 24.1139 1.20705 24.1672 0.0629827 0.0209824 -0.0707397 146.519 486 462358
1.14058 24.1402 0.7 24.1672 0.047213 0 -0.0707397 148.582 497 462358
1.14058 24.1349 1.20705 24.1672 0.0472234 0.0209824 -0.0707397 147.082 489 462358
1.53284 24.3107 0.7 24.359 0.0629689 0 0.0707397 149.957 499 462358
1.53284 24.3053 1.21107 24.359 0.0629827 0.0209824 0.0707397 148.832 493 462358
1.14963 24.3318 0.7 24.359 0.047213 0 0.0707397 150.144 500 462358
1.14963 24.3265 1.21107 24.359 0.0472234 0.0209824 0.0707397 148.644 492 462358
1.53284 24.3107 0.7 24.359 0.0629689 0 -0 157.644 540 462358
1.53284 24.3053 1.21107 24.359 0.0629827 0.0209824 -0 156.519 534 462358
1.14963 24.3318 0.7 24.359 0.047213 0 -0 158.207 543 462358
1.14963 24.3265 1.21107 24.359 0.0472234 0.0209824 -0 156.519 534 462358
1.53284 24.3107 0.7 24.359 0.0629689 0 -0.0707397 150.894 504 462358
1.53284 24.3053 1.21107 24.359 0.0629827 0.0209824 -0.0707397 149.957 499 462358
1.14963 24.3318 0.7 24.359 0.047213 0 -0.0707397 151.457 507 462358
1.14963 24.3265 1.21107 24.359 0.0472234 0.0209824 -0.0707397 150.144 500 462358
10.0419 22.4031 0.7 24.5508 0.421388 0 -0 137.207 431 462358
9.65571 22.5723 0.7 24.5508 0.404213 0 -0 137.207 431 462358
9.65571 22.5664 0.184904 24.5508 0.404307 -0.0209824 -0 134.019 414 462358
4.24851 24.1749 1.2151 24.5508 0.173964 0.0209824 -0 134.394 416 462358
1.55698 24.6935 0.7 24.7426 0.0629689 0 -0 143.207 463 462358
9.48673 23.2664 0.7 25.1262 0.387164 0 -0 134.394 416 462358
9.09145 23.4237 0.7 25.1262 0.370232 0 -0 135.332 421 462358
11.1523 22.7294 0.7 25.318 0.456145 0 -0 135.894 424 462358
11.1523 22.7046 1.76239 25.318 0.456578 0.041974 -0 139.269 442 462358
11.1523 22.7232 1.23119 25.318 0.456253 0.0209824 -0 139.457 443 462358
10.754 22.8959 1.76239 25.318 0.439109 0.041974 -0 137.394 432 462358
10.754 22.9144 1.23119 25.318 0.438799 0.0209824 -0 137.582 433 462358
-14.4474 21.0244 0.7 25.5098 -0.602065 0 -0 140.394 448 462358
11.2368 22.8953 1.23522 25.5098 0.456253 0.0209824 -0 141.332 453 462358
-16.7014 19.7872 0.7 25.8934 -0.701029 0 0.0707397 135.582 417 462358
-16.294 20.124 0.7 25.8934 -0.680617 0 -0 140.082 441 462358
-16.294 20.1166 0.156735 25.8934 -0.680795 -0.0209824 -0 138.207 431 462358
-16.7014 19.7872 0.7 25.8934 -0.701029 0 -0 142.144 452 462358
-16.7014 19.7797 0.156735 25.8934 -0.701215 -0.0209824 -0 140.457 443 462358
-16.7014 19.7797 1.24327 25.8934 -0.701215 0.0209824 -0 138.207 431 462358
-16.7014 19.7872 0.7 25.8934 -0.701029 0 -0.0707397 135.394 416 462358
-16.4147 20.273 0.7 26.0852 -0.680617 0 0.0707397 142.144 452 462358
-16.4147 20.2656 0.152711 26.0852 -0.680795 -0.0209824 0.0707397 139.519 438 462358
-16.8251 19.9338 0.7 26.0852 -0.701029 0 0.0707397 142.519 454 462358
-16.8251 19.9263 0.152711 26.0852 -0.701215 -0.0209824 0.0707397 140.269 442 462358
-16.4147 20.273 0.7 26.0852 -0.680617 0 -0 149.644 492 462358
-16.4147 20.2656 0.152711 26.0852 -0.680795 -0.0209824 -0 147.207 479 462358
-16.8251 19.9338 0.7 26.0852 -0.701029 0 -0 150.019 494 462358
-16.8251 19.9263 0.152711 26.0852 -0.701215 -0.0209824 -0 147.957 483 462358
-16.4147 20.273 0.7 26.0852 -0.680617 0 -0.0707397 142.707 455 462358
-16.4147 20.2656 0.152711 26.0852 -0.680795 -0.0209824 -0.0707397 140.269 442 462358
-16.8251 19.9338 0.7 26.0852 -0.701029 0 -0.0707397 143.082 457 462358
-16.8251 19.9263 0.152711 26.0852 -0.701215 -0.0209824 -0.0707397 141.394 448 462358
-15.0991 21.9728 0.7 26.6606 -0.602065 0 -0 133.519 406 462358
6.71072 25.583 4.05617 26.6606 0.256532 0.12622 -0 136.332 421 462358
6.2913 25.6894 4.05617 26.6606 0.240172 0.12622 -0 138.207 431 462358
6.2913 25.7563 3.49681 26.6606 0.239572 0.105098 -0 135.582 417 462358
6.75899 25.8347 3.51693 26.8524 0.255889 0.105098 -0 142.144 452 462358
6.33656 25.9416 3.51693 26.8524 0.239572 0.105098 -0 142.894 456 462358
6.75899 25.8347 3.51693 26.8524 0.255889 0.105098 -0.0707397 135.207 415 462358
6.33656 25.9416 3.51693 26.8524 0.239572 0.105098 -0.0707397 136.332 421 462358
3.82909 26.7718 0.7 27.0442 0.142064 0 0.0707397 133.707 407 462358
3.82909 26.7658 1.26741 27.0442 0.142095 0.0209824 0.0707397 133.707 407 462358
3.40364 26.8232 1.26741 27.0442 0.126217 0.0209824 0.0707397 133.519 406 462358
-15.5336 22.6051 0.7 27.4278 -0.602065 0 -0 134.894 408 462358
-15.9651 22.3025 0.7 27.4278 -0.621281 0 -0 137.332 421 462358
-15.9651 22.2951 0.124541 27.4278 -0.621438 -0.0209824 -0 134.707 407 462358
-16.3966 21.9872 0.7 27.4278 -0.640765 0 -0 136.582 417 462358
-16.3966 21.9797 0.124541 27.4278 -0.640929 -0.0209824 -0 134.332 405 462358
10.4282 25.5753 0.7 27.6196 0.387164 0 -0 143.144 452 462358
6.5176 26.8146 1.85897 27.6196 0.238438 0.041974 -0 143.894 456 462358
6.5176 26.8334 1.27948 27.6196 0.238277 0.0209824 -0 143.332 453 462358
6.0831 26.9165 1.85897 27.6196 0.222265 0.041974 -0 142.957 451 462358
10.8627 25.3938 0.7 27.6196 0.404213 0 -0.0707397 135.269 410 462358
10.4282 25.5753 0.7 27.6196 0.387164 0 -0.0707397 136.207 415 462358
-16.4117 22.9263 0.7 28.195 -0.621281 0 -0 139.019 430 462358
11.089 25.9229 0.7 28.195 0.404213 0 -0 139.957 435 462358
10.6454 26.1081 0.7 28.195 0.387164 0 -0 141.269 442 462358
6.65339 26.1171 8.98178 28.195 0.249446 0.298128 -0 141.644 444 462358
6.20983 26.2261 8.98178 28.195 0.232498 0.298128 -0 141.082 441 462358
10.6454 26.1081 0.7 28.195 0.387164 0 -0.0707397 135.457 411 462358
-16.0768 23.3955 0.7 28.3868 -0.602065 0 -0 139.957 435 462358
-16.5233 23.0823 0.7 28.3868 -0.621281 0 -0 139.957 435 462358
-19.6494 20.487 0.7 28.3868 -0.764533 0 -0 140.894 440 462358
-19.6494 20.4783 0.10442 28.3868 -0.764744 -0.0209824 -0 140.332 437 462358
-16.4026 23.8698 0.7 28.9622 -0.602065 0 -0 138.707 423 462358
2.73377 28.8329 0.7 28.9622 0.0945316 0 -0 135.707 407 462358
2.73377 28.8265 1.30765 28.9622 0.0945525 0.0209824 -0 137.394 416 462358
-16.0526 24.3366 0.7 29.1541 -0.583099 0 -0 146.394 464 462358
-16.0526 24.329 1.31168 29.1541 -0.583244 0.0209824 -0 143.957 451 462358
-16.5113 24.0278 0.7 29.1541 -0.602065 0 -0 142.457 443 462358
-16.5113 24.0201 1.31168 29.1541 -0.602216 0.0209824 -0 141.707 439 462358
-15.6966 24.7951 0.7 29.3459 -0.564368 0 0.0707397 144.332 453 462358
-16.1582 24.4968 0.7 29.3459 -0.583099 0 0.0707397 147.144 468 462358
-16.1582 24.489 0.0842994 29.3459 -0.583244 -0.0209824 0.0707397 142.082 441 462358
-16.1582 24.489 1.3157 29.3459 -0.583244 0.0209824 0.0707397 143.207 447 462358
-15.6966 24.7951 0.7 29.3459 -0.564368 0 -0 151.832 493 462358
-16.1582 24.4968 0.7 29.3459 -0.583099 0 -0 154.457 507 462358
-16.1582 24.489 0.0842994 29.3459 -0.583244 -0.0209824 -0 149.394 480 462358
-16.1582 24.489 1.3157 29.3459 -0.583244 0.0209824 -0 150.519 486 462358
-16.3694 24.817 0.7 29.7295 -0.583099 0 -0 142.832 445 462358
-16.3694 24.8091 0.076251 29.7295 -0.583244 -0.0209824 -0 141.144 436 462358
3.74159 29.4865 1.32375 29.7295 0.126217 0.0209824 -0 140.957 435 462358
3.27389 29.5421 1.32375 29.7295 0.110371 0.0209824 -0 141.332 437 462358
8.9436 28.5534 0.7 29.9213 0.303544 0 -0 140.394 432 462358
3.29501 29.7327 1.32777 29.9213 0.110371 0.0209824 -0 139.644 428 462358
3.35838 30.3112 0.7 30.4967 0.110346 0 -0 141.394 432 462358
3.35838 30.3044 1.33985 30.4967 0.110371 0.0209824 -0 142.332 437 462358
2.87861 30.3605 0.7 30.4967 0.0945316 0 -0 142.144 436 462358
2.87861 30.3538 1.33985 30.4967 0.0945525 0.0209824 -0 143.832 445 462358
-7.24178 29.8148 0.0561301 30.6885 -0.238277 -0.0209824 0.0707397 138.394 416 462358
6.27621 30.0398 0.7 30.6885 0.205967 0 -0 153.582 497 462358
6.27621 30.0329 1.34387 30.6885 0.206013 0.0209824 -0 153.957 499 462358
5.79342 30.1298 1.34387 30.6885 0.189964 0.0209824 -0 150.957 483 462358
-7.24178 29.8148 0.0561301 30.6885 -0.238277 -0.0209824 -0.0707397 138.207 415 462358
6.31544 30.2276 0.7 30.8803 0.205967 0 -0 154.144 500 462358
6.31544 30.2206 1.34789 30.8803 0.206013 0.0209824 -0 154.144 500 462358
6.84348 30.3091 0.7 31.0721 0.222066 0 0.0707397 156.019 510 462358
6.35466 30.4153 0.7 31.0721 0.205967 0 0.0707397 159.957 531 462358
6.35466 30.4083 1.35192 31.0721 0.206013 0.0209824 0.0707397 159.957 531 462358
6.84348 30.3091 0.7 31.0721 0.222066 0 -0 162.957 547 462358
6.35466 30.4153 0.7 31.0721 0.205967 0 -0 167.082 569 462358
6.35466 30.4083 1.35192 31.0721 0.206013 0.0209824 -0 166.894 568 462358
6.84348 30.3091 0.7 31.0721 0.222066 0 -0.0707397 155.832 509 462358
6.35466 30.4153 0.7 31.0721 0.205967 0 -0.0707397 159.957 531 462358
6.35466 30.4083 1.35192 31.0721 0.206013 0.0209824 -0.0707397 159.957 531 462358
6.88573 30.4962 0.7 31.2639 0.222066 0 -0 153.394 496 462358
6.39389 30.6031 0.7 31.2639 0.205967 0 -0 157.894 520 462358
6.39389 30.5961 1.35594 31.2639 0.206013 0.0209824 -0 157.144 516 462358
6.39389 30.6031 0.7 31.2639 0.205967 0 -0.0707397 151.519 486 462358
6.39389 30.5961 1.35594 31.2639 0.206013 0.0209824 -0.0707397 150.582 481 462358
6.43311 30.7908 0.7 31.4557 0.205967 0 -0 152.082 489 462358
6.43311 30.7838 1.35997 31.4557 0.206013 0.0209824 -0 153.019 494 462358
1.48456 31.4206 0.7 31.4557 0.047213 0 -0 152.269 490 462358
1.52077 32.187 0.7 32.2229 0.047213 0 -0 155.269 506 462358
1.52077 32.1799 0.0239366 32.2229 0.0472234 -0.0209824 -0 153.394 496 462358
1.01385 32.2069 0.7 32.2229 0.0314688 0 -0 152.644 492 462358
1.52983 32.3786 0.7 32.4147 0.047213 0 -0 155.832 509 462358
1.52983 32.3714 0.0199124 32.4147 0.0472234 -0.0209824 -0 154.144 500 462358
1.01988 32.3987 0.7 32.4147 0.0314688 0 -0 154.144 500 462358
1.01988 32.3915 0.0199124 32.4147 0.0314757 -0.0209824 -0 151.519 486 462358
1.53888 32.5702 0.7 32.6065 0.047213 0 0.0707397 160.519 534 462358
1.53888 32.563 0.0158883 32.6065 0.0472234 -0.0209824 0.0707397 159.582 529 462358
1.02592 32.5904 0.7 32.6065 0.0314688 0 0.0707397 157.707 519 462358
1.02592 32.5832 0.0158883 32.6065 0.0314757 -0.0209824 0.0707397 156.394 512 462358
1.53888 32.5702 0.7 32.6065 0.047213 0 -0 168.207 575 462358
1.53888 32.563 0.0158883 32.6065 0.0472234 -0.0209824 -0 167.082 569 462358
1.02592 32.5904 0.7 32.6065 0.0314688 0 -0 165.207 559 462358
1.02592 32.5832 0.0158883 32.6065 0.0314757 -0.0209824 -0 163.707 551 462358
1.53888 32.5702 0.7 32.6065 0.047213 0 -0.0707397 160.894 536 462358
1.53888 32.563 0.0158883 32.6065 0.0472234 -0.0209824 -0.0707397 159.957 531 462358
1.02592 32.5904 0.7 32.6065 0.0314688 0 -0.0707397 158.082 521 462358
1.02592 32.5832 0.0158883 32.6065 0.0314757 -0.0209824 -0.0707397 156.582 513 462358
1.54793 32.7618 0.7 32.7983 0.047213 0 -0 158.332 517 462358
1.54793 32.7545 0.0118641 32.7983 0.0472234 -0.0209824 -0 158.894 520 462358
1.03195 32.7821 0.7 32.7983 0.0314688 0 -0 155.144 500 462358
1.03195 32.7748 0.0118641 32.7983 0.0314757 -0.0209824 -0 155.519 502 462358
1.54793 32.7618 0.7 32.7983 0.047213 0 -0.0707397 152.519 486 462358
1.54793 32.7545 0.0118641 32.7983 0.0472234 -0.0209824 -0.0707397 152.894 488 462358
-6.74692 32.2854 0.00783986 32.9901 -0.206013 -0.0209824 0.0707397 140.144 420 462358
-7.26592 32.1726 0.00783986 32.9901 -0.222116 -0.0209824 0.0707397 141.832 429 462358
-7.26592 32.1726 0.00783986 32.9901 -0.222116 -0.0209824 -0 149.332 469 462358
1.55698 32.9534 0.7 32.9901 0.047213 0 -0 153.082 489 462358
1.55698 32.9461 0.00783986 32.9901 0.0472234 -0.0209824 -0 152.332 485 462358
-6.74692 32.2854 0.00783986 32.9901 -0.206013 -0.0209824 -0.0707397 139.957 419 462358
-7.26592 32.18 0.7 32.9901 -0.222066 0 -0.0707397 137.894 408 462358
-7.26592 32.1726 0.00783986 32.9901 -0.222116 -0.0209824 -0.0707397 142.394 432 462358
-22.8357 23.5563 4.1608 32.9901 -0.769868 0.105098 -0.0707397 138.457 411 462358
3.13207 32.8499 4.18092 33.1819 0.0950577 0.105098 -0 147.644 460 462358
3.69633 33.175 4.22116 33.5655 0.110961 0.105098 -0 143.519 438 462358
10.0329 31.8369 4.22116 33.5655 0.305283 0.105098 -0.0707397 135.644 396 462358
5.28046 32.96 4.22116 33.5655 0.158858 0.105098 -0.0707397 136.582 401 462358
4.75242 33.0403 4.22116 33.5655 0.142857 0.105098 -0.0707397 135.644 396 462358
-16.994 29.1678 0.7 33.7573 -0.52755 0 0.0707397 132.832 381 462358
-16.994 29.1592 1.40826 33.7573 -0.527678 0.0209824 0.0707397 133.207 383 462358
-16.463 29.4623 1.40826 33.7573 -0.50956 0.0209824 -0 139.207 415 462358
-16.994 29.1678 0.7 33.7573 -0.52755 0 -0 139.394 416 462358
-16.994 29.1592 1.40826 33.7573 -0.527678 0.0209824 -0 140.332 421 462358
10.0902 32.2063 1.40826 33.7573 0.303613 0.0209824 -0 138.082 409 462358
-16.994 29.1592 1.40826 33.7573 -0.527678 0.0209824 -0.0707397 133.207 383 462358
1.60224 33.9113 0.7 33.9491 0.047213 0 -0 149.332 469 462358
1.06816 33.9323 0.7 33.9491 0.0314688 0 -0 146.894 456 462358
10.2622 32.5646 4.30165 34.3327 0.305283 0.105098 -0 135.894 392 462358
-15.7509 30.7222 0.7 34.5245 -0.473746 0 -0 137.394 400 462358
-15.7509 30.7137 -0.0243536 34.5245 -0.473858 -0.0209824 -0 138.332 405 462358
19.0097 28.8197 0.7 34.5245 0.583099 0 -0 138.519 406 462358
19.0097 28.8106 -0.0243536 34.5245 0.583244 -0.0209824 -0 138.332 405 462358
-16.294 30.4376 0.7 34.5245 -0.491506 0 -0 138.144 404 462358
-17.3803 29.8307 0.7 34.5245 -0.52755 0 -0 137.394 400 462358
10.3195 32.7465 4.32177 34.5245 0.305283 0.105098 -0 137.582 401 462358
-16.5656 30.9362 1.43643 35.0999 -0.491624 0.0209824 0.0707397 143.582 433 462358
-17.1178 30.6341 1.43643 35.0999 -0.50956 0.0209824 0.0707397 145.644 444 462358
5.52186 34.5375 3.6457 35.0999 0.158538 0.0840222 0.0707397 143.207 431 462358
-16.5656 30.9362 1.43643 35.0999 -0.491624 0.0209824 -0 151.082 473 462358
-17.1178 30.6341 1.43643 35.0999 -0.50956 0.0209824 -0 153.144 484 462358
5.52186 34.5375 3.6457 35.0999 0.158538 0.0840222 -0 150.894 472 462358
-16.5656 30.9362 1.43643 35.0999 -0.491624 0.0209824 -0.0707397 144.144 436 462358
-17.1178 30.6341 1.43643 35.0999 -0.50956 0.0209824 -0.0707397 146.207 447 462358
5.52186 34.5375 3.6457 35.0999 0.158538 0.0840222 -0.0707397 144.519 438 462358
5.55203 34.568 5.1427 35.2917 0.159252 0.12622 0.0707397 136.457 395 462358
5.55203 34.6551 4.40225 35.2917 0.158858 0.105098 0.0707397 138.144 404 462358
4.99683 34.6526 5.1427 35.2917 0.143211 0.12622 0.0707397 139.269 410 462358
4.99683 34.7395 4.40225 35.2917 0.142857 0.105098 0.0707397 140.207 415 462358
4.99683 34.8104 3.6618 35.2917 0.14257 0.0840222 0.0707397 137.207 399 462358
5.55203 34.6551 4.40225 35.2917 0.158858 0.105098 -0 145.082 441 462358
4.99683 34.7395 4.40225 35.2917 0.142857 0.105098 -0 147.519 454 462358
4.99683 34.8104 3.6618 35.2917 0.14257 0.0840222 -0 145.269 442 462358
5.55203 34.6551 4.40225 35.2917 0.158858 0.105098 -0.0707397 140.019 414 462358
5.55203 34.7262 3.6618 35.2917 0.158538 0.0840222 -0.0707397 139.269 410 462358
4.99683 34.6526 5.1427 35.2917 0.143211 0.12622 -0.0707397 138.144 404 462358
4.99683 34.7395 4.40225 35.2917 0.142857 0.105098 -0.0707397 141.332 421 462358
4.99683 34.8104 3.6618 35.2917 0.14257 0.0840222 -0.0707397 139.082 409 462358
6.77106 35.0934 3.71009 35.8672 0.190602 0.0840222 0.0707397 138.332 405 462358
6.77106 35.0934 3.71009 35.8672 0.190602 0.0840222 -0 145.644 444 462358
6.20681 35.1976 3.71009 35.8672 0.174548 0.0840222 -0 145.457 443 462358
6.77106 35.0934 3.71009 35.8672 0.190602 0.0840222 -0.0707397 138.519 406 462358
6.20681 35.1976 3.71009 35.8672 0.174548 0.0840222 -0.0707397 139.457 411 462358
5.64255 35.2201 4.46261 35.8672 0.158858 0.105098 -0.0707397 134.582 385 462358
5.64255 35.2924 3.71009 35.8672 0.158538 0.0840222 -0.0707397 137.394 400 462358
5.67273 35.4811 3.72619 36.059 0.158538 0.0840222 0.0707397 136.644 396 462358
7.37455 35.1668 3.72619 36.059 0.206706 0.0840222 -0 144.144 436 462358
6.80727 35.281 3.72619 36.059 0.190602 0.0840222 -0 144.894 440 462358
6.24 35.3858 3.72619 36.059 0.174548 0.0840222 -0 144.332 437 462358
5.67273 35.4811 3.72619 36.059 0.158538 0.0840222 -0 145.644 444 462358
6.24 35.3858 3.72619 36.059 0.174548 0.0840222 -0.0707397 138.332 405 462358
5.67273 35.4085 4.48274 36.059 0.158858 0.105098 -0.0707397 137.957 403 462358
5.67273 35.4811 3.72619 36.059 0.158538 0.0840222 -0.0707397 140.582 417 462358
-17.1087 31.9595 0.7 36.2508 -0.491506 0 0.0707397 140.957 419 462358
-17.1087 31.9595 0.7 36.2508 -0.491506 0 -0 148.082 457 462358
5.7029 35.6699 3.74229 36.2508 0.158538 0.0840222 -0 149.019 462 462358
1.72897 36.5855 -0.0686197 36.6344 0.0472234 -0.0209824 0.0707397 148.144 452 462358
1.72897 36.5855 1.46862 36.6344 0.0472234 0.0209824 0.0707397 153.207 479 462358
1.15265 36.6082 1.46862 36.6344 0.0314757 0.0209824 0.0707397 153.582 481 462358
1.72897 36.5855 1.46862 36.6344 0.0472234 0.0209824 -0 160.332 517 462358
1.15265 36.6082 1.46862 36.6344 0.0314757 0.0209824 -0 160.519 518 462358
1.72897 36.5855 1.46862 36.6344 0.0472234 0.0209824 -0.0707397 153.019 478 462358
1.15265 36.6082 1.46862 36.6344 0.0314757 0.0209824 -0.0707397 153.394 480 462358
1.73803 36.777 -0.0726438 36.8262 0.0472234 -0.0209824 0.0707397 153.207 479 462358
1.73803 36.777 1.47264 36.8262 0.0472234 0.0209824 0.0707397 155.269 490 462358
1.15868 36.7998 -0.0726438 36.8262 0.0314757 -0.0209824 0.0707397 151.707 471 462358
1.15868 36.7998 1.47264 36.8262 0.0314757 0.0209824 0.0707397 155.082 489 462358
1.73803 36.777 -0.0726438 36.8262 0.0472234 -0.0209824 -0 160.707 519 462358
1.73803 36.777 1.47264 36.8262 0.0472234 0.0209824 -0 162.957 531 462358
1.15868 36.7998 -0.0726438 36.8262 0.0314757 -0.0209824 -0 159.394 512 462358
1.15868 36.7998 1.47264 36.8262 0.0314757 0.0209824 -0 162.957 531 462358
1.73803 36.777 -0.0726438 36.8262 0.0472234 -0.0209824 -0.0707397 153.957 483 462358
1.73803 36.777 1.47264 36.8262 0.0472234 0.0209824 -0.0707397 155.832 493 462358
1.15868 36.7998 -0.0726438 36.8262 0.0314757 -0.0209824 -0.0707397 152.457 475 462358
1.15868 36.7998 1.47264 36.8262 0.0314757 0.0209824 -0.0707397 156.019 494 462358
8.23752 36.2716 4.62358 37.4016 0.223319 0.105098 0.0707397 137.832 397 462358
7.64913 36.4002 4.62358 37.4016 0.207126 0.105098 0.0707397 137.457 395 462358
8.23752 36.2716 4.62358 37.4016 0.223319 0.105098 -0 145.519 438 462358
8.23752 36.3479 3.83887 37.4016 0.222865 0.0840222 -0 143.269 426 462358
7.64913 36.4002 4.62358 37.4016 0.207126 0.105098 -0 145.519 438 462358
7.64913 36.4762 3.83887 37.4016 0.206706 0.0840222 -0 143.457 427 462358
8.23752 36.2716 4.62358 37.4016 0.223319 0.105098 -0.0707397 139.144 404 462358
8.23752 36.3479 3.83887 37.4016 0.222865 0.0840222 -0.0707397 137.269 394 462358
7.64913 36.4002 4.62358 37.4016 0.207126 0.105098 -0.0707397 139.332 405 462358
7.64913 36.4762 3.83887 37.4016 0.206706 0.0840222 -0.0707397 137.644 396 462358
5.88395 36.8022 3.83887 37.4016 0.158538 0.0840222 -0.0707397 136.144 388 462358
-6.50553 37.0262 0.7 37.5934 -0.173925 0 0.0707397 135.019 382 462358
-7.09694 36.9174 0.7 37.5934 -0.189921 0 0.0707397 140.457 411 462358
-7.09694 36.909 -0.0887406 37.5934 -0.189964 -0.0209824 0.0707397 137.644 396 462358
-7.68836 36.7988 0.7 37.5934 -0.205967 0 0.0707397 136.332 389 462358
-7.09694 36.9174 0.7 37.5934 -0.189921 0 -0 146.832 445 462358
-7.09694 36.909 -0.0887406 37.5934 -0.189964 -0.0209824 -0 144.019 430 462358
-7.09694 36.9174 0.7 37.5934 -0.189921 0 -0.0707397 139.519 406 462358
-7.09694 36.909 -0.0887406 37.5934 -0.189964 -0.0209824 -0.0707397 136.519 390 462358
-7.68836 36.7988 0.7 37.5934 -0.205967 0 -0.0707397 135.207 383 462358
25.4307 27.6865 0.7 37.5934 0.742956 0 -0.0707397 135.019 382 462358
6.00464 37.5572 3.90325 38.1688 0.158538 0.0840222 -0 138.019 398 462358
6.00464 37.4802 4.70407 38.1688 0.158858 0.105098 -0.0707397 135.582 385 462358
6.00464 37.5572 3.90325 38.1688 0.158538 0.0840222 -0.0707397 135.582 385 462358
24.1393 29.8133 0.7 38.3606 0.680617 0 0.0707397 136.332 389 462358
24.1393 29.8133 0.7 38.3606 0.680617 0 -0 143.269 426 462358
24.1393 29.8133 0.7 38.3606 0.680617 0 -0.0707397 135.582 385 462358
6.03482 37.6686 4.72419 38.3606 0.158858 0.105098 -0.0707397 136.144 388 462358
6.03482 37.7459 3.91935 38.3606 0.158538 0.0840222 -0.0707397 135.394 384 462358
24.5014 30.2605 0.7 38.936 0.680617 0 -0 139.582 401 462358
24.5014 30.2494 1.51691 38.936 0.680795 0.0209824 -0 140.332 405 462358
-15.3888 35.9746 0.7 39.1278 -0.404213 0 0.0707397 133.207 367 462358
-15.3888 35.9652 -0.120934 39.1278 -0.404307 -0.0209824 0.0707397 133.582 369 462358
-15.3888 35.9652 -0.120934 39.1278 -0.404307 -0.0209824 -0 139.957 403 462358
6.15551 38.6319 1.52093 39.1278 0.158009 0.0209824 -0 139.582 401 462358
6.15551 38.6319 1.52093 39.1278 0.158009 0.0209824 -0.0707397 135.832 381 462358
-15.6151 36.5036 0.7 39.7032 -0.404213 0 0.0707397 133.582 369 462358
-15.6151 36.4941 -0.133007 39.7032 -0.404307 -0.0209824 0.0707397 135.832 381 462358
-15.6151 36.4656 -0.966013 39.7032 -0.40459 -0.041974 0.0707397 133.582 369 462358
-15.6151 36.4941 -0.133007 39.7032 -0.404307 -0.0209824 -0 141.269 410 462358
-15.6151 36.5036 0.7 39.7032 -0.404213 0 -0.0707397 133.207 367 462358
-6.90383 39.2931 0.7 39.895 -0.173925 0 0.0707397 135.644 380 462358
-6.90383 39.2842 -0.137031 39.895 -0.173964 -0.0209824 0.0707397 136.582 385 462358
-15.0629 36.9421 0.7 39.895 -0.387164 0 0.0707397 135.644 380 462358
-15.6905 36.68 0.7 39.895 -0.404213 0 0.0707397 136.957 387 462358
-15.6905 36.6704 -0.137031 39.895 -0.404307 -0.0209824 0.0707397 135.832 381 462358
-15.6905 36.6417 -0.974062 39.895 -0.40459 -0.041974 0.0707397 134.894 376 462358
-15.6905 36.6704 1.53703 39.895 -0.404307 0.0209824 0.0707397 134.894 376 462358
-6.90383 39.2931 0.7 39.895 -0.173925 0 -0.0707397 135.082 377 462358
-6.90383 39.2842 -0.137031 39.895 -0.173964 -0.0209824 -0.0707397 133.582 369 462358
-15.6905 36.68 0.7 39.895 -0.404213 0 -0.0707397 135.269 378 462358
-15.6905 36.6704 -0.137031 39.895 -0.404307 -0.0209824 -0.0707397 135.082 377 462358
6.90383 39.2842 1.53703 39.895 0.173964 0.0209824 -0.0707397 135.269 378 462358
6.27621 39.3894 1.53703 39.895 0.158009 0.0209824 -0.0707397 133.957 371 462358
-15.3526 37.6526 0.7 40.6622 -0.387164 0 0.0707397 135.269 378 462358
-15.3526 37.6429 1.55313 40.6622 -0.387253 0.0209824 0.0707397 135.832 381 462358
-15.9923 37.3854 0.7 40.6622 -0.404213 0 0.0707397 135.082 377 462358
-15.9923 37.3756 1.55313 40.6622 -0.404307 0.0209824 0.0707397 135.644 380 462358
-15.3526 37.6526 0.7 40.6622 -0.387164 0 -0 142.207 415 462358
-15.3526 37.6429 1.55313 40.6622 -0.387253 0.0209824 -0 142.957 419 462358
-15.9923 37.3854 0.7 40.6622 -0.404213 0 -0 143.144 420 462358
-15.9923 37.3756 1.55313 40.6622 -0.404307 0.0209824 -0 143.332 421 462358
-15.3526 37.6526 0.7 40.6622 -0.387164 0 -0.0707397 134.707 375 462358
-15.3526 37.6429 1.55313 40.6622 -0.387253 0.0209824 -0.0707397 135.457 379 462358
-15.9923 37.3854 0.7 40.6622 -0.404213 0 -0.0707397 136.957 387 462358
-15.9923 37.3756 1.55313 40.6622 -0.404307 0.0209824 -0.0707397 137.332 389 462358
-19.4623 36.191 -2.7608 41.2376 -0.493402 -0.0840222 -0 137.582 385 462358
-19.4623 36.0978 5.026 41.2376 -0.494479 0.105098 -0 137.207 383 462358
-20.111 36.0012 0.7 41.2376 -0.509437 0 -0 137.019 382 462358
-20.111 35.9908 1.5652 41.2376 -0.50956 0.0209824 -0 139.644 396 462358
8.47288 40.5538 0.7 41.4294 0.205967 0 -0 139.269 394 462358
8.47288 40.5445 1.56922 41.4294 0.206013 0.0209824 -0 139.644 396 462358
7.16936 40.7951 1.56922 41.4294 0.173964 0.0209824 -0 139.082 393 462358
32.3798 26.7573 0.7 42.0049 0.880188 0 -0 138.144 388 462358
31.719 27.5375 0.7 42.0049 0.855848 0 -0 138.894 392 462358
28.4149 30.9354 0.7 42.0049 0.742956 0 -0 138.332 389 462358
29.8723 29.7895 1.58532 42.1967 0.786786 0.0209824 0.0707397 134.582 369 462358
29.2085 30.4407 1.58532 42.1967 0.764744 0.0209824 0.0707397 134.394 368 462358
29.8723 29.7895 1.58532 42.1967 0.786786 0.0209824 -0.0707397 136.082 377 462358
29.2085 30.4021 2.47064 42.1967 0.765378 0.041974 -0.0707397 134.207 367 462358
29.2085 30.4407 1.58532 42.1967 0.764744 0.0209824 -0.0707397 136.457 379 462358
-21.2426 36.449 1.58532 42.1967 -0.527678 0.0209824 -0.0707397 134.207 367 462358
28.9339 31.5004 0.7 42.7721 0.742956 0 0.0707397 137.207 383 462358
28.9339 31.4876 1.59739 42.7721 0.743158 0.0209824 0.0707397 136.082 377 462358
28.261 32.1055 0.7 42.7721 0.721799 0 0.0707397 140.207 399 462358
28.261 32.0929 1.59739 42.7721 0.721993 0.0209824 0.0707397 138.519 390 462358
28.9339 31.5004 0.7 42.7721 0.742956 0 -0 145.832 429 462358
28.9339 31.4876 1.59739 42.7721 0.743158 0.0209824 -0 144.707 423 462358
28.261 32.1055 0.7 42.7721 0.721799 0 -0 148.457 443 462358
28.261 32.0929 1.59739 42.7721 0.721993 0.0209824 -0 147.144 436 462358
28.9339 31.5004 0.7 42.7721 0.742956 0 -0.0707397 138.707 391 462358
28.9339 31.4876 1.59739 42.7721 0.743158 0.0209824 -0.0707397 137.582 385 462358
28.261 32.1055 0.7 42.7721 0.721799 0 -0.0707397 141.519 406 462358
28.261 32.0929 1.59739 42.7721 0.721993 0.0209824 -0.0707397 140.207 399 462358
29.0637 31.6417 0.7 42.9639 0.742956 0 0.0707397 135.144 372 462358
29.0637 31.6288 1.60142 42.9639 0.743158 0.0209824 0.0707397 134.957 371 462358
28.3878 32.2495 0.7 42.9639 0.721799 0 0.0707397 137.582 385 462358
28.3878 32.2369 1.60142 42.9639 0.721993 0.0209824 0.0707397 137.019 382 462358
29.0637 31.6417 0.7 42.9639 0.742956 0 -0 143.957 419 462358
29.0637 31.6288 1.60142 42.9639 0.743158 0.0209824 -0 143.207 415 462358
28.3878 32.2495 0.7 42.9639 0.721799 0 -0 146.957 435 462358
28.3878 32.2369 1.60142 42.9639 0.721993 0.0209824 -0 145.457 427 462358
29.0637 31.6417 0.7 42.9639 0.742956 0 -0.0707397 138.332 389 462358
29.0637 31.6288 1.60142 42.9639 0.743158 0.0209824 -0.0707397 137.207 383 462358
28.3878 32.2495 0.7 42.9639 0.721799 0 -0.0707397 140.957 403 462358
28.3878 32.2369 1.60142 42.9639 0.721993 0.0209824 -0.0707397 139.832 397 462358
28.4542 33.7115 0.7 44.1147 0.701029 0 0.141479 133.707 359 462358
6.84952 42.9874 1.61349 43.5393 0.158009 0.0209824 0.0707397 135.957 371 462358
6.16457 43.0619 2.52698 43.5393 0.14219 0.041974 0.0707397 136.332 373 462358
6.16457 43.091 1.61349 43.5393 0.142095 0.0209824 0.0707397 138.207 383 462358
6.84952 42.9874 1.61349 43.5393 0.158009 0.0209824 -0 142.707 407 462358
6.16457 43.0619 2.52698 43.5393 0.14219 0.041974 -0 143.269 410 462358
6.16457 43.091 1.61349 43.5393 0.142095 0.0209824 -0 145.519 422 462358
6.84952 42.9874 1.61349 43.5393 0.158009 0.0209824 -0.0707397 136.519 374 462358
6.16457 43.0619 2.52698 43.5393 0.14219 0.041974 -0.0707397 137.269 378 462358
6.16457 43.091 1.61349 43.5393 0.142095 0.0209824 -0.0707397 139.144 388 462358
28.2067 33.4184 0.7 43.7311 0.701029 0 0.0707397 135.394 368 462358
28.2067 33.4058 1.61751 43.7311 0.701215 0.0209824 0.0707397 134.644 364 462358
6.19172 43.2808 1.61751 43.7311 0.142095 0.0209824 0.0707397 133.707 359 462358
4.81578 43.4651 0.7 43.7311 0.110346 0 0.0707397 133.144 356 462358
4.12781 43.5358 0.7 43.7311 0.0945316 0 0.0707397 133.144 356 462358
28.8947 32.8253 0.7 43.7311 0.721799 0 -0.0707397 135.207 367 462358
28.8947 32.8125 1.61751 43.7311 0.721993 0.0209824 -0.0707397 134.832 365 462358
28.2067 33.4184 0.7 43.7311 0.701029 0 -0.0707397 137.457 379 462358
28.2067 33.4058 1.61751 43.7311 0.701215 0.0209824 -0.0707397 136.707 375 462358
6.19172 43.2808 1.61751 43.7311 0.142095 0.0209824 -0.0707397 135.394 368 462358
29.1482 33.1133 0.7 44.1147 0.721799 0 -0.0707397 137.832 381 462358
28.4542 33.7115 0.7 44.1147 0.701029 0 -0.0707397 140.644 396 462358
28.4542 33.6988 -0.225563 44.1147 0.701215 -0.0209824 -0.0707397 137.832 381 462358
6.24604 43.6605 1.62556 44.1147 0.142095 0.0209824 -0.0707397 137.644 380 462358
-16.0315 41.3044 0.7 44.3065 -0.370232 0 0.0707397 138.957 387 462358
-16.0315 41.294 -0.229587 44.3065 -0.370317 -0.0209824 0.0707397 137.644 380 462358
-16.0315 41.3044 0.7 44.3065 -0.370232 0 -0 145.894 424 462358
-16.0315 41.294 -0.229587 44.3065 -0.370317 -0.0209824 -0 144.394 416 462358
-16.0315 41.3044 0.7 44.3065 -0.370232 0 -0.0707397 137.832 381 462358
-16.0315 41.294 -0.229587 44.3065 -0.370317 -0.0209824 -0.0707397 135.957 371 462358
6.27319 43.8207 2.55917 44.3065 0.14219 0.041974 -0.0707397 134.644 364 462358
6.27319 43.8503 1.62959 44.3065 0.142095 0.0209824 -0.0707397 135.394 368 462358
6.30035 44.05 0.7 44.4983 0.142064 0 0.0707397 131.269 346 462358
6.30035 44.0401 1.63361 44.4983 0.142095 0.0209824 0.0707397 132.957 355 462358
-16.1009 41.4832 0.7 44.4983 -0.370232 0 -0 138.394 384 462358
7.00039 43.9343 1.63361 44.4983 0.158009 0.0209824 -0 138.207 383 462358
6.30035 44.05 0.7 44.4983 0.142064 0 -0 138.394 384 462358
6.30035 44.0401 1.63361 44.4983 0.142095 0.0209824 -0 139.332 389 462358
2.10012 44.4389 1.63361 44.4983 0.0472234 0.0209824 -0 138.582 385 462358
7.00039 43.9343 1.63361 44.4983 0.158009 0.0209824 -0.0707397 132.582 353 462358
6.30035 44.05 0.7 44.4983 0.142064 0 -0.0707397 131.082 345 462358
6.30035 44.0401 1.63361 44.4983 0.142095 0.0209824 -0.0707397 132.394 352 462358
0 44.8819 0.7 44.8819 0 0 -0.0707397 150.394 448 462358
0 44.872 -0.24166 44.8819 0 -0.0209824 -0.0707397 152.644 460 462358
-0.706074 44.8763 0.7 44.8819 -0.0157325 0 -0.0707397 148.332 437 462358
-0.706074 44.8665 -0.24166 44.8819 -0.0157359 -0.0209824 -0.0707397 149.457 443 462358
0 45.0737 0.7 45.0737 0 0 0.0707397 143.082 409 462358
0 45.0638 -0.245684 45.0737 0 -0.0209824 0.0707397 144.957 419 462358
0 45.0737 0.7 45.0737 0 0 -0 150.582 449 462358
0 45.0638 -0.245684 45.0737 0 -0.0209824 -0 152.832 461 462358
-0.709091 45.0681 0.7 45.0737 -0.0157325 0 -0 150.019 446 462358
-0.709091 45.0582 -0.245684 45.0737 -0.0157359 -0.0209824 -0 150.207 447 462358
0 45.0737 0.7 45.0737 0 0 -0.0707397 144.207 415 462358
0 45.0638 -0.245684 45.0737 0 -0.0209824 -0.0707397 146.269 426 462358
-0.709091 45.0681 0.7 45.0737 -0.0157325 0 -0.0707397 143.269 410 462358
-0.709091 45.0582 -0.245684 45.0737 -0.0157359 -0.0209824 -0.0707397 143.832 413 462358
-3.56054 45.1253 0.7 45.2655 -0.0787404 0 0.0707397 143.644 412 462358
-3.56054 45.1153 -0.249708 45.2655 -0.0787578 -0.0209824 0.0707397 143.269 410 462358
-4.27265 45.0634 0.7 45.2655 -0.0945316 0 0.0707397 142.332 405 462358
-4.27265 45.0534 -0.249708 45.2655 -0.0945525 -0.0209824 0.0707397 141.957 403 462358
-3.56054 45.1253 0.7 45.2655 -0.0787404 0 -0 150.582 449 462358
-3.56054 45.1153 -0.249708 45.2655 -0.0787578 -0.0209824 -0 150.394 448 462358
-4.27265 45.0634 0.7 45.2655 -0.0945316 0 -0 149.269 442 462358
-4.27265 45.0534 -0.249708 45.2655 -0.0945525 -0.0209824 -0 149.082 441 462358
-3.56054 45.1253 0.7 45.2655 -0.0787404 0 -0.0707397 142.707 407 462358
-3.56054 45.1153 -0.249708 45.2655 -0.0787578 -0.0209824 -0.0707397 142.707 407 462358
-4.27265 45.0634 0.7 45.2655 -0.0945316 0 -0.0707397 141.957 403 462358
-4.27265 45.0534 -0.249708 45.2655 -0.0945525 -0.0209824 -0.0707397 142.144 404 462358
-3.57563 45.3165 0.7 45.4573 -0.0787404 0 0.0707397 145.894 424 462358
-3.57563 45.3064 -0.253732 45.4573 -0.0787578 -0.0209824 0.0707397 145.707 423 462358
-4.29075 45.2543 0.7 45.4573 -0.0945316 0 0.0707397 144.394 416 462358
-3.57563 45.3165 0.7 45.4573 -0.0787404 0 -0 153.582 465 462358
-3.57563 45.3064 -0.253732 45.4573 -0.0787578 -0.0209824 -0 153.394 464 462358
-4.29075 45.2543 0.7 45.4573 -0.0945316 0 -0 152.269 458 462358
-2.89671 45.9313 -0.265805 46.0327 -0.0629827 -0.0209824 0.0707397 139.707 391 462358
-2.89671 45.9009 -1.23161 46.0327 -0.0630244 -0.041974 0.0707397 139.707 391 462358
43.4507 15.1696 -0.265805 46.0327 1.2349 -0.0209824 -0 150.207 447 462358
-2.17253 45.9713 -0.265805 46.0327 -0.0472234 -0.0209824 -0.0707397 140.269 394 462358
-2.89671 45.9313 -0.265805 46.0327 -0.0629827 -0.0209824 -0.0707397 141.207 399 462358
-10.9985 45.2918 0.7 46.6081 -0.238224 0 -0 137.332 373 462358
-10.9985 45.2813 1.67788 46.6081 -0.238277 0.0209824 -0 136.582 369 462358
-11.7317 45.1075 0.7 46.6081 -0.254446 0 -0 136.207 367 462358
-12.5162 45.0952 0.7 46.7999 -0.270736 0 -0 137.894 376 462358
-15.7147 44.8963 0.7 47.5671 -0.336693 0 0.0707397 132.082 345 462358
-14.9663 45.1513 0.7 47.5671 -0.320073 0 -0 139.394 384 462358
-15.7147 44.8963 0.7 47.5671 -0.336693 0 -0 139.582 385 462358
-14.9663 45.1513 0.7 47.5671 -0.320073 0 -0.0707397 134.144 356 462358
-15.7147 44.8963 0.7 47.5671 -0.336693 0 -0.0707397 134.144 356 462358
23.4785 42.0294 0.7 48.1425 0.509437 0 0.0707397 132.269 346 462358
-2.27211 48.0889 0.7 48.1425 -0.047213 0 -0.0707397 131.894 344 462358
-3.02948 48.0471 0.7 48.1425 -0.0629689 0 -0.0707397 131.894 344 462358
7.57369 47.5431 0.7 48.1425 0.157974 0 -0.0707397 132.269 346 462358
25.0928 41.3106 0.7 48.3344 0.545856 0 0.0707397 132.644 348 462358
-23.572 42.148 -1.32819 48.3344 -0.50993 -0.041974 -0.0707397 133.019 350 462358
-23.572 42.087 -2.34229 48.3344 -0.510548 -0.0629841 -0.0707397 131.707 343 462358
25.0928 41.3106 0.7 48.3344 0.545856 0 -0.0707397 133.582 353 462358
25.0928 41.2607 -1.32819 48.3344 0.546391 -0.041974 -0.0707397 132.644 348 462358
-25.3915 41.8024 0.7 48.9098 -0.545856 0 -0 133.644 348 462358
10.0027 47.865 1.72617 48.9098 0.206013 0.0209824 -0 133.832 349 462358
9.23327 48.0303 0.7 48.9098 0.189921 0 -0 134.394 352 462358
9.23327 48.0194 1.72617 48.9098 0.189964 0.0209824 -0 136.832 365 462358
5.38607 48.6015 1.72617 48.9098 0.110371 0.0209824 -0 133.457 347 462358
4.61663 48.6914 0.7 48.9098 0.0945316 0 -0 134.207 351 462358
4.61663 48.6806 1.72617 48.9098 0.0945525 0.0209824 -0 134.957 355 462358
10.0419 48.0637 0.7 49.1016 0.205967 0 0.0707397 137.207 367 462358
10.0419 48.0527 1.73019 49.1016 0.206013 0.0209824 0.0707397 137.957 371 462358
9.26948 48.1746 2.76038 49.1016 0.190091 0.041974 0.0707397 136.269 362 462358
9.26948 48.2077 1.73019 49.1016 0.189964 0.0209824 0.0707397 138.707 375 462358
4.63474 48.8823 0.7 49.1016 0.0945316 0 0.0707397 137.207 367 462358
9.26948 48.2077 1.73019 49.1016 0.189964 0.0209824 -0 145.269 410 462358
4.63474 48.8823 0.7 49.1016 0.0945316 0 -0 145.269 410 462358
10.0419 48.0527 1.73019 49.1016 0.206013 0.0209824 -0.0707397 136.082 361 462358
9.26948 48.1746 2.76038 49.1016 0.190091 0.041974 -0.0707397 135.332 357 462358
9.26948 48.2077 1.73019 49.1016 0.189964 0.0209824 -0.0707397 137.957 371 462358
4.63474 48.8823 0.7 49.1016 0.0945316 0 -0.0707397 138.144 372 462358
4.63474 48.8715 1.73019 49.1016 0.0945525 0.0209824 -0.0707397 136.832 365 462358
3.86228 48.9494 0.7 49.1016 0.0787404 0 -0.0707397 135.707 359 462358
-25.7898 42.4453 1.74226 49.677 -0.54599 0.0209824 -0 133.269 346 462358
-28.1343 40.9289 1.74226 49.677 -0.602216 0.0209824 -0 133.832 349 462358
-28.2429 41.1003 0.7 49.8688 -0.602065 0 -0 138.332 373 462358
-28.2429 41.0869 1.74629 49.8688 -0.602216 0.0209824 -0 137.207 367 462358
-29.0275 40.55 0.7 49.8688 -0.621281 0 -0 137.207 367 462358
-28.2429 41.1003 0.7 49.8688 -0.602065 0 -0.0707397 133.269 346 462358
-24.6009 44.026 1.75836 50.4442 -0.50956 0.0209824 -0 132.707 343 462358
-30.156 40.438 0.7 50.4442 -0.640765 0 -0 132.519 342 462358
3.22259 51.0986 1.77446 51.2114 0.0629827 0.0209824 -0 135.332 357 462358
2.41694 51.143 1.77446 51.2114 0.0472234 0.0209824 -0 134.582 353 462358
32.3466 39.9498 0.7 51.4032 0.680617 0 -0 133.644 348 462358
25.8773 44.4146 0.7 51.4032 0.52755 0 -0 135.332 357 462358
25.8773 44.4015 1.77848 51.4032 0.527678 0.0209824 -0 133.832 349 462358
25.0686 44.876 0.7 51.4032 0.509437 0 -0 134.582 353 462358
4.85199 51.1737 0.7 51.4032 0.0945316 0 -0 135.519 358 462358
4.04333 51.2439 0.7 51.4032 0.0787404 0 -0 135.144 356 462358
8.99489 51.1944 0.7 51.9786 0.173925 0 -0 133.707 343 462358
8.17718 51.3314 0.7 51.9786 0.157974 0 -0 133.707 343 462358
4.08859 51.8061 1.79055 51.9786 0.0787578 0.0209824 -0 136.332 357 462358
0 52.554 0.7 52.554 0 0 -0.0707397 145.707 407 462358
-0.82677 52.5475 0.7 52.554 -0.0157325 0 -0.0707397 147.019 414 462358
-0.82677 52.5359 1.80263 52.554 -0.0157359 0.0209824 -0.0707397 146.269 410 462358
0 52.7458 0.7 52.7458 0 0 0.0707397 148.144 420 462358
0 52.7342 1.80665 52.7458 0 0.0209824 0.0707397 146.457 411 462358
-0.829787 52.7393 0.7 52.7458 -0.0157325 0 0.0707397 147.207 415 462358
-0.829787 52.7277 1.80665 52.7458 -0.0157359 0.0209824 0.0707397 146.457 411 462358
0 52.7458 0.7 52.7458 0 0 -0 155.644 460 462358
0 52.7342 1.80665 52.7458 0 0.0209824 -0 154.519 454 462358
-0.829787 52.7393 0.7 52.7458 -0.0157325 0 -0 155.269 458 462358
-0.829787 52.7277 1.80665 52.7458 -0.0157359 0.0209824 -0 154.707 455 462358
0 52.7458 0.7 52.7458 0 0 -0.0707397 149.082 425 462358
0 52.7342 1.80665 52.7458 0 0.0209824 -0.0707397 147.582 417 462358
-0.829787 52.7393 0.7 52.7458 -0.0157325 0 -0.0707397 148.894 424 462358
-0.829787 52.7277 1.80665 52.7458 -0.0157359 0.0209824 -0.0707397 148.144 420 462358
1.66561 52.8998 1.81068 52.9376 0.0314757 0.0209824 0.0707397 140.644 380 462358
1.66561 52.9114 0.7 52.9376 0.0314688 0 -0 144.957 403 462358
1.66561 52.8648 2.92135 52.9376 0.0314966 0.041974 -0 146.832 413 462358
1.66561 52.8998 1.81068 52.9376 0.0314757 0.0209824 -0 148.519 422 462358
0.832805 52.8844 2.92135 52.9376 0.0157463 0.041974 -0 145.894 408 462358
0.832805 52.9194 1.81068 52.9376 0.0157359 0.0209824 -0 146.644 412 462358
1.66561 52.8648 2.92135 52.9376 0.0314966 0.041974 -0.0707397 139.707 375 462358
1.66561 52.8998 1.81068 52.9376 0.0314757 0.0209824 -0.0707397 142.144 388 462358
-0.83884 53.3146 0.7 53.3212 -0.0157325 0 -0.0707397 150.582 433 462358
-1.67768 53.2948 0.7 53.3212 -0.0314688 0 -0.0707397 151.332 437 462358
-1.67768 53.2831 -0.418724 53.3212 -0.0314757 -0.0209824 -0.0707397 148.894 424 462358
-2.52557 53.4534 0.7 53.513 -0.047213 0 0.0707397 148.894 424 462358
-2.52557 53.4416 -0.422748 53.513 -0.0472234 -0.0209824 0.0707397 147.582 417 462358
-3.36743 53.407 0.7 53.513 -0.0629689 0 0.0707397 147.957 419 462358
-2.52557 53.4534 0.7 53.513 -0.047213 0 -0 156.394 464 462358
-2.52557 53.4416 -0.422748 53.513 -0.0472234 -0.0209824 -0 154.519 454 462358
-3.36743 53.407 0.7 53.513 -0.0629689 0 -0 155.269 458 462358
-2.52557 53.4534 0.7 53.513 -0.047213 0 -0.0707397 148.894 424 462358
-2.52557 53.4416 -0.422748 53.513 -0.0472234 -0.0209824 -0.0707397 147.207 415 462358
-3.36743 53.407 0.7 53.513 -0.0629689 0 -0.0707397 148.332 421 462358
-3.3795 53.5866 -0.426772 53.7048 -0.0629827 -0.0209824 0.0707397 142.144 388 462358
-4.22437 53.5384 0.7 53.7048 -0.0787404 0 0.0707397 144.207 399 462358
-4.22437 53.5266 -0.426772 53.7048 -0.0787578 -0.0209824 0.0707397 145.332 405 462358
-4.22437 53.5384 0.7 53.7048 -0.0787404 0 -0 151.144 436 462358
-4.22437 53.5266 -0.426772 53.7048 -0.0787578 -0.0209824 -0 152.082 441 462358
-4.22437 53.5384 0.7 53.7048 -0.0787404 0 -0.0707397 144.207 399 462358
-4.22437 53.5266 -0.426772 53.7048 -0.0787578 -0.0209824 -0.0707397 144.957 403 462358
29.0335 45.8628 0.7 54.2802 0.564368 0 0.141479 133.894 344 462358
-12.8542 52.9337 0.7 54.472 -0.238224 0 0.0707397 140.644 380 462358
-12.8542 52.9213 1.84287 54.472 -0.238277 0.0209824 0.0707397 139.519 374 462358
-13.7111 52.7182 0.7 54.472 -0.254446 0 0.0707397 140.082 377 462358
0 55.0353 1.85494 55.0475 0 0.0209824 0.0707397 139.394 368 462358
1.73199 54.9717 -1.60988 55.0475 0.0314966 -0.041974 0.0707397 139.207 367 462358
0.865996 55.0285 1.85494 55.0475 0.0157359 0.0209824 0.0707397 139.957 371 462358
0 55.0353 1.85494 55.0475 0 0.0209824 -0.0707397 140.144 372 462358
0.865996 55.0285 1.85494 55.0475 0.0157359 0.0209824 -0.0707397 140.519 374 462358
-0.869014 55.2324 0.7 55.2393 -0.0157325 0 0.0707397 135.644 348 462358
-0.869014 55.2203 -0.458966 55.2393 -0.0157359 -0.0209824 0.0707397 135.082 345 462358
-0.869014 55.1838 -1.61793 55.2393 -0.0157463 -0.041974 0.0707397 136.207 351 462358
-0.869014 55.2203 1.85897 55.2393 -0.0157359 0.0209824 0.0707397 138.457 363 462358
1.73803 55.1632 -1.61793 55.2393 0.0314966 -0.041974 0.0707397 136.207 351 462358
-0.869014 55.2203 1.85897 55.2393 -0.0157359 0.0209824 -0 146.144 404 462358
0 55.2271 1.85897 55.2393 0 0.0209824 -0.0707397 137.519 358 462358
-0.869014 55.2324 0.7 55.2393 -0.0157325 0 -0.0707397 137.519 358 462358
-0.869014 55.1838 -1.61793 55.2393 -0.0157463 -0.041974 -0.0707397 136.957 355 462358
-0.869014 55.1838 3.01793 55.2393 -0.0157463 0.041974 -0.0707397 137.144 356 462358
-0.869014 55.2203 1.85897 55.2393 -0.0157359 0.0209824 -0.0707397 140.519 374 462358
-2.6342 55.7402 1.87104 55.8147 -0.0472234 0.0209824 0.0707397 139.957 371 462358
-1.76217 55.9664 1.87506 56.0065 -0.0314757 0.0209824 0.0707397 134.894 344 462358
-2.64325 55.9441 0.7 56.0065 -0.047213 0 0.0707397 135.269 346 462358
-2.64325 55.8947 -1.65013 56.0065 -0.0472546 -0.041974 0.0707397 137.144 356 462358
-2.64325 55.8329 -2.82519 56.0065 -0.0473068 -0.0629841 0.0707397 135.457 347 462358
-2.64325 55.9317 1.87506 56.0065 -0.0472234 0.0209824 0.0707397 137.144 356 462358
-7.92975 55.4298 -0.475063 56.0065 -0.142095 -0.0209824 -0.0707397 134.894 344 462358
-8.81083 55.2966 -0.475063 56.0065 -0.158009 -0.0209824 -0.0707397 138.269 362 462358
-8.81083 55.2591 -1.65013 56.0065 -0.158115 -0.041974 -0.0707397 135.269 346 462358
-9.69192 55.149 -0.475063 56.0065 -0.173964 -0.0209824 -0.0707397 137.519 358 462358
-19.6494 53.2649 0.7 56.7737 -0.353411 0 0.0707397 142.957 387 462358
-19.6494 53.2516 -0.491159 56.7737 -0.353492 -0.0209824 0.0707397 142.207 383 462358
-20.5425 52.9269 0.7 56.7737 -0.370232 0 0.0707397 143.144 388 462358
-20.5425 52.9135 -0.491159 56.7737 -0.370317 -0.0209824 0.0707397 140.332 373 462358
-19.6494 53.2649 0.7 56.7737 -0.353411 0 -0 150.082 425 462358
-19.6494 53.2516 -0.491159 56.7737 -0.353492 -0.0209824 -0 148.957 419 462358
-20.5425 52.9269 0.7 56.7737 -0.370232 0 -0 150.082 425 462358
-20.5425 52.9135 -0.491159 56.7737 -0.370317 -0.0209824 -0 147.082 409 462358
-19.6494 53.2649 0.7 56.7737 -0.353411 0 -0.0707397 142.582 385 462358
-19.6494 53.2516 -0.491159 56.7737 -0.353492 -0.0209824 -0.0707397 141.457 379 462358
-20.5425 52.9269 0.7 56.7737 -0.370232 0 -0.0707397 142.582 385 462358
-20.5425 52.9135 -0.491159 56.7737 -0.370317 -0.0209824 -0.0707397 139.582 369 462358
-19.8485 53.8048 0.7 57.3491 -0.353411 0 0.0707397 134.519 342 462358
-16.2397 54.9886 1.90323 57.3491 -0.287166 0.0209824 -0 139.207 367 462358
-19.8485 53.8048 0.7 57.3491 -0.353411 0 -0 141.269 378 462358
-19.8485 53.8048 0.7 57.3491 -0.353411 0 -0.0707397 134.894 344 462358
-15.3888 55.3923 -1.71451 57.5409 -0.270981 -0.041974 0.0707397 142.957 387 462358
-16.294 55.1725 -0.507256 57.5409 -0.287166 -0.0209824 0.0707397 141.457 379 462358
-16.294 55.1328 -1.71451 57.5409 -0.287361 -0.041974 0.0707397 146.894 408 462358
-16.294 55.0667 -2.92177 57.5409 -0.287687 -0.0629841 0.0707397 141.832 381 462358
-17.1992 54.8572 -1.71451 57.5409 -0.303821 -0.041974 0.0707397 141.832 381 462358
-15.3888 55.3923 -1.71451 57.5409 -0.270981 -0.041974 -0 148.582 417 462358
-16.294 55.1328 -1.71451 57.5409 -0.287361 -0.041974 -0 153.644 444 462358
-16.294 55.0667 -2.92177 57.5409 -0.287687 -0.0629841 -0 148.957 419 462358
-17.1992 54.8572 -1.71451 57.5409 -0.303821 -0.041974 -0 149.707 423 462358
-16.294 55.1328 -1.71451 57.5409 -0.287361 -0.041974 -0.0707397 146.519 406 462358
-16.294 55.0667 -2.92177 57.5409 -0.287687 -0.0629841 -0.0707397 142.394 384 462358
-17.1992 54.8572 -1.71451 57.5409 -0.303821 -0.041974 -0.0707397 143.144 388 462358
29.2568 50.2002 1.91933 58.1163 0.527678 0.0209824 -0 134.332 341 462358
0 58.3081 0.7 58.3081 0 0 -0 137.144 356 462358
27.5188 51.4058 0.7 58.3081 0.491506 0 -0 136.582 353 462358
26.6015 51.8864 0.7 58.3081 0.473746 0 -0 136.582 353 462358
-12.0425 57.586 3.17085 58.8835 -0.206151 0.041974 -0 135.519 342 462358
-39.8328 43.3661 0.7 58.8835 -0.742956 0 -0 135.144 340 462358
-11.1523 57.9601 3.1789 59.0753 -0.190091 0.041974 -0 135.894 344 462358
-12.0817 57.7735 3.1789 59.0753 -0.206151 0.041974 -0 137.019 350 462358
-28.8102 51.5739 0.7 59.0753 -0.509437 0 -0 134.957 339 462358
-39.9626 43.5073 0.7 59.0753 -0.742956 0 -0 135.144 340 462358
-39.9626 43.4897 1.93945 59.0753 -0.743158 0.0209824 -0 135.519 342 462358
7.43489 58.6056 0.7 59.0753 0.126189 0 -0 135.144 340 462358
7.43489 58.5925 1.93945 59.0753 0.126217 0.0209824 -0 136.082 345 462358
-20.6451 55.9082 3.20304 59.6507 -0.353736 0.041974 -0 136.457 347 462358
30.0292 51.5256 1.95152 59.6507 0.527678 0.0209824 -0 136.644 348 462358
29.0908 52.0762 0.7 59.6507 0.509437 0 -0 135.519 342 462358
29.0908 52.016 3.20304 59.6507 0.50993 0.041974 -0 134.957 339 462358
29.0908 52.0612 1.95152 59.6507 0.50956 0.0209824 -0 138.519 358 462358
31.0672 51.1464 0.7 59.8425 0.545856 0 -0 136.269 346 462358
31.0672 51.131 1.95555 59.8425 0.54599 0.0209824 -0 138.144 356 462358
30.1258 51.6913 1.95555 59.8425 0.527678 0.0209824 -0 137.019 350 462358
28.2429 52.7436 1.95555 59.8425 0.491624 0.0209824 -0 138.332 357 462358
-19.0097 57.3354 1.96762 60.4179 -0.320146 0.0209824 -0 134.957 339 462358
-19.9602 57.0115 1.96762 60.4179 -0.336771 0.0209824 -0 134.582 337 462358
39.9203 45.3508 0.7 60.4179 0.721799 0 -0 135.332 341 462358
30.4155 52.1883 1.96762 60.4179 0.527678 0.0209824 -0 136.832 349 462358
29.465 52.685 3.23524 60.4179 0.50993 0.041974 -0 134.582 337 462358
29.465 52.7308 1.96762 60.4179 0.50956 0.0209824 -0 137.019 350 462358
30.512 52.3694 0.7 60.6097 0.52755 0 -0 136.457 347 462358
30.512 52.354 1.97164 60.6097 0.527678 0.0209824 -0 138.332 357 462358
29.5585 52.9135 0.7 60.6097 0.509437 0 -0 138.332 357 462358
29.5585 52.8982 1.97164 60.6097 0.50956 0.0209824 -0 139.457 363 462358
-23.1737 56.8341 0.7 61.377 -0.387164 0 -0 134.957 339 462358
33.2398 52.4911 2.00384 62.1442 0.564507 0.0209824 -0 138.019 350 462358
37.4008 52.1775 3.39621 64.254 0.621912 0.041974 -0 136.519 342 462358
37.4008 52.2297 2.0481 64.254 0.621438 0.0209824 -0 138.394 352 462358
36.3899 52.9389 2.0481 64.254 0.602216 0.0209824 -0 136.519 342 462358
-46.3353 48.3105 0.7 66.9392 -0.764533 0 -0 136.957 339 462358
2.1665 68.8232 0.7 68.8573 0.0314688 0 -0 137.144 340 462358
2.1665 68.7625 3.58937 68.8573 0.0314966 0.041974 -0 136.582 337 462358
2.1665 68.808 2.14468 68.8573 0.0314757 0.0209824 -0 140.894 360 462358
1.08325 68.7881 3.58937 68.8573 0.0157463 0.041974 -0 137.144 340 462358
1.08325 68.8336 2.14468 68.8573 0.0157359 0.0209824 -0 139.394 352 462358
2.17253 69.0149 0.7 69.0491 0.0314688 0 -0 137.332 341 462358
2.17253 68.9997 2.14871 69.0491 0.0314757 0.0209824 -0 141.269 362 462358
1.08627 69.0405 0.7 69.0491 0.0157325 0 -0 138.082 345 462358
1.08627 69.0253 2.14871 69.0491 0.0157359 0.0209824 -0 141.269 362 462358
-13.3611 69.4392 3.66985 70.7753 -0.190091 0.041974 -0 144.144 372 462358
-13.3611 69.4868 2.18492 70.7753 -0.189964 0.0209824 -0 143.957 371 462358
-14.4745 69.2157 3.66985 70.7753 -0.206151 0.041974 -0 141.144 356 462358
-14.4745 69.2635 2.18492 70.7753 -0.206013 0.0209824 -0 140.394 352 462358
2.26306 71.8747 2.20907 71.9261 0.0314757 0.0209824 0.0707397 139.457 347 462358
3.39458 71.8301 2.20907 71.9261 0.0472234 0.0209824 -0 141.894 360 462358
2.26306 71.8905 0.7 71.9261 0.0314688 0 -0 144.144 372 462358
2.26306 71.8747 2.20907 71.9261 0.0314757 0.0209824 -0 146.394 384 462358
1.13153 71.9014 2.20907 71.9261 0.0157359 0.0209824 -0 143.207 367 462358
2.26306 71.8747 2.20907 71.9261 0.0314757 0.0209824 -0.0707397 138.894 344 462358
2.26909 72.0822 0.7 72.1179 0.0314688 0 -0 140.582 353 462358
2.26909 72.0187 3.72619 72.1179 0.0314966 0.041974 -0 140.207 351 462358
2.26909 72.0663 2.21309 72.1179 0.0314757 0.0209824 -0 144.707 375 462358
1.13455 72.0455 3.72619 72.1179 0.0157463 0.041974 -0 139.832 349 462358
1.13455 72.0931 2.21309 72.1179 0.0157359 0.0209824 -0 143.207 367 462358
2.26909 72.0663 2.21309 72.1179 0.0314757 0.0209824 -0.0707397 138.519 342 462358
2.27513 72.258 2.21712 72.3097 0.0314757 0.0209824 -0 141.332 357 462358
1.13756 72.2849 2.21712 72.3097 0.0157359 0.0209824 -0 138.894 344 462358
24.1423 68.9056 3.76643 73.0769 0.337002 0.041974 -0 140.019 350 462358
22.9927 69.2977 3.76643 73.0769 0.320366 0.041974 -0 139.269 346 462358
-19.8002 71.3222 2.25334 74.0359 -0.270797 0.0209824 -0 139.269 346 462358
