1.30956 2.30053 0.249291 2.68524 0.517495 -0.168645 -0 98.5192 422 462206
1.09834 2.40854 0.249291 2.68524 0.427848 -0.168645 -0 96.8317 413 462206
1.26731 2.53734 0.217098 2.87704 0.463219 -0.168645 -0 105.332 437 462206
1.22205 2.55945 0.217098 2.87704 0.445458 -0.168645 -0 104.957 435 462206
0.995745 2.644 0.156735 2.87704 0.360177 -0.189968 -0.0707397 97.6442 396 462206
0.995745 2.63088 0.096372 2.87704 0.361822 -0.211379 -0.0707397 97.0817 393 462206
1.30352 2.74145 0.249291 3.06885 0.443845 -0.147399 -0 102.519 422 462206
1.30352 2.73008 0.184904 3.06885 0.445458 -0.168645 -0 101.394 416 462206
1.15868 2.80573 0.249291 3.06885 0.391638 -0.147399 -0 102.332 421 462206
1.15868 2.79463 0.184904 3.06885 0.393039 -0.168645 -0 101.207 415 462206
1.12851 3.03147 0.289533 3.26065 0.356371 -0.12622 0.0707397 99.7067 407 462206
1.12851 3.02142 0.221122 3.26065 0.357458 -0.147399 0.0707397 102.144 420 462206
1.07721 3.04009 0.221122 3.26065 0.340533 -0.147399 0.0707397 98.9567 403 462206
1.12851 3.02142 0.221122 3.26065 0.357458 -0.147399 -0 109.269 458 462206
1.12851 3.03147 0.289533 3.26065 0.356371 -0.12622 -0.0707397 99.5192 406 462206
1.12851 3.02142 0.221122 3.26065 0.357458 -0.147399 -0.0707397 102.144 420 462206
1.07721 3.04009 0.221122 3.26065 0.340533 -0.147399 -0.0707397 98.2067 399 462206
1.79234 2.91857 0.265388 3.45245 0.550734 -0.12622 -0 103.457 427 462206
1.30352 3.16724 0.265388 3.45245 0.390435 -0.12622 -0 105.332 437 462206
1.24921 3.18905 0.265388 3.45245 0.373346 -0.12622 -0 103.644 428 462206
-1.5087 3.51865 0.941451 3.83606 -0.405063 0.0629841 0.282959 105.519 422 462206
1.52077 3.70572 0.27746 4.02786 0.389427 -0.105098 0.0707397 104.207 415 462206
1.52077 3.69511 0.192952 4.02786 0.390435 -0.12622 0.0707397 103.832 413 462206
-1.71087 3.64547 0.615492 4.02786 -0.438799 -0.0209824 -0.424438 106.269 426 462206
1.20395 3.82043 0.27746 4.02786 0.305283 -0.105098 -0.0707397 105.144 420 462206
-1.72596 3.74738 -0.185321 4.21967 -0.431615 -0.211379 -0.0707397 108.144 436 462206
1.59319 3.88219 0.257339 4.21967 0.389427 -0.105098 -0.0707397 108.519 438 462206
1.19489 4.02267 0.257339 4.21967 0.288739 -0.105098 -0.0707397 108.707 439 462206
1.59319 3.88219 0.257339 4.21967 0.389427 -0.105098 0.0707397 107.582 433 462206
1.19489 4.02267 0.257339 4.21967 0.288739 -0.105098 0.0707397 108.519 438 462206
1.12851 4.04179 0.257339 4.21967 0.272276 -0.105098 0.0707397 107.207 431 462206
-1.71087 3.64547 0.615492 4.02786 -0.438799 -0.0209824 -0.353699 108.894 440 462206
-1.71087 3.64253 0.530984 4.02786 -0.439109 -0.041974 -0.353699 105.332 421 462206
-1.77424 3.61505 0.615492 4.02786 -0.456253 -0.0209824 -0.353699 105.707 423 462206
-1.85872 3.7872 0.788532 4.21967 -0.456253 0.0209824 -0.778137 104.582 417 462206
-1.52077 3.70572 1.12254 4.02786 -0.389427 0.105098 -0.919617 108.332 437 462206
-1.6475 3.65115 1.12254 4.02786 -0.423876 0.105098 -0.919617 108.332 437 462206
-1.71087 3.62189 1.12254 4.02786 -0.4413 0.105098 -0.919617 109.832 445 462206
-1.52681 3.88463 1.31972 4.21967 -0.37449 0.147399 -0.919617 105.519 422 462206
-1.72596 3.82501 1.14266 4.21967 -0.423876 0.105098 -0.919617 105.707 423 462206
-1.79234 3.79436 1.14266 4.21967 -0.4413 0.105098 -0.919617 106.832 429 462206
-1.45741 3.69359 1.37606 4.02786 -0.375824 0.168645 -0.848877 105.332 421 462206
1.59319 3.88219 0.257339 4.21967 0.389427 -0.105098 -0 115.082 473 462206
1.19489 4.02267 0.257339 4.21967 0.288739 -0.105098 -0 115.832 477 462206
1.12851 4.04179 0.257339 4.21967 0.272276 -0.105098 -0 114.707 471 462206
1.71992 3.17994 0.241243 3.64426 0.495804 -0.12622 -0.0707397 99.8942 392 462206
1.66259 3.21029 0.241243 3.64426 0.477861 -0.12622 -0.0707397 98.2067 383 462206
1.43327 3.31902 0.241243 3.64426 0.407646 -0.12622 -0.0707397 99.5192 390 462206
-1.65957 3.86342 1.05413 4.21967 -0.405728 0.0840222 -1.13184 117.144 484 462206
-1.65957 3.87051 0.965596 4.21967 -0.405063 0.0629841 -1.13184 118.269 490 462206
-1.72596 3.84137 0.965596 4.21967 -0.422278 0.0629841 -1.13184 115.082 473 462206
-1.65957 3.87051 0.965596 4.21967 -0.405063 0.0629841 -1.0611 117.707 487 462206
-1.72596 3.81372 1.23119 4.21967 -0.424985 0.12622 -1.0611 116.957 483 462206
-1.65957 3.82979 1.31972 4.21967 -0.408907 0.147399 -0.990356 109.832 445 462206
-1.72596 3.84952 0.788532 4.21967 -0.421486 0.0209824 -0.990356 110.207 447 462206
-1.58414 3.65571 1.29156 4.02786 -0.408907 0.147399 -0.990356 114.332 469 462206
-1.58414 3.66839 1.20705 4.02786 -0.407646 0.12622 -0.990356 113.957 467 462206
-1.58414 3.66839 1.20705 4.02786 -0.407646 0.12622 -1.0611 119.207 495 462206
-1.58414 3.69458 0.953524 4.02786 -0.405063 0.0629841 -1.0611 122.207 511 462206
-1.6475 3.64037 1.20705 4.02786 -0.424985 0.12622 -1.0611 120.332 501 462206
-1.72596 3.84952 0.788532 4.21967 -0.421486 0.0209824 -1.20258 105.707 423 462206
-1.85872 3.75081 1.23119 4.21967 -0.460084 0.12622 -1.20258 104.019 414 462206
-1.92511 3.71717 1.23119 4.21967 -0.477861 0.12622 -1.20258 101.582 401 462206
-1.58414 3.69941 0.869016 4.02786 -0.40459 0.041974 -1.20258 112.082 457 462206
-1.6475 3.67163 0.869016 4.02786 -0.421783 0.041974 -1.20258 113.394 464 462206
-1.6475 3.67454 0.784508 4.02786 -0.421486 0.0209824 -1.20258 114.332 469 462206
-1.58414 3.68781 1.03803 4.02786 -0.405728 0.0840222 -1.13184 122.019 510 462206
-1.58414 3.69458 0.953524 4.02786 -0.405063 0.0629841 -1.13184 122.207 511 462206
-1.6475 3.66676 0.953524 4.02786 -0.422278 0.0629841 -1.13184 118.832 493 462206
-1.52681 3.92977 0.877064 4.21967 -0.370574 0.041974 -1.34406 107.019 430 462206
-1.85872 3.76228 1.14266 4.21967 -0.458869 0.105098 -1.34406 108.332 437 462206
-1.85872 3.77165 1.05413 4.21967 -0.457883 0.0840222 -1.34406 104.019 414 462206
-1.92511 3.72875 1.14266 4.21967 -0.476592 0.105098 -1.34406 102.894 408 462206
-1.59319 3.90333 0.877064 4.21967 -0.387523 0.041974 -1.27332 108.144 436 462206
-1.79234 3.80364 1.05413 4.21967 -0.440357 0.0840222 -1.41479 105.332 421 462206
-1.85872 3.76228 1.14266 4.21967 -0.458869 0.105098 -1.41479 105.144 420 462206
-1.85872 3.77165 1.05413 4.21967 -0.457883 0.0840222 -1.41479 109.269 442 462206
-1.85872 3.77891 0.965596 4.21967 -0.45712 0.0629841 -1.41479 107.582 433 462206
-1.92511 3.7382 1.05413 4.21967 -0.475561 0.0840222 -1.41479 104.207 415 462206
-1.79234 3.80364 1.05413 4.21967 -0.440357 0.0840222 -1.48553 113.957 467 462206
-1.79234 3.81085 0.965596 4.21967 -0.439628 0.0629841 -1.48553 113.207 463 462206
-1.85872 3.77165 1.05413 4.21967 -0.457883 0.0840222 -1.48553 117.332 485 462206
-1.85872 3.77891 0.965596 4.21967 -0.45712 0.0629841 -1.48553 116.582 481 462206
-1.58414 3.69458 0.953524 4.02786 -0.405063 0.0629841 -1.27332 110.019 446 462206
-1.58414 3.69941 0.869016 4.02786 -0.40459 0.041974 -1.27332 112.082 457 462206
-1.6475 3.67163 0.869016 4.02786 -0.421783 0.041974 -1.27332 110.394 448 462206
-1.6475 3.67454 0.784508 4.02786 -0.421486 0.0209824 -1.27332 109.644 444 462206
-1.85872 3.77891 0.965596 4.21967 -0.45712 0.0629841 -1.62701 110.207 447 462206
-1.85872 3.78409 0.877064 4.21967 -0.456578 0.041974 -1.62701 106.644 428 462206
-1.92511 3.74553 0.965596 4.21967 -0.474764 0.0629841 -1.62701 107.394 432 462206
-1.92511 3.74553 0.965596 4.21967 -0.474764 0.0629841 -1.83923 101.019 398 462206
-1.92511 3.75076 0.877064 4.21967 -0.474198 0.041974 -1.83923 101.207 399 462206
1.14662 3.6385 0.297581 3.83606 0.305283 -0.105098 0.0707397 104.207 415 462206
1.14662 3.6287 0.217098 3.83606 0.306057 -0.12622 0.0707397 103.832 413 462206
1.08627 3.65697 0.297581 3.83606 0.288739 -0.105098 0.0707397 103.457 411 462206
-1.85872 3.77165 1.05413 4.21967 -0.457883 0.0840222 -1.69775 111.332 453 462206
-1.85872 3.77891 0.965596 4.21967 -0.45712 0.0629841 -1.69775 113.394 464 462206
-1.92511 3.7382 1.05413 4.21967 -0.475561 0.0840222 -1.69775 108.144 436 462206
-1.92511 3.74553 0.965596 4.21967 -0.474764 0.0629841 -1.69775 110.207 447 462206
-1.58414 3.69941 0.869016 4.02786 -0.40459 0.041974 -1.41479 106.832 429 462206
-1.58414 3.7023 0.784508 4.02786 -0.404307 0.0209824 -1.41479 107.957 435 462206
-1.56905 3.42472 1.42435 3.83606 -0.429614 0.189968 -0.424438 105.894 424 462206
-1.52077 3.72974 0.7 4.02786 -0.387164 0 -1.90997 106.832 429 462206
-1.52077 3.72878 0.615492 4.02786 -0.387253 -0.0209824 -1.90997 108.332 437 462206
-1.58414 3.70327 0.7 4.02786 -0.404213 0 -1.90997 109.644 444 462206
-1.58414 3.7023 0.615492 4.02786 -0.404307 -0.0209824 -1.90997 111.332 453 462206
-1.43327 3.33659 1.00584 3.64426 -0.405728 0.0840222 -1.13184 108.332 437 462206
-1.43327 3.34271 0.929379 3.64426 -0.405063 0.0629841 -1.13184 107.957 435 462206
1.71992 3.17994 0.241243 3.64426 0.495804 -0.12622 0.0707397 99.3317 389 462206
1.4906 3.29367 0.241243 3.64426 0.424985 -0.12622 0.0707397 99.7067 391 462206
1.43327 3.31902 0.241243 3.64426 0.407646 -0.12622 0.0707397 100.082 393 462206
1.08928 3.44726 0.241243 3.64426 0.306057 -0.12622 0.0707397 99.3317 389 462206
-1.79234 3.80364 1.05413 4.21967 -0.440357 0.0840222 -1.55627 113.019 462 462206
-1.85872 3.77165 1.05413 4.21967 -0.457883 0.0840222 -1.55627 117.519 486 462206
-1.85872 3.77891 0.965596 4.21967 -0.45712 0.0629841 -1.55627 116.957 483 462206
-1.92511 3.7382 1.05413 4.21967 -0.475561 0.0840222 -1.55627 113.207 463 462206
-1.59319 3.90634 0.611468 4.21967 -0.387253 -0.0209824 -2.05145 107.582 433 462206
-1.65957 3.8786 0.611468 4.21967 -0.404307 -0.0209824 -2.05145 110.019 446 462206
-1.65957 3.87557 0.522936 4.21967 -0.40459 -0.041974 -2.05145 108.519 438 462206
-1.59319 3.90634 0.611468 4.21967 -0.387253 -0.0209824 -2.12219 108.144 436 462206
-1.59319 3.90333 0.522936 4.21967 -0.387523 -0.041974 -2.12219 107.957 435 462206
-1.65957 3.8786 0.611468 4.21967 -0.404307 -0.0209824 -2.12219 111.519 454 462206
-1.65957 3.87557 0.522936 4.21967 -0.40459 -0.041974 -2.12219 111.707 455 462206
-1.92511 3.75389 0.788532 4.21967 -0.473858 0.0209824 -2.26367 101.019 398 462206
-1.43327 3.3497 0.62354 3.64426 -0.404307 -0.0209824 -2.05145 107.207 431 462206
-1.43327 3.34271 0.929379 3.64426 -0.405063 0.0629841 -1.0611 108.332 437 462206
-1.4906 3.31754 0.929379 3.64426 -0.422278 0.0629841 -1.0611 106.832 429 462206
-1.37594 3.24739 -0.217515 3.64426 -0.400774 -0.254509 -2.19293 105.332 421 462206
-1.44836 3.55122 0.619516 3.83606 -0.387253 -0.0209824 -2.05145 108.144 436 462206
-1.44836 3.54848 0.539033 3.83606 -0.387523 -0.041974 -2.05145 106.644 428 462206
-1.5087 3.526 0.619516 3.83606 -0.404307 -0.0209824 -2.05145 111.519 454 462206
-1.5087 3.52324 0.539033 3.83606 -0.40459 -0.041974 -2.05145 108.707 439 462206
-1.44836 3.55122 0.619516 3.83606 -0.387253 -0.0209824 -2.12219 107.582 433 462206
-1.5087 3.526 0.619516 3.83606 -0.404307 -0.0209824 -2.12219 112.082 457 462206
-1.5087 3.52324 0.539033 3.83606 -0.40459 -0.041974 -2.12219 110.394 448 462206
-1.56905 3.49956 0.619516 3.83606 -0.421486 -0.0209824 -2.12219 108.144 436 462206
1.14662 3.6385 0.297581 3.83606 0.305283 -0.105098 -0.0707397 103.644 412 462206
1.14662 3.6287 0.217098 3.83606 0.306057 -0.12622 -0.0707397 102.519 406 462206
1.08627 3.65697 0.297581 3.83606 0.288739 -0.105098 -0.0707397 102.707 407 462206
-1.52077 3.72878 0.615492 4.02786 -0.387253 -0.0209824 -2.05145 117.894 488 462206
-1.52077 3.7259 0.530984 4.02786 -0.387523 -0.041974 -2.05145 116.207 479 462206
-1.58414 3.7023 0.615492 4.02786 -0.404307 -0.0209824 -2.05145 121.082 505 462206
-1.58414 3.69941 0.530984 4.02786 -0.40459 -0.041974 -2.05145 119.207 495 462206
-1.52077 3.72878 0.615492 4.02786 -0.387253 -0.0209824 -2.12219 118.082 489 462206
-1.52077 3.7259 0.530984 4.02786 -0.387523 -0.041974 -2.12219 117.144 484 462206
-1.58414 3.7023 0.615492 4.02786 -0.404307 -0.0209824 -2.12219 122.019 510 462206
-1.58414 3.69941 0.530984 4.02786 -0.40459 -0.041974 -2.12219 120.894 504 462206
-1.58414 3.7023 0.615492 4.02786 -0.404307 -0.0209824 -2.19293 113.207 463 462206
-1.58414 3.69941 0.530984 4.02786 -0.40459 -0.041974 -2.19293 113.394 464 462206
-1.46043 3.94301 0.345872 4.21967 -0.354717 -0.0840222 -2.47589 101.957 403 462206
-1.52681 3.91778 0.345872 4.21967 -0.371606 -0.0840222 -2.47589 105.894 424 462206
-1.92511 3.75389 0.788532 4.21967 -0.473858 0.0209824 -2.33441 101.957 403 462206
-1.92511 3.75076 0.877064 4.21967 -0.474198 0.041974 -2.19293 100.832 397 462206
-1.92511 3.75389 0.788532 4.21967 -0.473858 0.0209824 -2.19293 101.582 401 462206
1.66561 4.05865 0.237219 4.41147 0.389427 -0.105098 -0.0707397 107.582 417 462206
1.24921 4.20552 0.237219 4.41147 0.288739 -0.105098 -0.0707397 107.394 416 462206
-1.94321 3.9333 1.16278 4.41147 -0.458869 0.105098 -1.34406 107.957 419 462206
1.73501 4.02947 0.237219 4.41147 0.406588 -0.105098 0.0707397 105.144 404 462206
1.66561 4.05865 0.237219 4.41147 0.389427 -0.105098 0.0707397 105.894 408 462206
1.31861 4.18428 0.237219 4.41147 0.305283 -0.105098 0.0707397 105.332 405 462206
-1.87381 3.97653 1.07023 4.41147 -0.440357 0.0840222 -1.48553 111.519 438 462206
-1.87381 3.98407 0.977669 4.41147 -0.439628 0.0629841 -1.48553 110.957 435 462206
-1.94321 3.94308 1.07023 4.41147 -0.457883 0.0840222 -1.48553 115.457 459 462206
-1.94321 3.95068 0.977669 4.41147 -0.45712 0.0629841 -1.48553 115.082 457 462206
-1.94321 3.94308 1.07023 4.41147 -0.457883 0.0840222 -1.69775 110.394 432 462206
-1.94321 3.95068 0.977669 4.41147 -0.45712 0.0629841 -1.69775 112.082 441 462206
-2.01261 3.90812 1.07023 4.41147 -0.475561 0.0840222 -1.69775 107.957 419 462206
-2.01261 3.91578 0.977669 4.41147 -0.474764 0.0629841 -1.69775 109.457 427 462206
-1.94321 3.95068 0.977669 4.41147 -0.45712 0.0629841 -1.62701 107.957 419 462206
-2.01261 3.91578 0.977669 4.41147 -0.474764 0.0629841 -1.62701 105.894 408 462206
-1.73501 4.0549 0.607444 4.41147 -0.404307 -0.0209824 -2.12219 108.332 421 462206
-1.94321 3.94308 1.07023 4.41147 -0.457883 0.0840222 -1.55627 116.394 464 462206
-1.94321 3.95068 0.977669 4.41147 -0.45712 0.0629841 -1.55627 115.832 461 462206
-2.01261 3.90812 1.07023 4.41147 -0.475561 0.0840222 -1.55627 111.707 439 462206
1.44836 4.35237 0.313678 4.60327 0.321247 -0.0840222 0.0707397 110.582 433 462206
1.44836 4.34272 0.217098 4.60327 0.321913 -0.105098 0.0707397 110.957 435 462206
1.44836 4.35237 0.313678 4.60327 0.321247 -0.0840222 -0 118.457 475 462206
1.44836 4.34272 0.217098 4.60327 0.321913 -0.105098 -0 118.644 476 462206
1.44836 4.35237 0.313678 4.60327 0.321247 -0.0840222 -0.0707397 111.894 440 462206
1.44836 4.34272 0.217098 4.60327 0.321913 -0.105098 -0.0707397 111.894 440 462206
1.20696 4.62321 0.297581 4.79507 0.255367 -0.0840222 -0 116.394 464 462206
1.20696 4.61334 0.196977 4.79507 0.255889 -0.105098 -0 116.582 465 462206
1.13153 4.64225 0.297581 4.79507 0.239084 -0.0840222 -0 116.582 465 462206
1.13153 4.63242 0.196977 4.79507 0.239572 -0.105098 -0 116.582 465 462206
1.56905 4.71507 0.281485 4.98688 0.321247 -0.0840222 0.0707397 105.707 407 462206
1.41215 4.76441 0.281485 4.98688 0.288146 -0.0840222 0.0707397 106.269 410 462206
1.33369 4.78697 0.281485 4.98688 0.271719 -0.0840222 0.0707397 108.332 421 462206
1.33369 4.77666 0.176856 4.98688 0.272276 -0.105098 0.0707397 105.519 406 462206
1.33369 4.78697 0.281485 4.98688 0.271719 -0.0840222 -0 115.082 457 462206
1.56905 4.71507 0.281485 4.98688 0.321247 -0.0840222 -0.0707397 105.894 408 462206
1.56905 4.70461 0.176856 4.98688 0.321913 -0.105098 -0.0707397 104.019 398 462206
1.41215 4.76441 0.281485 4.98688 0.288146 -0.0840222 -0.0707397 103.644 396 462206
1.33369 4.78697 0.281485 4.98688 0.271719 -0.0840222 -0.0707397 107.394 416 462206
1.25524 4.80813 0.281485 4.98688 0.255367 -0.0840222 -0.0707397 104.207 399 462206
1.46646 4.94766 0.265388 5.17868 0.288146 -0.0840222 0.0707397 111.832 429 462206
1.46646 4.93691 0.156735 5.17868 0.288739 -0.105098 0.0707397 107.707 407 462206
1.38499 4.97108 0.265388 5.17868 0.271719 -0.0840222 0.0707397 109.394 416 462206
1.05911 5.05056 0.265388 5.17868 0.206706 -0.0840222 0.0707397 106.957 403 462206
1.46646 4.94766 0.265388 5.17868 0.288146 -0.0840222 -0 119.332 469 462206
1.38499 4.97108 0.265388 5.17868 0.271719 -0.0840222 -0 117.269 458 462206
1.46646 4.94766 0.265388 5.17868 0.288146 -0.0840222 -0.0707397 112.394 432 462206
1.46646 4.93691 0.156735 5.17868 0.288739 -0.105098 -0.0707397 108.832 413 462206
1.38499 4.97108 0.265388 5.17868 0.271719 -0.0840222 -0.0707397 110.707 423 462206
1.60526 5.1138 0.361968 5.37048 0.304167 -0.0629841 0.0707397 106.207 399 462206
1.60526 5.1051 0.249291 5.37048 0.304653 -0.0840222 0.0707397 109.207 415 462206
1.52077 5.13091 0.249291 5.37048 0.288146 -0.0840222 0.0707397 107.144 404 462206
1.60526 5.1051 0.249291 5.37048 0.304653 -0.0840222 -0 115.957 451 462206
1.52077 5.13091 0.249291 5.37048 0.288146 -0.0840222 -0 114.457 443 462206
1.60526 5.1051 0.249291 5.37048 0.304653 -0.0840222 -0.0707397 109.019 414 462206
1.52077 5.13091 0.249291 5.37048 0.288146 -0.0840222 -0.0707397 108.457 411 462206
1.18282 5.21918 0.249291 5.37048 0.222865 -0.0840222 -0.0707397 106.582 401 462206
1.35783 5.57069 0.217098 5.75409 0.239084 -0.0840222 0.0707397 109.207 415 462206
1.26731 5.6011 0.337823 5.75409 0.222515 -0.0629841 0.0707397 109.582 417 462206
1.26731 5.59198 0.217098 5.75409 0.222865 -0.0840222 0.0707397 112.957 435 462206
1.17679 5.61173 0.217098 5.75409 0.206706 -0.0840222 0.0707397 108.082 409 462206
1.35783 5.57069 0.217098 5.75409 0.239084 -0.0840222 -0 116.894 456 462206
1.26731 5.6011 0.337823 5.75409 0.222515 -0.0629841 -0 117.457 459 462206
1.26731 5.59198 0.217098 5.75409 0.222865 -0.0840222 -0 120.644 476 462206
1.17679 5.61173 0.217098 5.75409 0.206706 -0.0840222 -0 116.144 452 462206
1.35783 5.57069 0.217098 5.75409 0.239084 -0.0840222 -0.0707397 109.582 417 462206
1.26731 5.6011 0.337823 5.75409 0.222515 -0.0629841 -0.0707397 110.144 420 462206
1.26731 5.59198 0.217098 5.75409 0.222865 -0.0840222 -0.0707397 113.519 438 462206
1.17679 5.61173 0.217098 5.75409 0.206706 -0.0840222 -0.0707397 109.207 415 462206
1.21602 5.80817 0.325751 5.94589 0.206382 -0.0629841 -0 113.082 425 462206
1.21602 5.79879 0.201001 5.94589 0.206706 -0.0840222 -0 114.582 433 462206
1.12248 5.82697 0.325751 5.94589 0.190303 -0.0629841 -0 110.644 412 462206
1.12248 5.81762 0.201001 5.94589 0.190602 -0.0840222 -0 110.269 410 462206
1.15868 6.01494 0.313678 6.1377 0.190303 -0.0629841 0.0707397 112.332 421 462206
1.15868 6.00528 0.184904 6.1377 0.190602 -0.0840222 0.0707397 112.144 420 462206
0.965571 6.03934 0.184904 6.1377 0.158538 -0.0840222 0.0707397 108.207 399 462206
1.25524 5.98585 0.184904 6.1377 0.206706 -0.0840222 -0 117.019 446 462206
1.15868 6.01494 0.313678 6.1377 0.190303 -0.0629841 -0 119.644 460 462206
1.15868 6.00528 0.184904 6.1377 0.190602 -0.0840222 -0 119.644 460 462206
1.15868 6.01494 0.313678 6.1377 0.190303 -0.0629841 -0.0707397 112.332 421 462206
1.15868 6.00528 0.184904 6.1377 0.190602 -0.0840222 -0.0707397 112.332 421 462206
2.15443 6.13076 0.152711 6.5213 0.337933 -0.0840222 0.0707397 107.082 393 462206
1.74406 6.27034 0.289533 6.5213 0.271288 -0.0629841 0.0707397 113.832 429 462206
1.84665 6.24089 0.289533 6.5213 0.287687 -0.0629841 -0 119.832 461 462206
1.74406 6.27034 0.289533 6.5213 0.271288 -0.0629841 -0 121.519 470 462206
1.74406 6.25988 0.152711 6.5213 0.271719 -0.0840222 -0 119.269 458 462206
1.64147 6.29797 0.289533 6.5213 0.254962 -0.0629841 -0 118.707 455 462206
1.74406 6.27034 0.289533 6.5213 0.271288 -0.0629841 -0.0707397 114.394 432 462206
1.12851 6.40979 0.289533 6.5213 0.174275 -0.0629841 -0.0707397 105.957 387 462206
1.12851 6.39956 0.152711 6.5213 0.174548 -0.0840222 -0.0707397 107.082 393 462206
1.79536 6.46857 0.7 6.7131 0.270736 0 0.0707397 120.332 453 462206
1.68975 6.49696 0.7 6.7131 0.254446 0 0.0707397 122.394 464 462206
1.79536 6.46857 0.7 6.7131 0.270736 0 -0 127.644 492 462206
1.68975 6.49696 0.7 6.7131 0.254446 0 -0 129.144 500 462206
1.68975 6.49544 0.559153 6.7131 0.254503 -0.0209824 -0 124.644 476 462206
1.68975 6.49544 0.840847 6.7131 0.254503 0.0209824 -0 125.207 479 462206
1.79536 6.46857 0.7 6.7131 0.270736 0 -0.0707397 120.332 453 462206
1.68975 6.49696 0.7 6.7131 0.254446 0 -0.0707397 122.207 463 462206
1.95528 6.60801 0.265388 6.90491 0.287687 -0.0629841 0.0707397 121.457 459 462206
1.84665 6.65339 0.7 6.90491 0.270736 0 0.0707397 123.144 468 462206
1.84665 6.63918 0.265388 6.90491 0.271288 -0.0629841 0.0707397 120.332 453 462206
1.73803 6.68259 0.7 6.90491 0.254446 0 0.0707397 123.894 472 462206
1.95528 6.60801 0.265388 6.90491 0.287687 -0.0629841 -0 129.144 500 462206
1.84665 6.65339 0.7 6.90491 0.270736 0 -0 131.019 510 462206
1.73803 6.68259 0.7 6.90491 0.254446 0 -0 131.957 515 462206
1.95528 6.60801 0.265388 6.90491 0.287687 -0.0629841 -0.0707397 122.582 465 462206
1.84665 6.65339 0.7 6.90491 0.270736 0 -0.0707397 124.269 474 462206
1.73803 6.68259 0.7 6.90491 0.254446 0 -0.0707397 125.394 480 462206
1.73803 6.68102 0.555129 6.90491 0.254503 -0.0209824 -0.0707397 121.832 461 462206
1.67466 6.88986 0.40221 7.09671 0.238438 -0.041974 -0 121.457 459 462206
1.67466 6.88181 0.253315 7.09671 0.238706 -0.0629841 -0 125.957 483 462206
1.56302 6.90802 0.253315 7.09671 0.222515 -0.0629841 -0 123.894 472 462206
1.37594 7.14274 0.241243 7.28851 0.190303 -0.0629841 -0 119.207 447 462206
-1.26731 7.94823 1.03803 8.05573 -0.158115 0.041974 1.20258 118.957 435 462206
-1.39404 7.92698 1.03803 8.05573 -0.17408 0.041974 1.20258 119.519 438 462206
-1.23714 7.75021 1.19497 7.86392 -0.158291 0.0629841 1.20258 124.207 463 462206
-1.23714 7.75899 1.02998 7.86392 -0.158115 0.041974 1.20258 127.582 481 462206
-1.36085 7.72945 1.19497 7.86392 -0.174275 0.0629841 1.20258 124.207 463 462206
-1.36085 7.73825 1.02998 7.86392 -0.17408 0.041974 1.20258 126.832 477 462206
-1.20696 7.56118 1.1829 7.67212 -0.158291 0.0629841 1.20258 128.144 484 462206
-1.20696 7.56974 1.02193 7.67212 -0.158115 0.041974 1.20258 132.082 505 462206
-1.32766 7.54092 1.1829 7.67212 -0.174275 0.0629841 1.20258 128.144 484 462206
-1.32766 7.54951 1.02193 7.67212 -0.17408 0.041974 1.20258 132.082 505 462206
-1.20696 7.56974 1.02193 7.67212 -0.158115 0.041974 1.27332 119.144 436 462206
-1.32766 7.54951 1.02193 7.67212 -0.17408 0.041974 1.27332 121.207 447 462206
-1.32766 7.55466 0.860967 7.67212 -0.173964 0.0209824 1.27332 117.082 425 462206
-1.20696 7.57488 0.860967 7.67212 -0.158009 0.0209824 1.34406 117.082 425 462206
-1.01385 7.97557 0.192952 8.05573 -0.126441 -0.0629841 0.990356 117.457 427 462206
-1.14058 7.95844 0.192952 8.05573 -0.142348 -0.0629841 0.990356 119.332 437 462206
-1.14058 7.94586 0.0239366 8.05573 -0.14257 -0.0840222 0.990356 116.707 423 462206
-1.11342 7.78295 0.535008 7.86392 -0.142095 -0.0209824 1.13184 124.582 465 462206
-1.23714 7.76425 0.535008 7.86392 -0.158009 -0.0209824 1.13184 124.207 463 462206
-1.23714 7.75899 1.02998 7.86392 -0.158115 0.041974 1.13184 126.082 473 462206
-1.23714 7.76425 0.535008 7.86392 -0.158009 -0.0209824 1.0611 125.332 469 462206
-1.23714 7.75021 1.19497 7.86392 -0.158291 0.0629841 1.0611 124.582 465 462206
-1.11342 7.75667 1.35997 7.86392 -0.14257 0.0840222 0.990356 123.269 458 462206
-1.23714 7.73791 1.35997 7.86392 -0.158538 0.0840222 0.990356 125.144 468 462206
-1.23714 7.75021 1.19497 7.86392 -0.158291 0.0629841 0.990356 124.582 465 462206
-1.08627 7.56749 1.34387 7.67212 -0.14257 0.0840222 0.990356 120.644 444 462206
-1.08627 7.57946 1.1829 7.67212 -0.142348 0.0629841 0.990356 120.269 442 462206
-1.20696 7.54918 1.34387 7.67212 -0.158538 0.0840222 0.990356 121.957 451 462206
-1.20696 7.56118 1.1829 7.67212 -0.158291 0.0629841 0.990356 123.832 461 462206
-1.32766 7.54092 1.1829 7.67212 -0.174275 0.0629841 0.990356 120.832 445 462206
-1.20696 7.56118 1.1829 7.67212 -0.158291 0.0629841 1.13184 125.519 470 462206
-1.20696 7.56974 1.02193 7.67212 -0.158115 0.041974 1.13184 128.519 486 462206
-1.20696 7.57488 0.860967 7.67212 -0.158009 0.0209824 1.13184 123.644 460 462206
-1.32766 7.54092 1.1829 7.67212 -0.174275 0.0629841 1.13184 124.207 463 462206
-1.32766 7.54951 1.02193 7.67212 -0.17408 0.041974 1.13184 127.019 478 462206
-1.14058 7.97278 0.530984 8.05573 -0.142095 -0.0209824 1.13184 116.332 421 462206
-1.14058 7.95844 0.192952 8.05573 -0.142348 -0.0629841 1.13184 117.269 426 462206
-1.26731 7.95542 0.7 8.05573 -0.157974 0 1.13184 116.144 420 462206
-1.26731 7.95362 0.530984 8.05573 -0.158009 -0.0209824 1.13184 116.707 423 462206
-1.32766 7.52889 1.34387 7.67212 -0.174548 0.0840222 0.919617 119.332 437 462206
-1.32766 7.54092 1.1829 7.67212 -0.174275 0.0629841 0.919617 119.144 436 462206
-1.20696 7.54918 1.34387 7.67212 -0.158538 0.0840222 1.0611 122.707 455 462206
-1.20696 7.56118 1.1829 7.67212 -0.158291 0.0629841 1.0611 126.082 473 462206
-1.32766 7.54092 1.1829 7.67212 -0.174275 0.0629841 1.0611 122.332 453 462206
-1.11342 7.75667 1.35997 7.86392 -0.14257 0.0840222 0.919617 119.519 438 462206
-1.11342 7.76895 1.19497 7.86392 -0.142348 0.0629841 0.919617 119.144 436 462206
-1.23714 7.50938 -1.2799 7.86392 -0.163279 -0.254509 0.919617 119.707 439 462206
-1.23714 7.73791 1.35997 7.86392 -0.158538 0.0840222 0.919617 120.269 442 462206
-1.14058 7.95844 0.192952 8.05573 -0.142348 -0.0629841 0.707397 119.519 438 462206
-1.14058 7.94586 0.0239366 8.05573 -0.14257 -0.0840222 0.707397 118.394 432 462206
-1.39404 7.93419 0.7 8.05573 -0.173925 0 0.707397 116.707 423 462206
-1.14058 7.95844 0.192952 8.05573 -0.142348 -0.0629841 0.636658 117.082 425 462206
-1.14058 7.95844 0.192952 8.05573 -0.142348 -0.0629841 0.778137 118.957 435 462206
-1.14058 7.94586 0.0239366 8.05573 -0.14257 -0.0840222 0.778137 119.144 436 462206
-1.39404 7.93419 0.7 8.05573 -0.173925 0 0.778137 116.332 421 462206
1.88286 7.23266 0.386113 7.48032 0.254675 -0.041974 -0 124.582 465 462206
1.76518 7.26228 0.386113 7.48032 0.238438 -0.041974 -0 124.957 467 462206
1.41215 7.33071 0.22917 7.48032 0.190303 -0.0629841 -0 119.519 438 462206
-1.08627 7.56749 1.34387 7.67212 -0.14257 0.0840222 0.707397 115.582 417 462206
-1.08627 7.55206 1.50484 7.67212 -0.142857 0.105098 0.636658 116.144 420 462206
-1.08627 7.56749 1.34387 7.67212 -0.14257 0.0840222 0.636658 118.394 432 462206
-1.20696 7.51478 1.6658 7.67212 -0.159252 0.12622 0.778137 117.644 428 462206
-1.20696 7.56118 1.1829 7.67212 -0.158291 0.0629841 0.778137 116.144 420 462206
2.84542 7.32366 0.370017 7.86392 0.370574 -0.041974 0.0707397 110.144 388 462206
2.84542 7.31436 0.205025 7.86392 0.371003 -0.0629841 0.0707397 112.394 400 462206
1.85571 7.64005 0.535008 7.86392 0.238277 -0.0209824 -0 126.457 475 462206
1.85571 7.63471 0.370017 7.86392 0.238438 -0.041974 -0 126.457 475 462206
1.73199 7.66904 0.535008 7.86392 0.222116 -0.0209824 -0 124.207 463 462206
1.73199 7.66372 0.370017 7.86392 0.222265 -0.041974 -0 124.394 464 462206
1.90097 7.8264 0.530984 8.05573 0.238277 -0.0209824 0.0707397 126.082 473 462206
1.90097 7.82092 0.361968 8.05573 0.238438 -0.041974 0.0707397 130.957 499 462206
1.90097 7.81178 0.192952 8.05573 0.238706 -0.0629841 0.0707397 127.957 483 462206
1.77424 7.85064 0.361968 8.05573 0.222265 -0.041974 0.0707397 127.394 480 462206
1.90097 7.8264 0.530984 8.05573 0.238277 -0.0209824 -0 133.957 515 462206
1.90097 7.82092 0.361968 8.05573 0.238438 -0.041974 -0 138.644 540 462206
1.90097 7.81178 0.192952 8.05573 0.238706 -0.0629841 -0 135.457 523 462206
1.77424 7.85064 0.361968 8.05573 0.222265 -0.041974 -0 135.082 521 462206
1.90097 7.8264 0.530984 8.05573 0.238277 -0.0209824 -0.0707397 126.832 477 462206
1.90097 7.82092 0.361968 8.05573 0.238438 -0.041974 -0.0707397 131.707 503 462206
1.90097 7.81178 0.192952 8.05573 0.238706 -0.0629841 -0.0707397 128.519 486 462206
1.77424 7.85064 0.361968 8.05573 0.222265 -0.041974 -0.0707397 128.332 485 462206
1.94623 8.00713 0.35392 8.24753 0.238438 -0.041974 0.0707397 123.332 453 462206
1.94623 8.00713 0.35392 8.24753 0.238438 -0.041974 -0 131.394 496 462206
1.94623 7.99778 0.18088 8.24753 0.238706 -0.0629841 -0 129.894 488 462206
1.81648 8.03756 0.35392 8.24753 0.222265 -0.041974 -0 127.832 477 462206
1.81648 8.02824 0.18088 8.24753 0.222515 -0.0629841 -0 126.519 470 462206
1.94623 8.00713 0.35392 8.24753 0.238438 -0.041974 -0.0707397 125.207 463 462206
1.94623 7.99778 0.18088 8.24753 0.238706 -0.0629841 -0.0707397 123.894 456 462206
1.99149 8.19334 0.345872 8.43933 0.238438 -0.041974 -0 125.207 463 462206
1.32766 8.32672 0.345872 8.43933 0.158115 -0.041974 -0 117.144 420 462206
4.68 7.69546 0.321726 9.01474 0.546391 -0.041974 -0 115.957 403 462206
3.12 8.44914 0.321726 9.01474 0.353736 -0.041974 -0 117.832 413 462206
2.97818 8.50017 0.321726 9.01474 0.337002 -0.041974 -0 117.644 412 462206
4.77957 7.85919 0.313678 9.20654 0.546391 -0.041974 -0 115.582 401 462206
3.76573 8.39229 0.313678 9.20654 0.421783 -0.041974 -0 117.269 410 462206
3.62089 8.45579 0.313678 9.20654 0.40459 -0.041974 -0 120.082 425 462206
3.62089 8.44475 0.120517 9.20654 0.405063 -0.0629841 -0 116.332 405 462206
3.47605 8.51635 0.313678 9.20654 0.387523 -0.041974 -0 116.519 406 462206
3.8472 8.9913 0.494766 9.78195 0.404307 -0.0209824 -0 119.207 415 462206
3.8472 8.98427 0.289533 9.78195 0.40459 -0.041974 -0 120.332 421 462206
3.69331 9.0556 0.494766 9.78195 0.387253 -0.0209824 -0 118.269 410 462206
3.69331 9.04862 0.289533 9.78195 0.387523 -0.041974 -0 119.019 414 462206
-1.72596 9.82105 0.490742 9.97375 -0.173964 -0.0209824 -0 115.644 396 462206
-1.88286 9.79218 0.490742 9.97375 -0.189964 -0.0209824 -0 114.332 389 462206
-2.03977 9.7607 0.490742 9.97375 -0.206013 -0.0209824 -0 119.207 415 462206
-2.03977 9.75397 0.281485 9.97375 -0.206151 -0.041974 -0 114.707 391 462206
-2.19667 9.72659 0.490742 9.97375 -0.222116 -0.0209824 -0 116.207 399 462206
-2.3234 10.2806 0.257339 10.5492 -0.222265 -0.041974 -0 121.332 421 462206
-2.48936 10.2417 0.257339 10.5492 -0.238438 -0.041974 -0 121.519 422 462206
8.13192 6.71624 0.47867 10.5492 0.880455 -0.0209824 -0 120.957 419 462206
8.13192 6.70529 0.257339 10.5492 0.881256 -0.041974 -0 124.144 436 462206
6.23095 9.44348 0.462573 11.3164 0.583244 -0.0209824 0.0707397 118.582 401 462206
6.23095 9.43452 0.225146 11.3164 0.58368 -0.041974 0.0707397 118.582 401 462206
6.05292 9.55856 0.462573 11.3164 0.564507 -0.0209824 0.0707397 123.832 429 462206
6.05292 9.54971 0.225146 11.3164 0.564926 -0.041974 0.0707397 125.144 436 462206
6.05292 9.55856 0.462573 11.3164 0.564507 -0.0209824 -0 131.519 470 462206
6.05292 9.54971 0.225146 11.3164 0.564926 -0.041974 -0 132.644 476 462206
6.05292 9.55856 0.462573 11.3164 0.564507 -0.0209824 -0.0707397 124.394 432 462206
6.05292 9.54971 0.225146 11.3164 0.564926 -0.041974 -0.0707397 125.707 439 462206
6.15551 9.72057 0.458549 11.5082 0.564507 -0.0209824 -0 120.832 413 462206
6.15551 9.71157 0.217098 11.5082 0.564926 -0.041974 -0 121.582 417 462206
5.97447 9.53489 3.11451 11.5082 0.559742 0.211379 -0 121.582 417 462206
5.97447 9.59279 2.87306 11.5082 0.557021 0.189968 -0 123.644 428 462206
1.39404 12.5708 0.168807 12.659 0.110444 -0.041974 -0 120.894 408 462206
6.15551 11.4954 0.426355 13.0426 0.491624 -0.0209824 -0 139.519 502 462206
5.95033 11.6029 0.426355 13.0426 0.473858 -0.0209824 -0 137.832 493 462206
6.24604 11.6645 0.422331 13.2344 0.491624 -0.0209824 -0 143.644 524 462206
6.24604 11.6545 0.144662 13.2344 0.491978 -0.041974 -0 140.457 507 462206
6.03783 11.7736 0.422331 13.2344 0.473858 -0.0209824 -0 141.957 515 462206
6.03783 11.7637 0.144662 13.2344 0.474198 -0.041974 -0 138.394 496 462206
6.33656 11.8335 0.418307 13.4262 0.491624 -0.0209824 0.0707397 145.332 533 462206
6.33656 11.8234 0.136614 13.4262 0.491978 -0.041974 0.0707397 141.582 513 462206
6.12534 11.9442 0.418307 13.4262 0.473858 -0.0209824 0.0707397 143.457 523 462206
6.33656 11.8335 0.418307 13.4262 0.491624 -0.0209824 -0 153.207 575 462206
6.33656 11.8234 0.136614 13.4262 0.491978 -0.041974 -0 149.269 554 462206
6.12534 11.9442 0.418307 13.4262 0.473858 -0.0209824 -0 151.144 564 462206
6.33656 11.8335 0.418307 13.4262 0.491624 -0.0209824 -0.0707397 146.269 538 462206
6.33656 11.8234 0.136614 13.4262 0.491978 -0.041974 -0.0707397 142.519 518 462206
6.12534 11.9442 0.418307 13.4262 0.473858 -0.0209824 -0.0707397 144.394 528 462206
6.42708 12.0026 0.414283 13.618 0.491624 -0.0209824 -0 141.082 505 462206
6.42708 11.8382 2.70002 13.618 0.497384 0.147399 -0 139.207 495 462206
6.21284 12.1148 0.414283 13.618 0.473858 -0.0209824 -0 138.832 493 462206
6.21284 11.9007 2.98574 13.618 0.481138 0.168645 -0 137.894 488 462206
6.21284 11.952 2.70002 13.618 0.479374 0.147399 -0 142.019 510 462206
6.5176 12.1716 0.410259 13.8098 0.491624 -0.0209824 -0 138.269 490 462206
6.30035 12.2855 0.410259 13.8098 0.473858 -0.0209824 -0 137.332 485 462206
6.1193 13.6519 0.7 14.9606 0.421388 0 -0 131.394 448 462206
-7.15126 13.2981 -0.571643 15.1524 -0.493402 -0.0840222 -0 126.957 419 462206
-7.38963 13.2284 0.7 15.1524 -0.509437 0 -0 129.394 432 462206
-7.38963 13.2245 0.382089 15.1524 -0.50956 -0.0209824 -0 129.582 433 462206
-7.38963 13.1671 -0.571643 15.1524 -0.511416 -0.0840222 -0 130.894 440 462206
-7.38963 13.1325 -0.889554 15.1524 -0.512539 -0.105098 -0 126.207 415 462206
6.82538 15.2271 0.7 16.6869 0.421388 0 0.0707397 145.394 512 462206
6.56286 15.3421 0.7 16.6869 0.404213 0 0.0707397 149.519 534 462206
6.56286 15.3381 1.0501 16.6869 0.404307 0.0209824 0.0707397 149.332 533 462206
6.82538 15.2271 0.7 16.6869 0.421388 0 -0 152.894 552 462206
6.56286 15.3421 0.7 16.6869 0.404213 0 -0 156.832 573 462206
6.56286 15.3381 1.0501 16.6869 0.404307 0.0209824 -0 156.832 573 462206
6.82538 15.2271 0.7 16.6869 0.421388 0 -0.0707397 145.957 515 462206
6.56286 15.3421 0.7 16.6869 0.404213 0 -0.0707397 149.707 535 462206
6.56286 15.3381 1.0501 16.6869 0.404307 0.0209824 -0.0707397 149.707 535 462206
6.6383 15.5184 0.7 16.8787 0.404213 0 0.0707397 149.332 533 462206
6.6383 15.5144 1.05413 16.8787 0.404307 0.0209824 0.0707397 149.144 532 462206
6.6383 15.5184 0.7 16.8787 0.404213 0 -0 157.394 576 462206
6.6383 15.5144 1.05413 16.8787 0.404307 0.0209824 -0 157.207 575 462206
6.6383 15.5184 0.7 16.8787 0.404213 0 -0.0707397 150.644 540 462206
6.6383 15.5144 1.05413 16.8787 0.404307 0.0209824 -0.0707397 150.269 538 462206
6.73486 16.5174 0.7 17.8377 0.387164 0 0.0707397 148.269 522 462206
6.73486 16.5132 0.325751 17.8377 0.387253 -0.0209824 0.0707397 148.644 524 462206
6.45424 16.6291 0.7 17.8377 0.370232 0 0.0707397 145.644 508 462206
6.45424 16.6248 0.325751 17.8377 0.370317 -0.0209824 0.0707397 146.019 510 462206
6.73486 16.5174 0.7 17.8377 0.387164 0 -0 155.957 563 462206
6.73486 16.5132 0.325751 17.8377 0.387253 -0.0209824 -0 156.144 564 462206
6.45424 16.6291 0.7 17.8377 0.370232 0 -0 152.957 547 462206
6.45424 16.6248 0.325751 17.8377 0.370317 -0.0209824 -0 153.332 549 462206
6.73486 16.5174 0.7 17.8377 0.387164 0 -0.0707397 148.644 524 462206
6.73486 16.5132 0.325751 17.8377 0.387253 -0.0209824 -0.0707397 149.207 527 462206
6.45424 16.6291 0.7 17.8377 0.370232 0 -0.0707397 145.644 508 462206
6.45424 16.6248 0.325751 17.8377 0.370317 -0.0209824 -0.0707397 146.207 511 462206
6.80727 16.695 0.7 18.0295 0.387164 0 0.0707397 142.082 489 462206
6.80727 16.6907 0.321726 18.0295 0.387253 -0.0209824 0.0707397 142.457 491 462206
6.80727 16.695 0.7 18.0295 0.387164 0 -0 150.144 532 462206
6.80727 16.6907 0.321726 18.0295 0.387253 -0.0209824 -0 150.519 534 462206
6.52364 16.8079 0.7 18.0295 0.370232 0 -0 147.144 516 462206
6.52364 16.8036 0.321726 18.0295 0.370317 -0.0209824 -0 147.519 518 462206
6.80727 16.695 0.7 18.0295 0.387164 0 -0.0707397 143.957 499 462206
6.80727 16.6907 0.321726 18.0295 0.387253 -0.0209824 -0.0707397 144.519 502 462206
6.87969 16.8726 0.7 18.2213 0.387164 0 -0 146.269 506 462206
6.87969 16.8683 0.317702 18.2213 0.387253 -0.0209824 -0 145.332 501 462206
6.59304 16.9867 0.7 18.2213 0.370232 0 -0 146.269 506 462206
6.59304 16.9824 0.317702 18.2213 0.370317 -0.0209824 -0 145.332 501 462206
3.04758 19.1309 0.7 19.3721 0.157974 0 0.0707397 137.332 453 462206
2.74282 19.1769 0.7 19.3721 0.142064 0 0.0707397 138.269 458 462206
6.46329 18.4654 0.7 19.5639 0.336693 0 -0 152.894 536 462206
6.46329 18.4609 0.289533 19.5639 0.336771 -0.0209824 -0 152.332 533 462206
6.15551 18.5703 0.7 19.5639 0.320073 0 -0 152.144 532 462206
6.15551 18.5658 0.289533 19.5639 0.320146 -0.0209824 -0 151.207 527 462206
7.14824 18.1871 3.60144 19.7557 0.37449 0.147399 -0 143.332 485 462206
5.90507 18.8525 0.7 19.7557 0.303544 0 -0 151.207 527 462206
6.27621 18.9344 0.7 19.9475 0.320073 0 0.0707397 159.457 571 462206
6.27621 18.9298 0.281485 19.9475 0.320146 -0.0209824 0.0707397 155.332 549 462206
6.27621 18.9298 1.11852 19.9475 0.320146 0.0209824 0.0707397 155.519 550 462206
5.9624 19.0356 0.7 19.9475 0.303544 0 0.0707397 158.894 568 462206
6.27621 18.9344 0.7 19.9475 0.320073 0 -0 166.957 611 462206
6.27621 18.9298 0.281485 19.9475 0.320146 -0.0209824 -0 163.019 590 462206
6.27621 18.9298 1.11852 19.9475 0.320146 0.0209824 -0 163.019 590 462206
5.9624 19.0356 0.7 19.9475 0.303544 0 -0 166.207 607 462206
6.27621 18.9344 0.7 19.9475 0.320073 0 -0.0707397 160.019 574 462206
6.27621 18.9298 0.281485 19.9475 0.320146 -0.0209824 -0.0707397 156.082 553 462206
6.27621 18.9298 1.11852 19.9475 0.320146 0.0209824 -0.0707397 155.894 552 462206
5.9624 19.0356 0.7 19.9475 0.303544 0 -0.0707397 159.269 570 462206
6.33656 19.1165 0.7 20.1393 0.320073 0 0.0707397 153.082 537 462206
6.01973 19.2186 0.7 20.1393 0.303544 0 0.0707397 151.582 529 462206
6.33656 19.1165 0.7 20.1393 0.320073 0 -0 161.144 580 462206
6.33656 19.1118 0.27746 20.1393 0.320146 -0.0209824 -0 157.019 558 462206
6.33656 19.1118 1.12254 20.1393 0.320146 0.0209824 -0 157.394 560 462206
6.01973 19.2186 0.7 20.1393 0.303544 0 -0 160.582 577 462206
6.33656 19.1165 0.7 20.1393 0.320073 0 -0.0707397 154.582 545 462206
6.01973 19.2186 0.7 20.1393 0.303544 0 -0.0707397 154.582 545 462206
6.39691 19.2985 0.7 20.3311 0.320073 0 -0 152.707 535 462206
6.07706 19.4016 0.7 20.3311 0.303544 0 -0 151.582 529 462206
1.61431 20.4548 1.13059 20.5229 0.0787578 0.0209824 -0 148.457 507 462206
1.29145 20.4822 0.7 20.5229 0.0629689 0 -0 151.082 521 462206
1.29145 20.4777 1.13059 20.5229 0.0629827 0.0209824 -0 149.957 515 462206
0.968588 20.5 0.7 20.5229 0.047213 0 -0 148.269 506 462206
1.95528 20.6222 0.7 20.7147 0.0945316 0 0.0707397 151.832 525 462206
1.95528 20.6177 1.13461 20.7147 0.0945525 0.0209824 0.0707397 154.644 540 462206
1.6294 20.6505 0.7 20.7147 0.0787404 0 0.0707397 152.957 531 462206
1.6294 20.646 1.13461 20.7147 0.0787578 0.0209824 0.0707397 154.832 541 462206
1.95528 20.6222 0.7 20.7147 0.0945316 0 -0 158.957 563 462206
1.95528 20.6177 1.13461 20.7147 0.0945525 0.0209824 -0 161.582 577 462206
1.6294 20.6505 0.7 20.7147 0.0787404 0 -0 159.894 568 462206
1.6294 20.646 1.13461 20.7147 0.0787578 0.0209824 -0 161.957 579 462206
1.95528 20.6222 0.7 20.7147 0.0945316 0 -0.0707397 151.269 522 462206
1.95528 20.6177 1.13461 20.7147 0.0945525 0.0209824 -0.0707397 154.269 538 462206
1.6294 20.6505 0.7 20.7147 0.0787404 0 -0.0707397 152.207 527 462206
1.6294 20.646 1.13461 20.7147 0.0787578 0.0209824 -0.0707397 154.457 539 462206
4.93346 20.3161 0.7 20.9065 0.238224 0 0.0707397 146.957 499 462206
4.93346 20.2971 1.57727 20.9065 0.238438 0.041974 0.0707397 145.269 490 462206
4.93346 20.3114 1.13864 20.9065 0.238277 0.0209824 0.0707397 148.457 507 462206
4.60457 20.3743 1.57727 20.9065 0.222265 0.041974 0.0707397 145.832 493 462206
4.60457 20.3884 1.13864 20.9065 0.222116 0.0209824 0.0707397 146.957 499 462206
4.93346 20.3114 1.13864 20.9065 0.238277 0.0209824 -0 156.144 548 462206
4.93346 20.3161 0.7 20.9065 0.238224 0 -0.0707397 147.894 504 462206
4.93346 20.3114 1.13864 20.9065 0.238277 0.0209824 -0.0707397 149.582 513 462206
4.60457 20.3743 1.57727 20.9065 0.222265 0.041974 -0.0707397 147.144 500 462206
4.60457 20.3884 1.13864 20.9065 0.222116 0.0209824 -0.0707397 148.269 506 462206
1.64449 20.8417 0.7 20.9065 0.0787404 0 -0.0707397 147.707 503 462206
1.64449 20.8371 1.13864 20.9065 0.0787578 0.0209824 -0.0707397 148.269 506 462206
1.99149 21.0041 0.7 21.0983 0.0945316 0 -0 146.957 499 462206
1.99149 20.9995 1.14266 21.0983 0.0945525 0.0209824 -0 151.269 522 462206
1.65957 21.0283 1.14266 21.0983 0.0787578 0.0209824 -0 151.082 521 462206
3.68426 20.9499 1.59337 21.2901 0.17408 0.041974 -0 144.894 488 462206
3.68426 20.9642 1.14668 21.2901 0.173964 0.0209824 -0 143.957 483 462206
1.67466 21.2242 0.7 21.2901 0.0787404 0 -0 145.644 492 462206
1.67466 21.2195 1.14668 21.2901 0.0787578 0.0209824 -0 145.457 491 462206
3.71745 21.153 1.15071 21.4819 0.173964 0.0209824 0.0707397 147.707 503 462206
1.3518 21.4394 0.7 21.4819 0.0629689 0 0.0707397 150.519 518 462206
1.3518 21.4346 0.249291 21.4819 0.0629827 -0.0209824 0.0707397 147.707 503 462206
1.3518 21.4346 1.15071 21.4819 0.0629827 0.0209824 0.0707397 149.019 510 462206
1.01385 21.458 0.7 21.4819 0.047213 0 0.0707397 147.707 503 462206
1.3518 21.4394 0.7 21.4819 0.0629689 0 -0 158.207 559 462206
1.3518 21.4346 1.15071 21.4819 0.0629827 0.0209824 -0 156.519 550 462206
3.71745 21.153 1.15071 21.4819 0.173964 0.0209824 -0.0707397 148.832 509 462206
1.3518 21.4394 0.7 21.4819 0.0629689 0 -0.0707397 150.894 520 462206
1.3518 21.4346 0.249291 21.4819 0.0629827 -0.0209824 -0.0707397 148.082 505 462206
1.3518 21.4346 1.15071 21.4819 0.0629827 0.0209824 -0.0707397 149.394 512 462206
1.01385 21.458 0.7 21.4819 0.047213 0 -0.0707397 148.082 505 462206
1.36387 21.6308 0.7 21.6737 0.0629689 0 0.0707397 145.457 491 462206
1.36387 21.6308 0.7 21.6737 0.0629689 0 -0 153.519 534 462206
1.36387 21.6308 0.7 21.6737 0.0629689 0 -0.0707397 147.144 500 462206
5.15977 21.2431 1.15876 21.8655 0.238277 0.0209824 0.0707397 149.582 513 462206
4.81578 21.3089 1.61751 21.8655 0.222265 0.041974 0.0707397 149.582 513 462206
4.81578 21.3237 1.15876 21.8655 0.222116 0.0209824 0.0707397 154.644 540 462206
4.4718 21.3985 1.15876 21.8655 0.206013 0.0209824 0.0707397 149.957 515 462206
5.15977 21.2431 1.15876 21.8655 0.238277 0.0209824 -0 156.332 549 462206
4.81578 21.3089 1.61751 21.8655 0.222265 0.041974 -0 156.332 549 462206
4.81578 21.3237 1.15876 21.8655 0.222116 0.0209824 -0 161.394 576 462206
4.4718 21.3985 1.15876 21.8655 0.206013 0.0209824 -0 156.707 551 462206
5.15977 21.2431 1.15876 21.8655 0.238277 0.0209824 -0.0707397 148.269 506 462206
4.81578 21.3089 1.61751 21.8655 0.222265 0.041974 -0.0707397 148.457 507 462206
4.81578 21.3237 1.15876 21.8655 0.222116 0.0209824 -0.0707397 153.707 535 462206
4.4718 21.3985 1.15876 21.8655 0.206013 0.0209824 -0.0707397 149.394 512 462206
4.85803 21.5107 1.16278 22.0573 0.222116 0.0209824 0.0707397 149.832 509 462206
5.20503 21.4294 1.16278 22.0573 0.238277 0.0209824 -0 153.207 527 462206
4.85803 21.4958 1.62556 22.0573 0.222265 0.041974 -0 151.519 518 462206
4.85803 21.5107 1.16278 22.0573 0.222116 0.0209824 -0 157.519 550 462206
4.51103 21.5862 1.16278 22.0573 0.206013 0.0209824 -0 152.457 523 462206
5.20503 21.4294 1.16278 22.0573 0.238277 0.0209824 -0.0707397 146.269 490 462206
4.85803 21.5107 1.16278 22.0573 0.222116 0.0209824 -0.0707397 150.957 515 462206
8.05045 20.7206 1.63361 22.2491 0.370574 0.041974 -0 141.394 464 462206
8.05045 20.7364 1.16681 22.2491 0.370317 0.0209824 -0 142.707 471 462206
4.90027 21.6978 1.16681 22.2491 0.222116 0.0209824 -0 146.832 493 462206
2.80015 22.0722 0.7 22.2491 0.126189 0 -0 142.144 468 462206
2.80015 22.0673 1.16681 22.2491 0.126217 0.0209824 -0 141.957 467 462206
8.05045 20.7206 1.63361 22.2491 0.370574 0.041974 -0.0707397 135.019 430 462206
8.05045 20.7364 1.16681 22.2491 0.370317 0.0209824 -0.0707397 135.957 435 462206
4.01617 22.858 0.7 23.2082 0.173925 0 0.0707397 138.082 441 462206
4.01617 22.8528 1.18693 23.2082 0.173964 0.0209824 0.0707397 139.957 451 462206
3.65106 22.914 1.18693 23.2082 0.158009 0.0209824 0.0707397 136.957 435 462206
3.28596 22.9744 0.7 23.2082 0.142064 0 0.0707397 137.707 439 462206
3.28596 22.9692 1.18693 23.2082 0.142095 0.0209824 0.0707397 138.832 445 462206
1.79536 22.7538 0.7 22.8246 0.0787404 0 0.0707397 152.519 518 462206
1.43629 22.7793 0.7 22.8246 0.0629689 0 0.0707397 154.957 531 462206
1.43629 22.7743 1.17888 22.8246 0.0629827 0.0209824 0.0707397 150.832 509 462206
1.07721 22.7991 0.7 22.8246 0.047213 0 0.0707397 152.332 517 462206
1.79536 22.7538 0.7 22.8246 0.0787404 0 -0 160.019 558 462206
1.43629 22.7793 0.7 22.8246 0.0629689 0 -0 162.082 569 462206
1.43629 22.7743 1.17888 22.8246 0.0629827 0.0209824 -0 158.144 548 462206
1.07721 22.7991 0.7 22.8246 0.047213 0 -0 159.457 555 462206
1.79536 22.7538 0.7 22.8246 0.0787404 0 -0.0707397 152.707 519 462206
1.43629 22.7793 0.7 22.8246 0.0629689 0 -0.0707397 154.957 531 462206
1.43629 22.7743 1.17888 22.8246 0.0629827 0.0209824 -0.0707397 150.832 509 462206
1.07721 22.7991 0.7 22.8246 0.047213 0 -0.0707397 152.332 517 462206
1.81044 22.945 0.7 23.0164 0.0787404 0 0.0707397 151.957 515 462206
1.44836 22.9707 0.7 23.0164 0.0629689 0 0.0707397 155.332 533 462206
1.44836 22.9657 1.1829 23.0164 0.0629827 0.0209824 0.0707397 151.582 513 462206
1.08627 22.9907 0.7 23.0164 0.047213 0 0.0707397 153.644 524 462206
1.08627 22.9856 1.1829 23.0164 0.0472234 0.0209824 0.0707397 150.832 509 462206
1.81044 22.945 0.7 23.0164 0.0787404 0 -0 159.832 557 462206
1.44836 22.9707 0.7 23.0164 0.0629689 0 -0 163.207 575 462206
1.44836 22.9657 1.1829 23.0164 0.0629827 0.0209824 -0 159.644 556 462206
1.08627 22.9907 0.7 23.0164 0.047213 0 -0 161.519 566 462206
1.81044 22.945 0.7 23.0164 0.0787404 0 -0.0707397 152.894 520 462206
1.44836 22.9707 0.7 23.0164 0.0629689 0 -0.0707397 156.457 539 462206
1.44836 22.9657 1.1829 23.0164 0.0629827 0.0209824 -0.0707397 152.894 520 462206
1.08627 22.9907 0.7 23.0164 0.047213 0 -0.0707397 154.957 531 462206
1.08627 22.9856 1.1829 23.0164 0.0472234 0.0209824 -0.0707397 152.144 516 462206
8.39745 21.5863 2.16078 23.2082 0.371003 0.0629841 -0.141479 135.269 426 462206
4.38128 22.7857 1.18693 23.2082 0.189964 0.0209824 -0 149.144 500 462206
-14.4745 18.6295 0.7 23.5918 -0.660537 0 0.0707397 133.207 415 462206
-14.8456 18.3352 0.7 23.5918 -0.680617 0 0.0707397 138.457 443 462206
-14.8456 18.3285 0.205025 23.5918 -0.680795 -0.0209824 0.0707397 136.582 433 462206
-15.2168 18.0283 0.7 23.5918 -0.701029 0 0.0707397 134.707 423 462206
-14.8456 18.3352 0.7 23.5918 -0.680617 0 -0 145.207 479 462206
-14.8456 18.3285 0.205025 23.5918 -0.680795 -0.0209824 -0 143.332 469 462206
-13.7322 19.1833 0.7 23.5918 -0.621281 0 -0.0707397 133.582 417 462206
-13.7322 19.1769 1.19497 23.5918 -0.621438 0.0209824 -0.0707397 133.957 419 462206
-14.1034 18.9056 1.19497 23.5918 -0.640929 0.0209824 -0.0707397 133.582 417 462206
-14.8456 18.3352 0.7 23.5918 -0.680617 0 -0.0707397 137.894 440 462206
-14.8456 18.3285 0.205025 23.5918 -0.680795 -0.0209824 -0.0707397 135.832 429 462206
-15.2168 18.0283 0.7 23.5918 -0.701029 0 -0.0707397 134.519 422 462206
8.53625 21.9877 1.19497 23.5918 0.370317 0.0209824 -0.0707397 133.582 417 462206
-7.10901 22.6908 0.201001 23.7836 -0.303613 -0.0209824 0.0707397 136.582 433 462206
-14.5922 18.781 0.7 23.7836 -0.660537 0 0.0707397 139.207 447 462206
-14.9663 18.4842 0.7 23.7836 -0.680617 0 0.0707397 139.582 449 462206
-14.9663 18.4775 0.201001 23.7836 -0.680795 -0.0209824 0.0707397 136.957 435 462206
-14.5922 18.781 0.7 23.7836 -0.660537 0 -0 145.957 483 462206
-14.9663 18.4842 0.7 23.7836 -0.680617 0 -0 146.894 488 462206
-14.5922 18.781 0.7 23.7836 -0.660537 0 -0.0707397 139.207 447 462206
-14.9663 18.4842 0.7 23.7836 -0.680617 0 -0.0707397 140.332 453 462206
-14.9663 18.4775 0.201001 23.7836 -0.680795 -0.0209824 -0.0707397 137.707 439 462206
-7.16634 22.8738 0.196977 23.9754 -0.303613 -0.0209824 0.0707397 135.457 427 462206
-14.3327 19.2196 0.7 23.9754 -0.640765 0 0.0707397 133.582 417 462206
-14.3327 19.213 1.20302 23.9754 -0.640929 0.0209824 0.0707397 133.394 416 462206
-14.7099 18.9325 0.7 23.9754 -0.660537 0 0.0707397 134.707 423 462206
-14.7099 18.9258 1.20302 23.9754 -0.660708 0.0209824 0.0707397 134.519 422 462206
-7.16634 22.8738 0.196977 23.9754 -0.303613 -0.0209824 -0 143.144 468 462206
1.52077 24.1193 0.7 24.1672 0.0629689 0 0.0707397 148.582 497 462206
1.52077 24.1139 1.20705 24.1672 0.0629827 0.0209824 0.0707397 146.707 487 462206
1.14058 24.1402 0.7 24.1672 0.047213 0 0.0707397 148.957 499 462206
1.14058 24.1349 1.20705 24.1672 0.0472234 0.0209824 0.0707397 147.082 489 462206
1.52077 24.1193 0.7 24.1672 0.0629689 0 -0 155.707 535 462206
1.52077 24.1139 1.20705 24.1672 0.0629827 0.0209824 -0 154.019 526 462206
1.14058 24.1402 0.7 24.1672 0.047213 0 -0 156.082 537 462206
1.14058 24.1349 1.20705 24.1672 0.0472234 0.0209824 -0 154.394 528 462206
1.52077 24.1193 0.7 24.1672 0.0629689 0 -0.0707397 148.394 496 462206
1.52077 24.1139 1.20705 24.1672 0.0629827 0.0209824 -0.0707397 146.519 486 462206
1.14058 24.1402 0.7 24.1672 0.047213 0 -0.0707397 148.582 497 462206
1.14058 24.1349 1.20705 24.1672 0.0472234 0.0209824 -0.0707397 146.894 488 462206
1.53284 24.3107 0.7 24.359 0.0629689 0 0.0707397 149.957 499 462206
1.53284 24.3053 1.21107 24.359 0.0629827 0.0209824 0.0707397 148.832 493 462206
1.14963 24.3318 0.7 24.359 0.047213 0 0.0707397 149.957 499 462206
1.14963 24.3265 1.21107 24.359 0.0472234 0.0209824 0.0707397 148.644 492 462206
1.53284 24.3107 0.7 24.359 0.0629689 0 -0 157.644 540 462206
1.53284 24.3053 1.21107 24.359 0.0629827 0.0209824 -0 156.519 534 462206
1.14963 24.3318 0.7 24.359 0.047213 0 -0 158.019 542 462206
1.14963 24.3265 1.21107 24.359 0.0472234 0.0209824 -0 156.519 534 462206
1.53284 24.3107 0.7 24.359 0.0629689 0 -0.0707397 150.894 504 462206
1.53284 24.3053 1.21107 24.359 0.0629827 0.0209824 -0.0707397 149.957 499 462206
1.14963 24.3318 0.7 24.359 0.047213 0 -0.0707397 151.457 507 462206
1.14963 24.3265 1.21107 24.359 0.0472234 0.0209824 -0.0707397 149.957 499 462206
10.0419 22.4031 0.7 24.5508 0.421388 0 -0 137.394 432 462206
9.65571 22.5723 0.7 24.5508 0.404213 0 -0 137.394 432 462206
5.79342 23.8519 1.2151 24.5508 0.238277 0.0209824 -0 137.582 433 462206
1.55698 24.6935 0.7 24.7426 0.0629689 0 -0 143.394 464 462206
11.0679 22.5572 0.7 25.1262 0.456145 0 -0 134.019 414 462206
9.09145 23.4237 0.7 25.1262 0.370232 0 -0 135.144 420 462206
11.1523 22.7046 1.76239 25.318 0.456578 0.041974 -0 139.269 442 462206
11.1523 22.7232 1.23119 25.318 0.456253 0.0209824 -0 139.644 444 462206
10.754 22.8959 1.76239 25.318 0.439109 0.041974 -0 137.582 433 462206
10.754 22.9144 1.23119 25.318 0.438799 0.0209824 -0 138.144 436 462206
-14.4474 21.0244 0.7 25.5098 -0.602065 0 -0 140.394 448 462206
11.2368 22.8953 1.23522 25.5098 0.456253 0.0209824 -0 141.332 453 462206
-16.7014 19.7872 0.7 25.8934 -0.701029 0 0.0707397 135.582 417 462206
-16.294 20.124 0.7 25.8934 -0.680617 0 -0 140.082 441 462206
-16.294 20.1166 0.156735 25.8934 -0.680795 -0.0209824 -0 138.207 431 462206
-16.7014 19.7872 0.7 25.8934 -0.701029 0 -0 142.332 453 462206
-16.7014 19.7797 0.156735 25.8934 -0.701215 -0.0209824 -0 140.269 442 462206
-16.7014 19.7797 1.24327 25.8934 -0.701215 0.0209824 -0 138.394 432 462206
-16.7014 19.7872 0.7 25.8934 -0.701029 0 -0.0707397 135.582 417 462206
-16.4147 20.273 0.7 26.0852 -0.680617 0 0.0707397 141.957 451 462206
-16.4147 20.2656 0.152711 26.0852 -0.680795 -0.0209824 0.0707397 139.519 438 462206
-16.8251 19.9338 0.7 26.0852 -0.701029 0 0.0707397 142.332 453 462206
-16.8251 19.9263 0.152711 26.0852 -0.701215 -0.0209824 0.0707397 140.457 443 462206
-16.4147 20.273 0.7 26.0852 -0.680617 0 -0 149.644 492 462206
-16.4147 20.2656 0.152711 26.0852 -0.680795 -0.0209824 -0 147.207 479 462206
-16.8251 19.9338 0.7 26.0852 -0.701029 0 -0 150.207 495 462206
-16.8251 19.9263 0.152711 26.0852 -0.701215 -0.0209824 -0 147.957 483 462206
-16.4147 20.273 0.7 26.0852 -0.680617 0 -0.0707397 142.707 455 462206
-16.4147 20.2656 0.152711 26.0852 -0.680795 -0.0209824 -0.0707397 140.082 441 462206
-16.8251 19.9338 0.7 26.0852 -0.701029 0 -0.0707397 143.082 457 462206
-16.8251 19.9263 0.152711 26.0852 -0.701215 -0.0209824 -0.0707397 141.019 446 462206
6.71072 25.583 4.05617 26.6606 0.256532 0.12622 -0 136.332 421 462206
6.2913 25.6894 4.05617 26.6606 0.240172 0.12622 -0 138.394 432 462206
6.2913 25.8835 1.81872 26.6606 0.238438 0.041974 -0 135.582 417 462206
6.75899 25.8347 3.51693 26.8524 0.255889 0.105098 -0 141.957 451 462206
6.33656 25.9416 3.51693 26.8524 0.239572 0.105098 -0 142.707 455 462206
6.33656 25.9416 3.51693 26.8524 0.239572 0.105098 -0.0707397 135.957 419 462206
3.82909 26.7718 0.7 27.0442 0.142064 0 0.0707397 133.519 406 462206
3.82909 26.7658 1.26741 27.0442 0.142095 0.0209824 0.0707397 133.707 407 462206
-15.5336 22.6051 0.7 27.4278 -0.602065 0 -0 134.894 408 462206
-15.9651 22.3025 0.7 27.4278 -0.621281 0 -0 137.707 423 462206
-15.9651 22.2951 0.124541 27.4278 -0.621438 -0.0209824 -0 134.894 408 462206
-16.3966 21.9872 0.7 27.4278 -0.640765 0 -0 137.144 420 462206
-16.3966 21.9797 0.124541 27.4278 -0.640929 -0.0209824 -0 134.894 408 462206
-16.8281 21.6587 0.7 27.4278 -0.660537 0 -0 134.707 407 462206
10.8627 25.3938 0.7 27.6196 0.404213 0 0.0707397 134.894 408 462206
10.4282 25.5753 0.7 27.6196 0.387164 0 0.0707397 137.144 420 462206
10.4282 25.5753 0.7 27.6196 0.387164 0 -0 143.519 454 462206
6.5176 26.8146 1.85897 27.6196 0.238438 0.041974 -0 143.707 455 462206
6.5176 26.8334 1.27948 27.6196 0.238277 0.0209824 -0 143.332 453 462206
6.0831 26.9165 1.85897 27.6196 0.222265 0.041974 -0 142.957 451 462206
10.8627 25.3938 0.7 27.6196 0.404213 0 -0.0707397 134.894 408 462206
10.4282 25.5753 0.7 27.6196 0.387164 0 -0.0707397 136.019 414 462206
11.089 25.9229 0.7 28.195 0.404213 0 -0 139.207 431 462206
10.6454 26.1081 0.7 28.195 0.387164 0 -0 140.894 440 462206
6.65339 26.1171 8.98178 28.195 0.249446 0.298128 -0 141.832 445 462206
6.20983 26.2261 8.98178 28.195 0.232498 0.298128 -0 141.082 441 462206
-16.0768 23.3955 0.7 28.3868 -0.602065 0 -0 140.332 437 462206
-16.5233 23.0823 0.7 28.3868 -0.621281 0 -0 140.332 437 462206
-19.6494 20.487 0.7 28.3868 -0.764533 0 -0 141.269 442 462206
-19.6494 20.4783 0.10442 28.3868 -0.764744 -0.0209824 -0 140.144 436 462206
-16.4026 23.8698 0.7 28.9622 -0.602065 0 -0 138.894 424 462206
-16.4026 23.862 0.0923478 28.9622 -0.602216 -0.0209824 -0 137.582 417 462206
2.73377 28.8329 0.7 28.9622 0.0945316 0 -0 135.707 407 462206
2.73377 28.8265 1.30765 28.9622 0.0945525 0.0209824 -0 137.957 419 462206
-16.0526 24.3366 0.7 29.1541 -0.583099 0 -0 146.207 463 462206
-16.0526 24.329 1.31168 29.1541 -0.583244 0.0209824 -0 143.582 449 462206
-16.5113 24.0278 0.7 29.1541 -0.602065 0 -0 142.269 442 462206
-16.5113 24.0201 1.31168 29.1541 -0.602216 0.0209824 -0 141.519 438 462206
-16.0526 24.3366 0.7 29.1541 -0.583099 0 -0.0707397 139.644 428 462206
-15.6966 24.7951 0.7 29.3459 -0.564368 0 0.0707397 143.957 451 462206
-16.1582 24.4968 0.7 29.3459 -0.583099 0 0.0707397 146.957 467 462206
-16.1582 24.489 0.0842994 29.3459 -0.583244 -0.0209824 0.0707397 141.707 439 462206
-16.1582 24.489 1.3157 29.3459 -0.583244 0.0209824 0.0707397 143.019 446 462206
-15.6966 24.7951 0.7 29.3459 -0.564368 0 -0 151.269 490 462206
-16.1582 24.4968 0.7 29.3459 -0.583099 0 -0 154.269 506 462206
-16.1582 24.489 0.0842994 29.3459 -0.583244 -0.0209824 -0 149.394 480 462206
-16.1582 24.489 1.3157 29.3459 -0.583244 0.0209824 -0 150.332 485 462206
-15.9017 25.1192 0.7 29.7295 -0.564368 0 -0 141.707 439 462206
-16.3694 24.817 0.7 29.7295 -0.583099 0 -0 143.207 447 462206
-16.3694 24.8091 0.076251 29.7295 -0.583244 -0.0209824 -0 141.144 436 462206
3.27389 29.5421 1.32375 29.7295 0.110371 0.0209824 -0 141.332 437 462206
8.9436 28.5534 0.7 29.9213 0.303544 0 -0 139.832 429 462206
3.29501 29.7327 1.32777 29.9213 0.110371 0.0209824 -0 139.832 429 462206
3.35838 30.3112 0.7 30.4967 0.110346 0 -0 141.207 431 462206
3.35838 30.3044 1.33985 30.4967 0.110371 0.0209824 -0 142.144 436 462206
2.87861 30.3605 0.7 30.4967 0.0945316 0 -0 141.957 435 462206
2.87861 30.3538 1.33985 30.4967 0.0945525 0.0209824 -0 143.457 443 462206
-7.24178 29.8148 0.0561301 30.6885 -0.238277 -0.0209824 0.0707397 137.457 411 462206
6.27621 30.0398 0.7 30.6885 0.205967 0 -0 153.582 497 462206
6.27621 30.0329 1.34387 30.6885 0.206013 0.0209824 -0 153.957 499 462206
5.79342 30.1298 1.34387 30.6885 0.189964 0.0209824 -0 150.957 483 462206
-7.24178 29.8148 0.0561301 30.6885 -0.238277 -0.0209824 -0.0707397 137.832 413 462206
6.31544 30.2276 0.7 30.8803 0.205967 0 -0 153.957 499 462206
6.31544 30.2206 1.34789 30.8803 0.206013 0.0209824 -0 153.957 499 462206
6.84348 30.3091 0.7 31.0721 0.222066 0 0.0707397 155.832 509 462206
6.35466 30.4153 0.7 31.0721 0.205967 0 0.0707397 159.957 531 462206
6.35466 30.4083 1.35192 31.0721 0.206013 0.0209824 0.0707397 159.582 529 462206
5.86584 30.5064 1.35192 31.0721 0.189964 0.0209824 0.0707397 155.082 505 462206
6.84348 30.3091 0.7 31.0721 0.222066 0 -0 162.957 547 462206
6.35466 30.4153 0.7 31.0721 0.205967 0 -0 166.894 568 462206
6.35466 30.4083 1.35192 31.0721 0.206013 0.0209824 -0 166.894 568 462206
6.84348 30.3091 0.7 31.0721 0.222066 0 -0.0707397 155.457 507 462206
6.35466 30.4153 0.7 31.0721 0.205967 0 -0.0707397 159.582 529 462206
6.35466 30.4083 1.35192 31.0721 0.206013 0.0209824 -0.0707397 159.582 529 462206
6.88573 30.4962 0.7 31.2639 0.222066 0 -0 153.394 496 462206
6.39389 30.6031 0.7 31.2639 0.205967 0 -0 157.707 519 462206
6.39389 30.5961 1.35594 31.2639 0.206013 0.0209824 -0 157.144 516 462206
6.39389 30.6031 0.7 31.2639 0.205967 0 -0.0707397 151.519 486 462206
6.39389 30.5961 1.35594 31.2639 0.206013 0.0209824 -0.0707397 150.582 481 462206
6.43311 30.7908 0.7 31.4557 0.205967 0 -0 152.082 489 462206
6.43311 30.7838 1.35997 31.4557 0.206013 0.0209824 -0 152.644 492 462206
1.48456 31.4206 0.7 31.4557 0.047213 0 -0 152.832 493 462206
1.52077 32.187 0.7 32.2229 0.047213 0 -0 155.082 505 462206
1.52077 32.1799 0.0239366 32.2229 0.0472234 -0.0209824 -0 153.394 496 462206
1.01385 32.2069 0.7 32.2229 0.0314688 0 -0 152.644 492 462206
1.52983 32.3786 0.7 32.4147 0.047213 0 -0 155.832 509 462206
1.52983 32.3714 0.0199124 32.4147 0.0472234 -0.0209824 -0 154.144 500 462206
1.01988 32.3987 0.7 32.4147 0.0314688 0 -0 153.957 499 462206
1.01988 32.3915 0.0199124 32.4147 0.0314757 -0.0209824 -0 151.519 486 462206
1.53888 32.5702 0.7 32.6065 0.047213 0 0.0707397 160.707 535 462206
1.53888 32.563 0.0158883 32.6065 0.0472234 -0.0209824 0.0707397 159.582 529 462206
1.02592 32.5904 0.7 32.6065 0.0314688 0 0.0707397 157.707 519 462206
1.02592 32.5832 0.0158883 32.6065 0.0314757 -0.0209824 0.0707397 156.394 512 462206
1.53888 32.5702 0.7 32.6065 0.047213 0 -0 168.207 575 462206
1.53888 32.563 0.0158883 32.6065 0.0472234 -0.0209824 -0 167.082 569 462206
1.02592 32.5904 0.7 32.6065 0.0314688 0 -0 165.207 559 462206
1.02592 32.5832 0.0158883 32.6065 0.0314757 -0.0209824 -0 163.707 551 462206
1.53888 32.5702 0.7 32.6065 0.047213 0 -0.0707397 160.894 536 462206
1.53888 32.563 0.0158883 32.6065 0.0472234 -0.0209824 -0.0707397 160.144 532 462206
1.02592 32.5904 0.7 32.6065 0.0314688 0 -0.0707397 158.082 521 462206
1.02592 32.5832 0.0158883 32.6065 0.0314757 -0.0209824 -0.0707397 156.957 515 462206
1.54793 32.7618 0.7 32.7983 0.047213 0 -0 158.332 517 462206
1.54793 32.7545 0.0118641 32.7983 0.0472234 -0.0209824 -0 158.894 520 462206
1.03195 32.7821 0.7 32.7983 0.0314688 0 -0 154.957 499 462206
1.03195 32.7748 0.0118641 32.7983 0.0314757 -0.0209824 -0 155.332 501 462206
1.54793 32.7618 0.7 32.7983 0.047213 0 -0.0707397 152.519 486 462206
1.54793 32.7545 0.0118641 32.7983 0.0472234 -0.0209824 -0.0707397 152.894 488 462206
-6.74692 32.2854 0.00783986 32.9901 -0.206013 -0.0209824 0.0707397 140.707 423 462206
-7.26592 32.1726 0.00783986 32.9901 -0.222116 -0.0209824 0.0707397 142.394 432 462206
-7.26592 32.1726 0.00783986 32.9901 -0.222116 -0.0209824 -0 149.332 469 462206
1.55698 32.9534 0.7 32.9901 0.047213 0 -0 153.457 491 462206
1.55698 32.9461 0.00783986 32.9901 0.0472234 -0.0209824 -0 152.519 486 462206
-6.74692 32.2854 0.00783986 32.9901 -0.206013 -0.0209824 -0.0707397 139.582 417 462206
-7.26592 32.18 0.7 32.9901 -0.222066 0 -0.0707397 137.707 407 462206
-7.26592 32.1726 0.00783986 32.9901 -0.222116 -0.0209824 -0.0707397 142.207 431 462206
-22.8357 23.5563 4.1608 32.9901 -0.769868 0.105098 -0.0707397 138.082 409 462206
-23.3547 23.0418 4.1608 32.9901 -0.792142 0.105098 -0.0707397 137.332 405 462206
3.13207 32.8499 4.18092 33.1819 0.0950577 0.105098 -0 147.644 460 462206
5.28046 32.96 4.22116 33.5655 0.158858 0.105098 -0 143.144 436 462206
3.69633 33.175 4.22116 33.5655 0.110961 0.105098 -0 143.519 438 462206
10.0329 31.8369 4.22116 33.5655 0.305283 0.105098 -0.0707397 135.644 396 462206
5.28046 32.96 4.22116 33.5655 0.158858 0.105098 -0.0707397 137.332 405 462206
4.75242 33.0403 4.22116 33.5655 0.142857 0.105098 -0.0707397 136.582 401 462206
-16.463 29.4708 0.7 33.7573 -0.509437 0 -0 137.332 405 462206
-16.463 29.4623 1.40826 33.7573 -0.50956 0.0209824 -0 139.207 415 462206
-16.994 29.1678 0.7 33.7573 -0.52755 0 -0 139.394 416 462206
-16.994 29.1592 1.40826 33.7573 -0.527678 0.0209824 -0 140.144 420 462206
-16.994 29.1592 1.40826 33.7573 -0.527678 0.0209824 -0.0707397 133.019 382 462206
1.60224 33.9113 0.7 33.9491 0.047213 0 -0 149.519 470 462206
1.06816 33.9323 0.7 33.9491 0.0314688 0 -0 147.082 457 462206
10.2622 32.5646 4.30165 34.3327 0.305283 0.105098 -0 136.269 394 462206
-15.7509 30.7222 0.7 34.5245 -0.473746 0 -0 137.582 401 462206
19.0097 28.8197 0.7 34.5245 0.583099 0 -0 138.519 406 462206
19.0097 28.8106 -0.0243536 34.5245 0.583244 -0.0209824 -0 138.332 405 462206
-16.294 30.4376 0.7 34.5245 -0.491506 0 -0 137.957 403 462206
10.3195 32.7465 4.32177 34.5245 0.305283 0.105098 -0 138.144 404 462206
-16.5656 30.9362 1.43643 35.0999 -0.491624 0.0209824 0.0707397 143.019 430 462206
-17.1178 30.6341 1.43643 35.0999 -0.50956 0.0209824 0.0707397 145.457 443 462206
5.52186 34.5375 3.6457 35.0999 0.158538 0.0840222 0.0707397 143.207 431 462206
-17.1178 30.6341 1.43643 35.0999 -0.50956 0.0209824 -0 153.144 484 462206
5.52186 34.5375 3.6457 35.0999 0.158538 0.0840222 -0 151.082 473 462206
-16.5656 30.9362 1.43643 35.0999 -0.491624 0.0209824 -0.0707397 143.957 435 462206
-17.1178 30.6341 1.43643 35.0999 -0.50956 0.0209824 -0.0707397 146.957 451 462206
5.52186 34.5375 3.6457 35.0999 0.158538 0.0840222 -0.0707397 144.707 439 462206
-7.21764 34.5379 -0.0404503 35.2917 -0.206013 -0.0209824 0.0707397 135.144 388 462206
5.55203 34.6551 4.40225 35.2917 0.158858 0.105098 0.0707397 137.207 399 462206
4.99683 34.6526 5.1427 35.2917 0.143211 0.12622 0.0707397 138.332 405 462206
4.99683 34.7395 4.40225 35.2917 0.142857 0.105098 0.0707397 139.832 413 462206
4.99683 34.8104 3.6618 35.2917 0.14257 0.0840222 0.0707397 136.457 395 462206
4.99683 34.7395 4.40225 35.2917 0.142857 0.105098 -0 147.332 453 462206
4.99683 34.8104 3.6618 35.2917 0.14257 0.0840222 -0 144.894 440 462206
5.55203 34.568 5.1427 35.2917 0.159252 0.12622 -0.0707397 137.582 401 462206
5.55203 34.6551 4.40225 35.2917 0.158858 0.105098 -0.0707397 139.644 412 462206
5.55203 34.7262 3.6618 35.2917 0.158538 0.0840222 -0.0707397 138.144 404 462206
4.99683 34.6526 5.1427 35.2917 0.143211 0.12622 -0.0707397 137.957 403 462206
4.99683 34.7395 4.40225 35.2917 0.142857 0.105098 -0.0707397 141.332 421 462206
4.99683 34.8104 3.6618 35.2917 0.14257 0.0840222 -0.0707397 139.082 409 462206
6.77106 35.0934 3.71009 35.8672 0.190602 0.0840222 0.0707397 138.519 406 462206
6.77106 35.0934 3.71009 35.8672 0.190602 0.0840222 -0 145.832 445 462206
6.20681 35.1976 3.71009 35.8672 0.174548 0.0840222 -0 145.457 443 462206
6.77106 35.0934 3.71009 35.8672 0.190602 0.0840222 -0.0707397 138.707 407 462206
6.20681 35.1976 3.71009 35.8672 0.174548 0.0840222 -0.0707397 139.082 409 462206
5.64255 35.2924 3.71009 35.8672 0.158538 0.0840222 -0.0707397 136.082 393 462206
5.67273 35.4811 3.72619 36.059 0.158538 0.0840222 0.0707397 137.207 399 462206
7.37455 35.1668 3.72619 36.059 0.206706 0.0840222 -0 144.332 437 462206
6.80727 35.281 3.72619 36.059 0.190602 0.0840222 -0 145.082 441 462206
5.67273 35.4811 3.72619 36.059 0.158538 0.0840222 -0 145.457 443 462206
5.67273 35.4085 4.48274 36.059 0.158858 0.105098 -0.0707397 136.832 397 462206
5.67273 35.4811 3.72619 36.059 0.158538 0.0840222 -0.0707397 139.832 413 462206
5.7029 35.6699 3.74229 36.2508 0.158538 0.0840222 0.0707397 140.019 414 462206
5.7029 35.6699 3.74229 36.2508 0.158538 0.0840222 -0 148.082 457 462206
1.72897 36.5855 -0.0686197 36.6344 0.0472234 -0.0209824 0.0707397 148.144 452 462206
1.72897 36.5855 1.46862 36.6344 0.0472234 0.0209824 0.0707397 153.207 479 462206
1.15265 36.6082 1.46862 36.6344 0.0314757 0.0209824 0.0707397 153.394 480 462206
1.72897 36.5855 1.46862 36.6344 0.0472234 0.0209824 -0 160.332 517 462206
1.15265 36.6082 1.46862 36.6344 0.0314757 0.0209824 -0 160.332 517 462206
1.72897 36.5855 1.46862 36.6344 0.0472234 0.0209824 -0.0707397 152.832 477 462206
1.15265 36.6082 1.46862 36.6344 0.0314757 0.0209824 -0.0707397 153.207 479 462206
1.73803 36.777 -0.0726438 36.8262 0.0472234 -0.0209824 0.0707397 153.019 478 462206
1.73803 36.777 1.47264 36.8262 0.0472234 0.0209824 0.0707397 155.269 490 462206
1.15868 36.7998 -0.0726438 36.8262 0.0314757 -0.0209824 0.0707397 151.519 470 462206
1.15868 36.7998 1.47264 36.8262 0.0314757 0.0209824 0.0707397 155.082 489 462206
1.73803 36.777 -0.0726438 36.8262 0.0472234 -0.0209824 -0 160.519 518 462206
1.73803 36.777 1.47264 36.8262 0.0472234 0.0209824 -0 162.957 531 462206
1.15868 36.7998 -0.0726438 36.8262 0.0314757 -0.0209824 -0 159.207 511 462206
1.15868 36.7998 1.47264 36.8262 0.0314757 0.0209824 -0 162.957 531 462206
1.73803 36.777 -0.0726438 36.8262 0.0472234 -0.0209824 -0.0707397 153.957 483 462206
1.73803 36.777 1.47264 36.8262 0.0472234 0.0209824 -0.0707397 156.207 495 462206
1.15868 36.7998 -0.0726438 36.8262 0.0314757 -0.0209824 -0.0707397 152.457 475 462206
1.15868 36.7998 1.47264 36.8262 0.0314757 0.0209824 -0.0707397 156.019 494 462206
8.23752 36.2716 4.62358 37.4016 0.223319 0.105098 0.0707397 139.144 404 462206
7.64913 36.4002 4.62358 37.4016 0.207126 0.105098 0.0707397 138.394 400 462206
8.23752 36.2716 4.62358 37.4016 0.223319 0.105098 -0 145.707 439 462206
8.23752 36.3479 3.83887 37.4016 0.222865 0.0840222 -0 143.082 425 462206
7.64913 36.4002 4.62358 37.4016 0.207126 0.105098 -0 145.332 437 462206
7.64913 36.4762 3.83887 37.4016 0.206706 0.0840222 -0 143.082 425 462206
8.23752 36.2716 4.62358 37.4016 0.223319 0.105098 -0.0707397 138.582 401 462206
7.64913 36.4002 4.62358 37.4016 0.207126 0.105098 -0.0707397 138.207 399 462206
6.60511 37.3791 4.70407 38.1688 0.1749 0.105098 -0 137.832 397 462206
6.60511 37.4562 3.90325 38.1688 0.174548 0.0840222 -0 138.582 401 462206
6.00464 37.4802 4.70407 38.1688 0.158858 0.105098 -0 140.082 409 462206
6.00464 37.5572 3.90325 38.1688 0.158538 0.0840222 -0 139.519 406 462206
6.00464 37.4802 4.70407 38.1688 0.158858 0.105098 -0.0707397 136.332 389 462206
6.00464 37.5572 3.90325 38.1688 0.158538 0.0840222 -0.0707397 135.394 384 462206
7.24178 37.6364 2.30967 38.3606 0.190091 0.041974 -0 140.082 409 462206
24.5014 30.2494 1.51691 38.936 0.680795 0.0209824 0.0707397 133.207 367 462206
24.5014 30.2605 0.7 38.936 0.680617 0 -0 139.394 400 462206
24.5014 30.2494 1.51691 38.936 0.680795 0.0209824 -0 140.332 405 462206
6.15551 38.6319 1.52093 39.1278 0.158009 0.0209824 0.0707397 133.957 371 462206
6.15551 38.6319 1.52093 39.1278 0.158009 0.0209824 -0 140.519 406 462206
5.53996 38.7249 1.52093 39.1278 0.142095 0.0209824 -0 137.144 388 462206
6.15551 38.6319 1.52093 39.1278 0.158009 0.0209824 -0.0707397 133.957 371 462206
7.49524 38.9537 2.36601 39.7032 0.190091 0.041974 -0 139.394 400 462206
7.49524 38.9804 1.53301 39.7032 0.189964 0.0209824 -0 139.582 401 462206
6.87064 39.0687 2.36601 39.7032 0.17408 0.041974 -0 140.519 406 462206
6.87064 39.0953 1.53301 39.7032 0.173964 0.0209824 -0 140.332 405 462206
-6.90383 39.2842 -0.137031 39.895 -0.173964 -0.0209824 0.0707397 133.582 369 462206
-20.4701 35.1236 1.55313 40.6622 -0.527678 0.0209824 -0 135.832 381 462206
8.95567 39.5811 3.25938 40.6622 0.222515 0.0629841 -0 135.832 381 462206
-19.4623 36.191 -2.7608 41.2376 -0.493402 -0.0840222 -0 139.832 397 462206
-20.111 35.9908 1.5652 41.2376 -0.50956 0.0209824 -0 139.832 397 462206
28.4149 30.9354 0.7 42.0049 0.742956 0 0.0707397 134.207 367 462206
32.3798 26.7573 0.7 42.0049 0.880188 0 -0 138.332 389 462206
31.719 27.5375 0.7 42.0049 0.855848 0 -0 138.894 392 462206
29.8723 29.7895 1.58532 42.1967 0.786786 0.0209824 -0.0707397 135.519 374 462206
29.2085 30.4407 1.58532 42.1967 0.764744 0.0209824 -0.0707397 137.019 382 462206
-21.2426 36.449 1.58532 42.1967 -0.527678 0.0209824 -0.0707397 134.207 367 462206
28.9339 31.5004 0.7 42.7721 0.742956 0 0.0707397 144.332 421 462206
28.9339 31.4876 1.59739 42.7721 0.743158 0.0209824 0.0707397 143.582 417 462206
28.261 32.1055 0.7 42.7721 0.721799 0 0.0707397 147.144 436 462206
28.261 32.0929 1.59739 42.7721 0.721993 0.0209824 0.0707397 146.207 431 462206
28.9339 31.5004 0.7 42.7721 0.742956 0 -0 146.207 431 462206
28.9339 31.4876 1.59739 42.7721 0.743158 0.0209824 -0 144.707 423 462206
28.261 32.1055 0.7 42.7721 0.721799 0 -0 149.207 447 462206
28.261 32.0929 1.59739 42.7721 0.721993 0.0209824 -0 147.332 437 462206
28.261 32.1055 0.7 42.7721 0.721799 0 -0.0707397 135.707 375 462206
29.0637 31.6417 0.7 42.9639 0.742956 0 0.0707397 139.269 394 462206
29.0637 31.6288 1.60142 42.9639 0.743158 0.0209824 0.0707397 138.332 389 462206
28.3878 32.2495 0.7 42.9639 0.721799 0 0.0707397 142.457 411 462206
28.3878 32.2369 1.60142 42.9639 0.721993 0.0209824 0.0707397 140.957 403 462206
29.0637 31.6417 0.7 42.9639 0.742956 0 -0 143.207 415 462206
28.3878 32.2495 0.7 42.9639 0.721799 0 -0 146.394 432 462206
28.3878 32.2369 1.60142 42.9639 0.721993 0.0209824 -0 144.894 424 462206
28.3878 32.2495 0.7 42.9639 0.721799 0 -0.0707397 134.207 367 462206
6.84952 42.9874 1.61349 43.5393 0.158009 0.0209824 0.0707397 136.519 374 462206
6.16457 43.0619 2.52698 43.5393 0.14219 0.041974 0.0707397 136.519 374 462206
6.16457 43.091 1.61349 43.5393 0.142095 0.0209824 0.0707397 138.394 384 462206
6.84952 42.9874 1.61349 43.5393 0.158009 0.0209824 -0 142.894 408 462206
6.16457 43.0619 2.52698 43.5393 0.14219 0.041974 -0 143.457 411 462206
6.16457 43.091 1.61349 43.5393 0.142095 0.0209824 -0 145.519 422 462206
6.84952 42.9874 1.61349 43.5393 0.158009 0.0209824 -0.0707397 135.957 371 462206
6.16457 43.0619 2.52698 43.5393 0.14219 0.041974 -0.0707397 137.269 378 462206
6.16457 43.091 1.61349 43.5393 0.142095 0.0209824 -0.0707397 138.957 387 462206
28.2067 33.4184 0.7 43.7311 0.701029 0 0.0707397 136.707 375 462206
28.2067 33.4058 1.61751 43.7311 0.701215 0.0209824 0.0707397 136.894 376 462206
28.8947 32.8253 0.7 43.7311 0.721799 0 -0.0707397 133.519 358 462206
28.2067 33.4184 0.7 43.7311 0.701029 0 -0.0707397 134.832 365 462206
28.2067 33.4058 1.61751 43.7311 0.701215 0.0209824 -0.0707397 134.457 363 462206
6.87969 43.1768 1.61751 43.7311 0.158009 0.0209824 -0.0707397 133.519 358 462206
6.19172 43.2808 1.61751 43.7311 0.142095 0.0209824 -0.0707397 135.394 368 462206
5.50375 43.3737 1.61751 43.7311 0.126217 0.0209824 -0.0707397 134.269 362 462206
-16.0315 41.3044 0.7 44.3065 -0.370232 0 0.0707397 137.457 379 462206
-16.0315 41.294 -0.229587 44.3065 -0.370317 -0.0209824 0.0707397 136.332 373 462206
-16.7285 41.0271 0.7 44.3065 -0.387164 0 0.0707397 135.957 371 462206
-16.7285 41.0166 -0.229587 44.3065 -0.387253 -0.0209824 0.0707397 133.894 360 462206
6.27319 43.8207 2.55917 44.3065 0.14219 0.041974 0.0707397 134.082 361 462206
-16.0315 41.3044 0.7 44.3065 -0.370232 0 -0 144.207 415 462206
-16.0315 41.294 -0.229587 44.3065 -0.370317 -0.0209824 -0 142.707 407 462206
-16.7285 41.0271 0.7 44.3065 -0.387164 0 -0 142.332 405 462206
-16.0315 41.3044 0.7 44.3065 -0.370232 0 -0.0707397 136.519 374 462206
-16.0315 41.294 -0.229587 44.3065 -0.370317 -0.0209824 -0.0707397 135.582 369 462206
-16.7285 41.0271 0.7 44.3065 -0.387164 0 -0.0707397 135.207 367 462206
6.27319 43.8207 2.55917 44.3065 0.14219 0.041974 -0.0707397 134.832 365 462206
6.27319 43.8503 1.62959 44.3065 0.142095 0.0209824 -0.0707397 135.207 367 462206
-16.1009 41.4832 0.7 44.4983 -0.370232 0 0.0707397 131.457 347 462206
7.00039 43.9343 1.63361 44.4983 0.158009 0.0209824 0.0707397 131.644 348 462206
6.30035 44.05 0.7 44.4983 0.142064 0 0.0707397 132.019 350 462206
6.30035 44.0401 1.63361 44.4983 0.142095 0.0209824 0.0707397 133.144 356 462206
7.00039 43.9343 1.63361 44.4983 0.158009 0.0209824 -0 138.394 384 462206
6.30035 44.05 0.7 44.4983 0.142064 0 -0 138.394 384 462206
6.30035 44.0401 1.63361 44.4983 0.142095 0.0209824 -0 139.332 389 462206
2.10012 44.4487 0.7 44.4983 0.047213 0 -0 138.019 382 462206
2.10012 44.4389 1.63361 44.4983 0.0472234 0.0209824 -0 138.207 383 462206
7.00039 43.9343 1.63361 44.4983 0.158009 0.0209824 -0.0707397 131.269 346 462206
0 45.0638 -0.245684 45.0737 0 -0.0209824 0.0707397 144.957 419 462206
-2.83636 44.9744 -0.245684 45.0737 -0.0629827 -0.0209824 0.0707397 137.269 378 462206
-4.96364 44.7996 0.7 45.0737 -0.110346 0 0.0707397 137.644 380 462206
0 45.0737 0.7 45.0737 0 0 -0 150.582 449 462206
0 45.0638 -0.245684 45.0737 0 -0.0209824 -0 153.019 462 462206
-0.709091 45.0681 0.7 45.0737 -0.0157325 0 -0 149.832 445 462206
-0.709091 45.0582 -0.245684 45.0737 -0.0157359 -0.0209824 -0 150.019 446 462206
0 45.0737 0.7 45.0737 0 0 -0.0707397 144.394 416 462206
0 45.0638 -0.245684 45.0737 0 -0.0209824 -0.0707397 146.644 428 462206
-0.709091 45.0681 0.7 45.0737 -0.0157325 0 -0.0707397 143.457 411 462206
-0.709091 45.0582 -0.245684 45.0737 -0.0157359 -0.0209824 -0.0707397 143.832 413 462206
-3.56054 45.1253 0.7 45.2655 -0.0787404 0 0.0707397 143.457 411 462206
-3.56054 45.1153 -0.249708 45.2655 -0.0787578 -0.0209824 0.0707397 142.707 407 462206
-4.27265 45.0634 0.7 45.2655 -0.0945316 0 0.0707397 141.394 400 462206
-4.27265 45.0534 -0.249708 45.2655 -0.0945525 -0.0209824 0.0707397 141.207 399 462206
-3.56054 45.1253 0.7 45.2655 -0.0787404 0 -0 150.394 448 462206
-3.56054 45.1153 -0.249708 45.2655 -0.0787578 -0.0209824 -0 149.269 442 462206
-4.27265 45.0634 0.7 45.2655 -0.0945316 0 -0 148.519 438 462206
-4.27265 45.0534 -0.249708 45.2655 -0.0945525 -0.0209824 -0 148.144 436 462206
-3.56054 45.1253 0.7 45.2655 -0.0787404 0 -0.0707397 142.144 404 462206
-3.56054 45.1153 -0.249708 45.2655 -0.0787578 -0.0209824 -0.0707397 141.207 399 462206
-4.27265 45.0634 0.7 45.2655 -0.0945316 0 -0.0707397 140.832 397 462206
-4.27265 45.0534 -0.249708 45.2655 -0.0945525 -0.0209824 -0.0707397 140.269 394 462206
-3.57563 45.3165 0.7 45.4573 -0.0787404 0 0.0707397 145.707 423 462206
-3.57563 45.3064 -0.253732 45.4573 -0.0787578 -0.0209824 0.0707397 145.519 422 462206
-3.57563 45.3165 0.7 45.4573 -0.0787404 0 -0 152.644 460 462206
-3.57563 45.3064 -0.253732 45.4573 -0.0787578 -0.0209824 -0 152.457 459 462206
34.6157 30.0523 0.7 45.8409 0.855848 0 0.0707397 141.582 401 462206
-6.5176 45.569 0.7 46.0327 -0.142064 0 0.0707397 139.519 390 462206
43.4507 15.1696 -0.265805 46.0327 1.2349 -0.0209824 -0 149.457 443 462206
-10.9985 45.2918 0.7 46.6081 -0.238224 0 -0 139.582 385 462206
-10.9985 45.2813 1.67788 46.6081 -0.238277 0.0209824 -0 138.832 381 462206
-11.7317 45.1075 0.7 46.6081 -0.254446 0 -0 139.019 382 462206
-11.78 45.2931 0.7 46.7999 -0.254446 0 -0 136.957 371 462206
-11.78 45.2825 -0.281902 46.7999 -0.254503 -0.0209824 -0 136.207 367 462206
-12.5162 45.0952 0.7 46.7999 -0.270736 0 -0 136.957 371 462206
34.6036 31.5091 0.7 46.7999 0.832171 0 -0 136.207 367 462206
-15.6513 44.7153 0.7 47.3753 -0.336693 0 0.0707397 131.894 344 462206
-15.7147 44.8963 0.7 47.5671 -0.336693 0 0.0707397 132.269 346 462206
-14.9663 45.1513 0.7 47.5671 -0.320073 0 -0 138.644 380 462206
-15.7147 44.8963 0.7 47.5671 -0.336693 0 -0 139.207 383 462206
-15.7147 44.8963 0.7 47.5671 -0.336693 0 -0.0707397 131.894 344 462206
23.4785 42.0294 0.7 48.1425 0.509437 0 0.0707397 131.894 344 462206
-2.27211 48.0889 0.7 48.1425 -0.047213 0 -0.0707397 131.707 343 462206
23.4785 42.0294 0.7 48.1425 0.509437 0 -0.0707397 131.707 343 462206
25.0928 41.2607 -1.32819 48.3344 0.546391 -0.041974 0.0707397 133.019 350 462206
25.8532 40.7886 -1.32819 48.3344 0.564926 -0.041974 -0.0707397 132.269 346 462206
25.0928 41.2607 -1.32819 48.3344 0.546391 -0.041974 -0.0707397 134.332 357 462206
25.0928 41.1984 -2.34229 48.3344 0.547063 -0.0629841 -0.0707397 132.269 346 462206
-25.3915 41.8024 0.7 48.9098 -0.545856 0 -0 136.457 363 462206
-25.3915 41.7898 1.72617 48.9098 -0.54599 0.0209824 -0 135.332 357 462206
10.0027 47.865 1.72617 48.9098 0.206013 0.0209824 -0 136.832 365 462206
9.23327 48.0194 1.72617 48.9098 0.189964 0.0209824 -0 138.332 373 462206
10.0419 48.0637 0.7 49.1016 0.205967 0 0.0707397 137.207 367 462206
10.0419 48.0527 1.73019 49.1016 0.206013 0.0209824 0.0707397 137.207 367 462206
9.26948 48.2187 0.7 49.1016 0.189921 0 0.0707397 136.082 361 462206
9.26948 48.2077 1.73019 49.1016 0.189964 0.0209824 0.0707397 138.894 376 462206
4.63474 48.8823 0.7 49.1016 0.0945316 0 0.0707397 138.144 372 462206
9.26948 48.2077 1.73019 49.1016 0.189964 0.0209824 -0 145.457 411 462206
4.63474 48.8823 0.7 49.1016 0.0945316 0 -0 145.269 410 462206
10.0419 48.0527 1.73019 49.1016 0.206013 0.0209824 -0.0707397 135.707 359 462206
9.26948 48.1746 2.76038 49.1016 0.190091 0.041974 -0.0707397 134.957 355 462206
9.26948 48.2077 1.73019 49.1016 0.189964 0.0209824 -0.0707397 137.957 371 462206
4.63474 48.8823 0.7 49.1016 0.0945316 0 -0.0707397 137.394 368 462206
4.63474 48.8715 1.73019 49.1016 0.0945525 0.0209824 -0.0707397 136.457 363 462206
3.86228 48.9494 0.7 49.1016 0.0787404 0 -0.0707397 135.894 360 462206
6.25207 49.1827 3.82679 49.677 0.126441 0.0629841 -0 133.269 346 462206
-28.2429 41.1003 0.7 49.8688 -0.602065 0 -0 137.207 367 462206
-28.2429 41.0869 1.74629 49.8688 -0.602216 0.0209824 -0 135.519 358 462206
-29.0275 40.55 0.7 49.8688 -0.621281 0 -0 136.269 362 462206
-28.2429 41.1003 0.7 49.8688 -0.602065 0 -0.0707397 132.707 343 462206
4.76147 50.1743 2.81672 50.4442 0.0946152 0.041974 -0 133.269 346 462206
25.8773 44.4146 0.7 51.4032 0.52755 0 -0 135.144 356 462206
25.8773 44.4015 1.77848 51.4032 0.527678 0.0209824 -0 133.082 345 462206
25.0686 44.876 0.7 51.4032 0.509437 0 -0 134.957 355 462206
25.0686 44.863 1.77848 51.4032 0.50956 0.0209824 -0 133.644 348 462206
8.17718 51.3314 0.7 51.9786 0.157974 0 -0 133.894 344 462206
4.08859 51.8061 1.79055 51.9786 0.0787578 0.0209824 -0 136.707 359 462206
0 52.7458 0.7 52.7458 0 0 0.0707397 148.519 422 462206
0 52.7342 1.80665 52.7458 0 0.0209824 0.0707397 146.644 412 462206
-0.829787 52.7393 0.7 52.7458 -0.0157325 0 0.0707397 147.957 419 462206
-0.829787 52.7277 1.80665 52.7458 -0.0157359 0.0209824 0.0707397 146.832 413 462206
0 52.7458 0.7 52.7458 0 0 -0 156.019 462 462206
0 52.7342 1.80665 52.7458 0 0.0209824 -0 154.707 455 462206
-0.829787 52.7393 0.7 52.7458 -0.0157325 0 -0 155.457 459 462206
-0.829787 52.7277 1.80665 52.7458 -0.0157359 0.0209824 -0 154.707 455 462206
0 52.7458 0.7 52.7458 0 0 -0.0707397 150.019 430 462206
0 52.7342 1.80665 52.7458 0 0.0209824 -0.0707397 148.332 421 462206
-0.829787 52.7393 0.7 52.7458 -0.0157325 0 -0.0707397 149.457 427 462206
-0.829787 52.7277 1.80665 52.7458 -0.0157359 0.0209824 -0.0707397 148.519 422 462206
1.66561 52.8998 1.81068 52.9376 0.0314757 0.0209824 0.0707397 139.519 374 462206
1.66561 52.8648 2.92135 52.9376 0.0314966 0.041974 -0 146.832 413 462206
1.66561 52.8998 1.81068 52.9376 0.0314757 0.0209824 -0 147.957 419 462206
0.832805 52.8844 2.92135 52.9376 0.0157463 0.041974 -0 145.519 406 462206
0.832805 52.9194 1.81068 52.9376 0.0157359 0.0209824 -0 145.894 408 462206
1.66561 52.8648 2.92135 52.9376 0.0314966 0.041974 -0.0707397 140.832 381 462206
1.66561 52.8998 1.81068 52.9376 0.0314757 0.0209824 -0.0707397 142.144 388 462206
0.832805 52.9194 1.81068 52.9376 0.0157359 0.0209824 -0.0707397 140.082 377 462206
34.0364 42.0367 0.7 54.0884 0.680617 0 0.141479 134.082 345 462206
34.0364 42.0214 -0.434821 54.0884 0.680795 -0.0209824 0.141479 135.207 351 462206
-2.52557 53.4534 0.7 53.513 -0.047213 0 0.0707397 148.894 424 462206
-2.52557 53.4416 -0.422748 53.513 -0.0472234 -0.0209824 0.0707397 147.394 416 462206
-3.36743 53.407 0.7 53.513 -0.0629689 0 0.0707397 148.144 420 462206
-2.52557 53.4534 0.7 53.513 -0.047213 0 -0 156.582 465 462206
-2.52557 53.4416 -0.422748 53.513 -0.0472234 -0.0209824 -0 154.707 455 462206
-3.36743 53.407 0.7 53.513 -0.0629689 0 -0 155.269 458 462206
-2.52557 53.4534 0.7 53.513 -0.047213 0 -0.0707397 149.082 425 462206
-2.52557 53.4416 -0.422748 53.513 -0.0472234 -0.0209824 -0.0707397 147.207 415 462206
-3.36743 53.407 0.7 53.513 -0.0629689 0 -0.0707397 147.957 419 462206
-4.22437 53.5384 0.7 53.7048 -0.0787404 0 0.0707397 143.644 396 462206
-4.22437 53.5266 -0.426772 53.7048 -0.0787578 -0.0209824 0.0707397 145.519 406 462206
-4.22437 53.5266 -0.426772 53.7048 -0.0787578 -0.0209824 -0 152.082 441 462206
-3.3795 53.5984 0.7 53.7048 -0.0629689 0 -0.0707397 142.894 392 462206
-4.22437 53.5384 0.7 53.7048 -0.0787404 0 -0.0707397 143.644 396 462206
-4.22437 53.5266 -0.426772 53.7048 -0.0787578 -0.0209824 -0.0707397 144.394 400 462206
34.1571 42.1704 -0.438845 54.2802 0.680795 -0.0209824 0.141479 134.082 345 462206
-4.26963 54.1121 0.7 54.2802 -0.0787404 0 0.0707397 145.144 404 462206
-4.26963 54.1121 0.7 54.2802 -0.0787404 0 -0 153.207 447 462206
-4.26963 54.1121 0.7 54.2802 -0.0787404 0 -0.0707397 146.269 410 462206
-12.8542 52.9337 0.7 54.472 -0.238224 0 0.0707397 141.394 384 462206
-41.1333 35.7107 0.7 54.472 -0.855848 0 -0.0707397 140.832 381 462206
-12.9447 53.3065 0.7 54.8557 -0.238224 0 -0.0707397 138.019 366 462206
13.8077 53.0895 0.7 54.8557 0.254446 0 -0.0707397 138.957 371 462206
13.8077 53.077 1.85092 54.8557 0.254503 0.0209824 -0.0707397 137.457 363 462206
12.9447 53.3065 0.7 54.8557 0.238224 0 -0.0707397 137.644 364 462206
12.9447 53.294 1.85092 54.8557 0.238277 0.0209824 -0.0707397 136.332 357 462206
0.865996 55.0285 1.85494 55.0475 0.0157359 0.0209824 0.0707397 139.582 369 462206
0.865996 55.0285 1.85494 55.0475 0.0157359 0.0209824 -0 148.207 415 462206
0.865996 55.0285 1.85494 55.0475 0.0157359 0.0209824 -0.0707397 141.457 379 462206
-0.869014 55.2203 1.85897 55.2393 -0.0157359 0.0209824 0.0707397 136.207 351 462206
-0.869014 55.2203 1.85897 55.2393 -0.0157359 0.0209824 -0 144.832 397 462206
-0.869014 55.2324 0.7 55.2393 -0.0157325 0 -0.0707397 135.082 345 462206
-0.869014 55.2203 -0.458966 55.2393 -0.0157359 -0.0209824 -0.0707397 136.207 351 462206
-0.869014 55.1838 -1.61793 55.2393 -0.0157463 -0.041974 -0.0707397 137.332 357 462206
-0.869014 55.1838 3.01793 55.2393 -0.0157463 0.041974 -0.0707397 134.519 342 462206
-0.869014 55.2203 1.85897 55.2393 -0.0157359 0.0209824 -0.0707397 138.269 362 462206
-13.9042 53.4482 -0.458966 55.2393 -0.254503 -0.0209824 -0.0707397 134.519 342 462206
-4.37524 55.4505 0.7 55.6229 -0.0787404 0 -0.0707397 138.457 363 462206
-5.25029 55.3745 0.7 55.6229 -0.0945316 0 -0.0707397 140.144 372 462206
-5.25029 55.3622 1.86701 55.6229 -0.0945525 0.0209824 -0.0707397 137.519 358 462206
-4.39033 55.6417 0.7 55.8147 -0.0787404 0 0.0707397 141.832 381 462206
-4.39033 55.6417 0.7 55.8147 -0.0787404 0 -0.0707397 140.894 376 462206
-5.26839 55.5655 0.7 55.8147 -0.0945316 0 -0.0707397 141.269 378 462206
-4.40542 55.7835 -1.65013 56.0065 -0.07881 -0.041974 0.0707397 139.582 369 462206
-4.40542 55.7215 -2.82519 56.0065 -0.0788972 -0.0629841 0.0707397 137.332 357 462206
-5.2865 55.7069 -1.65013 56.0065 -0.0946152 -0.041974 0.0707397 137.144 356 462206
-4.40542 55.7835 -1.65013 56.0065 -0.07881 -0.041974 -0.0707397 138.832 365 462206
42.7265 36.4036 7.82281 56.5819 0.865134 0.12622 -0 139.394 368 462206
-19.6494 53.2649 0.7 56.7737 -0.353411 0 0.0707397 143.332 389 462206
-20.5425 52.9269 0.7 56.7737 -0.370232 0 0.0707397 146.519 406 462206
-20.5425 52.9135 -0.491159 56.7737 -0.370317 -0.0209824 0.0707397 142.957 387 462206
-19.6494 53.2649 0.7 56.7737 -0.353411 0 -0 149.894 424 462206
-19.6494 53.2516 -0.491159 56.7737 -0.353492 -0.0209824 -0 147.832 413 462206
-20.5425 52.9269 0.7 56.7737 -0.370232 0 -0 152.332 437 462206
-20.5425 52.9135 -0.491159 56.7737 -0.370317 -0.0209824 -0 148.957 419 462206
-19.6494 53.2649 0.7 56.7737 -0.353411 0 -0.0707397 142.394 384 462206
-19.6494 53.2516 -0.491159 56.7737 -0.353492 -0.0209824 -0.0707397 140.707 375 462206
-20.5425 52.9269 0.7 56.7737 -0.370232 0 -0.0707397 143.894 392 462206
-20.5425 52.9135 -0.491159 56.7737 -0.370317 -0.0209824 -0.0707397 140.894 376 462206
-15.3375 55.2077 -1.70646 57.3491 -0.270981 -0.041974 -0 137.707 359 462206
-16.2397 54.9491 -1.70646 57.3491 -0.287361 -0.041974 -0 141.832 381 462206
-19.8485 53.8048 0.7 57.3491 -0.353411 0 -0 141.082 377 462206
-20.7507 53.4633 0.7 57.3491 -0.370232 0 -0 138.457 363 462206
-15.3888 55.3923 -1.71451 57.5409 -0.270981 -0.041974 0.0707397 141.269 378 462206
-16.294 55.1725 -0.507256 57.5409 -0.287166 -0.0209824 0.0707397 140.144 372 462206
-16.294 55.1328 -1.71451 57.5409 -0.287361 -0.041974 0.0707397 146.144 404 462206
-16.294 55.0667 -2.92177 57.5409 -0.287687 -0.0629841 0.0707397 140.707 375 462206
-17.1992 54.8572 -1.71451 57.5409 -0.303821 -0.041974 0.0707397 142.207 383 462206
-15.3888 55.3923 -1.71451 57.5409 -0.270981 -0.041974 -0 148.957 419 462206
-16.294 55.1328 -1.71451 57.5409 -0.287361 -0.041974 -0 153.832 445 462206
-16.294 55.0667 -2.92177 57.5409 -0.287687 -0.0629841 -0 148.582 417 462206
-17.1992 54.8572 -1.71451 57.5409 -0.303821 -0.041974 -0 149.707 423 462206
-15.3888 55.3923 -1.71451 57.5409 -0.270981 -0.041974 -0.0707397 142.207 383 462206
-16.294 55.1328 -1.71451 57.5409 -0.287361 -0.041974 -0.0707397 146.894 408 462206
-16.294 55.0667 -2.92177 57.5409 -0.287687 -0.0629841 -0.0707397 142.019 382 462206
-17.1992 54.8572 -1.71451 57.5409 -0.303821 -0.041974 -0.0707397 143.144 388 462206
27.4282 51.2367 0.7 58.1163 0.491506 0 -0 134.894 344 462206
0 58.3081 0.7 58.3081 0 0 -0 139.957 371 462206
0 58.2953 -0.523353 58.3081 0 -0.0209824 -0 138.082 361 462206
-0.917292 58.3009 0.7 58.3081 -0.0157325 0 -0 137.332 357 462206
-0.917292 58.2881 -0.523353 58.3081 -0.0157359 -0.0209824 -0 137.332 357 462206
0.917292 58.3009 0.7 58.3081 0.0157325 0 -0 138.269 362 462206
-12.0033 57.3984 3.1628 58.6917 -0.206151 0.041974 -0.0707397 134.332 341 462206
-1.85269 58.7375 4.40628 58.8835 -0.0315314 0.0629841 -0 135.707 343 462206
-12.0425 57.5197 4.40628 58.8835 -0.206382 0.0629841 -0 135.144 340 462206
-12.0425 57.586 3.17085 58.8835 -0.206151 0.041974 -0 136.269 346 462206
-6.50553 58.716 0.7 59.0753 -0.110346 0 -0 135.707 343 462206
-28.8102 51.5739 0.7 59.0753 -0.509437 0 -0 135.894 344 462206
-20.6451 55.9082 3.20304 59.6507 -0.353736 0.041974 -0 136.269 346 462206
30.0292 51.5256 1.95152 59.6507 0.527678 0.0209824 -0 135.144 340 462206
29.0908 52.0612 1.95152 59.6507 0.50956 0.0209824 -0 137.019 350 462206
31.0672 51.131 1.95555 59.8425 0.54599 0.0209824 -0 138.332 357 462206
30.1258 51.6913 1.95555 59.8425 0.527678 0.0209824 -0 136.832 349 462206
28.2429 52.6988 3.21109 59.8425 0.491978 0.041974 -0 136.832 349 462206
28.2429 52.7436 1.95555 59.8425 0.491624 0.0209824 -0 139.269 362 462206
39.9203 45.3508 0.7 60.4179 0.721799 0 -0 134.582 337 462206
30.4155 52.1421 3.23524 60.4179 0.528064 0.041974 -0 135.894 344 462206
30.4155 52.1883 1.96762 60.4179 0.527678 0.0209824 -0 139.082 361 462206
29.465 52.685 3.23524 60.4179 0.50993 0.041974 -0 136.644 348 462206
29.465 52.7308 1.96762 60.4179 0.50956 0.0209824 -0 138.894 360 462206
30.512 52.3694 0.7 60.6097 0.52755 0 -0 137.582 353 462206
30.512 52.354 1.97164 60.6097 0.527678 0.0209824 -0 140.207 367 462206
29.5585 52.9135 0.7 60.6097 0.509437 0 -0 140.394 368 462206
29.5585 52.8982 1.97164 60.6097 0.50956 0.0209824 -0 141.144 372 462206
30.512 52.354 1.97164 60.6097 0.527678 0.0209824 -0.0707397 134.582 337 462206
29.5585 52.8982 1.97164 60.6097 0.50956 0.0209824 -0.0707397 135.332 341 462206
-23.1737 56.8341 0.7 61.377 -0.387164 0 -0 135.332 341 462206
33.2398 52.4911 2.00384 62.1442 0.564507 0.0209824 -0 138.019 350 462206
-6.99133 63.0866 -0.632006 63.4868 -0.110371 -0.0209824 -0 137.457 347 462206
-7.9901 62.9679 -0.632006 63.4868 -0.126217 -0.0209824 -0 136.707 343 462206
37.4008 52.2471 0.7 64.254 0.621281 0 -0 136.144 340 462206
37.4008 52.2297 2.0481 64.254 0.621438 0.0209824 -0 138.957 355 462206
36.3899 52.9561 0.7 64.254 0.602065 0 -0 136.332 341 462206
36.3899 52.9389 2.0481 64.254 0.602216 0.0209824 -0 138.957 355 462206
-46.4681 48.4489 0.7 67.131 -0.764533 0 -0 138.082 345 462206
-47.5242 47.4134 0.7 67.131 -0.786565 0 -0 138.269 346 462206
12.6731 65.9089 2.10847 67.131 0.189964 0.0209824 -0 137.144 340 462206
2.1665 68.808 2.14468 68.8573 0.0314757 0.0209824 -0 138.832 349 462206
1.08325 68.7881 3.58937 68.8573 0.0157463 0.041974 -0 136.582 337 462206
1.08325 68.8336 2.14468 68.8573 0.0157359 0.0209824 -0 137.894 344 462206
2.17253 69.0149 0.7 69.0491 0.0314688 0 -0 136.582 337 462206
2.17253 68.9997 2.14871 69.0491 0.0314757 0.0209824 -0 140.707 359 462206
1.08627 69.0405 0.7 69.0491 0.0157325 0 -0 137.519 342 462206
1.08627 68.9797 3.59741 69.0491 0.0157463 0.041974 -0 137.144 340 462206
1.08627 69.0253 2.14871 69.0491 0.0157359 0.0209824 -0 141.457 363 462206
-3.27691 69.2175 5.07027 69.4327 -0.0473068 0.0629841 -0 136.582 337 462206
2.26306 71.8747 2.20907 71.9261 0.0314757 0.0209824 0.0707397 138.332 341 462206
2.26306 71.8905 0.7 71.9261 0.0314688 0 -0 143.957 371 462206
2.26306 71.8747 2.20907 71.9261 0.0314757 0.0209824 -0 145.644 380 462206
1.13153 71.9014 2.20907 71.9261 0.0157359 0.0209824 -0 142.644 364 462206
2.26909 72.0663 2.21309 72.1179 0.0314757 0.0209824 0.0707397 138.707 343 462206
2.26909 72.0822 0.7 72.1179 0.0314688 0 -0 140.207 351 462206
2.26909 72.0663 2.21309 72.1179 0.0314757 0.0209824 -0 144.144 372 462206
1.13455 72.0931 2.21309 72.1179 0.0157359 0.0209824 -0 141.707 359 462206
6.86159 72.3527 2.22517 72.6933 0.0945525 0.0209824 -0 138.707 343 462206
24.2057 69.0009 5.31172 73.2687 0.337389 0.0629841 -0 141.707 359 462206
24.2057 69.0865 3.77448 73.2687 0.337002 0.041974 -0 144.894 376 462206
23.053 69.3945 5.31172 73.2687 0.320732 0.0629841 -0 140.019 350 462206
23.053 69.4796 3.77448 73.2687 0.320366 0.041974 -0 142.832 365 462206
24.2057 69.0865 3.77448 73.2687 0.337002 0.041974 -0.0707397 138.519 342 462206
23.234 70.0253 3.79862 73.8441 0.320366 0.041974 -0 139.082 345 462206
-19.8002 71.3222 2.25334 74.0359 -0.270797 0.0209824 -0 139.457 347 462206
