1.09834 2.40854 0.249291 2.68524 0.427848 -0.168645 -0 97.2067 415 462714
1.30352 3.16724 0.265388 3.45245 0.390435 -0.12622 -0 105.144 436 462714
1.30352 3.15645 0.192952 3.45245 0.391638 -0.147399 -0 102.332 421 462714
1.24921 3.18905 0.265388 3.45245 0.373346 -0.12622 -0 102.894 424 462714
1.19489 3.19915 0.192952 3.45245 0.357458 -0.147399 -0 101.582 417 462714
1.12851 3.03147 0.289533 3.26065 0.356371 -0.12622 0.0707397 99.5192 406 462714
1.12851 3.02142 0.221122 3.26065 0.357458 -0.147399 0.0707397 102.332 421 462714
1.07721 3.04009 0.221122 3.26065 0.340533 -0.147399 0.0707397 98.9567 403 462714
1.69277 2.75643 0.289533 3.26065 0.550734 -0.12622 -0 107.019 446 462714
1.12851 3.02142 0.221122 3.26065 0.357458 -0.147399 -0 109.457 459 462714
-1.53888 2.87141 0.563178 3.26065 -0.491978 -0.041974 -0.353699 106.269 442 462714
-1.59017 2.84332 0.563178 3.26065 -0.50993 -0.041974 -0.353699 107.019 446 462714
-1.6294 3.0429 0.627565 3.45245 -0.491624 -0.0209824 -0.353699 108.144 452 462714
-1.6294 3.04031 0.555129 3.45245 -0.491978 -0.041974 -0.353699 111.707 471 462714
-1.6294 3.036 0.482694 3.45245 -0.49257 -0.0629841 -0.353699 107.394 448 462714
-1.68371 3.01319 0.627565 3.45245 -0.50956 -0.0209824 -0.353699 107.582 449 462714
-1.68371 3.01057 0.555129 3.45245 -0.50993 -0.041974 -0.353699 111.332 469 462714
-1.68371 3.00621 0.482694 3.45245 -0.510548 -0.0629841 -0.353699 107.394 448 462714
-1.59017 2.84332 0.563178 3.26065 -0.50993 -0.041974 -0.424438 106.082 441 462714
-1.6294 3.0429 0.627565 3.45245 -0.491624 -0.0209824 -0.424438 107.207 447 462714
-1.6294 3.04031 0.555129 3.45245 -0.491978 -0.041974 -0.424438 108.707 455 462714
-1.68371 3.01319 0.627565 3.45245 -0.50956 -0.0209824 -0.424438 109.832 461 462714
-1.68371 3.01057 0.555129 3.45245 -0.50993 -0.041974 -0.424438 110.394 464 462714
-1.6294 3.04376 0.7 3.45245 -0.491506 0 -0.636658 113.957 483 462714
-1.6294 3.0429 0.627565 3.45245 -0.491624 -0.0209824 -0.636658 111.894 472 462714
-1.68371 3.01406 0.7 3.45245 -0.509437 0 -0.636658 111.707 471 462714
-1.68371 3.01319 0.627565 3.45245 -0.50956 -0.0209824 -0.636658 110.019 462 462714
-1.53888 2.87466 0.7 3.26065 -0.491506 0 -0.636658 110.207 463 462714
-1.53888 2.87385 0.631589 3.26065 -0.491624 -0.0209824 -0.636658 107.582 449 462714
-1.59017 2.84661 0.7 3.26065 -0.509437 0 -0.636658 108.519 454 462714
1.12851 3.03147 0.289533 3.26065 0.356371 -0.12622 -0.0707397 99.7067 407 462714
1.12851 3.02142 0.221122 3.26065 0.357458 -0.147399 -0.0707397 102.519 422 462714
1.07721 3.05008 0.289533 3.26065 0.339502 -0.12622 -0.0707397 97.0817 393 462714
1.07721 3.04009 0.221122 3.26065 0.340533 -0.147399 -0.0707397 98.9567 403 462714
-1.6294 3.04376 0.7 3.45245 -0.491506 0 -0.565918 117.144 500 462714
-1.6294 3.0429 0.627565 3.45245 -0.491624 -0.0209824 -0.565918 115.082 489 462714
-1.68371 3.01406 0.7 3.45245 -0.509437 0 -0.565918 114.894 488 462714
-1.68371 3.01319 0.627565 3.45245 -0.50956 -0.0209824 -0.565918 113.019 478 462714
-1.6294 3.02214 1.06218 3.45245 -0.494479 0.105098 -1.0611 116.582 497 462714
-1.6294 3.02994 0.989741 3.45245 -0.493402 0.0840222 -1.0611 118.457 507 462714
-1.68371 3.0001 0.989741 3.45245 -0.511416 0.0840222 -1.0611 115.832 493 462714
-1.46646 3.07134 1.27948 3.45245 -0.445458 0.168645 -1.27332 102.519 422 462714
-1.68371 3.01319 0.772435 3.45245 -0.50956 0.0209824 -1.27332 107.394 448 462714
-1.6294 3.02214 1.06218 3.45245 -0.494479 0.105098 -1.13184 117.707 503 462714
-1.6294 3.02994 0.989741 3.45245 -0.493402 0.0840222 -1.13184 116.582 497 462714
-1.68371 2.99222 1.06218 3.45245 -0.512539 0.105098 -1.13184 117.144 500 462714
-1.68371 3.0001 0.989741 3.45245 -0.511416 0.0840222 -1.13184 116.207 495 462714
-1.6294 3.02214 1.06218 3.45245 -0.494479 0.105098 -1.20258 106.457 443 462714
-1.68371 2.99222 1.06218 3.45245 -0.512539 0.105098 -1.20258 106.457 443 462714
-1.68371 3.0001 0.989741 3.45245 -0.511416 0.0840222 -1.20258 108.707 455 462714
-1.68371 3.01406 0.7 3.45245 -0.509437 0 -1.48553 108.144 452 462714
-1.68371 3.01319 0.772435 3.45245 -0.50956 0.0209824 -1.48553 109.269 458 462714
-1.73803 2.98307 0.7 3.45245 -0.52755 0 -1.48553 108.707 455 462714
-1.73803 2.98219 0.772435 3.45245 -0.527678 0.0209824 -1.48553 111.519 470 462714
-1.68371 3.01406 0.7 3.45245 -0.509437 0 -1.55627 110.394 464 462714
-1.68371 3.01319 0.772435 3.45245 -0.50956 0.0209824 -1.55627 110.394 464 462714
-1.73803 2.98307 0.7 3.45245 -0.52755 0 -1.55627 112.082 473 462714
-1.73803 2.98219 0.772435 3.45245 -0.527678 0.0209824 -1.55627 113.394 480 462714
-1.46646 3.10447 1.06218 3.45245 -0.4413 0.105098 -1.98071 102.332 421 462714
-1.73803 2.98219 0.627565 3.45245 -0.527678 -0.0209824 -1.90997 113.019 478 462714
-1.73803 2.97955 0.555129 3.45245 -0.528064 -0.041974 -1.90997 108.707 455 462714
-1.79234 2.94987 0.627565 3.45245 -0.54599 -0.0209824 -1.90997 111.144 468 462714
-1.46646 3.09516 1.13461 3.45245 -0.442461 0.12622 -1.83923 107.957 451 462714
-1.46646 3.10447 1.06218 3.45245 -0.4413 0.105098 -1.83923 110.957 467 462714
-1.73803 2.98219 0.627565 3.45245 -0.527678 -0.0209824 -1.83923 108.332 453 462714
-1.79234 2.94987 0.627565 3.45245 -0.54599 -0.0209824 -1.83923 107.207 447 462714
-1.46646 3.10447 1.06218 3.45245 -0.4413 0.105098 -2.19293 107.207 447 462714
-1.46646 3.11207 0.989741 3.45245 -0.440357 0.0840222 -2.19293 112.457 475 462714
-1.46646 3.11797 0.917306 3.45245 -0.439628 0.0629841 -2.19293 108.707 455 462714
-1.52077 3.08589 0.989741 3.45245 -0.457883 0.0840222 -2.19293 108.894 456 462714
-1.46646 3.10447 1.06218 3.45245 -0.4413 0.105098 -2.26367 108.332 453 462714
-1.46646 3.11207 0.989741 3.45245 -0.440357 0.0840222 -2.26367 113.582 481 462714
-1.46646 3.11797 0.917306 3.45245 -0.439628 0.0629841 -2.26367 110.019 462 462714
-1.52077 3.08589 0.989741 3.45245 -0.457883 0.0840222 -2.26367 109.832 461 462714
-1.46646 3.11797 0.917306 3.45245 -0.439628 0.0629841 -2.47589 105.707 439 462714
-1.46646 3.11207 0.989741 3.45245 -0.440357 0.0840222 -2.12219 101.582 417 462714
-1.46646 3.11797 0.917306 3.45245 -0.439628 0.0629841 -2.40515 101.957 419 462714
-1.46646 3.11797 0.917306 3.45245 -0.439628 0.0629841 -2.68811 105.519 438 462714
-1.46646 3.12217 0.844871 3.45245 -0.439109 0.041974 -2.68811 107.957 451 462714
-1.52077 3.09608 0.844871 3.45245 -0.456578 0.041974 -2.68811 107.394 448 462714
1.26731 2.53734 0.217098 2.87704 0.463219 -0.168645 -0 105.519 438 462714
1.22205 2.5701 0.27746 2.87704 0.443845 -0.147399 -0 104.582 433 462714
1.22205 2.55945 0.217098 2.87704 0.445458 -0.168645 -0 105.144 436 462714
0.995745 2.644 0.156735 2.87704 0.360177 -0.189968 -0.0707397 97.2692 394 462714
0.995745 2.63088 0.096372 2.87704 0.361822 -0.211379 -0.0707397 97.0817 393 462714
1.30352 2.74145 0.249291 3.06885 0.443845 -0.147399 -0 102.144 420 462714
1.30352 2.73008 0.184904 3.06885 0.445458 -0.168645 -0 100.832 413 462714
1.15868 2.80573 0.249291 3.06885 0.391638 -0.147399 -0 102.144 420 462714
0.917292 2.87064 0.120517 3.06885 0.309288 -0.189968 -0 99.3317 405 462714
0.917292 2.85689 0.0561301 3.06885 0.310683 -0.211379 -0 98.9567 403 462714
-1.53888 2.87466 0.7 3.26065 -0.491506 0 -0.565918 114.707 487 462714
-1.53888 2.87385 0.631589 3.26065 -0.491624 -0.0209824 -0.565918 112.457 475 462714
-1.59017 2.84661 0.7 3.26065 -0.509437 0 -0.565918 112.269 474 462714
-1.53888 2.85424 1.04206 3.26065 -0.494479 0.105098 -1.0611 106.644 444 462714
-1.53888 2.86161 0.973645 3.26065 -0.493402 0.0840222 -1.0611 110.207 463 462714
-1.53888 2.86161 0.973645 3.26065 -0.493402 0.0840222 -1.13184 106.269 442 462714
-1.46646 3.12217 0.844871 3.45245 -0.439109 0.041974 -2.90033 101.957 419 462714
-1.46646 3.11797 0.917306 3.45245 -0.439628 0.0629841 -2.75885 103.457 427 462714
-1.46646 3.12217 0.844871 3.45245 -0.439109 0.041974 -2.75885 106.832 445 462714
-1.46646 3.12217 0.844871 3.45245 -0.439109 0.041974 -2.82959 105.144 436 462714
1.4906 3.29367 0.241243 3.64426 0.424985 -0.12622 -0.0707397 98.5817 385 462714
1.43327 3.31902 0.241243 3.64426 0.407646 -0.12622 -0.0707397 99.3317 389 462714
1.4906 3.29367 0.241243 3.64426 0.424985 -0.12622 0.0707397 99.1442 388 462714
1.43327 3.31902 0.241243 3.64426 0.407646 -0.12622 0.0707397 100.269 394 462714
1.08928 3.45658 0.317702 3.64426 0.305283 -0.105098 0.0707397 100.457 395 462714
1.08928 3.44726 0.241243 3.64426 0.306057 -0.12622 0.0707397 100.832 397 462714
-1.71992 3.19003 1.0823 3.64426 -0.494479 0.105098 -1.0611 109.082 441 462714
-1.71992 3.19827 1.00584 3.64426 -0.493402 0.0840222 -1.0611 110.207 447 462714
-1.77725 3.16677 1.00584 3.64426 -0.511416 0.0840222 -1.0611 109.832 445 462714
-1.83458 3.13391 1.00584 3.64426 -0.529614 0.0840222 -1.0611 109.832 445 462714
-1.89191 3.09963 1.00584 3.64426 -0.548008 0.0840222 -1.0611 110.394 448 462714
-1.71992 3.17994 1.15876 3.64426 -0.495804 0.12622 -1.13184 110.394 448 462714
-1.71992 3.19003 1.0823 3.64426 -0.494479 0.105098 -1.13184 110.957 451 462714
-1.71992 3.19827 1.00584 3.64426 -0.493402 0.0840222 -1.13184 109.644 444 462714
-1.77725 3.14826 1.15876 3.64426 -0.513923 0.12622 -1.13184 111.144 452 462714
-1.77725 3.15845 1.0823 3.64426 -0.512539 0.105098 -1.13184 111.144 452 462714
-1.77725 3.16677 1.00584 3.64426 -0.511416 0.0840222 -1.13184 111.332 453 462714
-1.83458 3.13391 1.00584 3.64426 -0.529614 0.0840222 -1.13184 110.207 447 462714
-1.89191 3.05403 1.31168 3.64426 -0.554621 0.168645 -0.990356 111.519 454 462714
-1.89191 3.06836 1.23522 3.64426 -0.552528 0.147399 -0.990356 111.332 453 462714
-1.94925 3.01776 1.31168 3.64426 -0.573504 0.168645 -0.990356 106.832 429 462714
-1.94925 3.03226 1.23522 3.64426 -0.571323 0.147399 -0.990356 107.582 433 462714
-1.77725 3.18059 0.77646 3.64426 -0.50956 0.0209824 -1.48553 109.457 443 462714
-1.83458 3.14787 0.77646 3.64426 -0.527678 0.0209824 -1.48553 111.519 454 462714
-1.77725 3.18151 0.7 3.64426 -0.509437 0 -1.55627 110.394 448 462714
-1.77725 3.18059 0.77646 3.64426 -0.50956 0.0209824 -1.55627 111.144 452 462714
-1.83458 3.14879 0.7 3.64426 -0.52755 0 -1.55627 112.082 457 462714
-1.83458 3.14787 0.77646 3.64426 -0.527678 0.0209824 -1.55627 113.394 464 462714
-1.54793 3.27694 1.0823 3.64426 -0.4413 0.105098 -1.83923 105.332 421 462714
-1.54793 3.28496 1.00584 3.64426 -0.440357 0.0840222 -2.26367 108.519 438 462714
-1.54793 3.29119 0.929379 3.64426 -0.439628 0.0629841 -2.26367 104.957 419 462714
-1.83458 3.14787 0.62354 3.64426 -0.527678 -0.0209824 -1.90997 110.207 447 462714
-1.89191 3.11375 0.62354 3.64426 -0.54599 -0.0209824 -1.90997 109.082 441 462714
-1.54793 3.29562 0.852919 3.64426 -0.439109 0.041974 -2.68811 104.957 419 462714
-1.54793 3.29562 0.852919 3.64426 -0.439109 0.041974 -2.75885 104.582 417 462714
-1.54793 3.28496 1.00584 3.64426 -0.440357 0.0840222 -2.19293 106.457 427 462714
1.44836 3.51915 0.217098 3.83606 0.390435 -0.12622 0.0707397 101.019 398 462714
1.14662 3.6385 0.297581 3.83606 0.305283 -0.105098 0.0707397 103.082 409 462714
1.14662 3.6287 0.217098 3.83606 0.306057 -0.12622 0.0707397 103.082 409 462714
1.08627 3.65697 0.297581 3.83606 0.288739 -0.105098 0.0707397 102.707 407 462714
1.08627 3.64722 0.217098 3.83606 0.289469 -0.12622 0.0707397 102.332 405 462714
1.14662 3.6385 0.297581 3.83606 0.305283 -0.105098 -0.0707397 103.269 410 462714
1.14662 3.6287 0.217098 3.83606 0.306057 -0.12622 -0.0707397 102.707 407 462714
1.08627 3.65697 0.297581 3.83606 0.288739 -0.105098 -0.0707397 102.144 404 462714
1.14058 3.83982 0.27746 4.02786 0.288739 -0.105098 -0.0707397 104.207 415 462714
1.59319 3.88219 0.257339 4.21967 0.389427 -0.105098 0.0707397 107.957 435 462714
1.19489 4.02267 0.257339 4.21967 0.288739 -0.105098 0.0707397 108.707 439 462714
1.12851 4.04179 0.257339 4.21967 0.272276 -0.105098 0.0707397 107.582 433 462714
1.59319 3.88219 0.257339 4.21967 0.389427 -0.105098 -0 115.269 474 462714
1.19489 4.02267 0.257339 4.21967 0.288739 -0.105098 -0 116.019 478 462714
1.12851 4.04179 0.257339 4.21967 0.272276 -0.105098 -0 115.269 474 462714
1.59319 3.88219 0.257339 4.21967 0.389427 -0.105098 -0.0707397 108.144 436 462714
1.19489 4.02267 0.257339 4.21967 0.288739 -0.105098 -0.0707397 108.519 438 462714
1.12851 4.04179 0.257339 4.21967 0.272276 -0.105098 -0.0707397 107.957 435 462714
1.73501 4.02947 0.237219 4.41147 0.406588 -0.105098 0.0707397 105.519 406 462714
1.66561 4.05865 0.237219 4.41147 0.389427 -0.105098 0.0707397 105.707 407 462714
1.45741 4.13798 0.237219 4.41147 0.338636 -0.105098 0.0707397 105.332 405 462714
1.31861 4.18428 0.237219 4.41147 0.305283 -0.105098 0.0707397 105.332 405 462714
1.24921 4.20552 0.237219 4.41147 0.288739 -0.105098 0.0707397 105.332 405 462714
1.24921 4.20552 0.237219 4.41147 0.288739 -0.105098 -0.0707397 107.019 414 462714
1.44836 4.35237 0.313678 4.60327 0.321247 -0.0840222 0.0707397 110.957 435 462714
1.44836 4.34272 0.217098 4.60327 0.321913 -0.105098 0.0707397 111.144 436 462714
1.44836 4.35237 0.313678 4.60327 0.321247 -0.0840222 -0 118.457 475 462714
1.44836 4.34272 0.217098 4.60327 0.321913 -0.105098 -0 118.832 477 462714
1.44836 4.35237 0.313678 4.60327 0.321247 -0.0840222 -0.0707397 111.707 439 462714
1.44836 4.34272 0.217098 4.60327 0.321913 -0.105098 -0.0707397 111.707 439 462714
1.20696 4.62321 0.297581 4.79507 0.255367 -0.0840222 -0 116.582 465 462714
1.20696 4.61334 0.196977 4.79507 0.255889 -0.105098 -0 116.582 465 462714
1.13153 4.64225 0.297581 4.79507 0.239084 -0.0840222 -0 116.582 465 462714
1.13153 4.63242 0.196977 4.79507 0.239572 -0.105098 -0 116.582 465 462714
1.20696 4.62321 0.297581 4.79507 0.255367 -0.0840222 -0.0707397 110.019 430 462714
1.20696 4.61334 0.196977 4.79507 0.255889 -0.105098 -0.0707397 110.207 431 462714
1.13153 4.64225 0.297581 4.79507 0.239084 -0.0840222 -0.0707397 110.394 432 462714
1.13153 4.63242 0.196977 4.79507 0.239572 -0.105098 -0.0707397 110.394 432 462714
1.56905 4.71507 0.281485 4.98688 0.321247 -0.0840222 0.0707397 105.519 406 462714
1.41215 4.76441 0.281485 4.98688 0.288146 -0.0840222 0.0707397 106.457 411 462714
1.33369 4.78697 0.281485 4.98688 0.271719 -0.0840222 0.0707397 108.519 422 462714
1.33369 4.77666 0.176856 4.98688 0.272276 -0.105098 0.0707397 105.519 406 462714
1.33369 4.78697 0.281485 4.98688 0.271719 -0.0840222 -0 115.269 458 462714
1.80441 4.63011 0.281485 4.98688 0.371606 -0.0840222 -0.0707397 102.519 390 462714
1.56905 4.71507 0.281485 4.98688 0.321247 -0.0840222 -0.0707397 104.957 403 462714
1.41215 4.76441 0.281485 4.98688 0.288146 -0.0840222 -0.0707397 104.582 401 462714
1.33369 4.78697 0.281485 4.98688 0.271719 -0.0840222 -0.0707397 107.957 419 462714
1.25524 4.80813 0.281485 4.98688 0.255367 -0.0840222 -0.0707397 104.582 401 462714
1.46646 4.94766 0.265388 5.17868 0.288146 -0.0840222 0.0707397 112.207 431 462714
1.46646 4.93691 0.156735 5.17868 0.288739 -0.105098 0.0707397 108.269 410 462714
1.38499 4.97108 0.265388 5.17868 0.271719 -0.0840222 0.0707397 110.332 421 462714
1.46646 4.94766 0.265388 5.17868 0.288146 -0.0840222 -0 119.519 470 462714
1.38499 4.97108 0.265388 5.17868 0.271719 -0.0840222 -0 118.019 462 462714
1.46646 4.94766 0.265388 5.17868 0.288146 -0.0840222 -0.0707397 112.582 433 462714
1.46646 4.93691 0.156735 5.17868 0.288739 -0.105098 -0.0707397 108.644 412 462714
1.38499 4.97108 0.265388 5.17868 0.271719 -0.0840222 -0.0707397 111.644 428 462714
1.60526 5.1138 0.361968 5.37048 0.304167 -0.0629841 0.0707397 106.019 398 462714
1.60526 5.1051 0.249291 5.37048 0.304653 -0.0840222 0.0707397 108.644 412 462714
1.52077 5.13091 0.249291 5.37048 0.288146 -0.0840222 0.0707397 106.582 401 462714
1.60526 5.1051 0.249291 5.37048 0.304653 -0.0840222 -0 115.582 449 462714
1.52077 5.13091 0.249291 5.37048 0.288146 -0.0840222 -0 114.269 442 462714
1.60526 5.1051 0.249291 5.37048 0.304653 -0.0840222 -0.0707397 108.457 411 462714
1.52077 5.13091 0.249291 5.37048 0.288146 -0.0840222 -0.0707397 108.082 409 462714
1.18282 5.21918 0.249291 5.37048 0.222865 -0.0840222 -0.0707397 107.519 406 462714
1.22507 5.40558 0.233194 5.56229 0.222865 -0.0840222 -0 116.894 456 462714
1.13756 5.42467 0.233194 5.56229 0.206706 -0.0840222 -0 117.082 457 462714
1.22507 5.41439 0.349896 5.56229 0.222515 -0.0629841 -0.0707397 106.957 403 462714
1.22507 5.40558 0.233194 5.56229 0.222865 -0.0840222 -0.0707397 109.957 419 462714
1.13756 5.43345 0.349896 5.56229 0.206382 -0.0629841 -0.0707397 107.144 404 462714
1.13756 5.42467 0.233194 5.56229 0.206706 -0.0840222 -0.0707397 110.332 421 462714
1.35783 5.57069 0.217098 5.75409 0.239084 -0.0840222 0.0707397 109.207 415 462714
1.26731 5.6011 0.337823 5.75409 0.222515 -0.0629841 0.0707397 110.519 422 462714
1.26731 5.59198 0.217098 5.75409 0.222865 -0.0840222 0.0707397 113.332 437 462714
1.17679 5.61173 0.217098 5.75409 0.206706 -0.0840222 0.0707397 108.457 411 462714
1.35783 5.57069 0.217098 5.75409 0.239084 -0.0840222 -0 116.894 456 462714
1.26731 5.6011 0.337823 5.75409 0.222515 -0.0629841 -0 117.832 461 462714
1.26731 5.59198 0.217098 5.75409 0.222865 -0.0840222 -0 120.832 477 462714
1.17679 5.61173 0.217098 5.75409 0.206706 -0.0840222 -0 116.332 453 462714
1.35783 5.57069 0.217098 5.75409 0.239084 -0.0840222 -0.0707397 110.332 421 462714
1.26731 5.6011 0.337823 5.75409 0.222515 -0.0629841 -0.0707397 110.519 422 462714
1.26731 5.59198 0.217098 5.75409 0.222865 -0.0840222 -0.0707397 114.082 441 462714
1.17679 5.61173 0.217098 5.75409 0.206706 -0.0840222 -0.0707397 109.957 419 462714
1.21602 5.80817 0.325751 5.94589 0.206382 -0.0629841 -0 113.457 427 462714
1.21602 5.79879 0.201001 5.94589 0.206706 -0.0840222 -0 114.582 433 462714
1.12248 5.82697 0.325751 5.94589 0.190303 -0.0629841 -0 110.644 412 462714
1.15868 6.01494 0.313678 6.1377 0.190303 -0.0629841 0.0707397 113.269 426 462714
1.15868 6.00528 0.184904 6.1377 0.190602 -0.0840222 0.0707397 112.707 423 462714
0.965571 6.03934 0.184904 6.1377 0.158538 -0.0840222 0.0707397 108.582 401 462714
1.25524 5.99553 0.313678 6.1377 0.206382 -0.0629841 -0 116.832 445 462714
1.25524 5.98585 0.184904 6.1377 0.206706 -0.0840222 -0 117.394 448 462714
1.15868 6.01494 0.313678 6.1377 0.190303 -0.0629841 -0 120.394 464 462714
1.15868 6.00528 0.184904 6.1377 0.190602 -0.0840222 -0 120.019 462 462714
1.15868 6.01494 0.313678 6.1377 0.190303 -0.0629841 -0.0707397 112.707 423 462714
1.15868 6.00528 0.184904 6.1377 0.190602 -0.0840222 -0.0707397 112.332 421 462714
0.965571 6.03934 0.184904 6.1377 0.158538 -0.0840222 -0.0707397 108.957 403 462714
1.19489 6.20291 0.301606 6.3295 0.190303 -0.0629841 -0 117.957 451 462714
1.19489 6.19295 0.168807 6.3295 0.190602 -0.0840222 -0 117.957 451 462714
2.19064 5.92494 0.301606 6.3295 0.354144 -0.0629841 -0.0707397 107.457 395 462714
1.19489 6.20291 0.301606 6.3295 0.190303 -0.0629841 -0.0707397 110.644 412 462714
1.19489 6.19295 0.168807 6.3295 0.190602 -0.0840222 -0.0707397 111.019 414 462714
1.09532 6.22126 0.301606 6.3295 0.174275 -0.0629841 -0.0707397 107.457 395 462714
1.74406 6.27034 0.289533 6.5213 0.271288 -0.0629841 0.0707397 114.582 433 462714
1.84665 6.24089 0.289533 6.5213 0.287687 -0.0629841 -0 120.207 463 462714
1.74406 6.27034 0.289533 6.5213 0.271288 -0.0629841 -0 122.082 473 462714
1.74406 6.25988 0.152711 6.5213 0.271719 -0.0840222 -0 119.644 460 462714
1.64147 6.29797 0.289533 6.5213 0.254962 -0.0629841 -0 119.082 457 462714
1.84665 6.24089 0.289533 6.5213 0.287687 -0.0629841 -0.0707397 113.269 426 462714
1.74406 6.27034 0.289533 6.5213 0.271288 -0.0629841 -0.0707397 115.144 436 462714
1.79536 6.46857 0.7 6.7131 0.270736 0 0.0707397 120.332 453 462714
1.68975 6.49696 0.7 6.7131 0.254446 0 0.0707397 122.394 464 462714
1.79536 6.46857 0.7 6.7131 0.270736 0 -0 127.457 491 462714
1.68975 6.49696 0.7 6.7131 0.254446 0 -0 129.144 500 462714
1.68975 6.49544 0.559153 6.7131 0.254503 -0.0209824 -0 124.644 476 462714
1.68975 6.49544 0.840847 6.7131 0.254503 0.0209824 -0 125.207 479 462714
1.79536 6.46857 0.7 6.7131 0.270736 0 -0.0707397 120.519 454 462714
1.68975 6.49696 0.7 6.7131 0.254446 0 -0.0707397 122.207 463 462714
1.95528 6.60801 0.265388 6.90491 0.287687 -0.0629841 0.0707397 121.457 459 462714
1.84665 6.65339 0.7 6.90491 0.270736 0 0.0707397 123.144 468 462714
1.84665 6.63918 0.265388 6.90491 0.271288 -0.0629841 0.0707397 120.894 456 462714
1.73803 6.68259 0.7 6.90491 0.254446 0 0.0707397 124.082 473 462714
1.84665 6.65339 0.7 6.90491 0.270736 0 -0 130.832 509 462714
1.73803 6.68259 0.7 6.90491 0.254446 0 -0 131.957 515 462714
1.95528 6.60801 0.265388 6.90491 0.287687 -0.0629841 -0.0707397 122.207 463 462714
1.84665 6.65339 0.7 6.90491 0.270736 0 -0.0707397 124.269 474 462714
1.73803 6.68259 0.7 6.90491 0.254446 0 -0.0707397 125.394 480 462714
1.73803 6.68102 0.555129 6.90491 0.254503 -0.0209824 -0.0707397 121.644 460 462714
1.67466 6.88986 0.40221 7.09671 0.238438 -0.041974 -0 120.519 454 462714
1.67466 6.88181 0.253315 7.09671 0.238706 -0.0629841 -0 125.019 478 462714
1.56302 6.90802 0.253315 7.09671 0.222515 -0.0629841 -0 123.707 471 462714
1.83458 7.05384 0.7 7.28851 0.254446 0 -0 120.707 455 462714
1.37594 7.14274 0.241243 7.28851 0.190303 -0.0629841 -0 119.582 449 462714
-0.887118 7.99066 1.20705 8.05573 -0.110567 0.0629841 0.990356 126.644 476 462714
-0.887118 7.99959 1.03803 8.05573 -0.110444 0.041974 0.990356 124.207 463 462714
-1.01385 7.97557 1.20705 8.05573 -0.126441 0.0629841 0.990356 126.457 475 462714
-0.887118 7.99066 1.20705 8.05573 -0.110567 0.0629841 1.0611 124.207 463 462714
-0.887118 7.99959 1.03803 8.05573 -0.110444 0.041974 1.0611 124.582 465 462714
-1.01385 7.97557 1.20705 8.05573 -0.126441 0.0629841 1.0611 124.207 463 462714
-1.01385 7.98452 1.03803 8.05573 -0.126301 0.041974 1.0611 123.832 461 462714
-0.887118 8.00673 0.7 8.05573 -0.110346 0 0.919617 131.144 500 462714
-0.887118 8.00495 0.869016 8.05573 -0.110371 0.0209824 0.919617 130.207 495 462714
-1.01385 7.99167 0.7 8.05573 -0.126189 0 0.919617 132.832 509 462714
-1.01385 7.98988 0.869016 8.05573 -0.126217 0.0209824 0.919617 131.894 504 462714
-0.887118 8.00673 0.7 8.05573 -0.110346 0 0.848877 130.582 497 462714
-1.01385 7.99167 0.7 8.05573 -0.126189 0 0.848877 132.644 508 462714
-1.01385 7.98988 0.869016 8.05573 -0.126217 0.0209824 0.848877 130.207 495 462714
-0.760387 7.99121 1.37606 8.05573 -0.0948673 0.0840222 0.778137 118.582 433 462714
-0.760387 8.00371 1.20705 8.05573 -0.09472 0.0629841 0.778137 120.457 443 462714
-0.887118 8.00673 0.7 8.05573 -0.110346 0 0.778137 119.894 440 462714
-0.887118 7.99066 1.20705 8.05573 -0.110567 0.0629841 0.778137 120.269 442 462714
-1.01385 7.99167 0.7 8.05573 -0.126189 0 0.778137 121.019 446 462714
-1.01385 7.98988 0.530984 8.05573 -0.126217 -0.0209824 0.495178 125.707 471 462714
-1.01385 7.98452 0.361968 8.05573 -0.126301 -0.041974 0.495178 125.707 471 462714
-1.14058 7.97278 0.530984 8.05573 -0.142095 -0.0209824 0.495178 123.644 460 462714
-1.14058 7.9674 0.361968 8.05573 -0.14219 -0.041974 0.495178 124.207 463 462714
-1.01385 7.98988 0.530984 8.05573 -0.126217 -0.0209824 0.353699 119.519 438 462714
-1.01385 7.98452 0.361968 8.05573 -0.126301 -0.041974 0.353699 122.707 455 462714
-1.01385 7.97557 0.192952 8.05573 -0.126441 -0.0629841 0.353699 119.332 437 462714
-1.14058 7.97278 0.530984 8.05573 -0.142095 -0.0209824 0.353699 118.582 433 462714
-1.14058 7.9674 0.361968 8.05573 -0.14219 -0.041974 0.353699 122.519 454 462714
-1.14058 7.95844 0.192952 8.05573 -0.142348 -0.0629841 0.353699 119.144 436 462714
-1.01385 7.98988 0.530984 8.05573 -0.126217 -0.0209824 0.424438 127.207 479 462714
-1.01385 7.98452 0.361968 8.05573 -0.126301 -0.041974 0.424438 127.957 483 462714
-1.14058 7.97278 0.530984 8.05573 -0.142095 -0.0209824 0.424438 125.707 471 462714
-1.14058 7.9674 0.361968 8.05573 -0.14219 -0.041974 0.424438 127.207 479 462714
-1.01385 7.98452 0.361968 8.05573 -0.126301 -0.041974 0.282959 122.519 454 462714
-1.01385 7.97557 0.192952 8.05573 -0.126441 -0.0629841 0.282959 119.707 439 462714
-1.14058 7.9674 0.361968 8.05573 -0.14219 -0.041974 0.282959 123.082 457 462714
-1.14058 7.95844 0.192952 8.05573 -0.142348 -0.0629841 0.282959 120.082 441 462714
-1.01385 7.94686 -0.145079 8.05573 -0.126893 -0.105098 0.141479 117.644 428 462714
-1.14058 7.95844 0.192952 8.05573 -0.142348 -0.0629841 0.141479 116.707 423 462714
-1.14058 7.92967 -0.145079 8.05573 -0.142857 -0.105098 0.141479 119.707 439 462714
1.88286 7.23266 0.386113 7.48032 0.254675 -0.041974 -0 123.269 458 462714
1.76518 7.26228 0.386113 7.48032 0.238438 -0.041974 -0 124.394 464 462714
1.41215 7.33071 0.22917 7.48032 0.190303 -0.0629841 -0 119.707 439 462714
1.85571 7.64005 0.535008 7.86392 0.238277 -0.0209824 -0 126.457 475 462714
1.85571 7.63471 0.370017 7.86392 0.238438 -0.041974 -0 126.832 477 462714
1.73199 7.66904 0.535008 7.86392 0.222116 -0.0209824 -0 123.832 461 462714
1.73199 7.66372 0.370017 7.86392 0.222265 -0.041974 -0 124.394 464 462714
2.84542 7.31436 0.205025 7.86392 0.371003 -0.0629841 -0.0707397 112.394 400 462714
2.47427 7.4481 0.205025 7.86392 0.320732 -0.0629841 -0.0707397 114.269 410 462714
1.90097 7.8264 0.530984 8.05573 0.238277 -0.0209824 0.0707397 126.082 473 462714
1.90097 7.82092 0.361968 8.05573 0.238438 -0.041974 0.0707397 131.144 500 462714
1.90097 7.81178 0.192952 8.05573 0.238706 -0.0629841 0.0707397 127.957 483 462714
1.77424 7.85064 0.361968 8.05573 0.222265 -0.041974 0.0707397 127.582 481 462714
1.90097 7.8264 0.530984 8.05573 0.238277 -0.0209824 -0 133.957 515 462714
1.90097 7.82092 0.361968 8.05573 0.238438 -0.041974 -0 138.832 541 462714
1.90097 7.81178 0.192952 8.05573 0.238706 -0.0629841 -0 135.644 524 462714
1.77424 7.85064 0.361968 8.05573 0.222265 -0.041974 -0 135.269 522 462714
1.90097 7.8264 0.530984 8.05573 0.238277 -0.0209824 -0.0707397 127.019 478 462714
1.90097 7.82092 0.361968 8.05573 0.238438 -0.041974 -0.0707397 131.707 503 462714
1.90097 7.81178 0.192952 8.05573 0.238706 -0.0629841 -0.0707397 128.707 487 462714
1.77424 7.85064 0.361968 8.05573 0.222265 -0.041974 -0.0707397 128.332 485 462714
-0.778491 8.1448 1.73824 8.24753 -0.0952919 0.12622 1.13184 124.269 458 462714
-0.90824 8.13135 1.73824 8.24753 -0.111235 0.12622 1.13184 128.582 481 462714
-0.90824 8.15158 1.5652 8.24753 -0.110961 0.105098 1.13184 126.894 472 462714
-1.03799 8.11581 1.73824 8.24753 -0.127207 0.12622 1.13184 123.894 456 462714
-0.90824 8.13135 1.73824 8.24753 -0.111235 0.12622 1.0611 129.144 484 462714
-0.90824 8.18091 1.21912 8.24753 -0.110567 0.0629841 1.0611 126.519 470 462714
-1.03799 8.16546 1.21912 8.24753 -0.126441 0.0629841 1.0611 126.519 470 462714
-0.929362 8.32045 1.76239 8.43933 -0.111235 0.12622 1.0611 121.269 442 462714
-0.929362 8.34115 1.58532 8.43933 -0.110961 0.105098 1.0611 119.957 435 462714
-0.929362 8.32045 1.76239 8.43933 -0.111235 0.12622 1.13184 119.957 435 462714
-0.929362 8.34115 1.58532 8.43933 -0.110961 0.105098 1.13184 119.019 430 462714
-0.950484 8.50955 1.78653 8.63113 -0.111235 0.12622 1.0611 118.269 426 462714
-0.90824 8.16809 1.39216 8.24753 -0.110739 0.0840222 0.990356 126.894 472 462714
-0.90824 8.18091 1.21912 8.24753 -0.110567 0.0629841 0.990356 130.082 489 462714
-0.90824 8.19006 1.04608 8.24753 -0.110444 0.041974 0.990356 127.457 475 462714
-1.03799 8.16546 1.21912 8.24753 -0.126441 0.0629841 0.990356 128.957 483 462714
-0.90824 8.19737 0.7 8.24753 -0.110346 0 0.919617 128.394 480 462714
-0.90824 8.19554 0.87304 8.24753 -0.110371 0.0209824 0.919617 126.707 471 462714
-1.03799 8.18195 0.7 8.24753 -0.126189 0 0.919617 129.707 487 462714
-1.03799 8.18012 0.87304 8.24753 -0.126217 0.0209824 0.919617 128.207 479 462714
-0.90824 8.19737 0.7 8.24753 -0.110346 0 0.848877 127.832 477 462714
-0.90824 8.19554 0.87304 8.24753 -0.110371 0.0209824 0.848877 125.019 462 462714
-1.03799 8.18195 0.7 8.24753 -0.126189 0 0.848877 129.894 488 462714
-1.03799 8.18012 0.87304 8.24753 -0.126217 0.0209824 0.848877 127.082 473 462714
-0.950484 8.53072 -0.205442 8.63113 -0.110961 -0.105098 0.848877 118.644 428 462714
-0.950484 8.50955 -0.38653 8.63113 -0.111235 -0.12622 0.848877 118.457 427 462714
-0.929362 8.388 0.7 8.43933 -0.110346 0 0.848877 119.394 432 462714
-0.929362 8.34115 -0.185321 8.43933 -0.110961 -0.105098 0.848877 117.519 422 462714
-0.929362 8.32045 -0.362385 8.43933 -0.111235 -0.12622 0.848877 118.082 425 462714
-1.06213 8.37223 0.7 8.43933 -0.126189 0 0.848877 120.519 438 462714
-1.03799 8.18012 0.52696 8.24753 -0.126217 -0.0209824 0.424438 119.582 433 462714
-1.03799 8.17463 0.35392 8.24753 -0.126301 -0.041974 0.424438 119.582 433 462714
-1.16774 8.16261 0.52696 8.24753 -0.142095 -0.0209824 0.424438 117.707 423 462714
-1.16774 8.1571 0.35392 8.24753 -0.14219 -0.041974 0.424438 119.207 431 462714
-1.03799 8.18012 0.52696 8.24753 -0.126217 -0.0209824 0.495178 118.832 429 462714
-1.03799 8.17463 0.35392 8.24753 -0.126301 -0.041974 0.495178 118.082 425 462714
-1.03799 8.18195 0.7 8.24753 -0.126189 0 0.778137 117.332 421 462714
1.94623 8.00713 0.35392 8.24753 0.238438 -0.041974 0.0707397 123.519 454 462714
1.94623 8.00713 0.35392 8.24753 0.238438 -0.041974 -0 131.582 497 462714
1.94623 7.99778 0.18088 8.24753 0.238706 -0.0629841 -0 129.894 488 462714
1.81648 8.03756 0.35392 8.24753 0.222265 -0.041974 -0 127.644 476 462714
1.94623 8.00713 0.35392 8.24753 0.238438 -0.041974 -0.0707397 125.207 463 462714
1.94623 7.99778 0.18088 8.24753 0.238706 -0.0629841 -0.0707397 123.894 456 462714
-0.929362 8.32045 -0.362385 8.43933 -0.111235 -0.12622 0.919617 117.894 424 462714
-1.06213 8.37223 0.7 8.43933 -0.126189 0 0.919617 118.457 427 462714
-1.06213 8.37035 0.877064 8.43933 -0.126217 0.0209824 0.919617 119.019 430 462714
-0.796596 8.38484 0.168807 8.43933 -0.09472 -0.0629841 -0 117.332 421 462714
1.99149 8.19334 0.345872 8.43933 0.238438 -0.041974 -0 125.207 463 462714
-0.796596 8.38484 0.168807 8.43933 -0.09472 -0.0629841 -0.0707397 119.207 431 462714
-0.8147 8.58496 0.337823 8.63113 -0.0946152 -0.041974 -0.141479 119.207 431 462714
-0.8147 8.57541 0.156735 8.63113 -0.09472 -0.0629841 -0.141479 120.144 436 462714
-0.8147 8.57541 0.156735 8.63113 -0.09472 -0.0629841 -0 121.082 441 462714
2.4441 8.26993 0.337823 8.63113 0.287361 -0.041974 -0 119.019 430 462714
1.6294 8.4682 0.337823 8.63113 0.190091 -0.041974 -0 121.457 443 462714
1.49362 8.4932 0.337823 8.63113 0.17408 -0.041974 -0 119.582 433 462714
-0.8147 8.58496 0.337823 8.63113 -0.0946152 -0.041974 -0.0707397 120.144 436 462714
-0.8147 8.57541 0.156735 8.63113 -0.09472 -0.0629841 -0.0707397 123.332 453 462714
-0.950484 8.57099 0.337823 8.63113 -0.110444 -0.041974 -0.0707397 117.707 423 462714
-0.950484 8.56142 0.156735 8.63113 -0.110567 -0.0629841 -0.0707397 120.519 438 462714
4.68 7.69546 0.321726 9.01474 0.546391 -0.041974 -0 115.957 403 462714
3.12 8.44914 0.321726 9.01474 0.353736 -0.041974 -0 117.644 412 462714
2.97818 8.50017 0.321726 9.01474 0.337002 -0.041974 -0 118.207 415 462714
4.77957 7.85919 0.313678 9.20654 0.546391 -0.041974 -0 115.394 400 462714
3.76573 8.39229 0.313678 9.20654 0.421783 -0.041974 -0 116.144 404 462714
3.62089 8.45579 0.313678 9.20654 0.40459 -0.041974 -0 119.332 421 462714
3.62089 8.44475 0.120517 9.20654 0.405063 -0.0629841 -0 115.207 399 462714
3.47605 8.51635 0.313678 9.20654 0.387523 -0.041974 -0 116.519 406 462714
3.69633 8.6387 0.502815 9.39835 0.404307 -0.0209824 -0 114.269 394 462714
3.69633 8.63195 0.30563 9.39835 0.40459 -0.041974 -0 118.957 419 462714
3.54847 8.69378 0.30563 9.39835 0.387523 -0.041974 -0 117.082 409 462714
3.8472 8.9913 0.494766 9.78195 0.404307 -0.0209824 -0 119.394 416 462714
3.8472 8.98427 0.289533 9.78195 0.40459 -0.041974 -0 120.519 422 462714
3.69331 9.0556 0.494766 9.78195 0.387253 -0.0209824 -0 118.269 410 462714
3.69331 9.04862 0.289533 9.78195 0.387523 -0.041974 -0 119.394 416 462714
-1.72596 9.82328 0.7 9.97375 -0.173925 0 -0 114.519 390 462714
-1.72596 9.82105 0.490742 9.97375 -0.173964 -0.0209824 -0 116.582 401 462714
-1.88286 9.79218 0.490742 9.97375 -0.189964 -0.0209824 -0 114.332 389 462714
-2.03977 9.7607 0.490742 9.97375 -0.206013 -0.0209824 -0 118.832 413 462714
-2.03977 9.75397 0.281485 9.97375 -0.206151 -0.041974 -0 114.894 392 462714
-2.19667 9.72659 0.490742 9.97375 -0.222116 -0.0209824 -0 115.644 396 462714
-2.3234 10.2806 0.257339 10.5492 -0.222265 -0.041974 -0 121.332 421 462714
-2.48936 10.2417 0.257339 10.5492 -0.238438 -0.041974 -0 121.332 421 462714
8.13192 6.71624 0.47867 10.5492 0.880455 -0.0209824 -0 121.144 420 462714
8.13192 6.70529 0.257339 10.5492 0.881256 -0.041974 -0 124.144 436 462714
8.13192 6.70529 0.257339 10.5492 0.881256 -0.041974 -0.0707397 117.394 400 462714
5.84774 9.22599 0.241243 10.9328 0.564926 -0.041974 -0 118.332 405 462714
6.05292 9.55856 0.462573 11.3164 0.564507 -0.0209824 0.0707397 123.644 428 462714
6.05292 9.54971 0.225146 11.3164 0.564926 -0.041974 0.0707397 124.957 435 462714
6.05292 9.55856 0.462573 11.3164 0.564507 -0.0209824 -0 131.332 469 462714
6.05292 9.54971 0.225146 11.3164 0.564926 -0.041974 -0 132.644 476 462714
6.05292 9.55856 0.462573 11.3164 0.564507 -0.0209824 -0.0707397 124.394 432 462714
6.05292 9.54971 0.225146 11.3164 0.564926 -0.041974 -0.0707397 125.519 438 462714
6.15551 9.72057 0.458549 11.5082 0.564507 -0.0209824 -0 121.019 414 462714
6.15551 9.71157 0.217098 11.5082 0.564926 -0.041974 -0 121.957 419 462714
5.97447 9.53489 3.11451 11.5082 0.559742 0.211379 -0 121.582 417 462714
5.97447 9.59279 2.87306 11.5082 0.557021 0.189968 -0 123.644 428 462714
1.39404 12.5708 0.168807 12.659 0.110444 -0.041974 -0 120.519 406 462714
6.15551 11.4954 0.426355 13.0426 0.491624 -0.0209824 -0 139.519 502 462714
5.95033 11.6029 0.426355 13.0426 0.473858 -0.0209824 -0 137.832 493 462714
6.24604 11.6645 0.422331 13.2344 0.491624 -0.0209824 -0 143.644 524 462714
6.24604 11.6545 0.144662 13.2344 0.491978 -0.041974 -0 140.457 507 462714
6.03783 11.7736 0.422331 13.2344 0.473858 -0.0209824 -0 141.957 515 462714
6.03783 11.7637 0.144662 13.2344 0.474198 -0.041974 -0 138.394 496 462714
6.33656 11.8335 0.418307 13.4262 0.491624 -0.0209824 0.0707397 145.332 533 462714
6.33656 11.8234 0.136614 13.4262 0.491978 -0.041974 0.0707397 141.582 513 462714
6.12534 11.9442 0.418307 13.4262 0.473858 -0.0209824 0.0707397 143.457 523 462714
6.33656 11.8335 0.418307 13.4262 0.491624 -0.0209824 -0 153.207 575 462714
6.33656 11.8234 0.136614 13.4262 0.491978 -0.041974 -0 149.269 554 462714
6.12534 11.9442 0.418307 13.4262 0.473858 -0.0209824 -0 151.144 564 462714
6.33656 11.8335 0.418307 13.4262 0.491624 -0.0209824 -0.0707397 146.082 537 462714
6.33656 11.8234 0.136614 13.4262 0.491978 -0.041974 -0.0707397 142.332 517 462714
6.12534 11.9442 0.418307 13.4262 0.473858 -0.0209824 -0.0707397 144.207 527 462714
6.42708 12.0026 0.414283 13.618 0.491624 -0.0209824 -0 140.894 504 462714
6.42708 11.8382 2.70002 13.618 0.497384 0.147399 -0 139.019 494 462714
6.21284 12.1148 0.414283 13.618 0.473858 -0.0209824 -0 138.832 493 462714
6.21284 11.9007 2.98574 13.618 0.481138 0.168645 -0 137.894 488 462714
6.21284 11.952 2.70002 13.618 0.479374 0.147399 -0 142.019 510 462714
6.5176 12.1716 0.410259 13.8098 0.491624 -0.0209824 -0 138.269 490 462714
6.30035 12.2855 0.410259 13.8098 0.473858 -0.0209824 -0 137.332 485 462714
6.1193 13.6519 0.7 14.9606 0.421388 0 -0 131.582 449 462714
6.82538 15.2271 0.7 16.6869 0.421388 0 0.0707397 145.394 512 462714
6.56286 15.3421 0.7 16.6869 0.404213 0 0.0707397 149.519 534 462714
6.56286 15.3381 1.0501 16.6869 0.404307 0.0209824 0.0707397 149.519 534 462714
6.82538 15.2271 0.7 16.6869 0.421388 0 -0 152.894 552 462714
6.56286 15.3421 0.7 16.6869 0.404213 0 -0 156.832 573 462714
6.56286 15.3381 1.0501 16.6869 0.404307 0.0209824 -0 156.832 573 462714
6.82538 15.2271 0.7 16.6869 0.421388 0 -0.0707397 145.582 513 462714
6.56286 15.3421 0.7 16.6869 0.404213 0 -0.0707397 149.707 535 462714
6.56286 15.3381 1.0501 16.6869 0.404307 0.0209824 -0.0707397 149.707 535 462714
6.6383 15.5184 0.7 16.8787 0.404213 0 0.0707397 149.519 534 462714
6.6383 15.5144 1.05413 16.8787 0.404307 0.0209824 0.0707397 149.144 532 462714
6.6383 15.5184 0.7 16.8787 0.404213 0 -0 157.394 576 462714
6.6383 15.5144 1.05413 16.8787 0.404307 0.0209824 -0 157.207 575 462714
6.6383 15.5184 0.7 16.8787 0.404213 0 -0.0707397 150.644 540 462714
6.6383 15.5144 1.05413 16.8787 0.404307 0.0209824 -0.0707397 150.269 538 462714
-7.3323 15.6276 0.7 17.2623 -0.438696 0 -0 132.269 442 462714
-7.3323 15.6234 0.337823 17.2623 -0.438799 -0.0209824 -0 136.582 465 462714
-7.3323 15.6108 -0.0243536 17.2623 -0.439109 -0.041974 -0 133.394 448 462714
-7.60387 15.4931 0.337823 17.2623 -0.456253 -0.0209824 -0 133.582 449 462714
6.73486 16.5174 0.7 17.8377 0.387164 0 0.0707397 148.269 522 462714
6.73486 16.5132 0.325751 17.8377 0.387253 -0.0209824 0.0707397 148.832 525 462714
6.45424 16.6291 0.7 17.8377 0.370232 0 0.0707397 145.644 508 462714
6.45424 16.6248 0.325751 17.8377 0.370317 -0.0209824 0.0707397 146.019 510 462714
6.73486 16.5174 0.7 17.8377 0.387164 0 -0 155.957 563 462714
6.73486 16.5132 0.325751 17.8377 0.387253 -0.0209824 -0 156.144 564 462714
6.45424 16.6291 0.7 17.8377 0.370232 0 -0 152.957 547 462714
6.45424 16.6248 0.325751 17.8377 0.370317 -0.0209824 -0 153.144 548 462714
6.73486 16.5174 0.7 17.8377 0.387164 0 -0.0707397 148.644 524 462714
6.73486 16.5132 0.325751 17.8377 0.387253 -0.0209824 -0.0707397 149.019 526 462714
6.45424 16.6291 0.7 17.8377 0.370232 0 -0.0707397 145.644 508 462714
6.45424 16.6248 0.325751 17.8377 0.370317 -0.0209824 -0.0707397 146.019 510 462714
6.80727 16.695 0.7 18.0295 0.387164 0 0.0707397 142.269 490 462714
6.80727 16.6907 0.321726 18.0295 0.387253 -0.0209824 0.0707397 142.457 491 462714
6.80727 16.695 0.7 18.0295 0.387164 0 -0 150.144 532 462714
6.80727 16.6907 0.321726 18.0295 0.387253 -0.0209824 -0 150.519 534 462714
6.52364 16.8079 0.7 18.0295 0.370232 0 -0 147.144 516 462714
6.52364 16.8036 0.321726 18.0295 0.370317 -0.0209824 -0 147.332 517 462714
6.80727 16.695 0.7 18.0295 0.387164 0 -0.0707397 143.957 499 462714
6.80727 16.6907 0.321726 18.0295 0.387253 -0.0209824 -0.0707397 144.332 501 462714
6.87969 16.8726 0.7 18.2213 0.387164 0 -0 146.269 506 462714
6.87969 16.8683 0.317702 18.2213 0.387253 -0.0209824 -0 145.519 502 462714
6.59304 16.9867 0.7 18.2213 0.370232 0 -0 146.269 506 462714
6.59304 16.9824 0.317702 18.2213 0.370317 -0.0209824 -0 145.519 502 462714
3.04758 19.1309 0.7 19.3721 0.157974 0 0.0707397 137.519 454 462714
2.74282 19.1769 0.7 19.3721 0.142064 0 0.0707397 138.457 459 462714
6.46329 18.4654 0.7 19.5639 0.336693 0 -0 152.894 536 462714
6.46329 18.4609 0.289533 19.5639 0.336771 -0.0209824 -0 152.144 532 462714
6.15551 18.5703 0.7 19.5639 0.320073 0 -0 152.144 532 462714
6.15551 18.5658 0.289533 19.5639 0.320146 -0.0209824 -0 151.207 527 462714
7.14824 18.1871 3.60144 19.7557 0.37449 0.147399 -0 143.332 485 462714
5.90507 18.8525 0.7 19.7557 0.303544 0 -0 151.207 527 462714
6.27621 18.9344 0.7 19.9475 0.320073 0 0.0707397 159.457 571 462714
6.27621 18.9298 0.281485 19.9475 0.320146 -0.0209824 0.0707397 155.332 549 462714
6.27621 18.9298 1.11852 19.9475 0.320146 0.0209824 0.0707397 155.519 550 462714
5.9624 19.0356 0.7 19.9475 0.303544 0 0.0707397 158.894 568 462714
6.27621 18.9344 0.7 19.9475 0.320073 0 -0 166.957 611 462714
6.27621 18.9298 0.281485 19.9475 0.320146 -0.0209824 -0 163.019 590 462714
6.27621 18.9298 1.11852 19.9475 0.320146 0.0209824 -0 163.019 590 462714
5.9624 19.0356 0.7 19.9475 0.303544 0 -0 166.207 607 462714
6.27621 18.9344 0.7 19.9475 0.320073 0 -0.0707397 160.019 574 462714
6.27621 18.9298 0.281485 19.9475 0.320146 -0.0209824 -0.0707397 156.082 553 462714
6.27621 18.9298 1.11852 19.9475 0.320146 0.0209824 -0.0707397 155.894 552 462714
5.9624 19.0356 0.7 19.9475 0.303544 0 -0.0707397 159.269 570 462714
6.33656 19.1165 0.7 20.1393 0.320073 0 0.0707397 152.894 536 462714
6.01973 19.2186 0.7 20.1393 0.303544 0 0.0707397 151.582 529 462714
6.33656 19.1165 0.7 20.1393 0.320073 0 -0 161.144 580 462714
6.33656 19.1118 0.27746 20.1393 0.320146 -0.0209824 -0 157.019 558 462714
6.33656 19.1118 1.12254 20.1393 0.320146 0.0209824 -0 157.394 560 462714
6.01973 19.2186 0.7 20.1393 0.303544 0 -0 160.582 577 462714
6.33656 19.1165 0.7 20.1393 0.320073 0 -0.0707397 154.582 545 462714
6.01973 19.2186 0.7 20.1393 0.303544 0 -0.0707397 154.582 545 462714
6.39691 19.2985 0.7 20.3311 0.320073 0 -0 152.707 535 462714
6.07706 19.4016 0.7 20.3311 0.303544 0 -0 151.582 529 462714
1.61431 20.4548 1.13059 20.5229 0.0787578 0.0209824 -0 148.644 508 462714
1.29145 20.4822 0.7 20.5229 0.0629689 0 -0 151.269 522 462714
1.29145 20.4777 1.13059 20.5229 0.0629827 0.0209824 -0 150.144 516 462714
0.968588 20.5 0.7 20.5229 0.047213 0 -0 148.457 507 462714
1.95528 20.6222 0.7 20.7147 0.0945316 0 0.0707397 151.832 525 462714
1.95528 20.6177 1.13461 20.7147 0.0945525 0.0209824 0.0707397 154.644 540 462714
1.6294 20.6505 0.7 20.7147 0.0787404 0 0.0707397 152.957 531 462714
1.6294 20.646 1.13461 20.7147 0.0787578 0.0209824 0.0707397 154.832 541 462714
1.95528 20.6177 1.13461 20.7147 0.0945525 0.0209824 -0 161.582 577 462714
1.6294 20.6505 0.7 20.7147 0.0787404 0 -0 159.707 567 462714
1.6294 20.646 1.13461 20.7147 0.0787578 0.0209824 -0 161.957 579 462714
1.95528 20.6222 0.7 20.7147 0.0945316 0 -0.0707397 151.269 522 462714
1.95528 20.6177 1.13461 20.7147 0.0945525 0.0209824 -0.0707397 154.269 538 462714
1.6294 20.6505 0.7 20.7147 0.0787404 0 -0.0707397 152.394 528 462714
1.6294 20.646 1.13461 20.7147 0.0787578 0.0209824 -0.0707397 154.644 540 462714
4.93346 20.3161 0.7 20.9065 0.238224 0 0.0707397 147.144 500 462714
4.93346 20.2971 1.57727 20.9065 0.238438 0.041974 0.0707397 145.269 490 462714
4.93346 20.3114 1.13864 20.9065 0.238277 0.0209824 0.0707397 148.457 507 462714
4.60457 20.3743 1.57727 20.9065 0.222265 0.041974 0.0707397 145.832 493 462714
4.60457 20.3884 1.13864 20.9065 0.222116 0.0209824 0.0707397 146.957 499 462714
4.93346 20.3114 1.13864 20.9065 0.238277 0.0209824 -0 156.144 548 462714
4.93346 20.3161 0.7 20.9065 0.238224 0 -0.0707397 147.894 504 462714
4.93346 20.3114 1.13864 20.9065 0.238277 0.0209824 -0.0707397 149.582 513 462714
4.60457 20.3743 1.57727 20.9065 0.222265 0.041974 -0.0707397 147.144 500 462714
4.60457 20.3884 1.13864 20.9065 0.222116 0.0209824 -0.0707397 148.269 506 462714
1.64449 20.8417 0.7 20.9065 0.0787404 0 -0.0707397 147.894 504 462714
1.64449 20.8371 1.13864 20.9065 0.0787578 0.0209824 -0.0707397 148.457 507 462714
1.99149 21.0041 0.7 21.0983 0.0945316 0 -0 147.144 500 462714
1.99149 20.9995 1.14266 21.0983 0.0945525 0.0209824 -0 151.457 523 462714
1.65957 21.0283 1.14266 21.0983 0.0787578 0.0209824 -0 151.082 521 462714
3.68426 20.9499 1.59337 21.2901 0.17408 0.041974 -0 144.894 488 462714
3.68426 20.9642 1.14668 21.2901 0.173964 0.0209824 -0 143.582 481 462714
1.67466 21.2242 0.7 21.2901 0.0787404 0 -0 145.269 490 462714
1.67466 21.2195 1.14668 21.2901 0.0787578 0.0209824 -0 145.269 490 462714
3.71745 21.153 1.15071 21.4819 0.173964 0.0209824 0.0707397 147.894 504 462714
1.3518 21.4394 0.7 21.4819 0.0629689 0 0.0707397 150.519 518 462714
1.3518 21.4346 0.249291 21.4819 0.0629827 -0.0209824 0.0707397 147.707 503 462714
1.3518 21.4346 1.15071 21.4819 0.0629827 0.0209824 0.0707397 148.832 509 462714
1.01385 21.458 0.7 21.4819 0.047213 0 0.0707397 147.519 502 462714
1.3518 21.4394 0.7 21.4819 0.0629689 0 -0 158.207 559 462714
1.3518 21.4346 1.15071 21.4819 0.0629827 0.0209824 -0 156.519 550 462714
3.71745 21.153 1.15071 21.4819 0.173964 0.0209824 -0.0707397 148.644 508 462714
1.3518 21.4394 0.7 21.4819 0.0629689 0 -0.0707397 150.894 520 462714
1.3518 21.4346 0.249291 21.4819 0.0629827 -0.0209824 -0.0707397 147.894 504 462714
1.3518 21.4346 1.15071 21.4819 0.0629827 0.0209824 -0.0707397 149.394 512 462714
1.01385 21.458 0.7 21.4819 0.047213 0 -0.0707397 148.269 506 462714
1.36387 21.6308 0.7 21.6737 0.0629689 0 0.0707397 145.457 491 462714
1.36387 21.6308 0.7 21.6737 0.0629689 0 -0 153.707 535 462714
1.36387 21.6308 0.7 21.6737 0.0629689 0 -0.0707397 147.332 501 462714
5.15977 21.2431 1.15876 21.8655 0.238277 0.0209824 0.0707397 149.394 512 462714
4.81578 21.3089 1.61751 21.8655 0.222265 0.041974 0.0707397 149.394 512 462714
4.81578 21.3237 1.15876 21.8655 0.222116 0.0209824 0.0707397 154.457 539 462714
4.4718 21.3985 1.15876 21.8655 0.206013 0.0209824 0.0707397 149.957 515 462714
5.15977 21.2431 1.15876 21.8655 0.238277 0.0209824 -0 156.332 549 462714
4.81578 21.3089 1.61751 21.8655 0.222265 0.041974 -0 156.519 550 462714
4.81578 21.3237 1.15876 21.8655 0.222116 0.0209824 -0 161.394 576 462714
4.4718 21.3985 1.15876 21.8655 0.206013 0.0209824 -0 156.707 551 462714
5.15977 21.2431 1.15876 21.8655 0.238277 0.0209824 -0.0707397 148.457 507 462714
4.81578 21.3089 1.61751 21.8655 0.222265 0.041974 -0.0707397 149.019 510 462714
4.81578 21.3237 1.15876 21.8655 0.222116 0.0209824 -0.0707397 154.082 537 462714
4.4718 21.3985 1.15876 21.8655 0.206013 0.0209824 -0.0707397 149.582 513 462714
4.85803 21.5107 1.16278 22.0573 0.222116 0.0209824 0.0707397 149.644 508 462714
5.20503 21.4294 1.16278 22.0573 0.238277 0.0209824 -0 153.207 527 462714
4.85803 21.4958 1.62556 22.0573 0.222265 0.041974 -0 151.707 519 462714
4.85803 21.5107 1.16278 22.0573 0.222116 0.0209824 -0 157.519 550 462714
4.51103 21.5862 1.16278 22.0573 0.206013 0.0209824 -0 152.269 522 462714
5.20503 21.4294 1.16278 22.0573 0.238277 0.0209824 -0.0707397 146.644 492 462714
4.85803 21.5107 1.16278 22.0573 0.222116 0.0209824 -0.0707397 151.144 516 462714
8.05045 20.7206 1.63361 22.2491 0.370574 0.041974 -0 141.207 463 462714
8.05045 20.7364 1.16681 22.2491 0.370317 0.0209824 -0 142.519 470 462714
4.90027 21.6978 1.16681 22.2491 0.222116 0.0209824 -0 146.832 493 462714
2.80015 22.0722 0.7 22.2491 0.126189 0 -0 142.144 468 462714
2.80015 22.0673 1.16681 22.2491 0.126217 0.0209824 -0 141.957 467 462714
8.05045 20.7206 1.63361 22.2491 0.370574 0.041974 -0.0707397 135.207 431 462714
8.05045 20.7364 1.16681 22.2491 0.370317 0.0209824 -0.0707397 136.144 436 462714
1.79536 22.7538 0.7 22.8246 0.0787404 0 0.0707397 152.707 519 462714
1.43629 22.7793 0.7 22.8246 0.0629689 0 0.0707397 154.957 531 462714
1.43629 22.7743 1.17888 22.8246 0.0629827 0.0209824 0.0707397 150.832 509 462714
1.07721 22.7991 0.7 22.8246 0.047213 0 0.0707397 152.332 517 462714
1.79536 22.7538 0.7 22.8246 0.0787404 0 -0 159.832 557 462714
1.43629 22.7793 0.7 22.8246 0.0629689 0 -0 161.894 568 462714
1.43629 22.7743 1.17888 22.8246 0.0629827 0.0209824 -0 158.144 548 462714
1.07721 22.7991 0.7 22.8246 0.047213 0 -0 159.269 554 462714
1.79536 22.7538 0.7 22.8246 0.0787404 0 -0.0707397 152.519 518 462714
1.43629 22.7793 0.7 22.8246 0.0629689 0 -0.0707397 154.582 529 462714
1.43629 22.7743 1.17888 22.8246 0.0629827 0.0209824 -0.0707397 150.644 508 462714
1.07721 22.7991 0.7 22.8246 0.047213 0 -0.0707397 152.144 516 462714
1.81044 22.945 0.7 23.0164 0.0787404 0 0.0707397 151.957 515 462714
1.44836 22.9707 0.7 23.0164 0.0629689 0 0.0707397 155.332 533 462714
1.44836 22.9657 1.1829 23.0164 0.0629827 0.0209824 0.0707397 151.582 513 462714
1.08627 22.9907 0.7 23.0164 0.047213 0 0.0707397 153.644 524 462714
1.08627 22.9856 1.1829 23.0164 0.0472234 0.0209824 0.0707397 150.832 509 462714
1.81044 22.945 0.7 23.0164 0.0787404 0 -0 159.644 556 462714
1.44836 22.9707 0.7 23.0164 0.0629689 0 -0 163.207 575 462714
1.44836 22.9657 1.1829 23.0164 0.0629827 0.0209824 -0 159.644 556 462714
1.08627 22.9907 0.7 23.0164 0.047213 0 -0 161.519 566 462714
1.81044 22.945 0.7 23.0164 0.0787404 0 -0.0707397 152.894 520 462714
1.44836 22.9707 0.7 23.0164 0.0629689 0 -0.0707397 156.269 538 462714
1.44836 22.9657 1.1829 23.0164 0.0629827 0.0209824 -0.0707397 152.894 520 462714
1.08627 22.9907 0.7 23.0164 0.047213 0 -0.0707397 154.957 531 462714
1.08627 22.9856 1.1829 23.0164 0.0472234 0.0209824 -0.0707397 152.144 516 462714
-14.4745 18.623 0.205025 23.5918 -0.660708 -0.0209824 0.0707397 133.019 414 462714
-14.8456 18.3352 0.7 23.5918 -0.680617 0 0.0707397 138.269 442 462714
-14.8456 18.3285 0.205025 23.5918 -0.680795 -0.0209824 0.0707397 136.582 433 462714
-15.2168 18.0283 0.7 23.5918 -0.701029 0 0.0707397 134.519 422 462714
-14.8456 18.3352 0.7 23.5918 -0.680617 0 -0 145.207 479 462714
-14.8456 18.3285 0.205025 23.5918 -0.680795 -0.0209824 -0 143.332 469 462714
-13.7322 19.1833 0.7 23.5918 -0.621281 0 -0.0707397 133.207 415 462714
-13.7322 19.1769 1.19497 23.5918 -0.621438 0.0209824 -0.0707397 133.957 419 462714
-14.1034 18.9056 1.19497 23.5918 -0.640929 0.0209824 -0.0707397 133.582 417 462714
-14.8456 18.3352 0.7 23.5918 -0.680617 0 -0.0707397 138.082 441 462714
-14.8456 18.3285 0.205025 23.5918 -0.680795 -0.0209824 -0.0707397 136.019 430 462714
-15.2168 18.0283 0.7 23.5918 -0.701029 0 -0.0707397 134.894 424 462714
-14.5922 18.781 0.7 23.7836 -0.660537 0 0.0707397 139.207 447 462714
-14.9663 18.4842 0.7 23.7836 -0.680617 0 0.0707397 139.394 448 462714
-14.9663 18.4775 0.201001 23.7836 -0.680795 -0.0209824 0.0707397 136.957 435 462714
-14.5922 18.781 0.7 23.7836 -0.660537 0 -0 146.144 484 462714
-14.9663 18.4842 0.7 23.7836 -0.680617 0 -0 146.707 487 462714
-14.5922 18.781 0.7 23.7836 -0.660537 0 -0.0707397 139.019 446 462714
-14.9663 18.4842 0.7 23.7836 -0.680617 0 -0.0707397 140.144 452 462714
-14.9663 18.4775 0.201001 23.7836 -0.680795 -0.0209824 -0.0707397 137.332 437 462714
1.52077 24.1193 0.7 24.1672 0.0629689 0 0.0707397 148.582 497 462714
1.52077 24.1139 1.20705 24.1672 0.0629827 0.0209824 0.0707397 146.707 487 462714
1.14058 24.1402 0.7 24.1672 0.047213 0 0.0707397 148.957 499 462714
1.14058 24.1349 1.20705 24.1672 0.0472234 0.0209824 0.0707397 147.082 489 462714
1.52077 24.1193 0.7 24.1672 0.0629689 0 -0 155.707 535 462714
1.52077 24.1139 1.20705 24.1672 0.0629827 0.0209824 -0 154.207 527 462714
1.14058 24.1402 0.7 24.1672 0.047213 0 -0 156.082 537 462714
1.14058 24.1349 1.20705 24.1672 0.0472234 0.0209824 -0 154.394 528 462714
1.52077 24.1193 0.7 24.1672 0.0629689 0 -0.0707397 148.394 496 462714
1.52077 24.1139 1.20705 24.1672 0.0629827 0.0209824 -0.0707397 146.707 487 462714
1.14058 24.1402 0.7 24.1672 0.047213 0 -0.0707397 148.394 496 462714
1.14058 24.1349 1.20705 24.1672 0.0472234 0.0209824 -0.0707397 147.082 489 462714
1.53284 24.3107 0.7 24.359 0.0629689 0 0.0707397 149.957 499 462714
1.53284 24.3053 1.21107 24.359 0.0629827 0.0209824 0.0707397 149.019 494 462714
1.14963 24.3318 0.7 24.359 0.047213 0 0.0707397 150.144 500 462714
1.14963 24.3265 1.21107 24.359 0.0472234 0.0209824 0.0707397 148.832 493 462714
1.53284 24.3107 0.7 24.359 0.0629689 0 -0 157.644 540 462714
1.53284 24.3053 1.21107 24.359 0.0629827 0.0209824 -0 156.519 534 462714
1.14963 24.3318 0.7 24.359 0.047213 0 -0 158.019 542 462714
1.14963 24.3265 1.21107 24.359 0.0472234 0.0209824 -0 156.519 534 462714
1.53284 24.3107 0.7 24.359 0.0629689 0 -0.0707397 150.894 504 462714
1.53284 24.3053 1.21107 24.359 0.0629827 0.0209824 -0.0707397 149.957 499 462714
1.14963 24.3318 0.7 24.359 0.047213 0 -0.0707397 151.269 506 462714
1.14963 24.3265 1.21107 24.359 0.0472234 0.0209824 -0.0707397 149.957 499 462714
10.0419 22.4031 0.7 24.5508 0.421388 0 -0 137.394 432 462714
10.0419 22.3972 0.184904 24.5508 0.421486 -0.0209824 -0 134.019 414 462714
9.65571 22.5723 0.7 24.5508 0.404213 0 -0 137.207 431 462714
5.79342 23.8519 1.2151 24.5508 0.238277 0.0209824 -0 137.582 433 462714
4.24851 24.1749 1.2151 24.5508 0.173964 0.0209824 -0 134.019 414 462714
11.0679 22.5572 0.7 25.1262 0.456145 0 -0 134.207 415 462714
9.48673 23.2664 0.7 25.1262 0.387164 0 -0 134.207 415 462714
9.09145 23.4237 0.7 25.1262 0.370232 0 -0 135.519 422 462714
11.1523 22.7046 1.76239 25.318 0.456578 0.041974 -0 139.269 442 462714
11.1523 22.7232 1.23119 25.318 0.456253 0.0209824 -0 139.644 444 462714
10.754 22.8959 1.76239 25.318 0.439109 0.041974 -0 137.394 432 462714
10.754 22.9144 1.23119 25.318 0.438799 0.0209824 -0 137.957 435 462714
-16.7014 19.7872 0.7 25.8934 -0.701029 0 0.0707397 135.957 419 462714
-16.294 20.124 0.7 25.8934 -0.680617 0 -0 140.082 441 462714
-16.294 20.1166 0.156735 25.8934 -0.680795 -0.0209824 -0 138.019 430 462714
-16.7014 19.7872 0.7 25.8934 -0.701029 0 -0 142.144 452 462714
-16.7014 19.7797 0.156735 25.8934 -0.701215 -0.0209824 -0 140.269 442 462714
-16.7014 19.7797 1.24327 25.8934 -0.701215 0.0209824 -0 138.019 430 462714
-16.7014 19.7872 0.7 25.8934 -0.701029 0 -0.0707397 135.207 415 462714
-16.4147 20.273 0.7 26.0852 -0.680617 0 0.0707397 141.957 451 462714
-16.4147 20.2656 0.152711 26.0852 -0.680795 -0.0209824 0.0707397 139.519 438 462714
-16.8251 19.9338 0.7 26.0852 -0.701029 0 0.0707397 142.144 452 462714
-16.8251 19.9263 0.152711 26.0852 -0.701215 -0.0209824 0.0707397 140.457 443 462714
-16.4147 20.273 0.7 26.0852 -0.680617 0 -0 149.832 493 462714
-16.4147 20.2656 0.152711 26.0852 -0.680795 -0.0209824 -0 147.207 479 462714
-16.8251 19.9338 0.7 26.0852 -0.701029 0 -0 150.019 494 462714
-16.8251 19.9263 0.152711 26.0852 -0.701215 -0.0209824 -0 148.144 484 462714
-16.4147 20.273 0.7 26.0852 -0.680617 0 -0.0707397 142.894 456 462714
-16.4147 20.2656 0.152711 26.0852 -0.680795 -0.0209824 -0.0707397 140.269 442 462714
-16.8251 19.9338 0.7 26.0852 -0.701029 0 -0.0707397 142.894 456 462714
-16.8251 19.9263 0.152711 26.0852 -0.701215 -0.0209824 -0.0707397 141.019 446 462714
6.71072 25.583 4.05617 26.6606 0.256532 0.12622 -0 136.519 422 462714
6.2913 25.6894 4.05617 26.6606 0.240172 0.12622 -0 138.394 432 462714
6.2913 25.8835 1.81872 26.6606 0.238438 0.041974 -0 135.957 419 462714
6.75899 25.8347 3.51693 26.8524 0.255889 0.105098 -0 141.957 451 462714
6.33656 25.9416 3.51693 26.8524 0.239572 0.105098 -0 142.707 455 462714
-15.2077 22.1309 0.7 26.8524 -0.602065 0 -0.0707397 132.207 399 462714
6.33656 25.9416 3.51693 26.8524 0.239572 0.105098 -0.0707397 135.957 419 462714
-15.5336 22.6051 0.7 27.4278 -0.602065 0 -0 135.457 411 462714
-15.9651 22.3025 0.7 27.4278 -0.621281 0 -0 137.707 423 462714
-15.9651 22.2951 0.124541 27.4278 -0.621438 -0.0209824 -0 135.269 410 462714
-16.3966 21.9872 0.7 27.4278 -0.640765 0 -0 136.207 415 462714
-16.3966 21.9797 0.124541 27.4278 -0.640929 -0.0209824 -0 134.707 407 462714
10.4282 25.5753 0.7 27.6196 0.387164 0 0.0707397 136.582 417 462714
10.4282 25.5753 0.7 27.6196 0.387164 0 -0 143.519 454 462714
6.5176 26.8146 1.85897 27.6196 0.238438 0.041974 -0 143.519 454 462714
6.5176 26.8334 1.27948 27.6196 0.238277 0.0209824 -0 143.144 452 462714
10.8627 25.3938 0.7 27.6196 0.404213 0 -0.0707397 135.457 411 462714
10.4282 25.5753 0.7 27.6196 0.387164 0 -0.0707397 136.394 416 462714
-16.4117 22.9263 0.7 28.195 -0.621281 0 -0 139.207 431 462714
11.089 25.9229 0.7 28.195 0.404213 0 -0 139.957 435 462714
10.6454 26.1081 0.7 28.195 0.387164 0 -0 140.894 440 462714
6.65339 26.1171 8.98178 28.195 0.249446 0.298128 -0 141.644 444 462714
6.20983 26.2261 8.98178 28.195 0.232498 0.298128 -0 140.894 440 462714
10.6454 26.1081 0.7 28.195 0.387164 0 -0.0707397 134.332 405 462714
-19.6494 20.487 0.7 28.3868 -0.764533 0 -0 140.894 440 462714
-19.6494 20.4783 0.10442 28.3868 -0.764744 -0.0209824 -0 140.332 437 462714
-16.4026 23.8698 0.7 28.9622 -0.602065 0 -0 140.957 435 462714
-16.4026 23.862 0.0923478 28.9622 -0.602216 -0.0209824 -0 140.019 430 462714
2.73377 28.8329 0.7 28.9622 0.0945316 0 -0 135.707 407 462714
2.73377 28.8265 1.30765 28.9622 0.0945525 0.0209824 -0 137.394 416 462714
-15.594 24.633 0.7 29.1541 -0.564368 0 -0 142.082 441 462714
-16.0526 24.3366 0.7 29.1541 -0.583099 0 -0 146.207 463 462714
-16.0526 24.329 1.31168 29.1541 -0.583244 0.0209824 -0 144.144 452 462714
-16.0526 24.3366 0.7 29.1541 -0.583099 0 -0.0707397 140.207 431 462714
-15.9017 25.1192 0.7 29.7295 -0.564368 0 -0 142.269 442 462714
-16.3694 24.817 0.7 29.7295 -0.583099 0 -0 142.832 445 462714
3.27389 29.5421 1.32375 29.7295 0.110371 0.0209824 -0 141.332 437 462714
8.9436 28.5534 0.7 29.9213 0.303544 0 -0 139.457 427 462714
3.29501 29.7327 1.32777 29.9213 0.110371 0.0209824 -0 140.019 430 462714
3.35838 30.3112 0.7 30.4967 0.110346 0 -0 141.394 432 462714
3.35838 30.3044 1.33985 30.4967 0.110371 0.0209824 -0 142.332 437 462714
2.87861 30.3605 0.7 30.4967 0.0945316 0 -0 142.144 436 462714
2.87861 30.3538 1.33985 30.4967 0.0945525 0.0209824 -0 143.832 445 462714
-6.75899 29.928 0.0561301 30.6885 -0.222116 -0.0209824 0.0707397 135.957 403 462714
-7.24178 29.8148 0.0561301 30.6885 -0.238277 -0.0209824 0.0707397 137.082 409 462714
6.27621 30.0398 0.7 30.6885 0.205967 0 -0 153.582 497 462714
6.27621 30.0329 1.34387 30.6885 0.206013 0.0209824 -0 153.582 497 462714
5.79342 30.1298 1.34387 30.6885 0.189964 0.0209824 -0 150.957 483 462714
-7.24178 29.8148 0.0561301 30.6885 -0.238277 -0.0209824 -0.0707397 137.832 413 462714
6.84348 30.3091 0.7 31.0721 0.222066 0 0.0707397 155.457 507 462714
6.35466 30.4153 0.7 31.0721 0.205967 0 0.0707397 159.582 529 462714
6.35466 30.4083 1.35192 31.0721 0.206013 0.0209824 0.0707397 159.394 528 462714
6.84348 30.3091 0.7 31.0721 0.222066 0 -0 162.957 547 462714
6.35466 30.4153 0.7 31.0721 0.205967 0 -0 166.894 568 462714
6.35466 30.4083 1.35192 31.0721 0.206013 0.0209824 -0 166.894 568 462714
6.84348 30.3091 0.7 31.0721 0.222066 0 -0.0707397 155.832 509 462714
6.35466 30.4153 0.7 31.0721 0.205967 0 -0.0707397 159.957 531 462714
6.35466 30.4083 1.35192 31.0721 0.206013 0.0209824 -0.0707397 159.957 531 462714
6.88573 30.4962 0.7 31.2639 0.222066 0 -0 153.207 495 462714
6.39389 30.6031 0.7 31.2639 0.205967 0 -0 157.707 519 462714
6.39389 30.5961 1.35594 31.2639 0.206013 0.0209824 -0 156.957 515 462714
6.39389 30.6031 0.7 31.2639 0.205967 0 -0.0707397 151.519 486 462714
6.39389 30.5961 1.35594 31.2639 0.206013 0.0209824 -0.0707397 150.582 481 462714
6.43311 30.7908 0.7 31.4557 0.205967 0 -0 152.082 489 462714
6.43311 30.7838 1.35997 31.4557 0.206013 0.0209824 -0 152.832 493 462714
1.48456 31.4206 0.7 31.4557 0.047213 0 -0 153.207 495 462714
1.52077 32.187 0.7 32.2229 0.047213 0 -0 155.269 506 462714
1.52077 32.1799 0.0239366 32.2229 0.0472234 -0.0209824 -0 153.394 496 462714
1.01385 32.2069 0.7 32.2229 0.0314688 0 -0 152.644 492 462714
1.53888 32.5702 0.7 32.6065 0.047213 0 0.0707397 160.519 534 462714
1.53888 32.563 0.0158883 32.6065 0.0472234 -0.0209824 0.0707397 159.582 529 462714
1.02592 32.5904 0.7 32.6065 0.0314688 0 0.0707397 157.707 519 462714
1.02592 32.5832 0.0158883 32.6065 0.0314757 -0.0209824 0.0707397 156.394 512 462714
1.53888 32.5702 0.7 32.6065 0.047213 0 -0 168.207 575 462714
1.53888 32.563 0.0158883 32.6065 0.0472234 -0.0209824 -0 167.082 569 462714
1.02592 32.5904 0.7 32.6065 0.0314688 0 -0 165.207 559 462714
1.02592 32.5832 0.0158883 32.6065 0.0314757 -0.0209824 -0 163.707 551 462714
1.53888 32.5702 0.7 32.6065 0.047213 0 -0.0707397 160.894 536 462714
1.53888 32.563 0.0158883 32.6065 0.0472234 -0.0209824 -0.0707397 160.144 532 462714
1.02592 32.5904 0.7 32.6065 0.0314688 0 -0.0707397 158.082 521 462714
1.02592 32.5832 0.0158883 32.6065 0.0314757 -0.0209824 -0.0707397 156.957 515 462714
1.54793 32.7618 0.7 32.7983 0.047213 0 -0 158.144 516 462714
1.54793 32.7545 0.0118641 32.7983 0.0472234 -0.0209824 -0 158.894 520 462714
1.03195 32.7821 0.7 32.7983 0.0314688 0 -0 154.957 499 462714
1.03195 32.7748 0.0118641 32.7983 0.0314757 -0.0209824 -0 155.332 501 462714
1.54793 32.7618 0.7 32.7983 0.047213 0 -0.0707397 152.332 485 462714
1.54793 32.7545 0.0118641 32.7983 0.0472234 -0.0209824 -0.0707397 152.894 488 462714
-6.74692 32.2854 0.00783986 32.9901 -0.206013 -0.0209824 0.0707397 137.707 407 462714
-7.26592 32.18 0.7 32.9901 -0.222066 0 0.0707397 137.144 404 462714
-7.26592 32.1726 0.00783986 32.9901 -0.222116 -0.0209824 0.0707397 141.644 428 462714
-22.8357 23.5563 4.1608 32.9901 -0.769868 0.105098 0.0707397 137.707 407 462714
-7.26592 32.1726 0.00783986 32.9901 -0.222116 -0.0209824 -0 149.332 469 462714
1.55698 32.9534 0.7 32.9901 0.047213 0 -0 153.832 493 462714
1.55698 32.9461 0.00783986 32.9901 0.0472234 -0.0209824 -0 152.707 487 462714
-6.74692 32.2854 0.00783986 32.9901 -0.206013 -0.0209824 -0.0707397 139.394 416 462714
-7.26592 32.1726 0.00783986 32.9901 -0.222116 -0.0209824 -0.0707397 142.394 432 462714
-22.8357 23.5563 4.1608 32.9901 -0.769868 0.105098 -0.0707397 139.394 416 462714
-23.3547 23.0418 4.1608 32.9901 -0.792142 0.105098 -0.0707397 138.832 413 462714
5.28046 32.96 4.22116 33.5655 0.158858 0.105098 -0 143.144 436 462714
3.69633 33.175 4.22116 33.5655 0.110961 0.105098 -0 143.332 437 462714
10.0329 31.8369 4.22116 33.5655 0.305283 0.105098 -0.0707397 135.457 395 462714
5.28046 32.96 4.22116 33.5655 0.158858 0.105098 -0.0707397 136.957 403 462714
4.75242 33.0403 4.22116 33.5655 0.142857 0.105098 -0.0707397 136.207 399 462714
-20.7115 26.6475 1.40826 33.7573 -0.660708 0.0209824 -0 133.582 385 462714
-21.2426 26.2261 1.40826 33.7573 -0.680795 0.0209824 -0 133.957 387 462714
18.9041 28.6596 0.7 34.3327 0.583099 0 -0 135.332 389 462714
10.2622 32.5646 4.30165 34.3327 0.305283 0.105098 -0 137.019 398 462714
4.86104 33.7955 4.30165 34.3327 0.142857 0.105098 -0 133.832 381 462714
-15.7509 30.7137 -0.0243536 34.5245 -0.473858 -0.0209824 -0 140.207 415 462714
19.0097 28.8106 -0.0243536 34.5245 0.583244 -0.0209824 -0 140.207 415 462714
5.52186 34.5375 3.6457 35.0999 0.158538 0.0840222 0.0707397 142.832 429 462714
4.96967 34.6213 3.6457 35.0999 0.14257 0.0840222 0.0707397 140.582 417 462714
5.52186 34.5375 3.6457 35.0999 0.158538 0.0840222 -0 150.707 471 462714
4.96967 34.6213 3.6457 35.0999 0.14257 0.0840222 -0 148.457 459 462714
8.28279 33.9093 4.38213 35.0999 0.239572 0.105098 -0.0707397 140.207 415 462714
5.52186 34.5375 3.6457 35.0999 0.158538 0.0840222 -0.0707397 144.332 437 462714
4.96967 34.6213 3.6457 35.0999 0.14257 0.0840222 -0.0707397 141.144 420 462714
-7.21764 34.5379 -0.0404503 35.2917 -0.206013 -0.0209824 0.0707397 135.519 390 462714
5.55203 34.6551 4.40225 35.2917 0.158858 0.105098 0.0707397 136.832 397 462714
4.99683 34.6526 5.1427 35.2917 0.143211 0.12622 0.0707397 138.144 404 462714
4.99683 34.7395 4.40225 35.2917 0.142857 0.105098 0.0707397 139.457 411 462714
4.99683 34.8104 3.6618 35.2917 0.14257 0.0840222 0.0707397 136.269 394 462714
4.99683 34.7395 4.40225 35.2917 0.142857 0.105098 -0 147.144 452 462714
4.99683 34.8104 3.6618 35.2917 0.14257 0.0840222 -0 144.707 439 462714
5.55203 34.6551 4.40225 35.2917 0.158858 0.105098 -0.0707397 139.269 410 462714
5.55203 34.7262 3.6618 35.2917 0.158538 0.0840222 -0.0707397 137.582 401 462714
4.99683 34.6526 5.1427 35.2917 0.143211 0.12622 -0.0707397 138.144 404 462714
4.99683 34.7395 4.40225 35.2917 0.142857 0.105098 -0.0707397 141.144 420 462714
4.99683 34.8104 3.6618 35.2917 0.14257 0.0840222 -0.0707397 138.894 408 462714
6.77106 35.0934 3.71009 35.8672 0.190602 0.0840222 0.0707397 139.269 410 462714
6.77106 35.0934 3.71009 35.8672 0.190602 0.0840222 -0 146.207 447 462714
6.20681 35.1976 3.71009 35.8672 0.174548 0.0840222 -0 145.457 443 462714
6.20681 35.1976 3.71009 35.8672 0.174548 0.0840222 -0.0707397 138.332 405 462714
5.64255 35.2924 3.71009 35.8672 0.158538 0.0840222 -0.0707397 135.332 389 462714
5.67273 35.4085 4.48274 36.059 0.158858 0.105098 0.0707397 137.207 399 462714
5.67273 35.4811 3.72619 36.059 0.158538 0.0840222 0.0707397 140.207 415 462714
7.37455 35.1668 3.72619 36.059 0.206706 0.0840222 -0 143.957 435 462714
6.80727 35.281 3.72619 36.059 0.190602 0.0840222 -0 144.519 438 462714
6.24 35.3858 3.72619 36.059 0.174548 0.0840222 -0 144.144 436 462714
5.67273 35.4811 3.72619 36.059 0.158538 0.0840222 -0 145.644 444 462714
5.67273 35.4811 3.72619 36.059 0.158538 0.0840222 -0.0707397 136.832 397 462714
1.72897 36.5855 -0.0686197 36.6344 0.0472234 -0.0209824 0.0707397 147.957 451 462714
1.72897 36.5855 1.46862 36.6344 0.0472234 0.0209824 0.0707397 153.207 479 462714
1.15265 36.6082 1.46862 36.6344 0.0314757 0.0209824 0.0707397 153.582 481 462714
1.72897 36.5855 1.46862 36.6344 0.0472234 0.0209824 -0 160.332 517 462714
1.15265 36.6082 1.46862 36.6344 0.0314757 0.0209824 -0 160.519 518 462714
1.72897 36.5855 1.46862 36.6344 0.0472234 0.0209824 -0.0707397 153.019 478 462714
1.15265 36.6082 1.46862 36.6344 0.0314757 0.0209824 -0.0707397 153.394 480 462714
1.73803 36.777 -0.0726438 36.8262 0.0472234 -0.0209824 0.0707397 153.207 479 462714
1.73803 36.777 1.47264 36.8262 0.0472234 0.0209824 0.0707397 155.269 490 462714
1.15868 36.7998 -0.0726438 36.8262 0.0314757 -0.0209824 0.0707397 151.707 471 462714
1.15868 36.7998 1.47264 36.8262 0.0314757 0.0209824 0.0707397 155.082 489 462714
1.73803 36.777 -0.0726438 36.8262 0.0472234 -0.0209824 -0 160.707 519 462714
1.73803 36.777 1.47264 36.8262 0.0472234 0.0209824 -0 162.957 531 462714
1.15868 36.7998 -0.0726438 36.8262 0.0314757 -0.0209824 -0 159.394 512 462714
1.15868 36.7998 1.47264 36.8262 0.0314757 0.0209824 -0 162.957 531 462714
1.73803 36.777 -0.0726438 36.8262 0.0472234 -0.0209824 -0.0707397 154.144 484 462714
1.73803 36.777 1.47264 36.8262 0.0472234 0.0209824 -0.0707397 156.019 494 462714
1.15868 36.7998 -0.0726438 36.8262 0.0314757 -0.0209824 -0.0707397 152.457 475 462714
1.15868 36.7998 1.47264 36.8262 0.0314757 0.0209824 -0.0707397 156.207 495 462714
-15.8867 33.8599 0.7 37.4016 -0.438696 0 0.0707397 148.707 455 462714
-15.2983 34.1298 0.7 37.4016 -0.421388 0 -0 153.207 479 462714
-15.8867 33.8599 0.7 37.4016 -0.438696 0 -0 156.394 496 462714
-15.8867 33.8508 -0.0847164 37.4016 -0.438799 -0.0209824 -0 150.957 467 462714
-15.8867 33.8508 1.48472 37.4016 -0.438799 0.0209824 -0 152.269 474 462714
-15.8867 33.8599 0.7 37.4016 -0.438696 0 -0.0707397 149.644 460 462714
-15.3767 34.3048 0.7 37.5934 -0.421388 0 0.0707397 154.707 487 462714
-15.9681 34.0335 0.7 37.5934 -0.438696 0 0.0707397 155.457 491 462714
-15.9681 34.0244 -0.0887406 37.5934 -0.438799 -0.0209824 0.0707397 150.582 465 462714
-15.3767 34.3048 0.7 37.5934 -0.421388 0 -0 162.019 526 462714
-15.9681 34.0335 0.7 37.5934 -0.438696 0 -0 163.144 532 462714
-15.9681 34.0244 -0.0887406 37.5934 -0.438799 -0.0209824 -0 158.457 507 462714
-15.3767 34.3048 0.7 37.5934 -0.421388 0 -0.0707397 154.519 486 462714
-15.9681 34.0335 0.7 37.5934 -0.438696 0 -0.0707397 156.019 494 462714
-15.9681 34.0244 -0.0887406 37.5934 -0.438799 -0.0209824 -0.0707397 151.332 469 462714
-15.9681 34.0244 1.48874 37.5934 -0.438799 0.0209824 -0.0707397 151.144 468 462714
6.00464 37.4802 4.70407 38.1688 0.158858 0.105098 0.0707397 135.207 383 462714
6.00464 37.5572 3.90325 38.1688 0.158538 0.0840222 0.0707397 135.582 385 462714
7.20557 37.4482 2.30163 38.1688 0.190091 0.041974 -0 137.644 396 462714
6.00464 37.4802 4.70407 38.1688 0.158858 0.105098 -0 139.144 404 462714
6.00464 37.5572 3.90325 38.1688 0.158538 0.0840222 -0 139.144 404 462714
24.7427 29.3144 0.7 38.3606 0.701029 0 -0 141.582 417 462714
7.24178 37.6364 2.30967 38.3606 0.190091 0.041974 -0 140.832 413 462714
-15.9259 35.53 0.7 38.936 -0.421388 0 -0 142.394 416 462714
6.15551 38.6319 1.52093 39.1278 0.158009 0.0209824 0.0707397 133.582 369 462714
-15.3888 35.9652 -0.120934 39.1278 -0.404307 -0.0209824 -0 143.332 421 462714
6.15551 38.6319 1.52093 39.1278 0.158009 0.0209824 -0 139.394 400 462714
-15.6151 36.5036 0.7 39.7032 -0.404213 0 -0 141.457 411 462714
-15.6151 36.4941 -0.133007 39.7032 -0.404307 -0.0209824 -0 140.894 408 462714
-15.0629 36.9421 0.7 39.895 -0.387164 0 -0 142.019 414 462714
-15.6905 36.68 0.7 39.895 -0.404213 0 -0 142.957 419 462714
-6.90383 39.2931 0.7 39.895 -0.173925 0 -0.0707397 133.957 371 462714
8.91342 39.3944 3.24731 40.4704 0.222515 0.0629841 -0 137.332 389 462714
8.91342 39.4675 1.5491 40.4704 0.222116 0.0209824 -0 136.207 383 462714
8.27675 39.6059 1.5491 40.4704 0.206013 0.0209824 -0 137.707 391 462714
7.0034 39.8237 2.39821 40.4704 0.17408 0.041974 -0 134.332 373 462714
6.36673 39.9304 2.39821 40.4704 0.158115 0.041974 -0 134.332 373 462714
-15.9923 37.3756 1.55313 40.6622 -0.404307 0.0209824 0.0707397 140.519 406 462714
-15.3526 37.6526 0.7 40.6622 -0.387164 0 -0 142.207 415 462714
-15.3526 37.6429 1.55313 40.6622 -0.387253 0.0209824 -0 144.644 428 462714
-15.9923 37.3854 0.7 40.6622 -0.404213 0 -0 144.644 428 462714
-15.9923 37.3756 1.55313 40.6622 -0.404307 0.0209824 -0 146.894 440 462714
9.12464 40.4028 1.56922 41.4294 0.222116 0.0209824 -0 137.957 387 462714
8.47288 40.5538 0.7 41.4294 0.205967 0 -0 139.832 397 462714
8.47288 40.5445 1.56922 41.4294 0.206013 0.0209824 -0 140.207 399 462714
28.4149 30.9354 0.7 42.0049 0.742956 0 -0 134.394 368 462714
28.4149 30.9228 1.5813 42.0049 0.743158 0.0209824 -0 134.207 367 462714
6.60812 41.4724 1.5813 42.0049 0.158009 0.0209824 -0 135.144 372 462714
5.94731 41.5723 1.5813 42.0049 0.142095 0.0209824 -0 135.144 372 462714
-6.6383 41.6618 1.58532 42.1967 -0.158009 0.0209824 0.0707397 138.144 388 462714
-7.30213 41.56 0.7 42.1967 -0.173925 0 0.0707397 134.957 371 462714
-7.30213 41.5506 1.58532 42.1967 -0.173964 0.0209824 0.0707397 138.519 390 462714
-15.2681 39.3276 1.58532 42.1967 -0.370317 0.0209824 0.0707397 135.519 374 462714
-6.6383 41.6618 1.58532 42.1967 -0.158009 0.0209824 -0 145.832 429 462714
-7.30213 41.5506 1.58532 42.1967 -0.173964 0.0209824 -0 146.207 431 462714
-6.6383 41.6618 1.58532 42.1967 -0.158009 0.0209824 -0.0707397 137.957 387 462714
-7.30213 41.5506 1.58532 42.1967 -0.173964 0.0209824 -0.0707397 138.144 388 462714
29.2085 30.4407 1.58532 42.1967 0.764744 0.0209824 -0.0707397 135.332 373 462714
-15.2681 39.3276 1.58532 42.1967 -0.370317 0.0209824 -0.0707397 134.957 371 462714
28.9339 31.5004 0.7 42.7721 0.742956 0 0.0707397 143.019 414 462714
28.9339 31.4876 1.59739 42.7721 0.743158 0.0209824 0.0707397 141.894 408 462714
28.261 32.1055 0.7 42.7721 0.721799 0 0.0707397 146.019 430 462714
28.261 32.0929 1.59739 42.7721 0.721993 0.0209824 0.0707397 144.707 423 462714
28.9339 31.5004 0.7 42.7721 0.742956 0 -0 147.332 437 462714
28.9339 31.4876 1.59739 42.7721 0.743158 0.0209824 -0 146.207 431 462714
28.261 32.1055 0.7 42.7721 0.721799 0 -0 150.332 453 462714
28.261 32.0929 1.59739 42.7721 0.721993 0.0209824 -0 149.019 446 462714
28.9339 31.5004 0.7 42.7721 0.742956 0 -0.0707397 137.957 387 462714
28.9339 31.4876 1.59739 42.7721 0.743158 0.0209824 -0.0707397 135.707 375 462714
28.261 32.1055 0.7 42.7721 0.721799 0 -0.0707397 141.144 404 462714
28.261 32.0929 1.59739 42.7721 0.721993 0.0209824 -0.0707397 139.269 394 462714
29.0637 31.6417 0.7 42.9639 0.742956 0 0.0707397 136.269 378 462714
29.0637 31.6288 1.60142 42.9639 0.743158 0.0209824 0.0707397 135.332 373 462714
28.3878 32.2495 0.7 42.9639 0.721799 0 0.0707397 140.019 398 462714
28.3878 32.2369 1.60142 42.9639 0.721993 0.0209824 0.0707397 138.707 391 462714
29.0637 31.6417 0.7 42.9639 0.742956 0 -0 143.019 414 462714
29.0637 31.6288 1.60142 42.9639 0.743158 0.0209824 -0 141.707 407 462714
28.3878 32.2495 0.7 42.9639 0.721799 0 -0 146.582 433 462714
28.3878 32.2369 1.60142 42.9639 0.721993 0.0209824 -0 144.894 424 462714
29.0637 31.6417 0.7 42.9639 0.742956 0 -0.0707397 134.394 368 462714
28.3878 32.2495 0.7 42.9639 0.721799 0 -0.0707397 138.519 390 462714
28.3878 32.2369 1.60142 42.9639 0.721993 0.0209824 -0.0707397 137.207 383 462714
6.84952 42.9874 1.61349 43.5393 0.158009 0.0209824 0.0707397 134.832 365 462714
6.16457 43.0619 2.52698 43.5393 0.14219 0.041974 0.0707397 135.582 369 462714
6.16457 43.091 1.61349 43.5393 0.142095 0.0209824 0.0707397 137.644 380 462714
6.84952 42.9874 1.61349 43.5393 0.158009 0.0209824 -0 142.144 404 462714
6.16457 43.0619 2.52698 43.5393 0.14219 0.041974 -0 143.082 409 462714
6.16457 43.091 1.61349 43.5393 0.142095 0.0209824 -0 145.519 422 462714
6.84952 42.9874 1.61349 43.5393 0.158009 0.0209824 -0.0707397 136.519 374 462714
6.16457 43.0619 2.52698 43.5393 0.14219 0.041974 -0.0707397 137.082 377 462714
6.16457 43.091 1.61349 43.5393 0.142095 0.0209824 -0.0707397 139.519 390 462714
28.2067 33.4184 0.7 43.7311 0.701029 0 0.0707397 135.019 366 462714
6.19172 43.2808 1.61751 43.7311 0.142095 0.0209824 0.0707397 130.707 343 462714
28.2067 33.4184 0.7 43.7311 0.701029 0 -0 142.707 407 462714
28.2067 33.4184 0.7 43.7311 0.701029 0 -0.0707397 135.957 371 462714
28.2067 33.4058 1.61751 43.7311 0.701215 0.0209824 -0.0707397 134.832 365 462714
6.19172 43.2808 1.61751 43.7311 0.142095 0.0209824 -0.0707397 133.707 359 462714
5.50375 43.3445 2.53503 43.7311 0.126301 0.041974 -0.0707397 132.394 352 462714
5.50375 43.3737 1.61751 43.7311 0.126217 0.0209824 -0.0707397 133.332 357 462714
-16.0315 41.3044 0.7 44.3065 -0.370232 0 0.0707397 137.457 379 462714
-16.0315 41.294 -0.229587 44.3065 -0.370317 -0.0209824 0.0707397 136.144 372 462714
-16.7285 41.0271 0.7 44.3065 -0.387164 0 0.0707397 134.457 363 462714
6.27319 43.8207 2.55917 44.3065 0.14219 0.041974 0.0707397 134.269 362 462714
-16.0315 41.3044 0.7 44.3065 -0.370232 0 -0 145.144 420 462714
-16.0315 41.294 -0.229587 44.3065 -0.370317 -0.0209824 -0 143.269 410 462714
6.27319 43.8207 2.55917 44.3065 0.14219 0.041974 -0 141.957 403 462714
6.27319 43.8503 1.62959 44.3065 0.142095 0.0209824 -0 141.957 403 462714
-16.0315 41.3044 0.7 44.3065 -0.370232 0 -0.0707397 138.019 382 462714
-16.0315 41.294 -0.229587 44.3065 -0.370317 -0.0209824 -0.0707397 136.519 374 462714
6.27319 43.8207 2.55917 44.3065 0.14219 0.041974 -0.0707397 135.582 369 462714
6.27319 43.8503 1.62959 44.3065 0.142095 0.0209824 -0.0707397 136.332 373 462714
7.00039 43.9343 1.63361 44.4983 0.158009 0.0209824 0.0707397 131.269 346 462714
6.30035 44.05 0.7 44.4983 0.142064 0 0.0707397 131.644 348 462714
6.30035 44.0401 1.63361 44.4983 0.142095 0.0209824 0.0707397 133.144 356 462714
7.00039 43.9343 1.63361 44.4983 0.158009 0.0209824 -0 138.957 387 462714
6.30035 44.05 0.7 44.4983 0.142064 0 -0 138.582 385 462714
6.30035 44.0401 1.63361 44.4983 0.142095 0.0209824 -0 139.707 391 462714
7.00039 43.9343 1.63361 44.4983 0.158009 0.0209824 -0.0707397 131.832 349 462714
0 45.0638 -0.245684 45.0737 0 -0.0209824 0.0707397 144.582 417 462714
-2.83636 44.9844 0.7 45.0737 -0.0629689 0 0.0707397 138.582 385 462714
-2.83636 44.9744 -0.245684 45.0737 -0.0629827 -0.0209824 0.0707397 139.519 390 462714
0 45.0737 0.7 45.0737 0 0 -0 150.582 449 462714
0 45.0638 -0.245684 45.0737 0 -0.0209824 -0 153.019 462 462714
-0.709091 45.0681 0.7 45.0737 -0.0157325 0 -0 150.394 448 462714
-0.709091 45.0582 -0.245684 45.0737 -0.0157359 -0.0209824 -0 150.394 448 462714
0 45.0737 0.7 45.0737 0 0 -0.0707397 143.832 413 462714
0 45.0638 -0.245684 45.0737 0 -0.0209824 -0.0707397 146.457 427 462714
-0.709091 45.0681 0.7 45.0737 -0.0157325 0 -0.0707397 143.269 410 462714
-0.709091 45.0582 -0.245684 45.0737 -0.0157359 -0.0209824 -0.0707397 144.207 415 462714
-3.56054 45.1253 0.7 45.2655 -0.0787404 0 0.0707397 138.957 387 462714
-3.56054 45.1153 -0.249708 45.2655 -0.0787578 -0.0209824 0.0707397 138.582 385 462714
-4.27265 45.0634 0.7 45.2655 -0.0945316 0 0.0707397 140.457 395 462714
-4.27265 45.0534 -0.249708 45.2655 -0.0945525 -0.0209824 0.0707397 138.394 384 462714
0 45.2555 -0.249708 45.2655 0 -0.0209824 -0 145.332 421 462714
-3.56054 45.1253 0.7 45.2655 -0.0787404 0 -0 145.707 423 462714
-3.56054 45.1153 -0.249708 45.2655 -0.0787578 -0.0209824 -0 145.332 421 462714
-4.27265 45.0634 0.7 45.2655 -0.0945316 0 -0 147.394 432 462714
-4.27265 45.0534 -0.249708 45.2655 -0.0945525 -0.0209824 -0 144.582 417 462714
-3.56054 45.1253 0.7 45.2655 -0.0787404 0 -0.0707397 137.457 379 462714
-3.56054 45.1153 -0.249708 45.2655 -0.0787578 -0.0209824 -0.0707397 136.894 376 462714
-4.27265 45.0634 0.7 45.2655 -0.0945316 0 -0.0707397 140.269 394 462714
-4.27265 45.0534 -0.249708 45.2655 -0.0945525 -0.0209824 -0.0707397 137.082 377 462714
34.6157 30.0523 0.7 45.8409 0.855848 0 -0.0707397 141.957 403 462714
-6.5176 45.569 0.7 46.0327 -0.142064 0 0.0707397 144.207 415 462714
-6.5176 45.5587 -0.265805 46.0327 -0.142095 -0.0209824 0.0707397 144.394 416 462714
-7.24178 45.4595 0.7 46.0327 -0.157974 0 0.0707397 144.207 415 462714
-7.24178 45.4493 -0.265805 46.0327 -0.158009 -0.0209824 0.0707397 144.207 415 462714
-6.5176 45.569 0.7 46.0327 -0.142064 0 -0 151.519 454 462714
-6.5176 45.5587 -0.265805 46.0327 -0.142095 -0.0209824 -0 151.144 452 462714
-7.24178 45.4595 0.7 46.0327 -0.157974 0 -0 151.707 455 462714
-7.24178 45.4493 -0.265805 46.0327 -0.158009 -0.0209824 -0 151.332 453 462714
-6.5176 45.569 0.7 46.0327 -0.142064 0 -0.0707397 144.019 414 462714
-6.5176 45.5587 -0.265805 46.0327 -0.142095 -0.0209824 -0.0707397 143.644 412 462714
-7.24178 45.4595 0.7 46.0327 -0.157974 0 -0.0707397 144.957 419 462714
-7.24178 45.4493 -0.265805 46.0327 -0.158009 -0.0209824 -0.0707397 144.207 415 462714
-10.9985 45.2918 0.7 46.6081 -0.238224 0 -0 138.644 380 462714
-12.5162 45.0952 0.7 46.7999 -0.270736 0 -0 137.894 376 462714
-14.9663 45.1513 0.7 47.5671 -0.320073 0 0.0707397 131.707 343 462714
-15.7147 44.8963 0.7 47.5671 -0.336693 0 0.0707397 131.894 344 462714
-19.4562 43.3946 1.698 47.5671 -0.421486 0.0209824 0.0707397 131.707 343 462714
-14.9663 45.1513 0.7 47.5671 -0.320073 0 -0 139.207 383 462714
-15.7147 44.8963 0.7 47.5671 -0.336693 0 -0 139.394 384 462714
-14.9663 45.1513 0.7 47.5671 -0.320073 0 -0.0707397 132.457 347 462714
-15.7147 44.8963 0.7 47.5671 -0.336693 0 -0.0707397 133.019 350 462714
23.4785 42.0294 0.7 48.1425 0.509437 0 0.0707397 132.644 348 462714
23.4785 42.0294 0.7 48.1425 0.509437 0 -0.0707397 132.644 348 462714
25.0928 41.2607 -1.32819 48.3344 0.546391 -0.041974 0.0707397 133.207 351 462714
25.0928 41.2607 -1.32819 48.3344 0.546391 -0.041974 -0 139.957 387 462714
25.0928 41.2607 -1.32819 48.3344 0.546391 -0.041974 -0.0707397 133.207 351 462714
9.23327 48.0194 1.72617 48.9098 0.189964 0.0209824 -0 137.207 367 462714
10.0419 48.0637 0.7 49.1016 0.205967 0 0.0707397 134.957 355 462714
10.0419 48.0527 1.73019 49.1016 0.206013 0.0209824 0.0707397 135.519 358 462714
9.26948 48.1746 2.76038 49.1016 0.190091 0.041974 0.0707397 136.269 362 462714
9.26948 48.2077 1.73019 49.1016 0.189964 0.0209824 0.0707397 137.957 371 462714
4.63474 48.8823 0.7 49.1016 0.0945316 0 0.0707397 137.582 369 462714
4.63474 48.8715 1.73019 49.1016 0.0945525 0.0209824 0.0707397 135.707 359 462714
3.86228 48.9494 0.7 49.1016 0.0787404 0 0.0707397 135.519 358 462714
9.26948 48.2077 1.73019 49.1016 0.189964 0.0209824 -0 144.707 407 462714
4.63474 48.8823 0.7 49.1016 0.0945316 0 -0 144.894 408 462714
10.0419 48.0527 1.73019 49.1016 0.206013 0.0209824 -0.0707397 134.207 351 462714
9.26948 48.1746 2.76038 49.1016 0.190091 0.041974 -0.0707397 136.082 361 462714
9.26948 48.2077 1.73019 49.1016 0.189964 0.0209824 -0.0707397 137.207 367 462714
4.63474 48.8823 0.7 49.1016 0.0945316 0 -0.0707397 137.207 367 462714
4.63474 48.8715 1.73019 49.1016 0.0945525 0.0209824 -0.0707397 135.332 357 462714
3.86228 48.9494 0.7 49.1016 0.0787404 0 -0.0707397 134.582 353 462714
22.6638 44.1935 1.74226 49.677 0.473858 0.0209824 -0 132.894 344 462714
-28.1343 40.9289 1.74226 49.677 -0.602216 0.0209824 -0 133.832 349 462714
6.25207 49.1827 3.82679 49.677 0.126441 0.0629841 -0 134.207 351 462714
-28.2429 41.1003 0.7 49.8688 -0.602065 0 -0 136.457 363 462714
-29.0275 40.55 0.7 49.8688 -0.621281 0 -0 135.144 356 462714
31.1849 40.1368 0.7 50.8278 0.660537 0 -0 135.707 359 462714
31.1849 40.1227 1.76641 50.8278 0.660708 0.0209824 -0 134.207 351 462714
30.3853 40.7455 0.7 50.8278 0.640765 0 -0 133.644 348 462714
-30.3853 40.7455 0.7 50.8278 -0.640765 0 -0 133.269 346 462714
3.99807 50.6591 1.76641 50.8278 0.0787578 0.0209824 -0 134.019 350 462714
3.19845 50.7158 1.76641 50.8278 0.0629827 0.0209824 -0 132.519 342 462714
3.22259 51.0986 1.77446 51.2114 0.0629827 0.0209824 -0 134.582 353 462714
4.85199 51.1737 0.7 51.4032 0.0945316 0 -0 135.144 356 462714
4.85199 51.1623 1.77848 51.4032 0.0945525 0.0209824 -0 133.082 345 462714
4.04333 51.2439 0.7 51.4032 0.0787404 0 -0 133.832 349 462714
0 52.3622 0.7 52.3622 0 0 -0 143.832 397 462714
0 52.3507 1.7986 52.3622 0 0.0209824 -0 141.582 385 462714
-0.823752 52.3557 0.7 52.3622 -0.0157325 0 -0 142.519 390 462714
0 52.7458 0.7 52.7458 0 0 0.0707397 148.332 421 462714
0 52.7342 1.80665 52.7458 0 0.0209824 0.0707397 146.269 410 462714
-0.829787 52.7393 0.7 52.7458 -0.0157325 0 0.0707397 147.582 417 462714
-0.829787 52.7277 1.80665 52.7458 -0.0157359 0.0209824 0.0707397 146.269 410 462714
0 52.7458 0.7 52.7458 0 0 -0 155.457 459 462714
0 52.7342 1.80665 52.7458 0 0.0209824 -0 154.144 452 462714
-0.829787 52.7393 0.7 52.7458 -0.0157325 0 -0 154.894 456 462714
-0.829787 52.7277 1.80665 52.7458 -0.0157359 0.0209824 -0 153.582 449 462714
0 52.7458 0.7 52.7458 0 0 -0.0707397 148.707 423 462714
0 52.7342 1.80665 52.7458 0 0.0209824 -0.0707397 147.019 414 462714
-0.829787 52.7393 0.7 52.7458 -0.0157325 0 -0.0707397 148.144 420 462714
-0.829787 52.7277 1.80665 52.7458 -0.0157359 0.0209824 -0.0707397 146.082 409 462714
1.66561 52.9114 0.7 52.9376 0.0314688 0 -0 145.707 407 462714
1.66561 52.8648 2.92135 52.9376 0.0314966 0.041974 -0 146.832 413 462714
1.66561 52.8998 1.81068 52.9376 0.0314757 0.0209824 -0 148.519 422 462714
0.832805 52.8844 2.92135 52.9376 0.0157463 0.041974 -0 145.707 407 462714
0.832805 52.9194 1.81068 52.9376 0.0157359 0.0209824 -0 146.457 411 462714
1.66561 52.8998 1.81068 52.9376 0.0314757 0.0209824 -0.0707397 141.582 385 462714
-1.67164 53.1031 0.7 53.1294 -0.0314688 0 -0 153.582 449 462714
1.67164 53.1031 0.7 53.1294 0.0314688 0 -0 154.894 456 462714
-2.52557 53.4534 0.7 53.513 -0.047213 0 0.0707397 148.332 421 462714
-2.52557 53.4416 -0.422748 53.513 -0.0472234 -0.0209824 0.0707397 147.019 414 462714
-3.36743 53.407 0.7 53.513 -0.0629689 0 0.0707397 147.394 416 462714
-2.52557 53.4534 0.7 53.513 -0.047213 0 -0 156.019 462 462714
-2.52557 53.4416 -0.422748 53.513 -0.0472234 -0.0209824 -0 153.582 449 462714
-3.36743 53.407 0.7 53.513 -0.0629689 0 -0 154.519 454 462714
-2.52557 53.4534 0.7 53.513 -0.047213 0 -0.0707397 147.957 419 462714
-2.52557 53.4416 -0.422748 53.513 -0.0472234 -0.0209824 -0.0707397 145.894 408 462714
-3.36743 53.407 0.7 53.513 -0.0629689 0 -0.0707397 147.019 414 462714
-3.3795 53.5866 -0.426772 53.7048 -0.0629827 -0.0209824 0.0707397 142.894 392 462714
-4.22437 53.5384 0.7 53.7048 -0.0787404 0 0.0707397 145.144 404 462714
-4.22437 53.5266 -0.426772 53.7048 -0.0787578 -0.0209824 0.0707397 144.957 403 462714
-3.3795 53.5866 -0.426772 53.7048 -0.0629827 -0.0209824 -0 149.457 427 462714
-4.22437 53.5384 0.7 53.7048 -0.0787404 0 -0 151.519 438 462714
-4.22437 53.5266 -0.426772 53.7048 -0.0787578 -0.0209824 -0 151.519 438 462714
-3.3795 53.5866 -0.426772 53.7048 -0.0629827 -0.0209824 -0.0707397 142.144 388 462714
-4.22437 53.5384 0.7 53.7048 -0.0787404 0 -0.0707397 144.582 401 462714
-4.22437 53.5266 -0.426772 53.7048 -0.0787578 -0.0209824 -0.0707397 143.832 397 462714
40.554 35.2077 0.7 53.7048 0.855848 0 -0.0707397 139.707 375 462714
-11.1795 53.5085 0.7 54.6638 -0.205967 0 0.0707397 138.207 367 462714
-12.8994 53.1201 0.7 54.6638 -0.238224 0 0.0707397 138.207 367 462714
-13.7594 52.9038 0.7 54.6638 -0.254446 0 0.0707397 137.644 364 462714
-13.7594 52.8914 1.84689 54.6638 -0.254503 0.0209824 0.0707397 136.332 357 462714
13.7594 52.9038 0.7 54.6638 0.254446 0 0.0707397 135.957 355 462714
-12.8542 52.9337 0.7 54.472 -0.238224 0 0.0707397 141.582 385 462714
-12.8542 52.9213 1.84287 54.472 -0.238277 0.0209824 0.0707397 140.269 378 462714
-13.7111 52.7182 0.7 54.472 -0.254446 0 0.0707397 140.269 378 462714
-12.0395 50.8466 -15.3565 54.6638 -0.232498 -0.298128 -0.141479 137.082 361 462714
-12.8994 53.1201 0.7 54.6638 -0.238224 0 -0.0707397 138.582 369 462714
-13.7594 52.9038 0.7 54.6638 -0.254446 0 -0.0707397 139.332 373 462714
13.7594 52.9038 0.7 54.6638 0.254446 0 -0.0707397 136.707 359 462714
13.7594 52.8914 1.84689 54.6638 0.254503 0.0209824 -0.0707397 135.394 352 462714
0 55.0353 1.85494 55.0475 0 0.0209824 0.0707397 140.144 372 462714
0.865996 55.0285 1.85494 55.0475 0.0157359 0.0209824 0.0707397 141.457 379 462714
0.865996 55.0285 1.85494 55.0475 0.0157359 0.0209824 -0 148.207 415 462714
0 55.0353 1.85494 55.0475 0 0.0209824 -0.0707397 138.269 362 462714
1.73199 54.9717 -1.60988 55.0475 0.0314966 -0.041974 -0.0707397 139.207 367 462714
0.865996 54.9921 -1.60988 55.0475 0.0157463 -0.041974 -0.0707397 138.082 361 462714
0.865996 55.0285 1.85494 55.0475 0.0157359 0.0209824 -0.0707397 139.957 371 462714
-0.869014 55.1838 -1.61793 55.2393 -0.0157463 -0.041974 0.0707397 136.582 353 462714
-0.869014 55.2203 1.85897 55.2393 -0.0157359 0.0209824 0.0707397 135.644 348 462714
-0.869014 55.1838 -1.61793 55.2393 -0.0157463 -0.041974 -0 144.832 397 462714
0 55.2271 1.85897 55.2393 0 0.0209824 -0.0707397 134.519 342 462714
-0.869014 55.2203 -0.458966 55.2393 -0.0157359 -0.0209824 -0.0707397 135.644 348 462714
-0.869014 55.1838 -1.61793 55.2393 -0.0157463 -0.041974 -0.0707397 138.832 365 462714
-0.869014 55.2203 1.85897 55.2393 -0.0157359 0.0209824 -0.0707397 137.332 357 462714
-13.9525 53.6463 0.7 55.4311 -0.254446 0 0.0707397 135.832 349 462714
-13.9525 53.6463 0.7 55.4311 -0.254446 0 -0.0707397 137.332 357 462714
-13.9525 53.6337 -0.46299 55.4311 -0.254503 -0.0209824 -0.0707397 135.269 346 462714
-4.40542 55.8206 -0.475063 56.0065 -0.0787578 -0.0209824 0.0707397 142.394 384 462714
-4.40542 55.7835 -1.65013 56.0065 -0.07881 -0.041974 0.0707397 143.144 388 462714
-8.84101 55.486 -0.479087 56.1983 -0.158009 -0.0209824 0.0707397 135.644 348 462714
-9.72511 55.3379 -0.479087 56.1983 -0.173964 -0.0209824 0.0707397 136.019 350 462714
-9.72511 55.3002 3.05817 56.1983 -0.17408 0.041974 0.0707397 134.519 342 462714
-3.5364 55.7762 -5.19543 56.1983 -0.0633187 -0.105098 -0.0707397 135.269 346 462714
-12.4619 55.1925 0.7 56.5819 -0.222066 0 0.0707397 135.269 346 462714
-18.6928 53.4049 0.7 56.5819 -0.336693 0 -0.0707397 134.519 342 462714
-19.6494 53.2649 0.7 56.7737 -0.353411 0 0.0707397 142.582 385 462714
-19.6494 53.2516 -0.491159 56.7737 -0.353492 -0.0209824 0.0707397 141.082 377 462714
-20.5425 52.9269 0.7 56.7737 -0.370232 0 0.0707397 142.394 384 462714
-20.5425 52.9135 -0.491159 56.7737 -0.370317 -0.0209824 0.0707397 139.394 368 462714
-19.6494 53.2649 0.7 56.7737 -0.353411 0 -0 149.519 422 462714
-19.6494 53.2516 -0.491159 56.7737 -0.353492 -0.0209824 -0 148.207 415 462714
-20.5425 52.9269 0.7 56.7737 -0.370232 0 -0 149.519 422 462714
-20.5425 52.9135 -0.491159 56.7737 -0.370317 -0.0209824 -0 146.144 404 462714
-19.6494 53.2649 0.7 56.7737 -0.353411 0 -0.0707397 142.207 383 462714
-19.6494 53.2516 -0.491159 56.7737 -0.353492 -0.0209824 -0.0707397 140.707 375 462714
-20.5425 52.9269 0.7 56.7737 -0.370232 0 -0.0707397 142.207 383 462714
-20.5425 52.9135 -0.491159 56.7737 -0.370317 -0.0209824 -0.0707397 138.457 363 462714
-19.7157 53.4449 0.7 56.9655 -0.353411 0 0.0707397 141.269 378 462714
-19.7157 53.4315 -0.495183 56.9655 -0.353492 -0.0209824 0.0707397 138.269 362 462714
-19.7157 53.4315 1.89518 56.9655 -0.353492 0.0209824 0.0707397 136.019 350 462714
-20.6119 53.1057 0.7 56.9655 -0.370232 0 0.0707397 139.207 367 462714
-19.7157 53.4449 0.7 56.9655 -0.353411 0 -0 149.144 420 462714
-19.7157 53.4315 -0.495183 56.9655 -0.353492 -0.0209824 -0 146.519 406 462714
-20.6119 53.1057 0.7 56.9655 -0.370232 0 -0 147.082 409 462714
-19.7157 53.4449 0.7 56.9655 -0.353411 0 -0.0707397 142.582 385 462714
-19.7157 53.4315 -0.495183 56.9655 -0.353492 -0.0209824 -0.0707397 140.144 372 462714
-20.6119 53.1057 0.7 56.9655 -0.370232 0 -0.0707397 140.519 374 462714
-18.9463 54.1291 0.7 57.3491 -0.336693 0 -0 139.207 367 462714
-19.8485 53.8048 0.7 57.3491 -0.353411 0 -0 141.269 378 462714
-19.8485 53.7913 -0.503232 57.3491 -0.353492 -0.0209824 -0 137.144 356 462714
-19.8485 53.8048 0.7 57.3491 -0.353411 0 -0.0707397 135.832 349 462714
-15.3888 55.3923 -1.71451 57.5409 -0.270981 -0.041974 0.0707397 141.457 379 462714
-16.294 55.1725 -0.507256 57.5409 -0.287166 -0.0209824 0.0707397 140.332 373 462714
-16.294 55.1328 -1.71451 57.5409 -0.287361 -0.041974 0.0707397 145.957 403 462714
-16.294 55.0667 -2.92177 57.5409 -0.287687 -0.0629841 0.0707397 140.894 376 462714
-17.1992 54.8572 -1.71451 57.5409 -0.303821 -0.041974 0.0707397 141.644 380 462714
-15.3888 55.3923 -1.71451 57.5409 -0.270981 -0.041974 -0 148.582 417 462714
-16.294 55.1328 -1.71451 57.5409 -0.287361 -0.041974 -0 153.269 442 462714
-17.1992 54.8572 -1.71451 57.5409 -0.303821 -0.041974 -0 149.144 420 462714
-15.3888 55.3923 -1.71451 57.5409 -0.270981 -0.041974 -0.0707397 141.832 381 462714
-16.294 55.1328 -1.71451 57.5409 -0.287361 -0.041974 -0.0707397 146.144 404 462714
-17.1992 54.8572 -1.71451 57.5409 -0.303821 -0.041974 -0.0707397 142.207 383 462714
0 58.1163 0.7 58.1163 0 0 -0 134.144 340 462714
-15.5427 55.9994 0.7 58.1163 -0.270736 0 -0 136.582 353 462714
-15.5427 55.9861 1.91933 58.1163 -0.270797 0.0209824 -0 136.957 355 462714
27.4282 51.2367 0.7 58.1163 0.491506 0 -0 134.707 343 462714
0 58.3081 0.7 58.3081 0 0 -0 137.144 356 462714
0 58.2953 -0.523353 58.3081 0 -0.0209824 -0 136.582 353 462714
0.917292 58.3009 0.7 58.3081 0.0157325 0 -0 136.582 353 462714
-12.0425 57.586 3.17085 58.8835 -0.206151 0.041974 -0 135.332 341 462714
7.43489 58.6056 0.7 59.0753 0.126189 0 -0 134.957 339 462714
7.43489 58.5925 1.93945 59.0753 0.126217 0.0209824 -0 134.957 339 462714
-20.6451 55.9082 3.20304 59.6507 -0.353736 0.041974 -0 137.394 352 462714
-20.6451 55.9502 1.95152 59.6507 -0.353492 0.0209824 -0 135.144 340 462714
29.0908 52.0612 1.95152 59.6507 0.50956 0.0209824 -0 136.457 347 462714
-28.2429 52.7436 1.95555 59.8425 -0.491624 0.0209824 -0 135.707 343 462714
-29.1844 52.2286 1.95555 59.8425 -0.50956 0.0209824 -0 136.269 346 462714
31.0672 51.131 1.95555 59.8425 0.54599 0.0209824 -0 136.832 349 462714
28.2429 52.7436 1.95555 59.8425 0.491624 0.0209824 -0 137.207 351 462714
39.9203 45.3508 0.7 60.4179 0.721799 0 -0 135.519 342 462714
30.4155 52.1421 3.23524 60.4179 0.528064 0.041974 -0 136.457 347 462714
30.4155 52.1883 1.96762 60.4179 0.527678 0.0209824 -0 137.582 353 462714
29.465 52.685 3.23524 60.4179 0.50993 0.041974 -0 137.207 351 462714
29.465 52.7308 1.96762 60.4179 0.50956 0.0209824 -0 138.707 359 462714
30.512 52.3694 0.7 60.6097 0.52755 0 -0 134.957 339 462714
30.512 52.354 1.97164 60.6097 0.527678 0.0209824 -0 138.332 357 462714
29.5585 52.9135 0.7 60.6097 0.509437 0 -0 137.957 355 462714
29.5585 52.8982 1.97164 60.6097 0.50956 0.0209824 -0 140.019 366 462714
29.5585 52.8982 1.97164 60.6097 0.50956 0.0209824 -0.0707397 134.582 337 462714
34.2174 51.8591 2.00384 62.1442 0.583244 0.0209824 -0 136.707 343 462714
33.2398 52.4425 3.30767 62.1442 0.564926 0.041974 -0 137.269 346 462714
33.2398 52.4911 2.00384 62.1442 0.564507 0.0209824 -0 139.707 359 462714
8.06252 63.5528 0.7 64.0622 0.126189 0 -0 136.144 340 462714
7.0547 63.6726 0.7 64.0622 0.110346 0 -0 136.519 342 462714
37.4008 52.2471 0.7 64.254 0.621281 0 -0 137.082 345 462714
37.4008 52.2297 2.0481 64.254 0.621438 0.0209824 -0 139.144 356 462714
36.3899 52.9561 0.7 64.254 0.602065 0 -0 136.332 341 462714
36.3899 52.9389 2.0481 64.254 0.602216 0.0209824 -0 138.394 352 462714
-9.23327 64.5561 0.7 65.213 -0.142064 0 -0 138.019 350 462714
-10.2592 64.401 0.7 65.213 -0.157974 0 -0 135.957 339 462714
-46.3353 48.3105 0.7 66.9392 -0.764533 0 -0 139.394 352 462714
-45.412 49.4401 0.7 67.131 -0.742956 0 -0 137.332 341 462714
12.6731 65.9089 2.10847 67.131 0.189964 0.0209824 -0 138.269 346 462714
13.7684 65.8393 3.52498 67.3228 0.206151 0.041974 -0 137.707 343 462714
13.7684 65.8848 2.11249 67.3228 0.206013 0.0209824 -0 139.207 351 462714
12.7093 66.0519 3.52498 67.3228 0.190091 0.041974 -0 141.269 362 462714
12.7093 66.0972 2.11249 67.3228 0.189964 0.0209824 -0 142.207 367 462714
11.6502 66.2469 3.52498 67.3228 0.17408 0.041974 -0 137.894 344 462714
11.6502 66.2921 2.11249 67.3228 0.173964 0.0209824 -0 137.894 344 462714
26.6286 62.2501 0.7 67.7065 0.404213 0 -0 138.082 345 462714
1.08325 68.8336 2.14468 68.8573 0.0157359 0.0209824 -0 136.957 339 462714
1.08627 69.0253 2.14871 69.0491 0.0157359 0.0209824 -0 138.082 345 462714
-2.17857 69.1456 3.60546 69.2409 -0.0314966 0.041974 -0 136.957 339 462714
-1.09532 69.5545 3.62156 69.6245 -0.0157463 0.041974 -0 137.957 339 462714
-14.3568 68.7161 0.7 70.1999 -0.205967 0 -0 138.144 340 462714
-13.3611 69.4392 3.66985 70.7753 -0.190091 0.041974 -0 140.394 352 462714
-13.3611 69.4868 2.18492 70.7753 -0.189964 0.0209824 -0 138.894 344 462714
-14.4745 69.2157 3.66985 70.7753 -0.206151 0.041974 -0 139.082 345 462714
-13.3973 69.6274 3.6779 70.9671 -0.190091 0.041974 -0 144.144 372 462714
-13.3973 69.6751 2.18895 70.9671 -0.189964 0.0209824 -0 141.519 358 462714
-14.5137 69.4033 3.6779 70.9671 -0.206151 0.041974 -0 142.644 364 462714
-14.5137 69.4512 2.18895 70.9671 -0.206013 0.0209824 -0 139.269 346 462714
2.26306 71.8747 2.20907 71.9261 0.0314757 0.0209824 0.0707397 138.519 342 462714
3.39458 71.8301 2.20907 71.9261 0.0472234 0.0209824 -0 142.082 361 462714
2.26306 71.8905 0.7 71.9261 0.0314688 0 -0 144.332 373 462714
2.26306 71.8747 2.20907 71.9261 0.0314757 0.0209824 -0 146.957 387 462714
1.13153 71.9014 2.20907 71.9261 0.0157359 0.0209824 -0 143.207 367 462714
2.26306 71.8747 2.20907 71.9261 0.0314757 0.0209824 -0.0707397 140.582 353 462714
3.40364 72.0217 2.21309 72.1179 0.0472234 0.0209824 -0 138.519 342 462714
2.26909 72.0822 0.7 72.1179 0.0314688 0 -0 140.207 351 462714
2.26909 72.0187 3.72619 72.1179 0.0314966 0.041974 -0 139.269 346 462714
2.26909 72.0663 2.21309 72.1179 0.0314757 0.0209824 -0 144.332 373 462714
1.13455 72.0931 2.21309 72.1179 0.0157359 0.0209824 -0 140.582 353 462714
2.27513 72.2739 0.7 72.3097 0.0314688 0 -0 138.332 341 462714
2.27513 72.258 2.21712 72.3097 0.0314757 0.0209824 -0 141.519 358 462714
1.13756 72.2849 2.21712 72.3097 0.0157359 0.0209824 -0 139.457 347 462714
-10.2924 71.961 0.7 72.6933 -0.142064 0 -0 140.207 351 462714
-10.2924 71.9448 2.22517 72.6933 -0.142095 0.0209824 -0 140.582 353 462714
24.1423 68.9056 3.76643 73.0769 0.337002 0.041974 -0 140.019 350 462714
24.2057 69.0009 5.31172 73.2687 0.337389 0.0629841 -0 142.457 363 462714
24.2057 69.0865 3.77448 73.2687 0.337002 0.041974 -0 145.457 379 462714
23.053 69.4796 3.77448 73.2687 0.320366 0.041974 -0 142.832 365 462714
