1.52983 1.91185 0.22917 2.49344 0.67485 -0.189968 -0 92.7067 391 462968
1.12851 3.03147 0.289533 3.26065 0.356371 -0.12622 -0.0707397 99.5192 406 462968
1.12851 3.02142 0.221122 3.26065 0.357458 -0.147399 -0.0707397 101.957 419 462968
1.07721 3.04009 0.221122 3.26065 0.340533 -0.147399 -0.0707397 98.0192 398 462968
1.12851 3.03147 0.289533 3.26065 0.356371 -0.12622 -0 107.019 446 462968
1.12851 3.02142 0.221122 3.26065 0.357458 -0.147399 -0 109.269 458 462968
1.30352 2.74145 0.249291 3.06885 0.443845 -0.147399 -0 102.332 421 462968
1.30352 2.73008 0.184904 3.06885 0.445458 -0.168645 -0 100.832 413 462968
1.15868 2.80573 0.249291 3.06885 0.391638 -0.147399 -0 101.957 419 462968
1.12851 3.03147 0.289533 3.26065 0.356371 -0.12622 0.0707397 99.8942 408 462968
1.12851 3.02142 0.221122 3.26065 0.357458 -0.147399 0.0707397 102.332 421 462968
1.07721 3.04009 0.221122 3.26065 0.340533 -0.147399 0.0707397 98.5817 401 462968
-1.64147 2.80986 0.905234 3.26065 -0.528708 0.0629841 -1.0611 111.894 472 462968
-1.64147 2.81402 0.836822 3.26065 -0.528064 0.041974 -1.0611 108.894 456 462968
-1.69277 2.77926 0.905234 3.26065 -0.547063 0.0629841 -1.0611 110.207 463 462968
-1.69277 2.78346 0.836822 3.26065 -0.546391 0.041974 -1.0611 107.582 449 462968
1.26731 2.54809 0.27746 2.87704 0.461531 -0.147399 -0 103.082 425 462968
1.26731 2.53734 0.217098 2.87704 0.463219 -0.168645 -0 104.582 433 462968
1.22205 2.5701 0.27746 2.87704 0.443845 -0.147399 -0 104.019 430 462968
1.22205 2.55945 0.217098 2.87704 0.445458 -0.168645 -0 104.582 433 462968
0.995745 2.644 0.156735 2.87704 0.360177 -0.189968 -0 103.269 426 462968
-1.54491 2.63908 0.957548 3.06885 -0.529614 0.0840222 -1.20258 112.457 475 462968
-1.59319 2.60306 1.02193 3.06885 -0.549229 0.105098 -1.20258 114.332 485 462968
-1.59319 2.61022 0.957548 3.06885 -0.548008 0.0840222 -1.20258 115.082 489 462968
-1.54491 2.64457 0.893161 3.06885 -0.528708 0.0629841 -1.0611 110.019 462 462968
-1.54491 2.64849 0.828774 3.06885 -0.528064 0.041974 -1.0611 107.207 447 462968
-1.59319 2.61577 0.893161 3.06885 -0.547063 0.0629841 -1.0611 108.144 452 462968
-1.59319 2.60306 1.02193 3.06885 -0.549229 0.105098 -1.13184 112.644 476 462968
-1.59319 2.61022 0.957548 3.06885 -0.548008 0.0840222 -1.13184 112.082 473 462968
-1.69277 2.76575 1.04206 3.26065 -0.549229 0.105098 -1.20258 117.519 502 462968
-1.69277 2.77336 0.973645 3.26065 -0.548008 0.0840222 -1.20258 118.269 506 462968
-1.69277 2.74537 1.17888 3.26065 -0.552528 0.147399 -1.27332 107.207 447 462968
-1.69277 2.75643 1.11047 3.26065 -0.550734 0.12622 -1.27332 107.207 447 462968
-1.69277 2.76575 1.04206 3.26065 -0.549229 0.105098 -1.27332 107.207 447 462968
-1.69277 2.77336 0.973645 3.26065 -0.548008 0.0840222 -1.27332 108.332 453 462968
-1.69277 2.76575 1.04206 3.26065 -0.549229 0.105098 -1.13184 115.082 489 462968
1.30352 3.16724 0.265388 3.45245 0.390435 -0.12622 -0 105.519 438 462968
1.30352 3.15645 0.192952 3.45245 0.391638 -0.147399 -0 102.707 423 462968
1.24921 3.18905 0.265388 3.45245 0.373346 -0.12622 -0 103.082 425 462968
1.19489 3.19915 0.192952 3.45245 0.357458 -0.147399 -0 101.582 417 462968
1.43327 3.31902 0.241243 3.64426 0.407646 -0.12622 0.0707397 99.3317 389 462968
1.43327 3.31902 0.241243 3.64426 0.407646 -0.12622 -0 106.457 427 462968
1.43327 3.31902 0.241243 3.64426 0.407646 -0.12622 -0.0707397 99.5192 390 462968
1.5087 3.4937 0.217098 3.83606 0.407646 -0.12622 0.0707397 99.7067 391 462968
1.44836 3.51915 0.217098 3.83606 0.390435 -0.12622 0.0707397 100.832 397 462968
1.14662 3.6385 0.297581 3.83606 0.305283 -0.105098 0.0707397 101.394 400 462968
1.14662 3.6287 0.217098 3.83606 0.306057 -0.12622 0.0707397 101.582 401 462968
1.08627 3.65697 0.297581 3.83606 0.288739 -0.105098 0.0707397 101.957 403 462968
1.08627 3.64722 0.217098 3.83606 0.289469 -0.12622 0.0707397 101.394 400 462968
1.44836 3.51915 0.217098 3.83606 0.390435 -0.12622 -0.0707397 102.707 407 462968
1.14662 3.6385 0.297581 3.83606 0.305283 -0.105098 -0.0707397 102.707 407 462968
1.14662 3.6287 0.217098 3.83606 0.306057 -0.12622 -0.0707397 101.957 403 462968
1.08627 3.65697 0.297581 3.83606 0.288739 -0.105098 -0.0707397 102.144 404 462968
1.59319 3.88219 0.257339 4.21967 0.389427 -0.105098 0.0707397 107.394 432 462968
1.19489 4.02267 0.257339 4.21967 0.288739 -0.105098 0.0707397 108.707 439 462968
1.12851 4.04179 0.257339 4.21967 0.272276 -0.105098 0.0707397 107.582 433 462968
1.59319 3.88219 0.257339 4.21967 0.389427 -0.105098 -0 115.269 474 462968
1.19489 4.02267 0.257339 4.21967 0.288739 -0.105098 -0 116.207 479 462968
1.12851 4.04179 0.257339 4.21967 0.272276 -0.105098 -0 115.269 474 462968
1.59319 3.88219 0.257339 4.21967 0.389427 -0.105098 -0.0707397 108.519 438 462968
1.19489 4.02267 0.257339 4.21967 0.288739 -0.105098 -0.0707397 108.707 439 462968
1.12851 4.04179 0.257339 4.21967 0.272276 -0.105098 -0.0707397 108.144 436 462968
1.73501 4.02947 0.237219 4.41147 0.406588 -0.105098 0.0707397 104.957 403 462968
1.66561 4.05865 0.237219 4.41147 0.389427 -0.105098 0.0707397 105.894 408 462968
1.31861 4.18428 0.237219 4.41147 0.305283 -0.105098 0.0707397 105.707 407 462968
1.24921 4.20552 0.237219 4.41147 0.288739 -0.105098 0.0707397 105.144 404 462968
1.66561 4.05865 0.237219 4.41147 0.389427 -0.105098 -0.0707397 107.207 415 462968
1.24921 4.20552 0.237219 4.41147 0.288739 -0.105098 -0.0707397 107.019 414 462968
1.44836 4.35237 0.313678 4.60327 0.321247 -0.0840222 0.0707397 110.582 433 462968
1.44836 4.34272 0.217098 4.60327 0.321913 -0.105098 0.0707397 110.957 435 462968
1.44836 4.35237 0.313678 4.60327 0.321247 -0.0840222 -0 118.457 475 462968
1.44836 4.34272 0.217098 4.60327 0.321913 -0.105098 -0 118.832 477 462968
1.44836 4.35237 0.313678 4.60327 0.321247 -0.0840222 -0.0707397 111.519 438 462968
1.44836 4.34272 0.217098 4.60327 0.321913 -0.105098 -0.0707397 111.894 440 462968
1.20696 4.62321 0.297581 4.79507 0.255367 -0.0840222 -0 116.394 464 462968
1.20696 4.61334 0.196977 4.79507 0.255889 -0.105098 -0 116.582 465 462968
1.13153 4.64225 0.297581 4.79507 0.239084 -0.0840222 -0 116.582 465 462968
1.13153 4.63242 0.196977 4.79507 0.239572 -0.105098 -0 116.957 467 462968
1.56905 4.71507 0.281485 4.98688 0.321247 -0.0840222 0.0707397 105.519 406 462968
1.56905 4.70461 0.176856 4.98688 0.321913 -0.105098 0.0707397 104.207 399 462968
1.41215 4.76441 0.281485 4.98688 0.288146 -0.0840222 0.0707397 106.082 409 462968
1.33369 4.78697 0.281485 4.98688 0.271719 -0.0840222 0.0707397 108.144 420 462968
1.33369 4.77666 0.176856 4.98688 0.272276 -0.105098 0.0707397 105.144 404 462968
1.33369 4.78697 0.281485 4.98688 0.271719 -0.0840222 -0 115.082 457 462968
1.56905 4.71507 0.281485 4.98688 0.321247 -0.0840222 -0.0707397 105.519 406 462968
1.41215 4.76441 0.281485 4.98688 0.288146 -0.0840222 -0.0707397 104.957 403 462968
1.33369 4.78697 0.281485 4.98688 0.271719 -0.0840222 -0.0707397 107.957 419 462968
1.25524 4.80813 0.281485 4.98688 0.255367 -0.0840222 -0.0707397 104.207 399 462968
1.46646 4.94766 0.265388 5.17868 0.288146 -0.0840222 0.0707397 112.019 430 462968
1.46646 4.93691 0.156735 5.17868 0.288739 -0.105098 0.0707397 107.894 408 462968
1.38499 4.97108 0.265388 5.17868 0.271719 -0.0840222 0.0707397 109.957 419 462968
1.05911 5.05056 0.265388 5.17868 0.206706 -0.0840222 0.0707397 106.582 401 462968
1.46646 4.94766 0.265388 5.17868 0.288146 -0.0840222 -0 119.332 469 462968
1.38499 4.97108 0.265388 5.17868 0.271719 -0.0840222 -0 117.644 460 462968
1.46646 4.94766 0.265388 5.17868 0.288146 -0.0840222 -0.0707397 112.582 433 462968
1.46646 4.93691 0.156735 5.17868 0.288739 -0.105098 -0.0707397 108.644 412 462968
1.38499 4.97108 0.265388 5.17868 0.271719 -0.0840222 -0.0707397 111.082 425 462968
1.60526 5.1138 0.361968 5.37048 0.304167 -0.0629841 0.0707397 106.019 398 462968
1.60526 5.1051 0.249291 5.37048 0.304653 -0.0840222 0.0707397 108.644 412 462968
1.52077 5.13091 0.249291 5.37048 0.288146 -0.0840222 0.0707397 107.332 405 462968
1.18282 5.21918 0.249291 5.37048 0.222865 -0.0840222 0.0707397 106.582 401 462968
1.60526 5.1051 0.249291 5.37048 0.304653 -0.0840222 -0 115.582 449 462968
1.52077 5.13091 0.249291 5.37048 0.288146 -0.0840222 -0 114.832 445 462968
1.60526 5.1051 0.249291 5.37048 0.304653 -0.0840222 -0.0707397 108.457 411 462968
1.52077 5.13091 0.249291 5.37048 0.288146 -0.0840222 -0.0707397 108.644 412 462968
1.18282 5.21918 0.249291 5.37048 0.222865 -0.0840222 -0.0707397 107.332 405 462968
1.22507 5.40558 0.233194 5.56229 0.222865 -0.0840222 -0 116.519 454 462968
1.13756 5.42467 0.233194 5.56229 0.206706 -0.0840222 -0 116.707 455 462968
1.35783 5.57069 0.217098 5.75409 0.239084 -0.0840222 0.0707397 109.582 417 462968
1.26731 5.6011 0.337823 5.75409 0.222515 -0.0629841 0.0707397 110.332 421 462968
1.26731 5.59198 0.217098 5.75409 0.222865 -0.0840222 0.0707397 113.332 437 462968
1.17679 5.61173 0.217098 5.75409 0.206706 -0.0840222 0.0707397 108.832 413 462968
1.35783 5.57069 0.217098 5.75409 0.239084 -0.0840222 -0 117.269 458 462968
1.26731 5.6011 0.337823 5.75409 0.222515 -0.0629841 -0 117.832 461 462968
1.26731 5.59198 0.217098 5.75409 0.222865 -0.0840222 -0 120.832 477 462968
1.17679 5.61173 0.217098 5.75409 0.206706 -0.0840222 -0 116.144 452 462968
1.35783 5.57069 0.217098 5.75409 0.239084 -0.0840222 -0.0707397 110.144 420 462968
1.26731 5.6011 0.337823 5.75409 0.222515 -0.0629841 -0.0707397 110.519 422 462968
1.26731 5.59198 0.217098 5.75409 0.222865 -0.0840222 -0.0707397 113.894 440 462968
1.17679 5.61173 0.217098 5.75409 0.206706 -0.0840222 -0.0707397 109.394 416 462968
1.21602 5.80817 0.325751 5.94589 0.206382 -0.0629841 -0 113.644 428 462968
1.21602 5.79879 0.201001 5.94589 0.206706 -0.0840222 -0 114.957 435 462968
1.12248 5.82697 0.325751 5.94589 0.190303 -0.0629841 -0 111.582 417 462968
1.12248 5.81762 0.201001 5.94589 0.190602 -0.0840222 -0 111.207 415 462968
1.15868 6.01494 0.313678 6.1377 0.190303 -0.0629841 0.0707397 113.457 427 462968
1.15868 6.00528 0.184904 6.1377 0.190602 -0.0840222 0.0707397 112.707 423 462968
1.06213 6.03274 0.313678 6.1377 0.174275 -0.0629841 0.0707397 111.957 419 462968
1.15868 6.01494 0.313678 6.1377 0.190303 -0.0629841 -0 120.957 467 462968
1.15868 6.00528 0.184904 6.1377 0.190602 -0.0840222 -0 120.207 463 462968
1.06213 6.03274 0.313678 6.1377 0.174275 -0.0629841 -0 118.519 454 462968
1.15868 6.01494 0.313678 6.1377 0.190303 -0.0629841 -0.0707397 113.269 426 462968
1.15868 6.00528 0.184904 6.1377 0.190602 -0.0840222 -0.0707397 112.707 423 462968
1.06213 6.03274 0.313678 6.1377 0.174275 -0.0629841 -0.0707397 110.457 411 462968
1.19489 6.20291 0.301606 6.3295 0.190303 -0.0629841 -0 117.957 451 462968
1.19489 6.19295 0.168807 6.3295 0.190602 -0.0840222 -0 117.582 449 462968
1.09532 6.22126 0.301606 6.3295 0.174275 -0.0629841 -0 118.144 452 462968
1.09532 6.21133 0.168807 6.3295 0.174548 -0.0840222 -0 116.644 444 462968
1.74406 6.27034 0.289533 6.5213 0.271288 -0.0629841 0.0707397 114.957 435 462968
1.74406 6.25988 0.152711 6.5213 0.271719 -0.0840222 0.0707397 113.082 425 462968
1.84665 6.24089 0.289533 6.5213 0.287687 -0.0629841 -0 120.394 464 462968
1.74406 6.27034 0.289533 6.5213 0.271288 -0.0629841 -0 122.457 475 462968
1.74406 6.25988 0.152711 6.5213 0.271719 -0.0840222 -0 120.019 462 462968
1.64147 6.29797 0.289533 6.5213 0.254962 -0.0629841 -0 119.269 458 462968
1.84665 6.24089 0.289533 6.5213 0.287687 -0.0629841 -0.0707397 113.457 427 462968
1.74406 6.27034 0.289533 6.5213 0.271288 -0.0629841 -0.0707397 115.144 436 462968
1.79536 6.46857 0.7 6.7131 0.270736 0 0.0707397 120.332 453 462968
1.68975 6.49696 0.7 6.7131 0.254446 0 0.0707397 122.394 464 462968
1.79536 6.46857 0.7 6.7131 0.270736 0 -0 127.644 492 462968
1.68975 6.49696 0.7 6.7131 0.254446 0 -0 129.144 500 462968
1.68975 6.49544 0.559153 6.7131 0.254503 -0.0209824 -0 124.644 476 462968
1.68975 6.49544 0.840847 6.7131 0.254503 0.0209824 -0 125.019 478 462968
1.79536 6.46857 0.7 6.7131 0.270736 0 -0.0707397 120.332 453 462968
1.68975 6.49696 0.7 6.7131 0.254446 0 -0.0707397 122.207 463 462968
1.95528 6.60801 0.265388 6.90491 0.287687 -0.0629841 0.0707397 122.019 462 462968
1.84665 6.65339 0.7 6.90491 0.270736 0 0.0707397 123.144 468 462968
1.84665 6.63918 0.265388 6.90491 0.271288 -0.0629841 0.0707397 121.457 459 462968
1.73803 6.68259 0.7 6.90491 0.254446 0 0.0707397 123.894 472 462968
1.95528 6.60801 0.265388 6.90491 0.287687 -0.0629841 -0 129.332 501 462968
1.84665 6.65339 0.7 6.90491 0.270736 0 -0 131.019 510 462968
1.73803 6.68259 0.7 6.90491 0.254446 0 -0 131.957 515 462968
1.95528 6.60801 0.265388 6.90491 0.287687 -0.0629841 -0.0707397 122.394 464 462968
1.84665 6.65339 0.7 6.90491 0.270736 0 -0.0707397 124.457 475 462968
1.73803 6.68259 0.7 6.90491 0.254446 0 -0.0707397 125.394 480 462968
1.73803 6.68102 0.555129 6.90491 0.254503 -0.0209824 -0.0707397 121.644 460 462968
1.78631 6.85368 0.253315 7.09671 0.254962 -0.0629841 -0 120.894 456 462968
1.67466 6.88986 0.40221 7.09671 0.238438 -0.041974 -0 121.269 458 462968
1.67466 6.88181 0.253315 7.09671 0.238706 -0.0629841 -0 125.582 481 462968
1.56302 6.90802 0.253315 7.09671 0.222515 -0.0629841 -0 123.894 472 462968
1.83458 7.05384 0.7 7.28851 0.254446 0 -0 120.894 456 462968
1.37594 7.14274 0.241243 7.28851 0.190303 -0.0629841 -0 119.582 449 462968
-0.633656 8.02365 1.03803 8.05573 -0.07881 0.041974 0.919617 112.957 403 462968
-0.760387 8.01263 1.03803 8.05573 -0.0946152 0.041974 0.919617 113.519 406 462968
-0.633656 8.02365 1.03803 8.05573 -0.07881 0.041974 0.990356 115.582 417 462968
-0.633656 8.02899 0.869016 8.05573 -0.0787578 0.0209824 0.990356 113.894 408 462968
-0.760387 8.01263 1.03803 8.05573 -0.0946152 0.041974 0.990356 116.519 422 462968
-0.760387 8.01798 0.869016 8.05573 -0.0945525 0.0209824 0.990356 114.457 411 462968
1.88286 7.23266 0.386113 7.48032 0.254675 -0.041974 -0 123.082 457 462968
1.76518 7.26228 0.386113 7.48032 0.238438 -0.041974 -0 124.582 465 462968
1.41215 7.33071 0.22917 7.48032 0.190303 -0.0629841 -0 119.894 440 462968
1.85571 7.64005 0.535008 7.86392 0.238277 -0.0209824 -0 126.457 475 462968
1.85571 7.63471 0.370017 7.86392 0.238438 -0.041974 -0 126.832 477 462968
1.73199 7.66904 0.535008 7.86392 0.222116 -0.0209824 -0 123.832 461 462968
1.73199 7.66372 0.370017 7.86392 0.222265 -0.041974 -0 124.207 463 462968
1.90097 7.8264 0.530984 8.05573 0.238277 -0.0209824 0.0707397 126.082 473 462968
1.90097 7.82092 0.361968 8.05573 0.238438 -0.041974 0.0707397 131.144 500 462968
1.90097 7.81178 0.192952 8.05573 0.238706 -0.0629841 0.0707397 127.957 483 462968
1.77424 7.85064 0.361968 8.05573 0.222265 -0.041974 0.0707397 127.582 481 462968
1.90097 7.8264 0.530984 8.05573 0.238277 -0.0209824 -0 133.957 515 462968
1.90097 7.82092 0.361968 8.05573 0.238438 -0.041974 -0 138.832 541 462968
1.90097 7.81178 0.192952 8.05573 0.238706 -0.0629841 -0 135.644 524 462968
1.77424 7.85064 0.361968 8.05573 0.222265 -0.041974 -0 135.269 522 462968
1.90097 7.8264 0.530984 8.05573 0.238277 -0.0209824 -0.0707397 126.832 477 462968
1.90097 7.82092 0.361968 8.05573 0.238438 -0.041974 -0.0707397 131.707 503 462968
1.90097 7.81178 0.192952 8.05573 0.238706 -0.0629841 -0.0707397 128.519 486 462968
1.77424 7.85064 0.361968 8.05573 0.222265 -0.041974 -0.0707397 128.144 484 462968
-0.90824 8.19554 0.52696 8.24753 -0.110371 -0.0209824 2.05145 114.519 406 462968
-0.90824 8.19006 0.35392 8.24753 -0.110444 -0.041974 2.05145 116.957 419 462968
-0.90824 8.18091 0.18088 8.24753 -0.110567 -0.0629841 2.19293 113.582 401 462968
-0.90824 8.19554 0.52696 8.24753 -0.110371 -0.0209824 1.90997 114.894 408 462968
-0.778491 8.20888 0.52696 8.24753 -0.0945525 -0.0209824 1.83923 114.144 404 462968
-0.90824 8.19554 0.52696 8.24753 -0.110371 -0.0209824 1.83923 114.894 408 462968
-0.90824 8.19006 0.35392 8.24753 -0.110444 -0.041974 1.83923 114.144 404 462968
-0.796596 8.40165 0.7 8.43933 -0.0945316 0 1.62701 117.519 422 462968
-0.796596 8.39979 0.522936 8.43933 -0.0945525 -0.0209824 1.62701 114.144 404 462968
-0.796596 8.39979 0.877064 8.43933 -0.0945525 0.0209824 1.62701 117.332 421 462968
-0.929362 8.388 0.7 8.43933 -0.110346 0 1.62701 113.957 403 462968
-0.66383 8.41132 0.877064 8.43933 -0.0787578 0.0209824 1.69775 113.957 403 462968
-0.796596 8.40165 0.7 8.43933 -0.0945316 0 1.69775 115.082 409 462968
-0.796596 8.39979 0.522936 8.43933 -0.0945525 -0.0209824 1.69775 113.582 401 462968
-0.796596 8.39979 0.877064 8.43933 -0.0945525 0.0209824 1.69775 114.707 407 462968
-0.648743 8.22197 0.7 8.24753 -0.0787404 0 1.69775 114.707 407 462968
-0.778491 8.2107 0.7 8.24753 -0.0945316 0 1.69775 114.894 408 462968
-0.778491 8.20888 0.52696 8.24753 -0.0945525 -0.0209824 1.69775 113.582 401 462968
-0.778491 8.20888 0.87304 8.24753 -0.0945525 0.0209824 1.69775 113.582 401 462968
-0.778491 8.16499 -0.1652 8.24753 -0.0950577 -0.105098 1.98071 114.332 405 462968
-0.90824 8.19554 0.52696 8.24753 -0.110371 -0.0209824 1.98071 117.144 420 462968
-0.90824 8.19006 0.35392 8.24753 -0.110444 -0.041974 1.98071 118.457 427 462968
-0.90824 8.15158 -0.1652 8.24753 -0.110961 -0.105098 1.98071 114.332 405 462968
-1.03799 8.17463 0.35392 8.24753 -0.126301 -0.041974 1.98071 115.082 409 462968
-0.66383 8.41318 0.7 8.43933 -0.0787404 0 1.48553 118.832 429 462968
-0.66383 8.41132 0.877064 8.43933 -0.0787578 0.0209824 1.48553 119.019 430 462968
-0.796596 8.40165 0.7 8.43933 -0.0945316 0 1.48553 118.082 425 462968
-0.796596 8.39979 0.877064 8.43933 -0.0945525 0.0209824 1.48553 117.894 424 462968
-0.778491 8.2107 0.7 8.24753 -0.0945316 0 1.48553 114.332 405 462968
-0.778491 8.20888 0.87304 8.24753 -0.0945525 0.0209824 1.48553 115.082 409 462968
-0.531064 8.42261 0.7 8.43933 -0.0629689 0 1.27332 115.832 413 462968
-0.531064 8.42074 0.877064 8.43933 -0.0629827 0.0209824 1.27332 115.457 411 462968
-0.66383 8.41318 0.7 8.43933 -0.0787404 0 1.27332 118.269 426 462968
-0.66383 8.29308 -0.716514 8.43933 -0.079876 -0.168645 1.27332 114.332 405 462968
-0.66383 8.41132 0.877064 8.43933 -0.0787578 0.0209824 1.27332 116.394 416 462968
-0.531064 8.42261 0.7 8.43933 -0.0629689 0 1.41479 114.707 407 462968
-0.66383 8.41318 0.7 8.43933 -0.0787404 0 1.41479 119.207 431 462968
-0.66383 8.41132 0.522936 8.43933 -0.0787578 -0.0209824 1.41479 114.894 408 462968
-0.66383 8.41132 0.877064 8.43933 -0.0787578 0.0209824 1.41479 116.957 419 462968
-0.796596 8.40165 0.7 8.43933 -0.0945316 0 1.41479 114.894 408 462968
-0.796596 8.39979 0.877064 8.43933 -0.0945525 0.0209824 1.41479 114.707 407 462968
-0.531064 8.42261 0.7 8.43933 -0.0629689 0 1.34406 115.082 409 462968
-0.531064 8.30264 -0.716514 8.43933 -0.0638763 -0.168645 1.34406 113.582 401 462968
-0.66383 8.34584 -0.362385 8.43933 -0.0793731 -0.12622 1.34406 114.894 408 462968
-0.66383 8.32138 -0.53945 8.43933 -0.0796054 -0.147399 1.34406 116.582 417 462968
-0.66383 8.29308 -0.716514 8.43933 -0.079876 -0.168645 1.34406 113.582 401 462968
-0.648743 8.22197 0.7 8.24753 -0.0787404 0 1.62701 115.832 413 462968
-0.778491 8.2107 0.7 8.24753 -0.0945316 0 1.62701 119.582 433 462968
-0.778491 8.20888 0.52696 8.24753 -0.0945525 -0.0209824 1.62701 116.207 415 462968
-0.778491 8.20888 0.87304 8.24753 -0.0945525 0.0209824 1.62701 117.707 423 462968
-0.778491 8.20341 1.04608 8.24753 -0.0946152 0.041974 1.27332 114.707 407 462968
-0.778491 8.20341 1.04608 8.24753 -0.0946152 0.041974 1.55627 114.144 404 462968
-0.90824 8.19006 1.04608 8.24753 -0.110444 0.041974 1.55627 118.457 427 462968
-0.90824 8.19554 0.87304 8.24753 -0.110371 0.0209824 1.55627 114.707 407 462968
-0.678917 8.53551 -0.38653 8.63113 -0.0793731 -0.12622 1.34406 115.832 413 462968
-0.678917 8.5105 -0.567619 8.63113 -0.0796054 -0.147399 1.34406 116.019 414 462968
-0.66383 8.40573 1.05413 8.43933 -0.07881 0.041974 1.13184 119.582 433 462968
-0.66383 8.41132 0.877064 8.43933 -0.0787578 0.0209824 1.13184 115.832 413 462968
-0.796596 8.39418 1.05413 8.43933 -0.0946152 0.041974 1.13184 120.519 438 462968
-0.796596 8.39979 0.877064 8.43933 -0.0945525 0.0209824 1.13184 119.019 430 462968
-0.678917 8.53551 1.78653 8.63113 -0.0793731 0.12622 0.990356 123.519 454 462968
-0.678917 8.55662 1.60544 8.63113 -0.0791782 0.105098 0.990356 121.269 442 462968
-0.8147 8.52363 1.78653 8.63113 -0.0952919 0.12622 0.990356 122.582 449 462968
-0.8147 8.54476 1.60544 8.63113 -0.0950577 0.105098 0.990356 121.082 441 462968
-0.648743 8.21469 1.04608 8.24753 -0.07881 0.041974 0.990356 121.457 443 462968
-0.648743 8.22015 0.87304 8.24753 -0.0787578 0.0209824 0.990356 122.207 447 462968
-0.778491 8.20341 1.04608 8.24753 -0.0946152 0.041974 0.990356 120.519 438 462968
-0.778491 8.20888 0.87304 8.24753 -0.0945525 0.0209824 0.990356 122.207 447 462968
-0.778491 8.20341 1.04608 8.24753 -0.0946152 0.041974 1.13184 114.144 404 462968
-0.778491 8.20888 0.87304 8.24753 -0.0945525 0.0209824 1.13184 114.332 405 462968
-0.66383 8.40573 1.05413 8.43933 -0.07881 0.041974 1.0611 123.707 455 462968
-0.66383 8.41132 0.877064 8.43933 -0.0787578 0.0209824 1.0611 121.644 444 462968
-0.796596 8.39418 1.05413 8.43933 -0.0946152 0.041974 1.0611 123.519 454 462968
-0.796596 8.39979 0.877064 8.43933 -0.0945525 0.0209824 1.0611 122.207 447 462968
-0.648743 8.21469 1.04608 8.24753 -0.07881 0.041974 1.0611 114.332 405 462968
-0.778491 8.20341 1.04608 8.24753 -0.0946152 0.041974 1.0611 116.582 417 462968
-0.778491 8.20888 0.87304 8.24753 -0.0945525 0.0209824 1.0611 116.957 419 462968
-0.66383 8.40573 1.05413 8.43933 -0.07881 0.041974 0.990356 128.582 481 462968
-0.66383 8.41132 0.877064 8.43933 -0.0787578 0.0209824 0.990356 128.582 481 462968
-0.796596 8.39418 1.05413 8.43933 -0.0946152 0.041974 0.990356 127.644 476 462968
-0.796596 8.39979 0.877064 8.43933 -0.0945525 0.0209824 0.990356 128.019 478 462968
-0.678917 8.53551 1.78653 8.63113 -0.0793731 0.12622 0.919617 123.894 456 462968
-0.678917 8.55662 1.60544 8.63113 -0.0791782 0.105098 0.919617 122.207 447 462968
-0.8147 8.52363 1.78653 8.63113 -0.0952919 0.12622 0.919617 123.332 453 462968
-0.8147 8.54476 1.60544 8.63113 -0.0950577 0.105098 0.919617 123.144 452 462968
-0.796596 8.35488 1.58532 8.43933 -0.0950577 0.105098 0.919617 126.894 472 462968
-0.796596 8.37175 1.40826 8.43933 -0.0948673 0.0840222 0.919617 126.707 471 462968
-0.678917 8.60439 0.7 8.63113 -0.0787404 0 0.707397 116.207 415 462968
-0.8147 8.5926 0.7 8.63113 -0.0945316 0 0.707397 119.394 432 462968
-0.8147 8.46959 -0.748707 8.63113 -0.0958962 -0.168645 0.707397 114.332 405 462968
-0.8147 8.43662 -0.929796 8.63113 -0.0962687 -0.189968 0.707397 115.644 412 462968
-0.950484 8.57864 0.7 8.63113 -0.110346 0 0.707397 115.644 412 462968
-0.8147 8.57541 1.24327 8.63113 -0.09472 0.0629841 0.778137 117.894 424 462968
-0.8147 8.58496 1.06218 8.63113 -0.0946152 0.041974 0.778137 120.144 436 462968
-0.8147 8.59069 0.518912 8.63113 -0.0945525 -0.0209824 0.353699 114.332 405 462968
-0.8147 8.58496 0.337823 8.63113 -0.0946152 -0.041974 0.353699 115.644 412 462968
-0.8147 8.57541 0.156735 8.63113 -0.09472 -0.0629841 0.353699 114.144 404 462968
-0.678917 8.58722 1.24327 8.63113 -0.0788972 0.0629841 0.848877 116.582 417 462968
-0.678917 8.59677 1.06218 8.63113 -0.07881 0.041974 0.848877 115.832 413 462968
-0.8147 8.5926 0.7 8.63113 -0.0945316 0 0.848877 116.582 417 462968
-0.8147 8.56201 1.42435 8.63113 -0.0948673 0.0840222 0.848877 115.457 411 462968
-0.8147 8.57541 1.24327 8.63113 -0.09472 0.0629841 0.848877 117.144 420 462968
-0.8147 8.58496 1.06218 8.63113 -0.0946152 0.041974 0.848877 116.019 414 462968
-0.678917 8.60249 0.518912 8.63113 -0.0787578 -0.0209824 0.495178 114.332 405 462968
-0.8147 8.59069 0.518912 8.63113 -0.0945525 -0.0209824 0.495178 115.082 409 462968
-0.8147 8.59069 0.518912 8.63113 -0.0945525 -0.0209824 0.282959 114.144 404 462968
-0.8147 8.58496 0.337823 8.63113 -0.0946152 -0.041974 0.282959 116.582 417 462968
-0.8147 8.57541 0.156735 8.63113 -0.09472 -0.0629841 0.282959 113.582 401 462968
-0.832805 8.77574 1.07023 8.82294 -0.0946152 0.041974 0.848877 114.894 408 462968
-0.678917 8.58722 0.156735 8.63113 -0.0788972 -0.0629841 0.212219 113.582 401 462968
-0.8147 8.58496 0.337823 8.63113 -0.0946152 -0.041974 0.212219 114.894 408 462968
-0.8147 8.57541 0.156735 8.63113 -0.09472 -0.0629841 0.212219 113.582 401 462968
-0.648743 8.21469 1.04608 8.24753 -0.07881 0.041974 0.919617 119.207 431 462968
-0.648743 8.22015 0.87304 8.24753 -0.0787578 0.0209824 0.919617 118.832 429 462968
-0.778491 8.19428 1.21912 8.24753 -0.09472 0.0629841 0.919617 116.957 419 462968
-0.778491 8.20341 1.04608 8.24753 -0.0946152 0.041974 0.919617 117.332 421 462968
-0.778491 8.20888 0.87304 8.24753 -0.0945525 0.0209824 0.919617 118.082 425 462968
-0.796596 8.24914 -0.893578 8.43933 -0.0962687 -0.189968 0.707397 116.582 417 462968
-0.796596 8.39418 1.05413 8.43933 -0.0946152 0.041974 0.707397 119.582 433 462968
-0.796596 8.39979 0.877064 8.43933 -0.0945525 0.0209824 0.707397 117.707 423 462968
-0.929362 8.38052 1.05413 8.43933 -0.110444 0.041974 0.707397 117.144 420 462968
-0.66383 8.40573 1.05413 8.43933 -0.07881 0.041974 0.848877 127.457 475 462968
-0.66383 8.41132 0.877064 8.43933 -0.0787578 0.0209824 0.848877 124.269 458 462968
-0.796596 8.39418 1.05413 8.43933 -0.0946152 0.041974 0.848877 128.394 480 462968
-0.796596 8.39979 0.877064 8.43933 -0.0945525 0.0209824 0.848877 125.394 464 462968
-0.678917 8.60249 0.518912 8.63113 -0.0787578 -0.0209824 0.141479 113.582 401 462968
-0.8147 8.5926 0.7 8.63113 -0.0945316 0 0.141479 114.519 406 462968
-0.8147 8.59069 0.518912 8.63113 -0.0945525 -0.0209824 0.141479 118.269 426 462968
-0.8147 8.58496 0.337823 8.63113 -0.0946152 -0.041974 0.141479 115.644 412 462968
-0.648743 8.21469 1.04608 8.24753 -0.07881 0.041974 0.848877 120.894 440 462968
-0.648743 8.22015 0.87304 8.24753 -0.0787578 0.0209824 0.848877 119.957 435 462968
-0.778491 8.20341 1.04608 8.24753 -0.0946152 0.041974 0.848877 122.019 446 462968
-0.778491 8.20888 0.87304 8.24753 -0.0945525 0.0209824 0.848877 120.519 438 462968
-0.648743 8.21469 1.04608 8.24753 -0.07881 0.041974 0.778137 120.332 437 462968
-0.648743 8.22015 0.87304 8.24753 -0.0787578 0.0209824 0.778137 120.144 436 462968
-0.778491 8.20341 1.04608 8.24753 -0.0946152 0.041974 0.778137 122.207 447 462968
-0.778491 8.20888 0.87304 8.24753 -0.0945525 0.0209824 0.778137 121.832 445 462968
-0.778491 8.19428 0.18088 8.24753 -0.09472 -0.0629841 0.0707397 115.457 411 462968
1.94623 8.00713 0.35392 8.24753 0.238438 -0.041974 0.0707397 123.519 454 462968
1.94623 8.00713 0.35392 8.24753 0.238438 -0.041974 -0 131.582 497 462968
1.94623 7.99778 0.18088 8.24753 0.238706 -0.0629841 -0 129.894 488 462968
1.81648 8.03756 0.35392 8.24753 0.222265 -0.041974 -0 127.644 476 462968
1.81648 8.02824 0.18088 8.24753 0.222515 -0.0629841 -0 126.519 470 462968
1.94623 8.00713 0.35392 8.24753 0.238438 -0.041974 -0.0707397 125.207 463 462968
1.94623 7.99778 0.18088 8.24753 0.238706 -0.0629841 -0.0707397 123.894 456 462968
-0.796596 8.39418 0.345872 8.43933 -0.0946152 -0.041974 0.0707397 116.957 419 462968
-0.796596 8.39418 0.345872 8.43933 -0.0946152 -0.041974 -0 117.332 421 462968
1.99149 8.19334 0.345872 8.43933 0.238438 -0.041974 -0 125.394 464 462968
-0.66383 8.40573 1.05413 8.43933 -0.07881 0.041974 0.778137 127.082 473 462968
-0.796596 8.39418 1.05413 8.43933 -0.0946152 0.041974 0.778137 129.894 488 462968
-0.796596 8.39979 0.877064 8.43933 -0.0945525 0.0209824 0.778137 127.082 473 462968
-0.929362 8.38052 1.05413 8.43933 -0.110444 0.041974 0.778137 124.832 461 462968
-0.678917 8.59677 0.337823 8.63113 -0.07881 -0.041974 0.0707397 122.957 451 462968
-0.8147 8.59069 0.518912 8.63113 -0.0945525 -0.0209824 0.0707397 121.269 442 462968
-0.8147 8.58496 0.337823 8.63113 -0.0946152 -0.041974 0.0707397 125.957 467 462968
-0.8147 8.57541 0.156735 8.63113 -0.09472 -0.0629841 0.0707397 123.144 452 462968
-0.678917 8.59677 0.337823 8.63113 -0.07881 -0.041974 -0 124.269 458 462968
-0.8147 8.58496 0.337823 8.63113 -0.0946152 -0.041974 -0 128.207 479 462968
-0.8147 8.57541 0.156735 8.63113 -0.09472 -0.0629841 -0 125.394 464 462968
-0.8147 8.58496 0.337823 8.63113 -0.0946152 -0.041974 -0.0707397 115.457 411 462968
-0.694004 8.7878 0.329775 8.82294 -0.07881 -0.041974 -0 117.332 421 462968
-0.694004 8.77805 0.144662 8.82294 -0.0788972 -0.0629841 -0 114.894 408 462968
-0.832805 8.78159 0.514887 8.82294 -0.0945525 -0.0209824 -0 114.519 406 462968
-0.832805 8.77574 0.329775 8.82294 -0.0946152 -0.041974 -0 119.394 432 462968
-0.832805 8.76597 0.144662 8.82294 -0.09472 -0.0629841 -0 116.957 419 462968
-0.694004 8.7878 1.07023 8.82294 -0.07881 0.041974 0.778137 114.144 404 462968
-0.832805 8.77574 1.07023 8.82294 -0.0946152 0.041974 0.778137 116.394 416 462968
-0.832805 8.78159 0.885113 8.82294 -0.0945525 0.0209824 0.778137 115.457 411 462968
4.68 7.69546 0.321726 9.01474 0.546391 -0.041974 -0 115.394 400 462968
3.68727 8.21745 0.321726 9.01474 0.421783 -0.041974 -0 114.082 393 462968
3.12 8.44914 0.321726 9.01474 0.353736 -0.041974 -0 117.644 412 462968
2.97818 8.50017 0.321726 9.01474 0.337002 -0.041974 -0 118.019 414 462968
3.76573 8.39229 0.313678 9.20654 0.421783 -0.041974 -0 117.644 412 462968
3.62089 8.45579 0.313678 9.20654 0.40459 -0.041974 -0 120.082 425 462968
3.62089 8.44475 0.120517 9.20654 0.405063 -0.0629841 -0 116.144 404 462968
3.47605 8.51635 0.313678 9.20654 0.387523 -0.041974 -0 116.707 407 462968
3.62089 8.87804 0.498791 9.59015 0.387253 -0.0209824 -0 114.644 396 462968
3.62089 8.8712 0.297581 9.59015 0.387523 -0.041974 -0 116.894 408 462968
3.8472 8.9913 0.494766 9.78195 0.404307 -0.0209824 -0 119.582 417 462968
3.8472 8.98427 0.289533 9.78195 0.40459 -0.041974 -0 121.082 425 462968
3.69331 9.0556 0.494766 9.78195 0.387253 -0.0209824 -0 118.082 409 462968
3.69331 9.04862 0.289533 9.78195 0.387523 -0.041974 -0 119.207 415 462968
-1.72596 9.82105 0.490742 9.97375 -0.173964 -0.0209824 -0 116.019 398 462968
-1.88286 9.79218 0.490742 9.97375 -0.189964 -0.0209824 -0 114.894 392 462968
-2.03977 9.7607 0.490742 9.97375 -0.206013 -0.0209824 -0 118.832 413 462968
-2.03977 9.75397 0.281485 9.97375 -0.206151 -0.041974 -0 114.519 390 462968
-2.19667 9.72659 0.490742 9.97375 -0.222116 -0.0209824 -0 115.457 395 462968
-2.28116 10.0937 0.265388 10.3574 -0.222265 -0.041974 -0 120.144 420 462968
-2.4441 10.0555 0.265388 10.3574 -0.238438 -0.041974 -0 120.519 422 462968
7.98406 6.59412 0.482694 10.3574 0.880455 -0.0209824 -0 119.582 417 462968
7.98406 6.58337 0.265388 10.3574 0.881256 -0.041974 -0 123.144 436 462968
7.98406 6.58337 0.265388 10.3574 0.881256 -0.041974 -0.0707397 116.207 399 462968
-2.3234 10.2806 0.257339 10.5492 -0.222265 -0.041974 -0 121.332 421 462968
-2.48936 10.2417 0.257339 10.5492 -0.238438 -0.041974 -0 121.332 421 462968
8.13192 6.71624 0.47867 10.5492 0.880455 -0.0209824 -0 121.332 421 462968
8.13192 6.70529 0.257339 10.5492 0.881256 -0.041974 -0 124.332 437 462968
8.13192 6.70529 0.257339 10.5492 0.881256 -0.041974 -0.0707397 117.582 401 462968
5.95033 9.39655 0.466597 11.1246 0.564507 -0.0209824 -0 121.519 422 462968
5.95033 9.38785 0.233194 11.1246 0.564926 -0.041974 -0 122.457 427 462968
6.05292 9.55856 0.462573 11.3164 0.564507 -0.0209824 0.0707397 123.457 427 462968
6.05292 9.54971 0.225146 11.3164 0.564926 -0.041974 0.0707397 124.582 433 462968
6.05292 9.55856 0.462573 11.3164 0.564507 -0.0209824 -0 131.332 469 462968
6.05292 9.54971 0.225146 11.3164 0.564926 -0.041974 -0 132.457 475 462968
6.05292 9.55856 0.462573 11.3164 0.564507 -0.0209824 -0.0707397 124.207 431 462968
6.05292 9.54971 0.225146 11.3164 0.564926 -0.041974 -0.0707397 125.332 437 462968
6.15551 9.72057 0.458549 11.5082 0.564507 -0.0209824 -0 120.269 410 462968
6.15551 9.71157 0.217098 11.5082 0.564926 -0.041974 -0 121.582 417 462968
5.97447 9.53489 3.11451 11.5082 0.559742 0.211379 -0 121.394 416 462968
5.97447 9.59279 2.87306 11.5082 0.557021 0.189968 -0 123.457 427 462968
1.39404 12.5708 0.168807 12.659 0.110444 -0.041974 -0 120.519 406 462968
6.15551 11.4954 0.426355 13.0426 0.491624 -0.0209824 -0 139.519 502 462968
5.95033 11.6029 0.426355 13.0426 0.473858 -0.0209824 -0 137.832 493 462968
6.24604 11.6645 0.422331 13.2344 0.491624 -0.0209824 -0 143.644 524 462968
6.24604 11.6545 0.144662 13.2344 0.491978 -0.041974 -0 140.457 507 462968
6.03783 11.7736 0.422331 13.2344 0.473858 -0.0209824 -0 141.957 515 462968
6.03783 11.7637 0.144662 13.2344 0.474198 -0.041974 -0 138.394 496 462968
6.33656 11.8335 0.418307 13.4262 0.491624 -0.0209824 0.0707397 145.332 533 462968
6.33656 11.8234 0.136614 13.4262 0.491978 -0.041974 0.0707397 141.582 513 462968
6.12534 11.9442 0.418307 13.4262 0.473858 -0.0209824 0.0707397 143.457 523 462968
6.33656 11.8335 0.418307 13.4262 0.491624 -0.0209824 -0 153.207 575 462968
6.33656 11.8234 0.136614 13.4262 0.491978 -0.041974 -0 149.269 554 462968
6.12534 11.9442 0.418307 13.4262 0.473858 -0.0209824 -0 151.144 564 462968
6.33656 11.8335 0.418307 13.4262 0.491624 -0.0209824 -0.0707397 146.082 537 462968
6.33656 11.8234 0.136614 13.4262 0.491978 -0.041974 -0.0707397 142.519 518 462968
6.12534 11.9442 0.418307 13.4262 0.473858 -0.0209824 -0.0707397 144.207 527 462968
6.42708 12.0026 0.414283 13.618 0.491624 -0.0209824 -0 140.894 504 462968
6.42708 11.8382 2.70002 13.618 0.497384 0.147399 -0 139.019 494 462968
6.21284 12.1148 0.414283 13.618 0.473858 -0.0209824 -0 138.832 493 462968
6.21284 11.9007 2.98574 13.618 0.481138 0.168645 -0 137.894 488 462968
6.21284 11.952 2.70002 13.618 0.479374 0.147399 -0 142.019 510 462968
6.5176 12.1716 0.410259 13.8098 0.491624 -0.0209824 -0 138.082 489 462968
6.30035 12.2855 0.410259 13.8098 0.473858 -0.0209824 -0 137.332 485 462968
6.1193 13.6519 0.7 14.9606 0.421388 0 -0 131.582 449 462968
6.82538 15.2271 0.7 16.6869 0.421388 0 0.0707397 145.394 512 462968
6.56286 15.3421 0.7 16.6869 0.404213 0 0.0707397 149.519 534 462968
6.56286 15.3381 1.0501 16.6869 0.404307 0.0209824 0.0707397 149.332 533 462968
6.82538 15.2271 0.7 16.6869 0.421388 0 -0 152.894 552 462968
6.56286 15.3421 0.7 16.6869 0.404213 0 -0 156.832 573 462968
6.56286 15.3381 1.0501 16.6869 0.404307 0.0209824 -0 156.832 573 462968
6.82538 15.2271 0.7 16.6869 0.421388 0 -0.0707397 145.582 513 462968
6.56286 15.3421 0.7 16.6869 0.404213 0 -0.0707397 149.707 535 462968
6.56286 15.3381 1.0501 16.6869 0.404307 0.0209824 -0.0707397 149.707 535 462968
6.6383 15.5184 0.7 16.8787 0.404213 0 0.0707397 149.332 533 462968
6.6383 15.5144 1.05413 16.8787 0.404307 0.0209824 0.0707397 148.957 531 462968
6.6383 15.5184 0.7 16.8787 0.404213 0 -0 157.394 576 462968
6.6383 15.5144 1.05413 16.8787 0.404307 0.0209824 -0 157.207 575 462968
6.6383 15.5184 0.7 16.8787 0.404213 0 -0.0707397 150.832 541 462968
6.6383 15.5144 1.05413 16.8787 0.404307 0.0209824 -0.0707397 150.269 538 462968
-7.3323 15.6276 0.7 17.2623 -0.438696 0 -0 130.957 435 462968
-7.3323 15.6234 0.337823 17.2623 -0.438799 -0.0209824 -0 135.832 461 462968
-7.3323 15.6108 -0.0243536 17.2623 -0.439109 -0.041974 -0 132.832 445 462968
-7.60387 15.4931 0.337823 17.2623 -0.456253 -0.0209824 -0 133.207 447 462968
6.73486 16.5174 0.7 17.8377 0.387164 0 0.0707397 148.269 522 462968
6.73486 16.5132 0.325751 17.8377 0.387253 -0.0209824 0.0707397 148.644 524 462968
6.45424 16.6291 0.7 17.8377 0.370232 0 0.0707397 145.644 508 462968
6.45424 16.6248 0.325751 17.8377 0.370317 -0.0209824 0.0707397 146.019 510 462968
6.73486 16.5174 0.7 17.8377 0.387164 0 -0 155.957 563 462968
6.73486 16.5132 0.325751 17.8377 0.387253 -0.0209824 -0 156.144 564 462968
6.45424 16.6291 0.7 17.8377 0.370232 0 -0 152.957 547 462968
6.45424 16.6248 0.325751 17.8377 0.370317 -0.0209824 -0 153.144 548 462968
6.73486 16.5174 0.7 17.8377 0.387164 0 -0.0707397 148.644 524 462968
6.73486 16.5132 0.325751 17.8377 0.387253 -0.0209824 -0.0707397 149.019 526 462968
6.45424 16.6291 0.7 17.8377 0.370232 0 -0.0707397 145.644 508 462968
6.45424 16.6248 0.325751 17.8377 0.370317 -0.0209824 -0.0707397 146.019 510 462968
6.80727 16.695 0.7 18.0295 0.387164 0 0.0707397 142.082 489 462968
6.80727 16.6907 0.321726 18.0295 0.387253 -0.0209824 0.0707397 142.269 490 462968
6.80727 16.695 0.7 18.0295 0.387164 0 -0 150.144 532 462968
6.80727 16.6907 0.321726 18.0295 0.387253 -0.0209824 -0 150.519 534 462968
6.52364 16.8079 0.7 18.0295 0.370232 0 -0 147.144 516 462968
6.52364 16.8036 0.321726 18.0295 0.370317 -0.0209824 -0 147.519 518 462968
6.80727 16.695 0.7 18.0295 0.387164 0 -0.0707397 143.957 499 462968
6.80727 16.6907 0.321726 18.0295 0.387253 -0.0209824 -0.0707397 144.519 502 462968
6.87969 16.8726 0.7 18.2213 0.387164 0 -0 146.269 506 462968
6.87969 16.8683 0.317702 18.2213 0.387253 -0.0209824 -0 145.519 502 462968
6.59304 16.9867 0.7 18.2213 0.370232 0 -0 146.269 506 462968
6.59304 16.9824 0.317702 18.2213 0.370317 -0.0209824 -0 145.519 502 462968
3.04758 19.1309 0.7 19.3721 0.157974 0 0.0707397 137.519 454 462968
2.74282 19.1769 0.7 19.3721 0.142064 0 0.0707397 138.269 458 462968
6.46329 18.4654 0.7 19.5639 0.336693 0 -0 152.894 536 462968
6.46329 18.4609 0.289533 19.5639 0.336771 -0.0209824 -0 152.144 532 462968
6.15551 18.5703 0.7 19.5639 0.320073 0 -0 152.144 532 462968
6.15551 18.5658 0.289533 19.5639 0.320146 -0.0209824 -0 151.207 527 462968
7.14824 18.1871 3.60144 19.7557 0.37449 0.147399 -0 143.332 485 462968
5.90507 18.8525 0.7 19.7557 0.303544 0 -0 151.207 527 462968
6.27621 18.9344 0.7 19.9475 0.320073 0 0.0707397 159.457 571 462968
6.27621 18.9298 0.281485 19.9475 0.320146 -0.0209824 0.0707397 155.332 549 462968
6.27621 18.9298 1.11852 19.9475 0.320146 0.0209824 0.0707397 155.519 550 462968
5.9624 19.0356 0.7 19.9475 0.303544 0 0.0707397 158.707 567 462968
6.27621 18.9344 0.7 19.9475 0.320073 0 -0 166.957 611 462968
6.27621 18.9298 0.281485 19.9475 0.320146 -0.0209824 -0 163.019 590 462968
6.27621 18.9298 1.11852 19.9475 0.320146 0.0209824 -0 163.019 590 462968
5.9624 19.0356 0.7 19.9475 0.303544 0 -0 166.207 607 462968
6.27621 18.9344 0.7 19.9475 0.320073 0 -0.0707397 160.019 574 462968
6.27621 18.9298 0.281485 19.9475 0.320146 -0.0209824 -0.0707397 156.082 553 462968
6.27621 18.9298 1.11852 19.9475 0.320146 0.0209824 -0.0707397 155.894 552 462968
5.9624 19.0356 0.7 19.9475 0.303544 0 -0.0707397 159.269 570 462968
6.33656 19.1165 0.7 20.1393 0.320073 0 0.0707397 152.894 536 462968
6.01973 19.2186 0.7 20.1393 0.303544 0 0.0707397 151.582 529 462968
6.33656 19.1165 0.7 20.1393 0.320073 0 -0 161.144 580 462968
6.33656 19.1118 0.27746 20.1393 0.320146 -0.0209824 -0 157.019 558 462968
6.33656 19.1118 1.12254 20.1393 0.320146 0.0209824 -0 157.394 560 462968
6.01973 19.2186 0.7 20.1393 0.303544 0 -0 160.582 577 462968
6.33656 19.1165 0.7 20.1393 0.320073 0 -0.0707397 154.582 545 462968
6.01973 19.2186 0.7 20.1393 0.303544 0 -0.0707397 154.582 545 462968
6.39691 19.2985 0.7 20.3311 0.320073 0 -0 152.707 535 462968
6.07706 19.4016 0.7 20.3311 0.303544 0 -0 151.582 529 462968
1.93718 20.4268 1.13059 20.5229 0.0945525 0.0209824 -0 147.519 502 462968
1.61431 20.4548 1.13059 20.5229 0.0787578 0.0209824 -0 148.644 508 462968
1.29145 20.4822 0.7 20.5229 0.0629689 0 -0 151.269 522 462968
1.29145 20.4777 1.13059 20.5229 0.0629827 0.0209824 -0 150.144 516 462968
0.968588 20.5 0.7 20.5229 0.047213 0 -0 148.269 506 462968
1.95528 20.6222 0.7 20.7147 0.0945316 0 0.0707397 150.332 517 462968
1.95528 20.6177 1.13461 20.7147 0.0945525 0.0209824 0.0707397 153.519 534 462968
1.6294 20.6505 0.7 20.7147 0.0787404 0 0.0707397 151.457 523 462968
1.6294 20.646 1.13461 20.7147 0.0787578 0.0209824 0.0707397 153.894 536 462968
1.95528 20.6222 0.7 20.7147 0.0945316 0 -0 158.582 561 462968
1.95528 20.6177 1.13461 20.7147 0.0945525 0.0209824 -0 161.582 577 462968
1.6294 20.6505 0.7 20.7147 0.0787404 0 -0 159.707 567 462968
1.6294 20.646 1.13461 20.7147 0.0787578 0.0209824 -0 161.957 579 462968
1.95528 20.6222 0.7 20.7147 0.0945316 0 -0.0707397 152.207 527 462968
1.95528 20.6177 1.13461 20.7147 0.0945525 0.0209824 -0.0707397 155.019 542 462968
1.6294 20.6505 0.7 20.7147 0.0787404 0 -0.0707397 152.957 531 462968
1.6294 20.646 1.13461 20.7147 0.0787578 0.0209824 -0.0707397 155.207 543 462968
4.93346 20.3161 0.7 20.9065 0.238224 0 0.0707397 146.957 499 462968
4.93346 20.2971 1.57727 20.9065 0.238438 0.041974 0.0707397 145.082 489 462968
4.93346 20.3114 1.13864 20.9065 0.238277 0.0209824 0.0707397 148.457 507 462968
4.60457 20.3743 1.57727 20.9065 0.222265 0.041974 0.0707397 145.832 493 462968
4.60457 20.3884 1.13864 20.9065 0.222116 0.0209824 0.0707397 146.957 499 462968
4.93346 20.3114 1.13864 20.9065 0.238277 0.0209824 -0 156.144 548 462968
4.93346 20.3161 0.7 20.9065 0.238224 0 -0.0707397 147.894 504 462968
4.93346 20.3114 1.13864 20.9065 0.238277 0.0209824 -0.0707397 149.582 513 462968
4.60457 20.3884 1.13864 20.9065 0.222116 0.0209824 -0.0707397 148.269 506 462968
1.64449 20.8417 0.7 20.9065 0.0787404 0 -0.0707397 148.269 506 462968
1.64449 20.8371 1.13864 20.9065 0.0787578 0.0209824 -0.0707397 149.019 510 462968
1.99149 21.0041 0.7 21.0983 0.0945316 0 -0 147.144 500 462968
1.99149 20.9995 1.14266 21.0983 0.0945525 0.0209824 -0 151.269 522 462968
1.65957 21.0283 1.14266 21.0983 0.0787578 0.0209824 -0 151.082 521 462968
3.68426 20.9499 1.59337 21.2901 0.17408 0.041974 -0 144.894 488 462968
3.68426 20.9642 1.14668 21.2901 0.173964 0.0209824 -0 143.957 483 462968
1.67466 21.2242 0.7 21.2901 0.0787404 0 -0 145.457 491 462968
1.67466 21.2195 1.14668 21.2901 0.0787578 0.0209824 -0 145.457 491 462968
3.71745 21.153 1.15071 21.4819 0.173964 0.0209824 0.0707397 147.894 504 462968
1.3518 21.4394 0.7 21.4819 0.0629689 0 0.0707397 150.519 518 462968
1.3518 21.4346 0.249291 21.4819 0.0629827 -0.0209824 0.0707397 147.707 503 462968
1.3518 21.4346 1.15071 21.4819 0.0629827 0.0209824 0.0707397 148.832 509 462968
1.01385 21.458 0.7 21.4819 0.047213 0 0.0707397 147.707 503 462968
1.3518 21.4394 0.7 21.4819 0.0629689 0 -0 158.207 559 462968
1.3518 21.4346 1.15071 21.4819 0.0629827 0.0209824 -0 156.707 551 462968
3.71745 21.153 1.15071 21.4819 0.173964 0.0209824 -0.0707397 148.832 509 462968
1.3518 21.4394 0.7 21.4819 0.0629689 0 -0.0707397 151.269 522 462968
1.3518 21.4346 0.249291 21.4819 0.0629827 -0.0209824 -0.0707397 148.457 507 462968
1.3518 21.4346 1.15071 21.4819 0.0629827 0.0209824 -0.0707397 149.582 513 462968
1.36387 21.6308 0.7 21.6737 0.0629689 0 0.0707397 145.269 490 462968
1.36387 21.6308 0.7 21.6737 0.0629689 0 -0 153.707 535 462968
1.36387 21.6308 0.7 21.6737 0.0629689 0 -0.0707397 147.707 503 462968
5.15977 21.2431 1.15876 21.8655 0.238277 0.0209824 0.0707397 149.394 512 462968
4.81578 21.3089 1.61751 21.8655 0.222265 0.041974 0.0707397 149.582 513 462968
4.81578 21.3237 1.15876 21.8655 0.222116 0.0209824 0.0707397 154.457 539 462968
4.4718 21.3985 1.15876 21.8655 0.206013 0.0209824 0.0707397 149.957 515 462968
5.15977 21.2431 1.15876 21.8655 0.238277 0.0209824 -0 156.332 549 462968
4.81578 21.3089 1.61751 21.8655 0.222265 0.041974 -0 156.332 549 462968
4.81578 21.3237 1.15876 21.8655 0.222116 0.0209824 -0 161.394 576 462968
4.4718 21.3985 1.15876 21.8655 0.206013 0.0209824 -0 156.707 551 462968
5.15977 21.2431 1.15876 21.8655 0.238277 0.0209824 -0.0707397 148.082 505 462968
4.81578 21.3089 1.61751 21.8655 0.222265 0.041974 -0.0707397 148.644 508 462968
4.81578 21.3237 1.15876 21.8655 0.222116 0.0209824 -0.0707397 153.707 535 462968
4.4718 21.3985 1.15876 21.8655 0.206013 0.0209824 -0.0707397 149.394 512 462968
4.85803 21.5107 1.16278 22.0573 0.222116 0.0209824 0.0707397 149.644 508 462968
5.20503 21.4294 1.16278 22.0573 0.238277 0.0209824 -0 153.207 527 462968
4.85803 21.4958 1.62556 22.0573 0.222265 0.041974 -0 151.707 519 462968
4.85803 21.5107 1.16278 22.0573 0.222116 0.0209824 -0 157.519 550 462968
4.51103 21.5862 1.16278 22.0573 0.206013 0.0209824 -0 152.457 523 462968
5.20503 21.4294 1.16278 22.0573 0.238277 0.0209824 -0.0707397 146.457 491 462968
4.85803 21.5107 1.16278 22.0573 0.222116 0.0209824 -0.0707397 151.144 516 462968
8.05045 20.7364 1.16681 22.2491 0.370317 0.0209824 -0 142.332 469 462968
4.90027 21.6978 1.16681 22.2491 0.222116 0.0209824 -0 146.832 493 462968
2.80015 22.0722 0.7 22.2491 0.126189 0 -0 142.144 468 462968
2.80015 22.0673 1.16681 22.2491 0.126217 0.0209824 -0 141.957 467 462968
8.05045 20.7364 1.16681 22.2491 0.370317 0.0209824 -0.0707397 135.207 431 462968
4.01617 22.858 0.7 23.2082 0.173925 0 0.0707397 138.457 443 462968
4.01617 22.8528 1.18693 23.2082 0.173964 0.0209824 0.0707397 139.957 451 462968
3.65106 22.914 1.18693 23.2082 0.158009 0.0209824 0.0707397 136.582 433 462968
3.28596 22.9744 0.7 23.2082 0.142064 0 0.0707397 137.519 438 462968
3.28596 22.9692 1.18693 23.2082 0.142095 0.0209824 0.0707397 138.457 443 462968
1.79536 22.7538 0.7 22.8246 0.0787404 0 0.0707397 152.519 518 462968
1.43629 22.7793 0.7 22.8246 0.0629689 0 0.0707397 154.394 528 462968
1.43629 22.7743 1.17888 22.8246 0.0629827 0.0209824 0.0707397 150.269 506 462968
1.07721 22.7991 0.7 22.8246 0.047213 0 0.0707397 152.144 516 462968
1.79536 22.7538 0.7 22.8246 0.0787404 0 -0 159.832 557 462968
1.43629 22.7793 0.7 22.8246 0.0629689 0 -0 161.894 568 462968
1.43629 22.7743 1.17888 22.8246 0.0629827 0.0209824 -0 157.957 547 462968
1.07721 22.7991 0.7 22.8246 0.047213 0 -0 159.269 554 462968
1.79536 22.7538 0.7 22.8246 0.0787404 0 -0.0707397 152.519 518 462968
1.43629 22.7793 0.7 22.8246 0.0629689 0 -0.0707397 154.957 531 462968
1.43629 22.7743 1.17888 22.8246 0.0629827 0.0209824 -0.0707397 150.832 509 462968
1.07721 22.7991 0.7 22.8246 0.047213 0 -0.0707397 152.332 517 462968
1.81044 22.945 0.7 23.0164 0.0787404 0 0.0707397 151.582 513 462968
1.44836 22.9707 0.7 23.0164 0.0629689 0 0.0707397 154.957 531 462968
1.44836 22.9657 1.1829 23.0164 0.0629827 0.0209824 0.0707397 151.394 512 462968
1.08627 22.9907 0.7 23.0164 0.047213 0 0.0707397 153.457 523 462968
1.08627 22.9856 1.1829 23.0164 0.0472234 0.0209824 0.0707397 150.644 508 462968
1.81044 22.945 0.7 23.0164 0.0787404 0 -0 159.644 556 462968
1.44836 22.9707 0.7 23.0164 0.0629689 0 -0 163.207 575 462968
1.44836 22.9657 1.1829 23.0164 0.0629827 0.0209824 -0 159.457 555 462968
1.08627 22.9907 0.7 23.0164 0.047213 0 -0 161.519 566 462968
1.81044 22.945 0.7 23.0164 0.0787404 0 -0.0707397 152.519 518 462968
1.44836 22.9707 0.7 23.0164 0.0629689 0 -0.0707397 156.457 539 462968
1.44836 22.9657 1.1829 23.0164 0.0629827 0.0209824 -0.0707397 152.707 519 462968
1.08627 22.9907 0.7 23.0164 0.047213 0 -0.0707397 154.957 531 462968
1.08627 22.9856 1.1829 23.0164 0.0472234 0.0209824 -0.0707397 152.144 516 462968
-14.2392 18.3007 1.67385 23.2082 -0.661222 0.041974 -0.141479 133.582 417 462968
4.38128 22.7857 1.18693 23.2082 0.189964 0.0209824 -0 149.144 500 462968
-14.8456 18.3352 0.7 23.5918 -0.680617 0 0.0707397 137.519 438 462968
-14.8456 18.3285 0.205025 23.5918 -0.680795 -0.0209824 0.0707397 136.207 431 462968
-15.2168 18.0283 0.7 23.5918 -0.701029 0 0.0707397 134.144 420 462968
-14.8456 18.3352 0.7 23.5918 -0.680617 0 -0 145.019 478 462968
-14.8456 18.3285 0.205025 23.5918 -0.680795 -0.0209824 -0 143.332 469 462968
-13.7322 19.1833 0.7 23.5918 -0.621281 0 -0.0707397 136.019 430 462968
-13.7322 19.1769 1.19497 23.5918 -0.621438 0.0209824 -0.0707397 135.457 427 462968
-14.1034 18.9056 1.19497 23.5918 -0.640929 0.0209824 -0.0707397 134.707 423 462968
-14.8456 18.3352 0.7 23.5918 -0.680617 0 -0.0707397 138.457 443 462968
-14.8456 18.3285 0.205025 23.5918 -0.680795 -0.0209824 -0.0707397 136.582 433 462968
-15.2168 18.0283 0.7 23.5918 -0.701029 0 -0.0707397 134.707 423 462968
-7.10901 22.6908 0.201001 23.7836 -0.303613 -0.0209824 0.0707397 135.644 428 462968
-14.5922 18.781 0.7 23.7836 -0.660537 0 0.0707397 137.894 440 462968
-14.9663 18.4842 0.7 23.7836 -0.680617 0 0.0707397 138.269 442 462968
-14.9663 18.4775 0.201001 23.7836 -0.680795 -0.0209824 0.0707397 136.207 431 462968
-14.5922 18.781 0.7 23.7836 -0.660537 0 -0 145.582 481 462968
-14.9663 18.4842 0.7 23.7836 -0.680617 0 -0 146.519 486 462968
-14.5922 18.781 0.7 23.7836 -0.660537 0 -0.0707397 138.832 445 462968
-14.9663 18.4842 0.7 23.7836 -0.680617 0 -0.0707397 140.519 454 462968
-14.9663 18.4775 0.201001 23.7836 -0.680795 -0.0209824 -0.0707397 137.707 439 462968
-7.16634 22.8738 0.196977 23.9754 -0.303613 -0.0209824 0.0707397 133.957 419 462968
-14.3327 19.2196 0.7 23.9754 -0.640765 0 0.0707397 133.207 415 462968
-14.3327 19.213 1.20302 23.9754 -0.640929 0.0209824 0.0707397 133.207 415 462968
-14.7099 18.9325 0.7 23.9754 -0.660537 0 0.0707397 133.394 416 462968
-14.7099 18.9258 1.20302 23.9754 -0.660708 0.0209824 0.0707397 133.957 419 462968
-7.16634 22.8738 0.196977 23.9754 -0.303613 -0.0209824 -0 142.582 465 462968
1.52077 24.1193 0.7 24.1672 0.0629689 0 0.0707397 148.394 496 462968
1.52077 24.1139 1.20705 24.1672 0.0629827 0.0209824 0.0707397 146.519 486 462968
1.14058 24.1402 0.7 24.1672 0.047213 0 0.0707397 148.957 499 462968
1.14058 24.1349 1.20705 24.1672 0.0472234 0.0209824 0.0707397 146.894 488 462968
1.52077 24.1193 0.7 24.1672 0.0629689 0 -0 155.707 535 462968
1.52077 24.1139 1.20705 24.1672 0.0629827 0.0209824 -0 154.019 526 462968
1.14058 24.1402 0.7 24.1672 0.047213 0 -0 156.082 537 462968
1.14058 24.1349 1.20705 24.1672 0.0472234 0.0209824 -0 154.394 528 462968
1.52077 24.1193 0.7 24.1672 0.0629689 0 -0.0707397 148.394 496 462968
1.52077 24.1139 1.20705 24.1672 0.0629827 0.0209824 -0.0707397 146.519 486 462968
1.14058 24.1402 0.7 24.1672 0.047213 0 -0.0707397 148.582 497 462968
1.14058 24.1349 1.20705 24.1672 0.0472234 0.0209824 -0.0707397 146.894 488 462968
1.53284 24.3107 0.7 24.359 0.0629689 0 0.0707397 149.957 499 462968
1.53284 24.3053 1.21107 24.359 0.0629827 0.0209824 0.0707397 148.832 493 462968
1.14963 24.3318 0.7 24.359 0.047213 0 0.0707397 149.957 499 462968
1.14963 24.3265 1.21107 24.359 0.0472234 0.0209824 0.0707397 148.644 492 462968
1.53284 24.3107 0.7 24.359 0.0629689 0 -0 157.644 540 462968
1.53284 24.3053 1.21107 24.359 0.0629827 0.0209824 -0 156.519 534 462968
1.14963 24.3318 0.7 24.359 0.047213 0 -0 158.019 542 462968
1.14963 24.3265 1.21107 24.359 0.0472234 0.0209824 -0 156.519 534 462968
1.53284 24.3107 0.7 24.359 0.0629689 0 -0.0707397 151.082 505 462968
1.53284 24.3053 1.21107 24.359 0.0629827 0.0209824 -0.0707397 150.144 500 462968
1.14963 24.3318 0.7 24.359 0.047213 0 -0.0707397 151.457 507 462968
1.14963 24.3265 1.21107 24.359 0.0472234 0.0209824 -0.0707397 150.144 500 462968
10.0419 22.4031 0.7 24.5508 0.421388 0 -0 137.207 431 462968
9.65571 22.5723 0.7 24.5508 0.404213 0 -0 137.207 431 462968
4.24851 24.1749 1.2151 24.5508 0.173964 0.0209824 -0 134.019 414 462968
1.55698 24.6935 0.7 24.7426 0.0629689 0 -0 143.207 463 462968
-15.8112 19.5277 0.7 25.1262 -0.680617 0 -0 134.019 414 462968
9.09145 23.4237 0.7 25.1262 0.370232 0 -0 134.957 419 462968
11.1523 22.7046 1.76239 25.318 0.456578 0.041974 -0 140.019 446 462968
11.1523 22.7232 1.23119 25.318 0.456253 0.0209824 -0 139.832 445 462968
10.754 22.8959 1.76239 25.318 0.439109 0.041974 -0 137.957 435 462968
10.754 22.9144 1.23119 25.318 0.438799 0.0209824 -0 138.144 436 462968
11.2368 22.8953 1.23522 25.5098 0.456253 0.0209824 -0 141.144 452 462968
-16.7014 19.7872 0.7 25.8934 -0.701029 0 0.0707397 135.207 415 462968
-16.294 20.124 0.7 25.8934 -0.680617 0 -0 139.519 438 462968
-16.294 20.1166 0.156735 25.8934 -0.680795 -0.0209824 -0 138.019 430 462968
-16.7014 19.7872 0.7 25.8934 -0.701029 0 -0 141.957 451 462968
-16.7014 19.7797 0.156735 25.8934 -0.701215 -0.0209824 -0 140.269 442 462968
-16.7014 19.7797 1.24327 25.8934 -0.701215 0.0209824 -0 137.644 428 462968
-16.4147 20.273 0.7 26.0852 -0.680617 0 0.0707397 141.957 451 462968
-16.4147 20.2656 0.152711 26.0852 -0.680795 -0.0209824 0.0707397 139.519 438 462968
-16.8251 19.9338 0.7 26.0852 -0.701029 0 0.0707397 142.332 453 462968
-16.8251 19.9263 0.152711 26.0852 -0.701215 -0.0209824 0.0707397 140.457 443 462968
-16.4147 20.273 0.7 26.0852 -0.680617 0 -0 149.269 490 462968
-16.4147 20.2656 0.152711 26.0852 -0.680795 -0.0209824 -0 147.019 478 462968
-16.8251 19.9338 0.7 26.0852 -0.701029 0 -0 150.207 495 462968
-16.8251 19.9263 0.152711 26.0852 -0.701215 -0.0209824 -0 148.144 484 462968
-16.4147 20.273 0.7 26.0852 -0.680617 0 -0.0707397 142.332 453 462968
-16.4147 20.2656 0.152711 26.0852 -0.680795 -0.0209824 -0.0707397 139.894 440 462968
-16.8251 19.9338 0.7 26.0852 -0.701029 0 -0.0707397 143.082 457 462968
-16.8251 19.9263 0.152711 26.0852 -0.701215 -0.0209824 -0.0707397 141.394 448 462968
6.71072 25.583 4.05617 26.6606 0.256532 0.12622 -0 136.332 421 462968
6.2913 25.6894 4.05617 26.6606 0.240172 0.12622 -0 138.582 433 462968
6.2913 25.7563 3.49681 26.6606 0.239572 0.105098 -0 135.582 417 462968
6.2913 25.8835 1.81872 26.6606 0.238438 0.041974 -0 135.957 419 462968
6.33656 25.9416 3.51693 26.8524 0.239572 0.105098 0.0707397 135.582 417 462968
6.75899 25.7671 4.08032 26.8524 0.256532 0.12622 -0 140.457 443 462968
6.75899 25.8347 3.51693 26.8524 0.255889 0.105098 -0 141.957 451 462968
6.33656 25.8742 4.08032 26.8524 0.240172 0.12622 -0 140.832 445 462968
6.33656 25.9416 3.51693 26.8524 0.239572 0.105098 -0 142.894 456 462968
6.75899 25.8347 3.51693 26.8524 0.255889 0.105098 -0.0707397 134.832 413 462968
6.33656 25.9416 3.51693 26.8524 0.239572 0.105098 -0.0707397 136.332 421 462968
3.82909 26.7718 0.7 27.0442 0.142064 0 0.0707397 133.332 405 462968
3.82909 26.7658 1.26741 27.0442 0.142095 0.0209824 0.0707397 133.707 407 462968
3.40364 26.8292 0.7 27.0442 0.126189 0 0.0707397 133.332 405 462968
3.40364 26.8232 1.26741 27.0442 0.126217 0.0209824 0.0707397 133.707 407 462968
-15.9651 22.3025 0.7 27.4278 -0.621281 0 -0 135.457 411 462968
-15.9651 22.2951 0.124541 27.4278 -0.621438 -0.0209824 -0 134.519 406 462968
10.8627 25.3938 0.7 27.6196 0.404213 0 0.0707397 134.332 405 462968
10.4282 25.5753 0.7 27.6196 0.387164 0 0.0707397 136.207 415 462968
10.4282 25.5753 0.7 27.6196 0.387164 0 -0 143.332 453 462968
6.5176 26.8146 1.85897 27.6196 0.238438 0.041974 -0 143.707 455 462968
6.5176 26.8334 1.27948 27.6196 0.238277 0.0209824 -0 143.519 454 462968
6.0831 26.9165 1.85897 27.6196 0.222265 0.041974 -0 143.144 452 462968
10.8627 25.3938 0.7 27.6196 0.404213 0 -0.0707397 136.207 415 462968
10.4282 25.5753 0.7 27.6196 0.387164 0 -0.0707397 136.957 419 462968
11.089 25.9229 0.7 28.195 0.404213 0 -0 139.957 435 462968
10.6454 26.1081 0.7 28.195 0.387164 0 -0 141.269 442 462968
6.65339 26.1171 8.98178 28.195 0.249446 0.298128 -0 141.457 443 462968
6.20983 26.2261 8.98178 28.195 0.232498 0.298128 -0 140.707 439 462968
10.6454 26.1081 0.7 28.195 0.387164 0 -0.0707397 135.644 412 462968
-19.2028 20.9061 0.7 28.3868 -0.742956 0 -0 139.207 431 462968
-19.6494 20.487 0.7 28.3868 -0.764533 0 -0 141.457 443 462968
-19.6494 20.4783 0.10442 28.3868 -0.764744 -0.0209824 -0 140.332 437 462968
2.73377 28.8329 0.7 28.9622 0.0945316 0 -0 134.957 403 462968
2.73377 28.8265 1.30765 28.9622 0.0945525 0.0209824 -0 136.269 410 462968
3.66917 28.9222 0.7 29.1541 0.126189 0 -0 134.957 403 462968
3.66917 28.9158 1.31168 29.1541 0.126217 0.0209824 -0 134.019 398 462968
2.75188 29.0239 0.7 29.1541 0.0945316 0 -0 137.582 417 462968
2.75188 29.0174 1.31168 29.1541 0.0945525 0.0209824 -0 136.457 411 462968
3.74159 29.4931 0.7 29.7295 0.126189 0 -0 139.832 429 462968
3.74159 29.4865 1.32375 29.7295 0.126217 0.0209824 -0 141.144 436 462968
3.27389 29.5486 0.7 29.7295 0.110346 0 -0 140.207 431 462968
3.27389 29.5421 1.32375 29.7295 0.110371 0.0209824 -0 141.519 438 462968
8.9436 28.5534 0.7 29.9213 0.303544 0 -0 140.207 431 462968
3.29501 29.7327 1.32777 29.9213 0.110371 0.0209824 -0 139.269 426 462968
2.8424 29.9786 0.7 30.1131 0.0945316 0 -0 143.582 449 462968
2.8424 29.972 1.3318 30.1131 0.0945525 0.0209824 -0 143.394 448 462968
3.35838 30.3112 0.7 30.4967 0.110346 0 -0 141.207 431 462968
3.35838 30.3044 1.33985 30.4967 0.110371 0.0209824 -0 141.957 435 462968
2.87861 30.3605 0.7 30.4967 0.0945316 0 -0 141.957 435 462968
2.87861 30.3538 1.33985 30.4967 0.0945525 0.0209824 -0 143.644 444 462968
-7.24178 29.8148 0.0561301 30.6885 -0.238277 -0.0209824 0.0707397 137.832 413 462968
6.27621 30.0398 0.7 30.6885 0.205967 0 -0 153.582 497 462968
6.27621 30.0329 1.34387 30.6885 0.206013 0.0209824 -0 153.582 497 462968
5.79342 30.1298 1.34387 30.6885 0.189964 0.0209824 -0 150.957 483 462968
-7.24178 29.8148 0.0561301 30.6885 -0.238277 -0.0209824 -0.0707397 138.019 414 462968
6.31544 30.2276 0.7 30.8803 0.205967 0 -0 154.144 500 462968
6.31544 30.2206 1.34789 30.8803 0.206013 0.0209824 -0 154.144 500 462968
6.84348 30.3091 0.7 31.0721 0.222066 0 0.0707397 155.832 509 462968
6.35466 30.4153 0.7 31.0721 0.205967 0 0.0707397 159.957 531 462968
6.35466 30.4083 1.35192 31.0721 0.206013 0.0209824 0.0707397 159.957 531 462968
6.84348 30.3091 0.7 31.0721 0.222066 0 -0 162.957 547 462968
6.35466 30.4153 0.7 31.0721 0.205967 0 -0 166.894 568 462968
6.35466 30.4083 1.35192 31.0721 0.206013 0.0209824 -0 166.894 568 462968
6.84348 30.3091 0.7 31.0721 0.222066 0 -0.0707397 155.644 508 462968
6.35466 30.4153 0.7 31.0721 0.205967 0 -0.0707397 159.957 531 462968
6.35466 30.4083 1.35192 31.0721 0.206013 0.0209824 -0.0707397 159.582 529 462968
6.88573 30.4962 0.7 31.2639 0.222066 0 -0 153.394 496 462968
6.39389 30.6031 0.7 31.2639 0.205967 0 -0 157.707 519 462968
6.39389 30.5961 1.35594 31.2639 0.206013 0.0209824 -0 157.144 516 462968
6.39389 30.6031 0.7 31.2639 0.205967 0 -0.0707397 151.519 486 462968
6.39389 30.5961 1.35594 31.2639 0.206013 0.0209824 -0.0707397 150.582 481 462968
6.43311 30.7908 0.7 31.4557 0.205967 0 -0 152.082 489 462968
6.43311 30.7838 1.35997 31.4557 0.206013 0.0209824 -0 152.832 493 462968
1.48456 31.4206 0.7 31.4557 0.047213 0 -0 152.832 493 462968
1.52077 32.187 0.7 32.2229 0.047213 0 -0 155.269 506 462968
1.52077 32.1799 0.0239366 32.2229 0.0472234 -0.0209824 -0 153.394 496 462968
1.01385 32.2069 0.7 32.2229 0.0314688 0 -0 152.832 493 462968
1.52983 32.3786 0.7 32.4147 0.047213 0 -0 155.832 509 462968
1.52983 32.3714 0.0199124 32.4147 0.0472234 -0.0209824 -0 154.144 500 462968
1.01988 32.3987 0.7 32.4147 0.0314688 0 -0 153.957 499 462968
1.01988 32.3915 0.0199124 32.4147 0.0314757 -0.0209824 -0 151.519 486 462968
1.53888 32.5702 0.7 32.6065 0.047213 0 0.0707397 160.519 534 462968
1.53888 32.563 0.0158883 32.6065 0.0472234 -0.0209824 0.0707397 159.582 529 462968
1.02592 32.5904 0.7 32.6065 0.0314688 0 0.0707397 157.519 518 462968
1.02592 32.5832 0.0158883 32.6065 0.0314757 -0.0209824 0.0707397 156.207 511 462968
1.53888 32.5702 0.7 32.6065 0.047213 0 -0 168.207 575 462968
1.53888 32.563 0.0158883 32.6065 0.0472234 -0.0209824 -0 167.082 569 462968
1.02592 32.5904 0.7 32.6065 0.0314688 0 -0 165.207 559 462968
1.02592 32.5832 0.0158883 32.6065 0.0314757 -0.0209824 -0 163.707 551 462968
1.53888 32.5702 0.7 32.6065 0.047213 0 -0.0707397 161.082 537 462968
1.53888 32.563 0.0158883 32.6065 0.0472234 -0.0209824 -0.0707397 160.144 532 462968
1.02592 32.5904 0.7 32.6065 0.0314688 0 -0.0707397 158.082 521 462968
1.02592 32.5832 0.0158883 32.6065 0.0314757 -0.0209824 -0.0707397 156.582 513 462968
1.54793 32.7618 0.7 32.7983 0.047213 0 -0 158.144 516 462968
1.54793 32.7545 0.0118641 32.7983 0.0472234 -0.0209824 -0 158.707 519 462968
1.03195 32.7821 0.7 32.7983 0.0314688 0 -0 154.582 497 462968
1.03195 32.7748 0.0118641 32.7983 0.0314757 -0.0209824 -0 155.332 501 462968
1.54793 32.7618 0.7 32.7983 0.047213 0 -0.0707397 152.519 486 462968
1.54793 32.7545 0.0118641 32.7983 0.0472234 -0.0209824 -0.0707397 152.894 488 462968
-6.74692 32.2854 0.00783986 32.9901 -0.206013 -0.0209824 0.0707397 138.269 410 462968
-7.26592 32.18 0.7 32.9901 -0.222066 0 0.0707397 137.519 406 462968
-7.26592 32.1726 0.00783986 32.9901 -0.222116 -0.0209824 0.0707397 141.832 429 462968
-7.26592 32.1502 -0.68432 32.9901 -0.222265 -0.041974 0.0707397 136.207 399 462968
-7.78491 32.051 0.00783986 32.9901 -0.238277 -0.0209824 0.0707397 136.394 400 462968
-22.8357 23.5563 4.1608 32.9901 -0.769868 0.105098 0.0707397 136.207 399 462968
-7.26592 32.1726 0.00783986 32.9901 -0.222116 -0.0209824 -0 149.144 468 462968
1.55698 32.9534 0.7 32.9901 0.047213 0 -0 153.832 493 462968
1.55698 32.9461 0.00783986 32.9901 0.0472234 -0.0209824 -0 152.707 487 462968
-7.26592 32.1726 0.00783986 32.9901 -0.222116 -0.0209824 -0.0707397 141.832 429 462968
-22.8357 23.5563 4.1608 32.9901 -0.769868 0.105098 -0.0707397 140.332 421 462968
-23.3547 23.0418 4.1608 32.9901 -0.792142 0.105098 -0.0707397 139.957 419 462968
3.13207 32.8499 4.18092 33.1819 0.0950577 0.105098 -0 147.457 459 462968
5.28046 32.96 4.22116 33.5655 0.158858 0.105098 -0 142.957 435 462968
3.69633 33.175 4.22116 33.5655 0.110961 0.105098 -0 143.519 438 462968
10.0329 31.8369 4.22116 33.5655 0.305283 0.105098 -0.0707397 135.269 394 462968
5.28046 32.96 4.22116 33.5655 0.158858 0.105098 -0.0707397 136.207 399 462968
4.75242 33.0403 4.22116 33.5655 0.142857 0.105098 -0.0707397 135.269 394 462968
18.5872 28.1793 0.7 33.7573 0.583099 0 -0 134.332 389 462968
-20.7115 26.6475 1.40826 33.7573 -0.660708 0.0209824 -0 133.957 387 462968
10.6213 32.0429 0.7 33.7573 0.320073 0 -0 136.019 398 462968
10.6213 32.035 1.40826 33.7573 0.320146 0.0209824 -0 135.644 396 462968
10.0902 32.214 0.7 33.7573 0.303544 0 -0 135.269 394 462968
10.0902 32.2063 1.40826 33.7573 0.303613 0.0209824 -0 136.207 399 462968
1.60224 33.9113 0.7 33.9491 0.047213 0 -0 149.707 471 462968
1.06816 33.9323 0.7 33.9491 0.0314688 0 -0 147.457 459 462968
10.2622 32.5646 4.30165 34.3327 0.305283 0.105098 -0 136.082 393 462968
20.6391 27.6762 0.7 34.5245 0.640765 0 -0 138.894 408 462968
20.0959 28.0731 0.7 34.5245 0.621281 0 -0 138.894 408 462968
5.52186 34.5375 3.6457 35.0999 0.158538 0.0840222 0.0707397 143.394 432 462968
4.96967 34.6213 3.6457 35.0999 0.14257 0.0840222 0.0707397 141.332 421 462968
5.52186 34.5375 3.6457 35.0999 0.158538 0.0840222 -0 150.894 472 462968
4.96967 34.6213 3.6457 35.0999 0.14257 0.0840222 -0 148.644 460 462968
5.52186 34.5375 3.6457 35.0999 0.158538 0.0840222 -0.0707397 144.144 436 462968
4.96967 34.6213 3.6457 35.0999 0.14257 0.0840222 -0.0707397 141.144 420 462968
5.55203 34.6551 4.40225 35.2917 0.158858 0.105098 0.0707397 137.207 399 462968
4.99683 34.6526 5.1427 35.2917 0.143211 0.12622 0.0707397 138.707 407 462968
4.99683 34.7395 4.40225 35.2917 0.142857 0.105098 0.0707397 140.207 415 462968
4.99683 34.8104 3.6618 35.2917 0.14257 0.0840222 0.0707397 137.019 398 462968
4.99683 34.7395 4.40225 35.2917 0.142857 0.105098 -0 147.144 452 462968
5.55203 34.6551 4.40225 35.2917 0.158858 0.105098 -0.0707397 138.519 406 462968
5.55203 34.7262 3.6618 35.2917 0.158538 0.0840222 -0.0707397 136.832 397 462968
4.99683 34.6526 5.1427 35.2917 0.143211 0.12622 -0.0707397 137.207 399 462968
4.99683 34.7395 4.40225 35.2917 0.142857 0.105098 -0.0707397 140.394 416 462968
4.99683 34.8104 3.6618 35.2917 0.14257 0.0840222 -0.0707397 138.144 404 462968
3.34932 35.1994 3.6779 35.4836 0.0948673 0.0840222 0.0707397 136.082 393 462968
6.77106 35.0934 3.71009 35.8672 0.190602 0.0840222 0.0707397 139.082 409 462968
6.77106 35.0934 3.71009 35.8672 0.190602 0.0840222 -0 146.394 448 462968
6.20681 35.1976 3.71009 35.8672 0.174548 0.0840222 -0 145.457 443 462968
6.77106 35.0934 3.71009 35.8672 0.190602 0.0840222 -0.0707397 139.457 411 462968
6.20681 35.1976 3.71009 35.8672 0.174548 0.0840222 -0.0707397 139.082 409 462968
5.64255 35.2924 3.71009 35.8672 0.158538 0.0840222 -0.0707397 134.957 387 462968
5.67273 35.4811 3.72619 36.059 0.158538 0.0840222 0.0707397 136.644 396 462968
7.37455 35.1668 3.72619 36.059 0.206706 0.0840222 -0 144.519 438 462968
6.80727 35.281 3.72619 36.059 0.190602 0.0840222 -0 144.894 440 462968
5.67273 35.4811 3.72619 36.059 0.158538 0.0840222 -0 144.894 440 462968
5.67273 35.4085 4.48274 36.059 0.158858 0.105098 -0.0707397 135.707 391 462968
5.67273 35.4811 3.72619 36.059 0.158538 0.0840222 -0.0707397 138.894 408 462968
-17.1087 31.9595 0.7 36.2508 -0.491506 0 0.0707397 138.144 404 462968
-17.1087 31.9505 -0.0605713 36.2508 -0.491624 -0.0209824 0.0707397 136.832 397 462968
5.7029 35.5968 4.50286 36.2508 0.158858 0.105098 0.0707397 137.394 400 462968
5.7029 35.6699 3.74229 36.2508 0.158538 0.0840222 0.0707397 139.457 411 462968
5.13261 35.7564 3.74229 36.2508 0.14257 0.0840222 0.0707397 134.957 387 462968
5.7029 35.6699 3.74229 36.2508 0.158538 0.0840222 -0 148.082 457 462968
1.72897 36.5855 -0.0686197 36.6344 0.0472234 -0.0209824 0.0707397 147.957 451 462968
1.72897 36.5855 1.46862 36.6344 0.0472234 0.0209824 0.0707397 153.207 479 462968
1.15265 36.6082 1.46862 36.6344 0.0314757 0.0209824 0.0707397 153.582 481 462968
1.72897 36.5855 1.46862 36.6344 0.0472234 0.0209824 -0 160.332 517 462968
1.15265 36.6082 1.46862 36.6344 0.0314757 0.0209824 -0 160.519 518 462968
1.72897 36.5612 2.23724 36.6344 0.0472546 0.041974 -0.0707397 147.957 451 462968
1.72897 36.5855 1.46862 36.6344 0.0472234 0.0209824 -0.0707397 153.019 478 462968
1.15265 36.6082 1.46862 36.6344 0.0314757 0.0209824 -0.0707397 153.207 479 462968
1.73803 36.777 -0.0726438 36.8262 0.0472234 -0.0209824 0.0707397 153.207 479 462968
1.73803 36.777 1.47264 36.8262 0.0472234 0.0209824 0.0707397 155.082 489 462968
1.15868 36.7998 -0.0726438 36.8262 0.0314757 -0.0209824 0.0707397 151.707 471 462968
1.15868 36.7998 1.47264 36.8262 0.0314757 0.0209824 0.0707397 154.894 488 462968
1.73803 36.777 -0.0726438 36.8262 0.0472234 -0.0209824 -0 160.707 519 462968
1.73803 36.777 1.47264 36.8262 0.0472234 0.0209824 -0 162.957 531 462968
1.15868 36.7998 -0.0726438 36.8262 0.0314757 -0.0209824 -0 159.394 512 462968
1.15868 36.7998 1.47264 36.8262 0.0314757 0.0209824 -0 162.957 531 462968
1.73803 36.777 -0.0726438 36.8262 0.0472234 -0.0209824 -0.0707397 154.144 484 462968
1.73803 36.777 1.47264 36.8262 0.0472234 0.0209824 -0.0707397 155.832 493 462968
1.15868 36.7998 -0.0726438 36.8262 0.0314757 -0.0209824 -0.0707397 152.832 477 462968
1.15868 36.7998 1.47264 36.8262 0.0314757 0.0209824 -0.0707397 156.019 494 462968
4.65888 36.5177 4.58334 37.018 0.126893 0.105098 0.0707397 135.582 385 462968
4.65888 36.6908 2.25334 37.018 0.126301 0.041974 0.0707397 135.582 385 462968
-15.8867 33.8599 0.7 37.4016 -0.438696 0 0.0707397 149.457 459 462968
-15.2983 34.1298 0.7 37.4016 -0.421388 0 -0 153.394 480 462968
-15.8867 33.8599 0.7 37.4016 -0.438696 0 -0 156.957 499 462968
-15.8867 33.8508 -0.0847164 37.4016 -0.438799 -0.0209824 -0 151.707 471 462968
-15.8867 33.8508 1.48472 37.4016 -0.438799 0.0209824 -0 152.457 475 462968
-16.475 33.5775 0.7 37.4016 -0.456145 0 -0 151.332 469 462968
-15.8867 33.8599 0.7 37.4016 -0.438696 0 -0.0707397 150.207 463 462968
-15.3767 34.3048 0.7 37.5934 -0.421388 0 0.0707397 154.144 484 462968
-15.9681 34.0335 0.7 37.5934 -0.438696 0 0.0707397 155.269 490 462968
-15.9681 34.0244 -0.0887406 37.5934 -0.438799 -0.0209824 0.0707397 150.957 467 462968
-15.9681 34.0244 1.48874 37.5934 -0.438799 0.0209824 0.0707397 150.957 467 462968
-15.3767 34.3048 0.7 37.5934 -0.421388 0 -0 162.019 526 462968
-15.9681 34.0335 0.7 37.5934 -0.438696 0 -0 163.332 533 462968
-15.9681 34.0244 -0.0887406 37.5934 -0.438799 -0.0209824 -0 159.207 511 462968
-15.9681 34.0244 1.48874 37.5934 -0.438799 0.0209824 -0 158.832 509 462968
-15.3767 34.3048 0.7 37.5934 -0.421388 0 -0.0707397 155.082 489 462968
-15.9681 34.0335 0.7 37.5934 -0.438696 0 -0.0707397 156.582 497 462968
-15.9681 34.0244 -0.0887406 37.5934 -0.438799 -0.0209824 -0.0707397 152.269 474 462968
-15.9681 34.0244 1.48874 37.5934 -0.438799 0.0209824 -0.0707397 152.082 473 462968
-15.4552 34.4798 0.7 37.7852 -0.421388 0 0.0707397 148.519 454 462968
-15.4552 34.4798 0.7 37.7852 -0.421388 0 -0 156.957 499 462968
-15.4552 34.4707 -0.0927648 37.7852 -0.421486 -0.0209824 -0 153.394 480 462968
-16.0496 34.2072 0.7 37.7852 -0.438696 0 -0 157.332 501 462968
-16.0496 34.198 -0.0927648 37.7852 -0.438799 -0.0209824 -0 153.582 481 462968
-16.0496 34.198 1.49276 37.7852 -0.438799 0.0209824 -0 153.019 478 462968
6.60511 37.3791 4.70407 38.1688 0.1749 0.105098 -0 137.457 395 462968
6.60511 37.4562 3.90325 38.1688 0.174548 0.0840222 -0 137.269 394 462968
6.00464 37.4802 4.70407 38.1688 0.158858 0.105098 -0 139.707 407 462968
6.00464 37.5572 3.90325 38.1688 0.158538 0.0840222 -0 140.082 409 462968
6.00464 37.4802 4.70407 38.1688 0.158858 0.105098 -0.0707397 136.144 388 462968
6.00464 37.5572 3.90325 38.1688 0.158538 0.0840222 -0.0707397 136.144 388 462968
24.7427 29.3144 0.7 38.3606 0.701029 0 -0 141.394 416 462968
7.24178 37.6364 2.30967 38.3606 0.190091 0.041974 -0 140.832 413 462968
6.03482 37.7459 3.91935 38.3606 0.158538 0.0840222 -0.0707397 135.582 385 462968
24.5014 30.2494 1.51691 38.936 0.680795 0.0209824 -0 140.144 404 462968
-15.9259 35.53 0.7 38.936 -0.421388 0 -0 141.269 410 462968
-15.3888 35.9652 -0.120934 39.1278 -0.404307 -0.0209824 -0 143.144 420 462968
-15.6151 36.5036 0.7 39.7032 -0.404213 0 -0 143.144 420 462968
-15.6151 36.4941 -0.133007 39.7032 -0.404307 -0.0209824 -0 142.019 414 462968
-6.90383 39.2931 0.7 39.895 -0.173925 0 0.0707397 134.894 376 462968
-15.0629 36.9421 0.7 39.895 -0.387164 0 -0 142.957 419 462968
-15.6905 36.68 0.7 39.895 -0.404213 0 -0 143.332 421 462968
-6.90383 39.2931 0.7 39.895 -0.173925 0 -0.0707397 134.707 375 462968
6.27621 39.3894 1.53703 39.895 0.158009 0.0209824 -0.0707397 133.394 368 462968
8.91342 39.3303 4.09641 40.4704 0.222865 0.0840222 -0 134.707 375 462968
8.91342 39.3944 3.24731 40.4704 0.222515 0.0629841 -0 137.519 390 462968
8.91342 39.4675 1.5491 40.4704 0.222116 0.0209824 -0 135.457 379 462968
8.27675 39.6059 1.5491 40.4704 0.206013 0.0209824 -0 137.144 388 462968
-15.3526 37.6429 1.55313 40.6622 -0.387253 0.0209824 0.0707397 138.269 394 462968
-15.9923 37.3756 1.55313 40.6622 -0.404307 0.0209824 0.0707397 139.582 401 462968
-15.3526 37.6526 0.7 40.6622 -0.387164 0 -0 142.394 416 462968
-15.3526 37.6429 1.55313 40.6622 -0.387253 0.0209824 -0 144.644 428 462968
-15.9923 37.3854 0.7 40.6622 -0.404213 0 -0 143.519 422 462968
-15.9923 37.3756 1.55313 40.6622 -0.404307 0.0209824 -0 146.144 436 462968
-15.425 37.8302 0.7 40.854 -0.387164 0 0.0707397 142.019 414 462968
-15.425 37.8205 1.55715 40.854 -0.387253 0.0209824 0.0707397 144.644 428 462968
-16.0677 37.5617 0.7 40.854 -0.404213 0 0.0707397 143.707 423 462968
-16.0677 37.5519 1.55715 40.854 -0.404307 0.0209824 0.0707397 147.082 441 462968
-15.425 37.8205 1.55715 40.854 -0.387253 0.0209824 -0 151.957 467 462968
-16.0677 37.5617 0.7 40.854 -0.404213 0 -0 151.019 462 462968
-16.0677 37.5519 1.55715 40.854 -0.404307 0.0209824 -0 154.207 479 462968
9.12464 40.4028 1.56922 41.4294 0.222116 0.0209824 -0 137.207 383 462968
8.47288 40.5538 0.7 41.4294 0.205967 0 -0 139.457 395 462968
8.47288 40.5445 1.56922 41.4294 0.206013 0.0209824 -0 140.019 398 462968
7.16936 40.7951 1.56922 41.4294 0.173964 0.0209824 -0 137.207 383 462968
28.4149 30.9354 0.7 42.0049 0.742956 0 -0 135.332 373 462968
28.4149 30.9228 1.5813 42.0049 0.743158 0.0209824 -0 134.582 369 462968
6.60812 41.4724 1.5813 42.0049 0.158009 0.0209824 -0 135.332 373 462968
5.94731 41.5443 2.46259 42.0049 0.14219 0.041974 -0 134.394 368 462968
5.94731 41.5723 1.5813 42.0049 0.142095 0.0209824 -0 136.644 380 462968
-6.6383 41.6712 0.7 42.1967 -0.157974 0 0.0707397 136.269 378 462968
-6.6383 41.6618 1.58532 42.1967 -0.158009 0.0209824 0.0707397 140.019 398 462968
-7.30213 41.5506 1.58532 42.1967 -0.173964 0.0209824 0.0707397 139.269 394 462968
-6.6383 41.6618 1.58532 42.1967 -0.158009 0.0209824 -0 146.394 432 462968
-7.30213 41.5506 1.58532 42.1967 -0.173964 0.0209824 -0 146.207 431 462968
-6.6383 41.6712 0.7 42.1967 -0.157974 0 -0.0707397 134.394 368 462968
-6.6383 41.6336 2.47064 42.1967 -0.158115 0.041974 -0.0707397 134.207 367 462968
-6.6383 41.6618 1.58532 42.1967 -0.158009 0.0209824 -0.0707397 138.707 391 462968
-7.30213 41.5506 1.58532 42.1967 -0.173964 0.0209824 -0.0707397 138.707 391 462968
28.9339 31.5004 0.7 42.7721 0.742956 0 0.0707397 140.957 403 462968
28.9339 31.4876 1.59739 42.7721 0.743158 0.0209824 0.0707397 140.207 399 462968
28.261 32.1055 0.7 42.7721 0.721799 0 0.0707397 143.957 419 462968
28.261 32.0929 1.59739 42.7721 0.721993 0.0209824 0.0707397 142.644 412 462968
28.9339 31.5004 0.7 42.7721 0.742956 0 -0 147.707 439 462968
28.9339 31.4876 1.59739 42.7721 0.743158 0.0209824 -0 146.582 433 462968
28.261 32.1055 0.7 42.7721 0.721799 0 -0 150.332 453 462968
28.261 32.0929 1.59739 42.7721 0.721993 0.0209824 -0 149.207 447 462968
28.9339 31.5004 0.7 42.7721 0.742956 0 -0.0707397 139.644 396 462968
28.9339 31.4876 1.59739 42.7721 0.743158 0.0209824 -0.0707397 138.707 391 462968
28.261 32.1055 0.7 42.7721 0.721799 0 -0.0707397 142.082 409 462968
28.261 32.0929 1.59739 42.7721 0.721993 0.0209824 -0.0707397 141.144 404 462968
29.0637 31.6417 0.7 42.9639 0.742956 0 0.0707397 137.207 383 462968
29.0637 31.6288 1.60142 42.9639 0.743158 0.0209824 0.0707397 135.519 374 462968
28.3878 32.2495 0.7 42.9639 0.721799 0 0.0707397 139.269 394 462968
28.3878 32.2369 1.60142 42.9639 0.721993 0.0209824 0.0707397 138.144 388 462968
29.0637 31.6417 0.7 42.9639 0.742956 0 -0 143.582 417 462968
29.0637 31.6288 1.60142 42.9639 0.743158 0.0209824 -0 142.644 412 462968
28.3878 32.2495 0.7 42.9639 0.721799 0 -0 146.207 431 462968
28.3878 32.2369 1.60142 42.9639 0.721993 0.0209824 -0 145.082 425 462968
29.0637 31.6417 0.7 42.9639 0.742956 0 -0.0707397 136.832 381 462968
29.0637 31.6288 1.60142 42.9639 0.743158 0.0209824 -0.0707397 136.082 377 462968
28.3878 32.2495 0.7 42.9639 0.721799 0 -0.0707397 138.519 390 462968
28.3878 32.2369 1.60142 42.9639 0.721993 0.0209824 -0.0707397 137.582 385 462968
6.84952 42.9874 1.61349 43.5393 0.158009 0.0209824 0.0707397 136.144 372 462968
6.16457 43.0619 2.52698 43.5393 0.14219 0.041974 0.0707397 136.144 372 462968
6.16457 43.091 1.61349 43.5393 0.142095 0.0209824 0.0707397 138.582 385 462968
6.84952 42.9874 1.61349 43.5393 0.158009 0.0209824 -0 142.707 407 462968
6.16457 43.0619 2.52698 43.5393 0.14219 0.041974 -0 142.894 408 462968
6.16457 43.091 1.61349 43.5393 0.142095 0.0209824 -0 145.894 424 462968
6.84952 42.9874 1.61349 43.5393 0.158009 0.0209824 -0.0707397 137.644 380 462968
6.16457 43.1007 0.7 43.5393 0.142064 0 -0.0707397 135.957 371 462968
6.16457 43.0619 2.52698 43.5393 0.14219 0.041974 -0.0707397 137.457 379 462968
6.16457 43.091 1.61349 43.5393 0.142095 0.0209824 -0.0707397 140.457 395 462968
6.87969 43.1865 0.7 43.7311 0.157974 0 0.0707397 130.707 343 462968
6.87969 43.1768 1.61751 43.7311 0.158009 0.0209824 0.0707397 131.457 347 462968
6.19172 43.2808 1.61751 43.7311 0.142095 0.0209824 0.0707397 133.707 359 462968
5.50375 43.3445 2.53503 43.7311 0.126301 0.041974 0.0707397 132.207 351 462968
28.2067 33.4184 0.7 43.7311 0.701029 0 -0.0707397 135.582 369 462968
28.2067 33.4058 1.61751 43.7311 0.701215 0.0209824 -0.0707397 136.332 373 462968
6.19172 43.2808 1.61751 43.7311 0.142095 0.0209824 -0.0707397 133.144 356 462968
5.50375 43.3737 1.61751 43.7311 0.126217 0.0209824 -0.0707397 132.394 352 462968
4.81578 43.4651 0.7 43.7311 0.110346 0 -0.0707397 132.957 355 462968
-16.0315 41.3044 0.7 44.3065 -0.370232 0 0.0707397 138.207 383 462968
-16.0315 41.294 -0.229587 44.3065 -0.370317 -0.0209824 0.0707397 136.144 372 462968
-16.7285 41.0271 0.7 44.3065 -0.387164 0 0.0707397 134.457 363 462968
-16.0315 41.3044 0.7 44.3065 -0.370232 0 -0 144.957 419 462968
-16.0315 41.294 -0.229587 44.3065 -0.370317 -0.0209824 -0 142.707 407 462968
-16.0315 41.3044 0.7 44.3065 -0.370232 0 -0.0707397 137.644 380 462968
-16.0315 41.294 -0.229587 44.3065 -0.370317 -0.0209824 -0.0707397 135.394 368 462968
6.27319 43.8207 2.55917 44.3065 0.14219 0.041974 -0.0707397 135.582 369 462968
6.27319 43.8503 1.62959 44.3065 0.142095 0.0209824 -0.0707397 136.332 373 462968
-16.1009 41.4832 0.7 44.4983 -0.370232 0 0.0707397 131.457 347 462968
7.00039 43.9343 1.63361 44.4983 0.158009 0.0209824 0.0707397 133.144 356 462968
6.30035 44.0401 1.63361 44.4983 0.142095 0.0209824 0.0707397 132.019 350 462968
-16.1009 41.4832 0.7 44.4983 -0.370232 0 -0 137.832 381 462968
7.00039 43.9343 1.63361 44.4983 0.158009 0.0209824 -0 139.519 390 462968
6.30035 44.05 0.7 44.4983 0.142064 0 -0 138.019 382 462968
6.30035 44.0401 1.63361 44.4983 0.142095 0.0209824 -0 139.144 388 462968
2.10012 44.4487 0.7 44.4983 0.047213 0 -0 137.832 381 462968
-16.1009 41.4832 0.7 44.4983 -0.370232 0 -0.0707397 131.644 348 462968
7.00039 43.9343 1.63361 44.4983 0.158009 0.0209824 -0.0707397 131.457 347 462968
6.30035 44.05 0.7 44.4983 0.142064 0 -0.0707397 130.894 344 462968
6.30035 44.0401 1.63361 44.4983 0.142095 0.0209824 -0.0707397 131.082 345 462968
0 45.0638 -0.245684 45.0737 0 -0.0209824 0.0707397 144.957 419 462968
-2.83636 44.9844 0.7 45.0737 -0.0629689 0 0.0707397 136.894 376 462968
-2.83636 44.9744 -0.245684 45.0737 -0.0629827 -0.0209824 0.0707397 137.644 380 462968
0 45.0737 0.7 45.0737 0 0 -0 150.582 449 462968
0 45.0638 -0.245684 45.0737 0 -0.0209824 -0 153.019 462 462968
-0.709091 45.0681 0.7 45.0737 -0.0157325 0 -0 149.832 445 462968
-0.709091 45.0582 -0.245684 45.0737 -0.0157359 -0.0209824 -0 150.207 447 462968
0 45.0737 0.7 45.0737 0 0 -0.0707397 144.207 415 462968
0 45.0638 -0.245684 45.0737 0 -0.0209824 -0.0707397 146.457 427 462968
-0.709091 45.0681 0.7 45.0737 -0.0157325 0 -0.0707397 143.269 410 462968
-0.709091 45.0582 -0.245684 45.0737 -0.0157359 -0.0209824 -0.0707397 144.207 415 462968
-4.98476 44.9902 0.7 45.2655 -0.110346 0 0.0707397 136.144 372 462968
-4.98476 44.9802 1.64971 45.2655 -0.110371 0.0209824 0.0707397 135.019 366 462968
-5.69687 44.9056 0.7 45.2655 -0.126189 0 0.0707397 133.332 357 462968
-5.69687 44.8955 1.64971 45.2655 -0.126217 0.0209824 0.0707397 131.832 349 462968
0 45.2555 -0.249708 45.2655 0 -0.0209824 -0 144.957 419 462968
-2.84843 45.1658 1.64971 45.2655 -0.0629827 0.0209824 -0 143.457 411 462968
-4.98476 44.9902 0.7 45.2655 -0.110346 0 -0 143.644 412 462968
-2.84843 45.1658 1.64971 45.2655 -0.0629827 0.0209824 -0.0707397 136.332 373 462968
-4.98476 44.9902 0.7 45.2655 -0.110346 0 -0.0707397 136.707 375 462968
-4.98476 44.9802 1.64971 45.2655 -0.110371 0.0209824 -0.0707397 137.457 379 462968
-5.69687 44.9056 0.7 45.2655 -0.126189 0 -0.0707397 134.082 361 462968
-5.69687 44.8955 1.64971 45.2655 -0.126217 0.0209824 -0.0707397 134.269 362 462968
34.6157 30.0523 0.7 45.8409 0.855848 0 0.0707397 142.894 408 462968
43.2696 15.1064 -0.261781 45.8409 1.2349 -0.0209824 -0 151.144 452 462968
-2.89671 45.9313 -0.265805 46.0327 -0.0629827 -0.0209824 0.0707397 139.332 389 462968
43.4507 15.1696 -0.265805 46.0327 1.2349 -0.0209824 -0 150.394 448 462968
-21.2637 41.475 0.7 46.6081 -0.473746 0 0.0707397 134.144 356 462968
-10.9985 45.2918 0.7 46.6081 -0.238224 0 -0 139.207 383 462968
-10.9985 45.2813 1.67788 46.6081 -0.238277 0.0209824 -0 138.457 379 462968
-21.2637 41.475 0.7 46.6081 -0.473746 0 -0 139.957 387 462968
-21.2637 41.475 0.7 46.6081 -0.473746 0 -0.0707397 132.082 345 462968
-11.78 45.2931 0.7 46.7999 -0.254446 0 -0 139.019 382 462968
-12.5162 45.0952 0.7 46.7999 -0.270736 0 -0 139.019 382 462968
-21.6137 42.1577 0.7 47.3753 -0.473746 0 -0 136.394 368 462968
-14.9663 45.1513 0.7 47.5671 -0.320073 0 0.0707397 131.519 342 462968
-15.7147 44.8963 0.7 47.5671 -0.336693 0 0.0707397 133.019 350 462968
-14.9663 45.1513 0.7 47.5671 -0.320073 0 -0 138.457 379 462968
-15.7147 44.8963 0.7 47.5671 -0.336693 0 -0 139.957 387 462968
-15.7147 44.8963 0.7 47.5671 -0.336693 0 -0.0707397 133.207 351 462968
23.4785 42.0294 0.7 48.1425 0.509437 0 0.0707397 133.207 351 462968
23.4785 42.0294 0.7 48.1425 0.509437 0 -0 139.957 387 462968
23.4785 42.0294 0.7 48.1425 0.509437 0 -0.0707397 132.269 346 462968
25.0928 41.2607 -1.32819 48.3344 0.546391 -0.041974 0.0707397 132.082 345 462968
25.0928 41.2607 -1.32819 48.3344 0.546391 -0.041974 -0.0707397 132.644 348 462968
26.9304 40.8279 0.7 48.9098 0.583099 0 -0 134.957 355 462968
9.23327 48.0303 0.7 48.9098 0.189921 0 -0 134.019 350 462968
9.23327 48.0194 1.72617 48.9098 0.189964 0.0209824 -0 137.019 366 462968
10.0419 48.0637 0.7 49.1016 0.205967 0 0.0707397 135.144 356 462968
10.0419 48.0527 1.73019 49.1016 0.206013 0.0209824 0.0707397 136.082 361 462968
9.26948 48.2077 1.73019 49.1016 0.189964 0.0209824 0.0707397 137.394 368 462968
4.63474 48.8823 0.7 49.1016 0.0945316 0 0.0707397 137.582 369 462968
4.63474 48.8715 1.73019 49.1016 0.0945525 0.0209824 0.0707397 134.582 353 462968
3.86228 48.9494 0.7 49.1016 0.0787404 0 0.0707397 135.519 358 462968
9.26948 48.2077 1.73019 49.1016 0.189964 0.0209824 -0 144.519 406 462968
4.63474 48.8823 0.7 49.1016 0.0945316 0 -0 145.832 413 462968
10.0419 48.0527 1.73019 49.1016 0.206013 0.0209824 -0.0707397 136.269 362 462968
9.26948 48.2077 1.73019 49.1016 0.189964 0.0209824 -0.0707397 137.207 367 462968
4.63474 48.8823 0.7 49.1016 0.0945316 0 -0.0707397 139.269 378 462968
4.63474 48.8715 1.73019 49.1016 0.0945525 0.0209824 -0.0707397 137.394 368 462968
6.25207 49.1827 3.82679 49.677 0.126441 0.0629841 -0 132.707 343 462968
34.5191 35.8535 3.83887 49.8688 0.76644 0.0629841 -0 133.082 345 462968
-30.156 40.4242 1.75836 50.4442 -0.640929 0.0209824 -0 133.082 345 462968
18.3217 47.1931 1.76239 50.636 0.370317 0.0209824 -0 132.707 343 462968
3.98298 50.4791 0.7 50.636 0.0787404 0 -0 132.519 342 462968
3.98298 50.4679 1.76239 50.636 0.0787578 0.0209824 -0 133.269 346 462968
3.18638 50.5356 0.7 50.636 0.0629689 0 -0 133.082 345 462968
3.18638 50.5245 1.76239 50.636 0.0629827 0.0209824 -0 132.707 343 462968
3.22259 51.0986 1.77446 51.2114 0.0629827 0.0209824 -0 134.019 350 462968
4.85199 51.1737 0.7 51.4032 0.0945316 0 -0 134.582 353 462968
4.04333 51.2439 0.7 51.4032 0.0787404 0 -0 133.644 348 462968
4.08859 51.8061 1.79055 51.9786 0.0787578 0.0209824 -0 136.519 358 462968
0 52.7458 0.7 52.7458 0 0 0.0707397 147.957 419 462968
0 52.7342 1.80665 52.7458 0 0.0209824 0.0707397 146.457 411 462968
-0.829787 52.7393 0.7 52.7458 -0.0157325 0 0.0707397 147.394 416 462968
-0.829787 52.7277 1.80665 52.7458 -0.0157359 0.0209824 0.0707397 146.832 413 462968
0 52.7458 0.7 52.7458 0 0 -0 155.457 459 462968
0 52.7342 1.80665 52.7458 0 0.0209824 -0 154.519 454 462968
-0.829787 52.7393 0.7 52.7458 -0.0157325 0 -0 155.269 458 462968
-0.829787 52.7277 1.80665 52.7458 -0.0157359 0.0209824 -0 154.707 455 462968
0 52.7458 0.7 52.7458 0 0 -0.0707397 148.707 423 462968
0 52.7342 1.80665 52.7458 0 0.0209824 -0.0707397 147.957 419 462968
-0.829787 52.7393 0.7 52.7458 -0.0157325 0 -0.0707397 148.707 423 462968
-0.829787 52.7277 1.80665 52.7458 -0.0157359 0.0209824 -0.0707397 148.144 420 462968
1.66561 52.8648 2.92135 52.9376 0.0314966 0.041974 -0 146.644 412 462968
1.66561 52.8998 1.81068 52.9376 0.0314757 0.0209824 -0 147.957 419 462968
0.832805 52.8844 2.92135 52.9376 0.0157463 0.041974 -0 145.707 407 462968
0.832805 52.9194 1.81068 52.9376 0.0157359 0.0209824 -0 145.894 408 462968
1.66561 52.8648 2.92135 52.9376 0.0314966 0.041974 -0.0707397 140.269 378 462968
1.66561 52.8998 1.81068 52.9376 0.0314757 0.0209824 -0.0707397 141.394 384 462968
-0.835822 53.1229 0.7 53.1294 -0.0157325 0 0.0707397 145.144 404 462968
-1.67164 53.1031 0.7 53.1294 -0.0314688 0 0.0707397 145.332 405 462968
1.67164 53.1031 0.7 53.1294 0.0314688 0 0.0707397 146.269 410 462968
1.67164 53.0914 -0.4147 53.1294 0.0314757 -0.0209824 0.0707397 144.582 401 462968
-2.52557 53.4534 0.7 53.513 -0.047213 0 0.0707397 148.144 420 462968
-2.52557 53.4416 -0.422748 53.513 -0.0472234 -0.0209824 0.0707397 147.207 415 462968
-3.36743 53.407 0.7 53.513 -0.0629689 0 0.0707397 146.082 409 462968
-2.52557 53.4534 0.7 53.513 -0.047213 0 -0 156.394 464 462968
-2.52557 53.4416 -0.422748 53.513 -0.0472234 -0.0209824 -0 154.707 455 462968
-3.36743 53.407 0.7 53.513 -0.0629689 0 -0 154.332 453 462968
-2.52557 53.4534 0.7 53.513 -0.047213 0 -0.0707397 149.082 425 462968
-2.52557 53.4416 -0.422748 53.513 -0.0472234 -0.0209824 -0.0707397 147.582 417 462968
-3.36743 53.407 0.7 53.513 -0.0629689 0 -0.0707397 147.582 417 462968
38.0193 37.9307 0.7 53.7048 0.786565 0 0.0707397 134.832 349 462968
37.1745 38.7591 0.7 53.7048 0.764533 0 0.0707397 133.707 343 462968
-3.3795 53.5984 0.7 53.7048 -0.0629689 0 -0.0707397 141.582 385 462968
40.554 35.2077 0.7 53.7048 0.855848 0 -0.0707397 140.832 381 462968
40.554 35.1897 1.82677 53.7048 0.856101 0.0209824 -0.0707397 138.207 367 462968
-8.47892 53.2255 0.7 53.8966 -0.157974 0 0.0707397 148.332 421 462968
-9.32681 53.0835 0.7 53.8966 -0.173925 0 0.0707397 147.582 417 462968
-8.47892 53.2255 0.7 53.8966 -0.157974 0 -0 155.457 459 462968
-9.32681 53.0835 0.7 53.8966 -0.173925 0 -0 154.894 456 462968
-3.41571 54.1607 1.83884 54.2802 -0.0629827 0.0209824 0.0707397 144.582 401 462968
-3.41571 54.1607 1.83884 54.2802 -0.0629827 0.0209824 -0.0707397 144.207 399 462968
-12.8542 52.9337 0.7 54.472 -0.238224 0 0.0707397 141.394 384 462968
-13.7111 52.7182 0.7 54.472 -0.254446 0 0.0707397 140.832 381 462968
0 55.0353 1.85494 55.0475 0 0.0209824 0.0707397 141.082 377 462968
0.865996 55.0285 1.85494 55.0475 0.0157359 0.0209824 0.0707397 141.082 377 462968
0.865996 55.0285 1.85494 55.0475 0.0157359 0.0209824 -0 148.582 417 462968
0.865996 55.0285 1.85494 55.0475 0.0157359 0.0209824 -0.0707397 141.269 378 462968
0 55.2271 1.85897 55.2393 0 0.0209824 0.0707397 134.894 344 462968
-0.869014 55.1838 -1.61793 55.2393 -0.0157463 -0.041974 0.0707397 134.519 342 462968
-0.869014 55.1838 3.01793 55.2393 -0.0157463 0.041974 0.0707397 134.707 343 462968
-0.869014 55.2203 1.85897 55.2393 -0.0157359 0.0209824 0.0707397 137.519 358 462968
-0.869014 55.2203 1.85897 55.2393 -0.0157359 0.0209824 -0 145.582 401 462968
0 55.2271 1.85897 55.2393 0 0.0209824 -0.0707397 136.207 351 462968
-0.869014 55.2324 0.7 55.2393 -0.0157325 0 -0.0707397 135.269 346 462968
-0.869014 55.2203 -0.458966 55.2393 -0.0157359 -0.0209824 -0.0707397 135.457 347 462968
-0.869014 55.1838 -1.61793 55.2393 -0.0157463 -0.041974 -0.0707397 137.332 357 462968
-0.869014 55.1838 3.01793 55.2393 -0.0157463 0.041974 -0.0707397 136.207 351 462968
-0.869014 55.2203 1.85897 55.2393 -0.0157359 0.0209824 -0.0707397 139.394 368 462968
-8.78066 55.1072 -0.471038 55.8147 -0.158009 -0.0209824 0.0707397 142.207 383 462968
-8.78066 55.1072 -0.471038 55.8147 -0.158009 -0.0209824 -0.0707397 140.894 376 462968
-19.6494 53.2649 0.7 56.7737 -0.353411 0 0.0707397 141.832 381 462968
-19.6494 53.2516 -0.491159 56.7737 -0.353492 -0.0209824 0.0707397 140.332 373 462968
-20.5425 52.9269 0.7 56.7737 -0.370232 0 0.0707397 142.019 382 462968
-20.5425 52.9135 -0.491159 56.7737 -0.370317 -0.0209824 0.0707397 139.207 367 462968
-19.6494 53.2649 0.7 56.7737 -0.353411 0 -0 149.332 421 462968
-19.6494 53.2516 -0.491159 56.7737 -0.353492 -0.0209824 -0 147.644 412 462968
-20.5425 52.9269 0.7 56.7737 -0.370232 0 -0 149.332 421 462968
-20.5425 52.9135 -0.491159 56.7737 -0.370317 -0.0209824 -0 145.957 403 462968
-19.6494 53.2649 0.7 56.7737 -0.353411 0 -0.0707397 142.394 384 462968
-19.6494 53.2516 -0.491159 56.7737 -0.353492 -0.0209824 -0.0707397 140.332 373 462968
-20.5425 52.9269 0.7 56.7737 -0.370232 0 -0.0707397 142.582 385 462968
-20.5425 52.9135 -0.491159 56.7737 -0.370317 -0.0209824 -0.0707397 138.832 365 462968
-16.2397 54.9491 -1.70646 57.3491 -0.287361 -0.041974 -0 138.832 365 462968
-16.2397 54.9886 1.90323 57.3491 -0.287166 0.0209824 -0 139.582 369 462968
-18.9463 54.1291 0.7 57.3491 -0.336693 0 -0 139.394 368 462968
-19.8485 53.8048 0.7 57.3491 -0.353411 0 -0 141.644 380 462968
-19.8485 53.8048 0.7 57.3491 -0.353411 0 -0.0707397 135.082 345 462968
-15.3888 55.3923 -1.71451 57.5409 -0.270981 -0.041974 0.0707397 142.207 383 462968
-16.294 55.1328 -1.71451 57.5409 -0.287361 -0.041974 0.0707397 146.144 404 462968
-16.294 55.0667 -2.92177 57.5409 -0.287687 -0.0629841 0.0707397 140.894 376 462968
-17.1992 54.8572 -1.71451 57.5409 -0.303821 -0.041974 0.0707397 142.019 382 462968
-15.3888 55.3923 -1.71451 57.5409 -0.270981 -0.041974 -0 148.582 417 462968
-16.294 55.1328 -1.71451 57.5409 -0.287361 -0.041974 -0 153.457 443 462968
-16.294 55.0667 -2.92177 57.5409 -0.287687 -0.0629841 -0 148.394 416 462968
-17.1992 54.8572 -1.71451 57.5409 -0.303821 -0.041974 -0 149.332 421 462968
-15.3888 55.3923 -1.71451 57.5409 -0.270981 -0.041974 -0.0707397 141.457 379 462968
-16.294 55.1328 -1.71451 57.5409 -0.287361 -0.041974 -0.0707397 145.957 403 462968
-17.1992 54.8572 -1.71451 57.5409 -0.303821 -0.041974 -0.0707397 142.207 383 462968
-11.8856 56.7702 4.35799 58.1163 -0.206382 0.0629841 -0 134.144 340 462968
-12.7998 56.5711 4.35799 58.1163 -0.222515 0.0629841 -0 134.894 344 462968
30.1711 49.671 0.7 58.1163 0.545856 0 -0 134.332 341 462968
30.1711 49.6561 1.91933 58.1163 0.54599 0.0209824 -0 135.457 347 462968
0 58.3081 0.7 58.3081 0 0 -0 137.519 358 462968
44.9473 37.1426 0.7 58.3081 0.880188 0 -0 136.207 351 462968
0.917292 58.3009 0.7 58.3081 0.0157325 0 -0 136.207 351 462968
-12.0425 57.586 3.17085 58.8835 -0.206151 0.041974 -0 136.644 348 462968
-6.50553 58.716 0.7 59.0753 -0.110346 0 -0 135.894 344 462968
-6.50553 58.7029 -0.53945 59.0753 -0.110371 -0.0209824 -0 134.957 339 462968
-7.43489 58.6056 0.7 59.0753 -0.126189 0 -0 135.707 343 462968
-11.1523 57.9601 3.1789 59.0753 -0.190091 0.041974 -0 135.707 343 462968
-12.0817 57.707 4.41835 59.0753 -0.206382 0.0629841 -0 135.519 342 462968
-12.0817 57.7735 3.1789 59.0753 -0.206151 0.041974 -0 137.207 351 462968
7.43489 58.6056 0.7 59.0753 0.126189 0 -0 135.332 341 462968
7.43489 58.5925 1.93945 59.0753 0.126217 0.0209824 -0 135.707 343 462968
-20.6451 55.9082 3.20304 59.6507 -0.353736 0.041974 -0 136.082 345 462968
-20.6451 55.9502 1.95152 59.6507 -0.353492 0.0209824 -0 136.457 347 462968
-30.0292 51.48 3.20304 59.6507 -0.528064 0.041974 -0 134.957 339 462968
29.0908 52.0762 0.7 59.6507 0.509437 0 -0 134.957 339 462968
29.0908 52.0612 1.95152 59.6507 0.50956 0.0209824 -0 135.519 342 462968
28.1524 52.5895 0.7 59.6507 0.491506 0 -0 135.707 343 462968
28.1524 52.5746 1.95152 59.6507 0.491624 0.0209824 -0 135.144 340 462968
31.0672 51.131 1.95555 59.8425 0.54599 0.0209824 -0 138.332 357 462968
28.2429 52.7436 1.95555 59.8425 0.491624 0.0209824 -0 139.644 364 462968
30.4155 52.1421 3.23524 60.4179 0.528064 0.041974 -0 136.082 345 462968
30.4155 52.1883 1.96762 60.4179 0.527678 0.0209824 -0 138.332 357 462968
29.465 52.685 3.23524 60.4179 0.50993 0.041974 -0 136.082 345 462968
29.465 52.7308 1.96762 60.4179 0.50956 0.0209824 -0 138.332 357 462968
30.512 52.3694 0.7 60.6097 0.52755 0 -0 136.457 347 462968
30.512 52.354 1.97164 60.6097 0.527678 0.0209824 -0 138.707 359 462968
29.5585 52.9135 0.7 60.6097 0.509437 0 -0 138.894 360 462968
29.5585 52.8982 1.97164 60.6097 0.50956 0.0209824 -0 140.207 367 462968
29.5585 52.8982 1.97164 60.6097 0.50956 0.0209824 -0.0707397 135.332 341 462968
-22.2081 57.2183 0.7 61.377 -0.370232 0 -0 134.957 339 462968
39.5884 46.903 0.7 61.377 0.701029 0 -0 135.144 340 462968
-23.1737 56.8341 0.7 61.377 -0.387164 0 -0 137.207 351 462968
33.2398 52.4911 2.00384 62.1442 0.564507 0.0209824 -0 138.207 351 462968
-6.99133 63.0866 -0.632006 63.4868 -0.110371 -0.0209824 -0 135.957 339 462968
37.4008 52.1775 3.39621 64.254 0.621912 0.041974 -0 136.519 342 462968
37.4008 52.2297 2.0481 64.254 0.621438 0.0209824 -0 139.332 357 462968
36.3899 52.9389 2.0481 64.254 0.602216 0.0209824 -0 137.644 348 462968
-45.2822 49.2989 0.7 66.9392 -0.742956 0 -0 137.519 342 462968
-46.3353 48.3105 0.7 66.9392 -0.764533 0 -0 140.332 357 462968
13.7684 65.8848 2.11249 67.3228 0.206013 0.0209824 -0 139.207 351 462968
12.7093 66.0519 3.52498 67.3228 0.190091 0.041974 -0 140.332 357 462968
12.7093 66.0972 2.11249 67.3228 0.189964 0.0209824 -0 141.457 363 462968
2.1665 68.8232 0.7 68.8573 0.0314688 0 -0 138.082 345 462968
2.1665 68.808 2.14468 68.8573 0.0314757 0.0209824 -0 140.894 360 462968
1.08325 68.7881 3.58937 68.8573 0.0157463 0.041974 -0 137.332 341 462968
1.08325 68.8336 2.14468 68.8573 0.0157359 0.0209824 -0 140.332 357 462968
2.17253 69.0149 0.7 69.0491 0.0314688 0 -0 139.957 355 462968
2.17253 68.954 3.59741 69.0491 0.0314966 0.041974 -0 139.207 351 462968
2.17253 68.9997 2.14871 69.0491 0.0314757 0.0209824 -0 143.144 372 462968
1.08627 69.0405 0.7 69.0491 0.0157325 0 -0 139.582 353 462968
1.08627 69.0253 2.14871 69.0491 0.0157359 0.0209824 -0 142.207 367 462968
2.17253 68.9997 2.14871 69.0491 0.0314757 0.0209824 -0.0707397 136.957 339 462968
-13.3611 69.4392 3.66985 70.7753 -0.190091 0.041974 -0 144.707 375 462968
-13.3611 69.4868 2.18492 70.7753 -0.189964 0.0209824 -0 143.582 369 462968
-14.4745 69.2157 3.66985 70.7753 -0.206151 0.041974 -0 141.894 360 462968
-14.4745 69.2635 2.18492 70.7753 -0.206013 0.0209824 -0 140.207 351 462968
6.77106 71.3982 2.20505 71.7343 0.0945525 0.0209824 -0 139.082 345 462968
2.26306 71.8905 0.7 71.9261 0.0314688 0 -0 143.957 371 462968
2.26306 71.8747 2.20907 71.9261 0.0314757 0.0209824 -0 146.207 383 462968
1.13153 71.9014 2.20907 71.9261 0.0157359 0.0209824 -0 142.269 362 462968
2.26306 71.8747 2.20907 71.9261 0.0314757 0.0209824 -0.0707397 139.082 345 462968
2.26909 72.0663 2.21309 72.1179 0.0314757 0.0209824 0.0707397 138.707 343 462968
3.40364 72.0217 2.21309 72.1179 0.0472234 0.0209824 -0 140.207 351 462968
2.26909 72.0822 0.7 72.1179 0.0314688 0 -0 140.394 352 462968
2.26909 72.0187 3.72619 72.1179 0.0314966 0.041974 -0 139.832 349 462968
2.26909 72.0663 2.21309 72.1179 0.0314757 0.0209824 -0 144.707 375 462968
1.13455 72.0931 2.21309 72.1179 0.0157359 0.0209824 -0 141.332 357 462968
3.41269 72.2132 2.21712 72.3097 0.0472234 0.0209824 -0 138.332 341 462968
2.27513 72.2739 0.7 72.3097 0.0314688 0 -0 139.644 348 462968
2.27513 72.258 2.21712 72.3097 0.0314757 0.0209824 -0 142.082 361 462968
1.13756 72.2849 2.21712 72.3097 0.0157359 0.0209824 -0 139.269 346 462968
-9.14878 72.0992 2.22517 72.6933 -0.126217 0.0209824 -0 138.894 344 462968
-10.2924 71.9448 2.22517 72.6933 -0.142095 0.0209824 -0 140.582 353 462968
24.2057 69.0009 5.31172 73.2687 0.337389 0.0629841 -0 140.582 353 462968
24.2057 69.0865 3.77448 73.2687 0.337002 0.041974 -0 144.519 374 462968
23.053 69.4796 3.77448 73.2687 0.320366 0.041974 -0 142.832 365 462968
23.053 69.5306 2.23724 73.2687 0.320146 0.0209824 -0 138.894 344 462968
