-1.52077 2.20159 0.925354 2.68524 -0.604499 0.0840222 -0.990356 98.3317 421 463273
1.26731 2.53734 0.217098 2.87704 0.463219 -0.168645 -0 105.332 437 463273
1.22205 2.5701 0.27746 2.87704 0.443845 -0.147399 -0 104.394 432 463273
1.22205 2.55945 0.217098 2.87704 0.445458 -0.168645 -0 104.957 435 463273
-1.76518 2.27109 0.639637 2.87704 -0.660708 -0.0209824 -0.424438 102.144 420 463273
0.995745 2.644 0.156735 2.87704 0.360177 -0.189968 -0.0707397 98.2067 399 463273
0.995745 2.63088 0.096372 2.87704 0.361822 -0.211379 -0.0707397 97.2692 394 463273
1.30352 2.74145 0.249291 3.06885 0.443845 -0.147399 -0 102.707 423 463273
1.15868 2.80573 0.249291 3.06885 0.391638 -0.147399 -0 101.957 419 463273
1.06213 2.82027 0.120517 3.06885 0.360177 -0.189968 -0 98.2067 399 463273
0.917292 2.87064 0.120517 3.06885 0.309288 -0.189968 -0 98.9567 403 463273
0.917292 2.85689 0.0561301 3.06885 0.310683 -0.211379 -0 98.9567 403 463273
-1.6294 2.35884 0.941451 2.87704 -0.604499 0.0840222 -0.990356 106.082 441 463273
-1.67466 2.28904 1.1829 2.87704 -0.631621 0.168645 -0.990356 108.332 453 463273
-1.67466 2.30095 1.12254 2.87704 -0.62915 0.147399 -0.990356 110.207 463 463273
-1.53888 2.35476 1.30363 2.87704 -0.578845 0.211379 -0.848877 104.394 432 463273
-1.53888 2.36941 1.24327 2.87704 -0.576008 0.189968 -0.848877 102.894 424 463273
-1.58414 2.32455 1.30363 2.87704 -0.59819 0.211379 -0.848877 104.957 435 463273
-1.58414 2.33939 1.24327 2.87704 -0.595231 0.189968 -0.848877 104.582 433 463273
-1.6294 2.33322 1.12254 2.87704 -0.609617 0.147399 -0.919617 106.832 445 463273
-1.67466 2.28904 1.1829 2.87704 -0.631621 0.168645 -0.919617 110.582 465 463273
-1.67466 2.30095 1.12254 2.87704 -0.62915 0.147399 -0.919617 111.894 472 463273
-1.88286 2.35305 1.27948 3.06885 -0.67485 0.189968 -0.990356 103.082 425 463273
-1.88286 2.36798 1.2151 3.06885 -0.671767 0.168645 -0.990356 105.894 440 463273
-1.93114 2.31359 1.27948 3.06885 -0.69554 0.189968 -0.990356 103.457 427 463273
-1.93114 2.32878 1.2151 3.06885 -0.692325 0.168645 -0.990356 106.457 443 463273
-1.88286 2.36798 1.2151 3.06885 -0.671767 0.168645 -1.0611 103.832 429 463273
-1.93114 2.32878 1.2151 3.06885 -0.692325 0.168645 -1.0611 104.207 431 463273
1.12851 3.03147 0.289533 3.26065 0.356371 -0.12622 0.0707397 100.082 409 463273
1.12851 3.02142 0.221122 3.26065 0.357458 -0.147399 0.0707397 102.332 421 463273
1.07721 3.05008 0.289533 3.26065 0.339502 -0.12622 0.0707397 97.0817 393 463273
1.07721 3.04009 0.221122 3.26065 0.340533 -0.147399 0.0707397 98.9567 403 463273
1.12851 3.02142 0.221122 3.26065 0.357458 -0.147399 -0 109.457 459 463273
1.12851 3.03147 0.289533 3.26065 0.356371 -0.12622 -0.0707397 99.5192 406 463273
1.12851 3.02142 0.221122 3.26065 0.357458 -0.147399 -0.0707397 102.144 420 463273
1.07721 3.04009 0.221122 3.26065 0.340533 -0.147399 -0.0707397 98.3942 400 463273
1.79234 2.91857 0.265388 3.45245 0.550734 -0.12622 -0 102.894 424 463273
1.79234 2.90686 0.192952 3.45245 0.552528 -0.147399 -0 102.332 421 463273
1.30352 3.16724 0.265388 3.45245 0.390435 -0.12622 -0 104.394 432 463273
1.24921 3.18905 0.265388 3.45245 0.373346 -0.12622 -0 102.144 420 463273
1.71992 3.17994 0.241243 3.64426 0.495804 -0.12622 0.0707397 99.8942 392 463273
1.08928 3.45658 0.317702 3.64426 0.305283 -0.105098 0.0707397 100.082 393 463273
1.08928 3.44726 0.241243 3.64426 0.306057 -0.12622 0.0707397 100.644 396 463273
1.94925 3.04476 0.241243 3.64426 0.569452 -0.12622 -0.0707397 97.6442 380 463273
1.71992 3.17994 0.241243 3.64426 0.495804 -0.12622 -0.0707397 100.269 394 463273
1.93114 3.29 0.297581 3.83606 0.530786 -0.105098 0.0707397 99.3317 389 463273
1.14662 3.6385 0.297581 3.83606 0.305283 -0.105098 0.0707397 102.332 405 463273
1.14662 3.6287 0.217098 3.83606 0.306057 -0.12622 0.0707397 102.707 407 463273
1.08627 3.65697 0.297581 3.83606 0.288739 -0.105098 0.0707397 101.957 403 463273
1.08627 3.64722 0.217098 3.83606 0.289469 -0.12622 0.0707397 101.957 403 463273
1.93114 3.27915 0.217098 3.83606 0.532229 -0.12622 -0.0707397 100.457 395 463273
1.44836 3.51915 0.217098 3.83606 0.390435 -0.12622 -0.0707397 101.582 401 463273
1.38801 3.54339 0.217098 3.83606 0.373346 -0.12622 -0.0707397 100.269 394 463273
1.14662 3.6385 0.297581 3.83606 0.305283 -0.105098 -0.0707397 102.707 407 463273
1.14662 3.6287 0.217098 3.83606 0.306057 -0.12622 -0.0707397 101.957 403 463273
1.08627 3.65697 0.297581 3.83606 0.288739 -0.105098 -0.0707397 101.582 401 463273
1.52077 3.70572 0.27746 4.02786 0.389427 -0.105098 0.0707397 104.582 417 463273
1.52077 3.69511 0.192952 4.02786 0.390435 -0.12622 0.0707397 103.644 412 463273
1.45741 3.7311 0.27746 4.02786 0.372386 -0.105098 0.0707397 103.082 409 463273
1.14058 3.83982 0.27746 4.02786 0.288739 -0.105098 0.0707397 103.644 412 463273
1.14058 3.82958 0.192952 4.02786 0.289469 -0.12622 0.0707397 102.894 408 463273
1.52077 3.70572 0.27746 4.02786 0.389427 -0.105098 -0.0707397 104.394 416 463273
1.14058 3.83982 0.27746 4.02786 0.288739 -0.105098 -0.0707397 104.019 414 463273
1.59319 3.88219 0.257339 4.21967 0.389427 -0.105098 0.0707397 107.957 435 463273
1.19489 4.02267 0.257339 4.21967 0.288739 -0.105098 0.0707397 108.707 439 463273
1.12851 4.04179 0.257339 4.21967 0.272276 -0.105098 0.0707397 107.582 433 463273
1.59319 3.88219 0.257339 4.21967 0.389427 -0.105098 -0 115.457 475 463273
1.19489 4.02267 0.257339 4.21967 0.288739 -0.105098 -0 116.019 478 463273
1.12851 4.04179 0.257339 4.21967 0.272276 -0.105098 -0 115.082 473 463273
1.59319 3.88219 0.257339 4.21967 0.389427 -0.105098 -0.0707397 108.519 438 463273
1.19489 4.02267 0.257339 4.21967 0.288739 -0.105098 -0.0707397 108.332 437 463273
1.12851 4.04179 0.257339 4.21967 0.272276 -0.105098 -0.0707397 107.582 433 463273
1.73501 4.02947 0.237219 4.41147 0.406588 -0.105098 0.0707397 104.582 401 463273
1.66561 4.05865 0.237219 4.41147 0.389427 -0.105098 0.0707397 105.144 404 463273
1.45741 4.13798 0.237219 4.41147 0.338636 -0.105098 0.0707397 104.582 401 463273
1.31861 4.18428 0.237219 4.41147 0.305283 -0.105098 0.0707397 105.144 404 463273
1.24921 4.20552 0.237219 4.41147 0.288739 -0.105098 0.0707397 105.332 405 463273
1.66561 4.05865 0.237219 4.41147 0.389427 -0.105098 -0.0707397 107.394 416 463273
1.44836 4.35237 0.313678 4.60327 0.321247 -0.0840222 0.0707397 110.582 433 463273
1.44836 4.34272 0.217098 4.60327 0.321913 -0.105098 0.0707397 110.957 435 463273
1.44836 4.35237 0.313678 4.60327 0.321247 -0.0840222 -0 118.457 475 463273
1.44836 4.34272 0.217098 4.60327 0.321913 -0.105098 -0 118.832 477 463273
1.44836 4.35237 0.313678 4.60327 0.321247 -0.0840222 -0.0707397 111.519 438 463273
1.44836 4.34272 0.217098 4.60327 0.321913 -0.105098 -0.0707397 111.894 440 463273
1.73501 4.45203 0.297581 4.79507 0.371606 -0.0840222 0.0707397 107.207 415 463273
1.20696 4.62321 0.297581 4.79507 0.255367 -0.0840222 0.0707397 108.894 424 463273
1.20696 4.61334 0.196977 4.79507 0.255889 -0.105098 0.0707397 108.707 423 463273
1.13153 4.64225 0.297581 4.79507 0.239084 -0.0840222 0.0707397 108.894 424 463273
1.13153 4.63242 0.196977 4.79507 0.239572 -0.105098 0.0707397 108.519 422 463273
1.20696 4.62321 0.297581 4.79507 0.255367 -0.0840222 -0 116.582 465 463273
1.20696 4.61334 0.196977 4.79507 0.255889 -0.105098 -0 116.582 465 463273
1.13153 4.64225 0.297581 4.79507 0.239084 -0.0840222 -0 116.582 465 463273
1.13153 4.63242 0.196977 4.79507 0.239572 -0.105098 -0 116.582 465 463273
1.20696 4.62321 0.297581 4.79507 0.255367 -0.0840222 -0.0707397 110.394 432 463273
1.20696 4.61334 0.196977 4.79507 0.255889 -0.105098 -0.0707397 110.207 431 463273
1.13153 4.64225 0.297581 4.79507 0.239084 -0.0840222 -0.0707397 110.394 432 463273
1.13153 4.63242 0.196977 4.79507 0.239572 -0.105098 -0.0707397 110.394 432 463273
1.56905 4.71507 0.281485 4.98688 0.321247 -0.0840222 0.0707397 105.519 406 463273
1.56905 4.70461 0.176856 4.98688 0.321913 -0.105098 0.0707397 104.207 399 463273
1.41215 4.76441 0.281485 4.98688 0.288146 -0.0840222 0.0707397 105.519 406 463273
1.33369 4.78697 0.281485 4.98688 0.271719 -0.0840222 0.0707397 108.144 420 463273
1.33369 4.77666 0.176856 4.98688 0.272276 -0.105098 0.0707397 105.332 405 463273
1.33369 4.78697 0.281485 4.98688 0.271719 -0.0840222 -0 114.894 456 463273
1.56905 4.71507 0.281485 4.98688 0.321247 -0.0840222 -0.0707397 104.957 403 463273
1.41215 4.76441 0.281485 4.98688 0.288146 -0.0840222 -0.0707397 104.207 399 463273
1.33369 4.78697 0.281485 4.98688 0.271719 -0.0840222 -0.0707397 107.957 419 463273
1.25524 4.80813 0.281485 4.98688 0.255367 -0.0840222 -0.0707397 105.144 404 463273
1.46646 4.956 0.374041 5.17868 0.287687 -0.0629841 0.0707397 107.144 404 463273
1.46646 4.94766 0.265388 5.17868 0.288146 -0.0840222 0.0707397 112.019 430 463273
1.46646 4.93691 0.156735 5.17868 0.288739 -0.105098 0.0707397 107.519 406 463273
1.38499 4.97108 0.265388 5.17868 0.271719 -0.0840222 0.0707397 110.332 421 463273
1.46646 4.94766 0.265388 5.17868 0.288146 -0.0840222 -0 119.332 469 463273
1.38499 4.97108 0.265388 5.17868 0.271719 -0.0840222 -0 117.832 461 463273
1.46646 4.94766 0.265388 5.17868 0.288146 -0.0840222 -0.0707397 112.582 433 463273
1.38499 4.97108 0.265388 5.17868 0.271719 -0.0840222 -0.0707397 111.082 425 463273
1.60526 5.1138 0.361968 5.37048 0.304167 -0.0629841 0.0707397 106.207 399 463273
1.60526 5.1051 0.249291 5.37048 0.304653 -0.0840222 0.0707397 108.644 412 463273
1.52077 5.13091 0.249291 5.37048 0.288146 -0.0840222 0.0707397 107.144 404 463273
1.60526 5.1051 0.249291 5.37048 0.304653 -0.0840222 -0 115.394 448 463273
1.52077 5.13091 0.249291 5.37048 0.288146 -0.0840222 -0 114.457 443 463273
1.60526 5.1051 0.249291 5.37048 0.304653 -0.0840222 -0.0707397 108.457 411 463273
1.52077 5.13091 0.249291 5.37048 0.288146 -0.0840222 -0.0707397 108.082 409 463273
1.18282 5.21918 0.249291 5.37048 0.222865 -0.0840222 -0.0707397 107.332 405 463273
1.22507 5.41439 0.349896 5.56229 0.222515 -0.0629841 0.0707397 107.707 407 463273
1.22507 5.40558 0.233194 5.56229 0.222865 -0.0840222 0.0707397 110.144 420 463273
1.13756 5.43345 0.349896 5.56229 0.206382 -0.0629841 0.0707397 107.707 407 463273
1.13756 5.42467 0.233194 5.56229 0.206706 -0.0840222 0.0707397 110.144 420 463273
1.22507 5.40558 0.233194 5.56229 0.222865 -0.0840222 -0 116.519 454 463273
1.13756 5.42467 0.233194 5.56229 0.206706 -0.0840222 -0 116.894 456 463273
1.22507 5.40558 0.233194 5.56229 0.222865 -0.0840222 -0.0707397 109.019 414 463273
1.13756 5.42467 0.233194 5.56229 0.206706 -0.0840222 -0.0707397 109.582 417 463273
1.35783 5.57069 0.217098 5.75409 0.239084 -0.0840222 0.0707397 109.207 415 463273
1.26731 5.6011 0.337823 5.75409 0.222515 -0.0629841 0.0707397 110.332 421 463273
1.26731 5.59198 0.217098 5.75409 0.222865 -0.0840222 0.0707397 113.332 437 463273
1.17679 5.61173 0.217098 5.75409 0.206706 -0.0840222 0.0707397 109.207 415 463273
1.35783 5.57069 0.217098 5.75409 0.239084 -0.0840222 -0 116.894 456 463273
1.26731 5.6011 0.337823 5.75409 0.222515 -0.0629841 -0 117.832 461 463273
1.26731 5.59198 0.217098 5.75409 0.222865 -0.0840222 -0 120.832 477 463273
1.17679 5.61173 0.217098 5.75409 0.206706 -0.0840222 -0 116.332 453 463273
1.35783 5.57069 0.217098 5.75409 0.239084 -0.0840222 -0.0707397 109.957 419 463273
1.26731 5.6011 0.337823 5.75409 0.222515 -0.0629841 -0.0707397 110.707 423 463273
1.26731 5.59198 0.217098 5.75409 0.222865 -0.0840222 -0.0707397 113.707 439 463273
1.17679 5.61173 0.217098 5.75409 0.206706 -0.0840222 -0.0707397 109.394 416 463273
1.21602 5.80817 0.325751 5.94589 0.206382 -0.0629841 -0 113.457 427 463273
1.21602 5.79879 0.201001 5.94589 0.206706 -0.0840222 -0 114.582 433 463273
1.12248 5.82697 0.325751 5.94589 0.190303 -0.0629841 -0 111.207 415 463273
1.15868 6.01494 0.313678 6.1377 0.190303 -0.0629841 0.0707397 113.644 428 463273
1.15868 6.00528 0.184904 6.1377 0.190602 -0.0840222 0.0707397 113.269 426 463273
1.06213 6.03274 0.313678 6.1377 0.174275 -0.0629841 0.0707397 110.457 411 463273
1.15868 6.01494 0.313678 6.1377 0.190303 -0.0629841 -0 121.144 468 463273
1.15868 6.00528 0.184904 6.1377 0.190602 -0.0840222 -0 120.582 465 463273
1.06213 6.03274 0.313678 6.1377 0.174275 -0.0629841 -0 118.332 453 463273
1.15868 6.01494 0.313678 6.1377 0.190303 -0.0629841 -0.0707397 114.019 430 463273
1.15868 6.00528 0.184904 6.1377 0.190602 -0.0840222 -0.0707397 113.269 426 463273
1.06213 6.03274 0.313678 6.1377 0.174275 -0.0629841 -0.0707397 111.582 417 463273
1.19489 6.20291 0.301606 6.3295 0.190303 -0.0629841 0.0707397 109.894 408 463273
1.19489 6.19295 0.168807 6.3295 0.190602 -0.0840222 0.0707397 109.519 406 463273
1.09532 6.22126 0.301606 6.3295 0.174275 -0.0629841 0.0707397 109.332 405 463273
1.09532 6.21133 0.168807 6.3295 0.174548 -0.0840222 0.0707397 107.832 397 463273
1.19489 6.20291 0.301606 6.3295 0.190303 -0.0629841 -0 118.144 452 463273
1.19489 6.19295 0.168807 6.3295 0.190602 -0.0840222 -0 118.144 452 463273
1.09532 6.22126 0.301606 6.3295 0.174275 -0.0629841 -0 117.957 451 463273
1.09532 6.21133 0.168807 6.3295 0.174548 -0.0840222 -0 116.644 444 463273
1.19489 6.20291 0.301606 6.3295 0.190303 -0.0629841 -0.0707397 111.394 416 463273
1.19489 6.19295 0.168807 6.3295 0.190602 -0.0840222 -0.0707397 111.582 417 463273
1.09532 6.22126 0.301606 6.3295 0.174275 -0.0629841 -0.0707397 111.582 417 463273
1.09532 6.21133 0.168807 6.3295 0.174548 -0.0840222 -0.0707397 110.269 410 463273
1.74406 6.27034 0.289533 6.5213 0.271288 -0.0629841 0.0707397 114.582 433 463273
1.84665 6.24089 0.289533 6.5213 0.287687 -0.0629841 -0 120.207 463 463273
1.74406 6.27034 0.289533 6.5213 0.271288 -0.0629841 -0 122.269 474 463273
1.74406 6.25988 0.152711 6.5213 0.271719 -0.0840222 -0 119.644 460 463273
1.64147 6.29797 0.289533 6.5213 0.254962 -0.0629841 -0 119.082 457 463273
1.84665 6.24089 0.289533 6.5213 0.287687 -0.0629841 -0.0707397 113.832 429 463273
1.74406 6.27034 0.289533 6.5213 0.271288 -0.0629841 -0.0707397 115.144 436 463273
1.79536 6.46857 0.7 6.7131 0.270736 0 0.0707397 120.519 454 463273
1.68975 6.49696 0.7 6.7131 0.254446 0 0.0707397 122.394 464 463273
1.79536 6.46857 0.7 6.7131 0.270736 0 -0 127.644 492 463273
1.68975 6.49696 0.7 6.7131 0.254446 0 -0 129.144 500 463273
1.68975 6.49544 0.559153 6.7131 0.254503 -0.0209824 -0 124.644 476 463273
1.68975 6.49544 0.840847 6.7131 0.254503 0.0209824 -0 125.207 479 463273
1.79536 6.46857 0.7 6.7131 0.270736 0 -0.0707397 120.519 454 463273
1.68975 6.49696 0.7 6.7131 0.254446 0 -0.0707397 122.207 463 463273
1.95528 6.60801 0.265388 6.90491 0.287687 -0.0629841 0.0707397 121.269 458 463273
1.84665 6.65339 0.7 6.90491 0.270736 0 0.0707397 123.144 468 463273
1.84665 6.63918 0.265388 6.90491 0.271288 -0.0629841 0.0707397 120.707 455 463273
1.73803 6.68259 0.7 6.90491 0.254446 0 0.0707397 123.894 472 463273
1.84665 6.65339 0.7 6.90491 0.270736 0 -0 131.019 510 463273
1.73803 6.68259 0.7 6.90491 0.254446 0 -0 131.957 515 463273
1.95528 6.60801 0.265388 6.90491 0.287687 -0.0629841 -0.0707397 122.582 465 463273
1.84665 6.65339 0.7 6.90491 0.270736 0 -0.0707397 124.269 474 463273
1.84665 6.63918 0.265388 6.90491 0.271288 -0.0629841 -0.0707397 121.832 461 463273
1.73803 6.68259 0.7 6.90491 0.254446 0 -0.0707397 125.394 480 463273
1.67466 6.88986 0.40221 7.09671 0.238438 -0.041974 -0 120.707 455 463273
1.67466 6.88181 0.253315 7.09671 0.238706 -0.0629841 -0 125.207 479 463273
1.67466 6.87052 0.10442 7.09671 0.239084 -0.0840222 -0 120.332 453 463273
1.56302 6.90802 0.253315 7.09671 0.222515 -0.0629841 -0 123.894 472 463273
1.83458 7.05384 0.7 7.28851 0.254446 0 -0 120.519 454 463273
1.37594 7.14274 0.241243 7.28851 0.190303 -0.0629841 -0 119.957 451 463273
1.88286 7.23266 0.386113 7.48032 0.254675 -0.041974 -0 122.707 455 463273
1.76518 7.26228 0.386113 7.48032 0.238438 -0.041974 -0 124.582 465 463273
1.41215 7.33071 0.22917 7.48032 0.190303 -0.0629841 -0 119.894 440 463273
2.84542 7.32366 0.370017 7.86392 0.370574 -0.041974 0.0707397 110.894 392 463273
2.84542 7.31436 0.205025 7.86392 0.371003 -0.0629841 0.0707397 113.144 404 463273
2.47427 7.4481 0.205025 7.86392 0.320732 -0.0629841 0.0707397 115.207 415 463273
1.85571 7.64005 0.535008 7.86392 0.238277 -0.0209824 -0 126.457 475 463273
1.85571 7.63471 0.370017 7.86392 0.238438 -0.041974 -0 126.832 477 463273
1.73199 7.66904 0.535008 7.86392 0.222116 -0.0209824 -0 123.832 461 463273
1.73199 7.66372 0.370017 7.86392 0.222265 -0.041974 -0 124.207 463 463273
2.84542 7.32366 0.370017 7.86392 0.370574 -0.041974 -0.0707397 110.332 389 463273
2.84542 7.31436 0.205025 7.86392 0.371003 -0.0629841 -0.0707397 112.394 400 463273
2.47427 7.45723 0.370017 7.86392 0.320366 -0.041974 -0.0707397 114.832 413 463273
2.47427 7.4481 0.205025 7.86392 0.320732 -0.0629841 -0.0707397 115.394 416 463273
1.90097 7.8264 0.530984 8.05573 0.238277 -0.0209824 0.0707397 126.269 474 463273
1.90097 7.82092 0.361968 8.05573 0.238438 -0.041974 0.0707397 131.144 500 463273
1.90097 7.81178 0.192952 8.05573 0.238706 -0.0629841 0.0707397 127.957 483 463273
1.77424 7.85064 0.361968 8.05573 0.222265 -0.041974 0.0707397 127.582 481 463273
1.90097 7.8264 0.530984 8.05573 0.238277 -0.0209824 -0 133.957 515 463273
1.90097 7.82092 0.361968 8.05573 0.238438 -0.041974 -0 138.832 541 463273
1.90097 7.81178 0.192952 8.05573 0.238706 -0.0629841 -0 135.644 524 463273
1.77424 7.85064 0.361968 8.05573 0.222265 -0.041974 -0 135.269 522 463273
1.90097 7.8264 0.530984 8.05573 0.238277 -0.0209824 -0.0707397 126.832 477 463273
1.90097 7.82092 0.361968 8.05573 0.238438 -0.041974 -0.0707397 131.707 503 463273
1.90097 7.81178 0.192952 8.05573 0.238706 -0.0629841 -0.0707397 128.519 486 463273
1.77424 7.85064 0.361968 8.05573 0.222265 -0.041974 -0.0707397 128.144 484 463273
-0.277602 8.81857 0.7 8.82294 -0.0314688 0 1.27332 115.832 413 463273
-0.416402 8.81311 0.7 8.82294 -0.047213 0 1.27332 118.269 426 463273
-0.271567 8.62686 0.7 8.63113 -0.0314688 0 1.20258 121.269 442 463273
-0.271567 8.62496 0.518912 8.63113 -0.0314757 -0.0209824 1.20258 121.082 441 463273
-0.40735 8.62152 0.7 8.63113 -0.047213 0 1.20258 125.207 463 463273
-0.40735 8.61961 0.518912 8.63113 -0.0472234 -0.0209824 1.20258 124.082 457 463273
-0.277602 8.81857 0.7 8.82294 -0.0314688 0 1.20258 127.269 474 463273
-0.277602 8.81663 0.514887 8.82294 -0.0314757 -0.0209824 1.20258 126.332 469 463273
-0.416402 8.81311 0.7 8.82294 -0.047213 0 1.20258 130.082 489 463273
-0.416402 8.81116 0.514887 8.82294 -0.0472234 -0.0209824 1.20258 129.144 484 463273
-0.277602 8.81857 0.7 8.82294 -0.0314688 0 1.13184 127.082 473 463273
-0.277602 8.81663 0.514887 8.82294 -0.0314757 -0.0209824 1.13184 127.269 474 463273
-0.416402 8.81311 0.7 8.82294 -0.047213 0 1.13184 129.707 487 463273
-0.416402 8.81116 0.514887 8.82294 -0.0472234 -0.0209824 1.13184 129.707 487 463273
-0.271567 8.62496 0.518912 8.63113 -0.0314757 -0.0209824 1.13184 120.519 438 463273
-0.40735 8.62152 0.7 8.63113 -0.047213 0 1.13184 122.582 449 463273
-0.40735 8.61961 0.518912 8.63113 -0.0472234 -0.0209824 1.13184 123.144 452 463273
-0.40735 8.61391 1.06218 8.63113 -0.0472546 0.041974 1.0611 124.082 457 463273
-0.40735 8.61961 0.881088 8.63113 -0.0472234 0.0209824 1.0611 124.644 460 463273
-0.543133 8.60641 1.06218 8.63113 -0.0630244 0.041974 1.0611 124.269 458 463273
-0.543133 8.61212 0.881088 8.63113 -0.0629827 0.0209824 1.0611 124.082 457 463273
-0.416402 8.81311 0.7 8.82294 -0.047213 0 1.0611 118.832 429 463273
-0.416402 8.81116 0.514887 8.82294 -0.0472234 -0.0209824 1.0611 119.019 430 463273
-0.416402 8.81116 0.885113 8.82294 -0.0472234 0.0209824 1.0611 119.207 431 463273
-0.555203 8.8035 0.885113 8.82294 -0.0629827 0.0209824 1.0611 119.207 431 463273
-0.416402 8.81116 0.885113 8.82294 -0.0472234 0.0209824 0.990356 122.957 451 463273
-0.40735 8.61391 1.06218 8.63113 -0.0472546 0.041974 0.990356 125.394 464 463273
-0.40735 8.61961 0.881088 8.63113 -0.0472234 0.0209824 0.990356 126.144 468 463273
-0.543133 8.60641 1.06218 8.63113 -0.0630244 0.041974 0.990356 126.707 471 463273
-0.543133 8.61212 0.881088 8.63113 -0.0629827 0.0209824 0.990356 125.957 467 463273
-0.678917 8.60439 0.7 8.63113 -0.0787404 0 0.778137 126.894 472 463273
-0.678917 8.60249 0.881088 8.63113 -0.0787578 0.0209824 0.778137 124.832 461 463273
-0.543133 8.60641 1.06218 8.63113 -0.0630244 0.041974 0.919617 126.144 468 463273
-0.543133 8.60641 1.06218 8.63113 -0.0630244 0.041974 0.848877 127.644 476 463273
-0.416402 8.74284 1.81068 8.82294 -0.0475919 0.12622 0.848877 128.957 483 463273
-0.416402 8.76437 1.62556 8.82294 -0.0474751 0.105098 0.848877 130.832 493 463273
-0.555203 8.73512 1.81068 8.82294 -0.0634745 0.12622 0.848877 129.332 485 463273
-0.555203 8.75667 1.62556 8.82294 -0.0633187 0.105098 0.848877 130.832 493 463273
-0.694004 8.7956 0.7 8.82294 -0.0787404 0 0.778137 127.269 474 463273
-0.543133 8.60641 1.06218 8.63113 -0.0630244 0.041974 0.707397 115.457 411 463273
-0.543133 8.61212 0.881088 8.63113 -0.0629827 0.0209824 0.707397 118.269 426 463273
-0.678917 8.59677 1.06218 8.63113 -0.07881 0.041974 0.707397 114.332 405 463273
-0.678917 8.60249 0.881088 8.63113 -0.0787578 0.0209824 0.707397 117.144 420 463273
-0.555203 8.8035 0.885113 8.82294 -0.0629827 0.0209824 0.707397 120.332 437 463273
-0.678917 8.60439 0.7 8.63113 -0.0787404 0 0.636658 119.207 431 463273
-0.678917 8.60249 0.518912 8.63113 -0.0787578 -0.0209824 0.636658 120.144 436 463273
-0.8147 8.59069 0.518912 8.63113 -0.0945525 -0.0209824 0.636658 118.457 427 463273
-0.678917 8.60439 0.7 8.63113 -0.0787404 0 0.565918 123.332 453 463273
-0.678917 8.60249 0.518912 8.63113 -0.0787578 -0.0209824 0.565918 126.519 470 463273
-0.8147 8.5926 0.7 8.63113 -0.0945316 0 0.565918 122.207 447 463273
-0.8147 8.59069 0.518912 8.63113 -0.0945525 -0.0209824 0.565918 125.957 467 463273
-0.8147 8.59069 0.518912 8.63113 -0.0945525 -0.0209824 0.424438 117.894 424 463273
-0.950484 8.57673 0.518912 8.63113 -0.110371 -0.0209824 0.424438 113.957 403 463273
-0.678917 8.60249 0.518912 8.63113 -0.0787578 -0.0209824 0.495178 125.019 462 463273
-0.678917 8.59677 0.337823 8.63113 -0.07881 -0.041974 0.495178 121.644 444 463273
-0.8147 8.59069 0.518912 8.63113 -0.0945525 -0.0209824 0.495178 126.332 469 463273
-0.8147 8.58496 0.337823 8.63113 -0.0946152 -0.041974 0.495178 122.957 451 463273
-0.8147 8.57541 0.156735 8.63113 -0.09472 -0.0629841 0.212219 115.082 409 463273
-0.265532 8.43515 0.7 8.43933 -0.0314688 0 1.13184 114.332 405 463273
-0.398298 8.42993 0.7 8.43933 -0.047213 0 1.13184 116.582 417 463273
-0.398298 8.42807 0.522936 8.43933 -0.0472234 -0.0209824 1.13184 116.582 417 463273
-0.694004 8.7956 0.7 8.82294 -0.0787404 0 0.636658 117.144 420 463273
-0.694004 8.79365 0.514887 8.82294 -0.0787578 -0.0209824 0.636658 119.019 430 463273
-0.832805 8.78159 0.514887 8.82294 -0.0945525 -0.0209824 0.636658 115.644 412 463273
-0.398298 8.38331 1.58532 8.43933 -0.0474751 0.105098 0.848877 117.894 424 463273
-0.531064 8.37595 1.58532 8.43933 -0.0633187 0.105098 0.848877 117.707 423 463273
-0.518994 8.2239 1.04608 8.24753 -0.0630244 0.041974 0.990356 114.519 406 463273
1.94623 8.00713 0.35392 8.24753 0.238438 -0.041974 0.0707397 123.707 455 463273
1.94623 8.00713 0.35392 8.24753 0.238438 -0.041974 -0 131.582 497 463273
1.94623 7.99778 0.18088 8.24753 0.238706 -0.0629841 -0 130.082 489 463273
1.81648 8.03756 0.35392 8.24753 0.222265 -0.041974 -0 128.019 478 463273
1.81648 8.02824 0.18088 8.24753 0.222515 -0.0629841 -0 126.707 471 463273
1.94623 8.00713 0.35392 8.24753 0.238438 -0.041974 -0.0707397 125.207 463 463273
1.94623 7.99778 0.18088 8.24753 0.238706 -0.0629841 -0.0707397 123.894 456 463273
-0.796596 8.38484 0.168807 8.43933 -0.09472 -0.0629841 0.0707397 114.894 408 463273
1.99149 8.19334 0.345872 8.43933 0.238438 -0.041974 -0 125.207 463 463273
1.32766 8.32672 0.345872 8.43933 0.158115 -0.041974 -0 117.707 423 463273
1.32766 8.3173 0.168807 8.43933 0.158291 -0.0629841 -0 116.582 417 463273
-0.398298 8.42993 0.7 8.43933 -0.047213 0 1.20258 117.144 420 463273
-0.398298 8.42807 0.522936 8.43933 -0.0472234 -0.0209824 1.20258 116.582 417 463273
-0.678917 8.58722 0.156735 8.63113 -0.0788972 -0.0629841 0.0707397 118.832 429 463273
-0.8147 8.58496 0.337823 8.63113 -0.0946152 -0.041974 0.0707397 116.394 416 463273
-0.8147 8.57541 0.156735 8.63113 -0.09472 -0.0629841 0.0707397 121.832 445 463273
-0.8147 8.56201 -0.0243536 8.63113 -0.0948673 -0.0840222 0.0707397 116.582 417 463273
-0.950484 8.56142 0.156735 8.63113 -0.110567 -0.0629841 0.0707397 116.207 415 463273
2.4441 8.26993 0.337823 8.63113 0.287361 -0.041974 -0 119.019 430 463273
1.6294 8.4682 0.337823 8.63113 0.190091 -0.041974 -0 121.644 444 463273
1.49362 8.4932 0.337823 8.63113 0.17408 -0.041974 -0 119.957 435 463273
-0.678917 8.58722 0.156735 8.63113 -0.0788972 -0.0629841 0.141479 117.144 420 463273
-0.8147 8.57541 0.156735 8.63113 -0.09472 -0.0629841 0.141479 120.144 436 463273
-0.8147 8.56201 -0.0243536 8.63113 -0.0948673 -0.0840222 0.141479 115.457 411 463273
-0.950484 8.56142 0.156735 8.63113 -0.110567 -0.0629841 0.141479 113.582 401 463273
-0.694004 8.79365 0.514887 8.82294 -0.0787578 -0.0209824 0.495178 119.207 431 463273
-0.694004 8.7878 0.329775 8.82294 -0.07881 -0.041974 0.495178 115.832 413 463273
-0.832805 8.78159 0.514887 8.82294 -0.0945525 -0.0209824 0.495178 120.519 438 463273
-0.832805 8.77574 0.329775 8.82294 -0.0946152 -0.041974 0.495178 117.519 422 463273
2.63721 8.41144 0.329775 8.82294 0.303821 -0.041974 -0 116.394 416 463273
-0.694004 8.7956 0.7 8.82294 -0.0787404 0 0.565918 118.832 429 463273
-0.694004 8.79365 0.514887 8.82294 -0.0787578 -0.0209824 0.565918 120.894 440 463273
-0.832805 8.78354 0.7 8.82294 -0.0945316 0 0.565918 116.207 415 463273
-0.832805 8.78159 0.514887 8.82294 -0.0945525 -0.0209824 0.565918 119.957 435 463273
-0.283636 8.99239 0.13259 9.01474 -0.0315314 -0.0629841 0.707397 117.082 409 463273
-0.434507 9.12296 1.85897 9.20654 -0.0475919 0.12622 0.848877 116.332 405 463273
-0.434507 9.14543 1.6658 9.20654 -0.0474751 0.105098 0.848877 117.832 413 463273
-0.283636 9.00233 0.321726 9.01474 -0.0314966 -0.041974 0.636658 118.582 417 463273
-0.283636 8.99239 0.13259 9.01474 -0.0315314 -0.0629841 0.636658 119.519 422 463273
-0.283636 9.00233 0.321726 9.01474 -0.0314966 -0.041974 0.495178 117.644 412 463273
-0.283636 8.99239 0.13259 9.01474 -0.0315314 -0.0629841 0.495178 121.207 431 463273
-0.425455 8.99675 0.321726 9.01474 -0.0472546 -0.041974 0.495178 116.332 405 463273
-0.425455 8.9868 0.13259 9.01474 -0.0473068 -0.0629841 0.495178 119.519 422 463273
4.68 7.69546 0.321726 9.01474 0.546391 -0.041974 -0 116.707 407 463273
3.26182 8.39541 0.321726 9.01474 0.370574 -0.041974 -0 114.082 393 463273
3.12 8.44914 0.321726 9.01474 0.353736 -0.041974 -0 117.832 413 463273
2.97818 8.50017 0.321726 9.01474 0.337002 -0.041974 -0 118.019 414 463273
-0.283636 9.00233 0.321726 9.01474 -0.0314966 -0.041974 0.565918 118.207 415 463273
-0.283636 8.99239 0.13259 9.01474 -0.0315314 -0.0629841 0.565918 120.832 429 463273
-0.425455 8.9868 0.13259 9.01474 -0.0473068 -0.0629841 0.565918 118.207 415 463273
-0.289671 9.20199 0.7 9.20654 -0.0314688 0 1.13184 116.332 405 463273
-0.434507 9.19628 0.7 9.20654 -0.047213 0 1.13184 118.019 414 463273
4.77957 7.85919 0.313678 9.20654 0.546391 -0.041974 -0 114.832 397 463273
3.76573 8.39229 0.313678 9.20654 0.421783 -0.041974 -0 116.144 404 463273
3.62089 8.45579 0.313678 9.20654 0.40459 -0.041974 -0 118.957 419 463273
3.62089 8.44475 0.120517 9.20654 0.405063 -0.0629841 -0 114.832 397 463273
3.47605 8.51635 0.313678 9.20654 0.387523 -0.041974 -0 116.144 404 463273
-0.434507 9.19628 0.7 9.20654 -0.047213 0 1.20258 116.707 407 463273
3.69633 8.63195 0.30563 9.39835 0.40459 -0.041974 -0 118.582 417 463273
3.54847 8.69378 0.30563 9.39835 0.387523 -0.041974 -0 116.332 405 463273
3.77176 8.80811 0.297581 9.59015 0.40459 -0.041974 -0 114.082 393 463273
3.62089 8.87804 0.498791 9.59015 0.387253 -0.0209824 -0 115.394 400 463273
3.62089 8.8712 0.297581 9.59015 0.387523 -0.041974 -0 117.082 409 463273
3.8472 8.9913 0.494766 9.78195 0.404307 -0.0209824 -0 119.394 416 463273
3.8472 8.98427 0.289533 9.78195 0.40459 -0.041974 -0 120.519 422 463273
3.69331 9.0556 0.494766 9.78195 0.387253 -0.0209824 -0 118.082 409 463273
3.69331 9.04862 0.289533 9.78195 0.387523 -0.041974 -0 119.207 415 463273
-1.72596 9.82105 0.490742 9.97375 -0.173964 -0.0209824 -0 116.394 400 463273
-1.88286 9.79218 0.490742 9.97375 -0.189964 -0.0209824 -0 115.082 393 463273
-2.03977 9.7607 0.490742 9.97375 -0.206013 -0.0209824 -0 119.207 415 463273
-2.03977 9.75397 0.281485 9.97375 -0.206151 -0.041974 -0 115.269 394 463273
-2.19667 9.72659 0.490742 9.97375 -0.222116 -0.0209824 -0 115.832 397 463273
-2.4441 10.0555 0.265388 10.3574 -0.238438 -0.041974 0.0707397 113.957 387 463273
7.98406 6.58337 0.265388 10.3574 0.881256 -0.041974 0.0707397 115.457 395 463273
-2.28116 10.0937 0.265388 10.3574 -0.222265 -0.041974 -0 119.957 419 463273
-2.4441 10.0555 0.265388 10.3574 -0.238438 -0.041974 -0 120.519 422 463273
7.98406 6.59412 0.482694 10.3574 0.880455 -0.0209824 -0 119.394 416 463273
7.98406 6.58337 0.265388 10.3574 0.881256 -0.041974 -0 122.957 435 463273
7.98406 6.58337 0.265388 10.3574 0.881256 -0.041974 -0.0707397 115.832 397 463273
-2.3234 10.2806 0.257339 10.5492 -0.222265 -0.041974 -0 121.144 420 463273
-2.48936 10.2417 0.257339 10.5492 -0.238438 -0.041974 -0 121.144 420 463273
8.13192 6.71624 0.47867 10.5492 0.880455 -0.0209824 -0 121.332 421 463273
8.13192 6.70529 0.257339 10.5492 0.881256 -0.041974 -0 124.144 436 463273
8.13192 6.70529 0.257339 10.5492 0.881256 -0.041974 -0.0707397 117.582 401 463273
5.84774 9.22599 0.241243 10.9328 0.564926 -0.041974 -0 118.144 404 463273
5.95033 9.39655 0.466597 11.1246 0.564507 -0.0209824 -0 121.707 423 463273
5.95033 9.38785 0.233194 11.1246 0.564926 -0.041974 -0 122.832 429 463273
6.23095 9.43452 0.225146 11.3164 0.58368 -0.041974 0.0707397 118.582 401 463273
6.05292 9.55856 0.462573 11.3164 0.564507 -0.0209824 0.0707397 123.644 428 463273
6.05292 9.54971 0.225146 11.3164 0.564926 -0.041974 0.0707397 124.957 435 463273
6.05292 9.55856 0.462573 11.3164 0.564507 -0.0209824 -0 131.332 469 463273
6.05292 9.54971 0.225146 11.3164 0.564926 -0.041974 -0 132.457 475 463273
6.05292 9.55856 0.462573 11.3164 0.564507 -0.0209824 -0.0707397 124.207 431 463273
6.05292 9.54971 0.225146 11.3164 0.564926 -0.041974 -0.0707397 125.332 437 463273
6.15551 9.72057 0.458549 11.5082 0.564507 -0.0209824 -0 120.082 409 463273
6.15551 9.71157 0.217098 11.5082 0.564926 -0.041974 -0 121.394 416 463273
5.97447 9.53489 3.11451 11.5082 0.559742 0.211379 -0 121.207 415 463273
5.97447 9.59279 2.87306 11.5082 0.557021 0.189968 -0 123.269 426 463273
1.59319 12.5471 0.168807 12.659 0.126301 -0.041974 -0 119.957 403 463273
1.39404 12.5708 0.168807 12.659 0.110444 -0.041974 -0 120.519 406 463273
6.15551 11.4954 0.426355 13.0426 0.491624 -0.0209824 -0 139.519 502 463273
5.95033 11.6029 0.426355 13.0426 0.473858 -0.0209824 -0 137.832 493 463273
6.24604 11.6645 0.422331 13.2344 0.491624 -0.0209824 -0 143.644 524 463273
6.24604 11.6545 0.144662 13.2344 0.491978 -0.041974 -0 140.644 508 463273
6.03783 11.7736 0.422331 13.2344 0.473858 -0.0209824 -0 141.957 515 463273
6.03783 11.7637 0.144662 13.2344 0.474198 -0.041974 -0 138.582 497 463273
6.33656 11.8335 0.418307 13.4262 0.491624 -0.0209824 0.0707397 145.519 534 463273
6.33656 11.8234 0.136614 13.4262 0.491978 -0.041974 0.0707397 141.957 515 463273
6.12534 11.9442 0.418307 13.4262 0.473858 -0.0209824 0.0707397 143.644 524 463273
6.33656 11.8335 0.418307 13.4262 0.491624 -0.0209824 -0 153.207 575 463273
6.33656 11.8234 0.136614 13.4262 0.491978 -0.041974 -0 149.269 554 463273
6.12534 11.9442 0.418307 13.4262 0.473858 -0.0209824 -0 151.144 564 463273
6.33656 11.8335 0.418307 13.4262 0.491624 -0.0209824 -0.0707397 146.082 537 463273
6.33656 11.8234 0.136614 13.4262 0.491978 -0.041974 -0.0707397 142.519 518 463273
6.12534 11.9442 0.418307 13.4262 0.473858 -0.0209824 -0.0707397 144.207 527 463273
6.42708 12.0026 0.414283 13.618 0.491624 -0.0209824 -0 140.894 504 463273
6.42708 11.8382 2.70002 13.618 0.497384 0.147399 -0 139.207 495 463273
6.21284 12.1148 0.414283 13.618 0.473858 -0.0209824 -0 138.832 493 463273
6.21284 11.9007 2.98574 13.618 0.481138 0.168645 -0 137.894 488 463273
6.21284 11.952 2.70002 13.618 0.479374 0.147399 -0 142.019 510 463273
6.5176 12.1716 0.410259 13.8098 0.491624 -0.0209824 -0 138.082 489 463273
6.1193 13.6519 0.7 14.9606 0.421388 0 -0 131.582 449 463273
-7.15126 13.2981 -0.571643 15.1524 -0.493402 -0.0840222 -0 126.957 419 463273
-7.38963 13.2284 0.7 15.1524 -0.509437 0 -0 128.457 427 463273
-7.38963 13.2245 0.382089 15.1524 -0.50956 -0.0209824 -0 128.644 428 463273
-7.38963 13.1939 -0.253732 15.1524 -0.510548 -0.0629841 -0 126.207 415 463273
-7.38963 13.1671 -0.571643 15.1524 -0.511416 -0.0840222 -0 130.707 439 463273
6.82538 15.2271 0.7 16.6869 0.421388 0 0.0707397 145.394 512 463273
6.56286 15.3421 0.7 16.6869 0.404213 0 0.0707397 149.519 534 463273
6.56286 15.3381 1.0501 16.6869 0.404307 0.0209824 0.0707397 149.332 533 463273
6.82538 15.2271 0.7 16.6869 0.421388 0 -0 152.894 552 463273
6.56286 15.3421 0.7 16.6869 0.404213 0 -0 156.832 573 463273
6.56286 15.3381 1.0501 16.6869 0.404307 0.0209824 -0 156.832 573 463273
6.82538 15.2271 0.7 16.6869 0.421388 0 -0.0707397 145.582 513 463273
6.56286 15.3421 0.7 16.6869 0.404213 0 -0.0707397 149.707 535 463273
6.56286 15.3381 1.0501 16.6869 0.404307 0.0209824 -0.0707397 149.707 535 463273
6.6383 15.5184 0.7 16.8787 0.404213 0 0.0707397 149.519 534 463273
6.6383 15.5144 1.05413 16.8787 0.404307 0.0209824 0.0707397 149.144 532 463273
6.6383 15.5184 0.7 16.8787 0.404213 0 -0 157.394 576 463273
6.6383 15.5144 1.05413 16.8787 0.404307 0.0209824 -0 157.207 575 463273
6.6383 15.5184 0.7 16.8787 0.404213 0 -0.0707397 150.644 540 463273
6.6383 15.5144 1.05413 16.8787 0.404307 0.0209824 -0.0707397 150.269 538 463273
-7.3323 15.6276 0.7 17.2623 -0.438696 0 -0 130.582 433 463273
-7.3323 15.6234 0.337823 17.2623 -0.438799 -0.0209824 -0 135.457 459 463273
-7.3323 15.6108 -0.0243536 17.2623 -0.439109 -0.041974 -0 132.269 442 463273
-7.60387 15.4931 0.337823 17.2623 -0.456253 -0.0209824 -0 133.019 446 463273
6.73486 16.5174 0.7 17.8377 0.387164 0 0.0707397 148.269 522 463273
6.73486 16.5132 0.325751 17.8377 0.387253 -0.0209824 0.0707397 148.644 524 463273
6.45424 16.6291 0.7 17.8377 0.370232 0 0.0707397 145.644 508 463273
6.45424 16.6248 0.325751 17.8377 0.370317 -0.0209824 0.0707397 146.019 510 463273
6.73486 16.5174 0.7 17.8377 0.387164 0 -0 155.957 563 463273
6.73486 16.5132 0.325751 17.8377 0.387253 -0.0209824 -0 156.144 564 463273
6.45424 16.6291 0.7 17.8377 0.370232 0 -0 152.957 547 463273
6.45424 16.6248 0.325751 17.8377 0.370317 -0.0209824 -0 153.332 549 463273
6.73486 16.5174 0.7 17.8377 0.387164 0 -0.0707397 148.644 524 463273
6.73486 16.5132 0.325751 17.8377 0.387253 -0.0209824 -0.0707397 149.019 526 463273
6.45424 16.6291 0.7 17.8377 0.370232 0 -0.0707397 145.644 508 463273
6.45424 16.6248 0.325751 17.8377 0.370317 -0.0209824 -0.0707397 146.019 510 463273
6.80727 16.695 0.7 18.0295 0.387164 0 0.0707397 142.082 489 463273
6.80727 16.6907 0.321726 18.0295 0.387253 -0.0209824 0.0707397 142.457 491 463273
6.80727 16.695 0.7 18.0295 0.387164 0 -0 150.144 532 463273
6.80727 16.6907 0.321726 18.0295 0.387253 -0.0209824 -0 150.519 534 463273
6.52364 16.8079 0.7 18.0295 0.370232 0 -0 147.144 516 463273
6.52364 16.8036 0.321726 18.0295 0.370317 -0.0209824 -0 147.519 518 463273
6.80727 16.695 0.7 18.0295 0.387164 0 -0.0707397 143.957 499 463273
6.80727 16.6907 0.321726 18.0295 0.387253 -0.0209824 -0.0707397 144.332 501 463273
6.87969 16.8726 0.7 18.2213 0.387164 0 -0 146.457 507 463273
6.87969 16.8683 0.317702 18.2213 0.387253 -0.0209824 -0 145.519 502 463273
6.59304 16.9867 0.7 18.2213 0.370232 0 -0 146.269 506 463273
6.59304 16.9824 0.317702 18.2213 0.370317 -0.0209824 -0 145.519 502 463273
3.04758 19.1309 0.7 19.3721 0.157974 0 0.0707397 137.519 454 463273
2.74282 19.1769 0.7 19.3721 0.142064 0 0.0707397 138.457 459 463273
6.46329 18.4654 0.7 19.5639 0.336693 0 -0 152.894 536 463273
6.46329 18.4609 0.289533 19.5639 0.336771 -0.0209824 -0 152.144 532 463273
6.15551 18.5703 0.7 19.5639 0.320073 0 -0 152.144 532 463273
6.15551 18.5658 0.289533 19.5639 0.320146 -0.0209824 -0 151.207 527 463273
7.14824 18.1871 3.60144 19.7557 0.37449 0.147399 -0 143.332 485 463273
5.90507 18.8525 0.7 19.7557 0.303544 0 -0 151.207 527 463273
6.27621 18.9344 0.7 19.9475 0.320073 0 0.0707397 159.457 571 463273
6.27621 18.9298 0.281485 19.9475 0.320146 -0.0209824 0.0707397 155.332 549 463273
6.27621 18.9298 1.11852 19.9475 0.320146 0.0209824 0.0707397 155.519 550 463273
5.9624 19.0356 0.7 19.9475 0.303544 0 0.0707397 158.894 568 463273
6.27621 18.9344 0.7 19.9475 0.320073 0 -0 166.957 611 463273
6.27621 18.9298 0.281485 19.9475 0.320146 -0.0209824 -0 163.019 590 463273
6.27621 18.9298 1.11852 19.9475 0.320146 0.0209824 -0 163.019 590 463273
5.9624 19.0356 0.7 19.9475 0.303544 0 -0 166.207 607 463273
6.27621 18.9344 0.7 19.9475 0.320073 0 -0.0707397 160.019 574 463273
6.27621 18.9298 0.281485 19.9475 0.320146 -0.0209824 -0.0707397 156.082 553 463273
6.27621 18.9298 1.11852 19.9475 0.320146 0.0209824 -0.0707397 155.894 552 463273
5.9624 19.0356 0.7 19.9475 0.303544 0 -0.0707397 159.269 570 463273
6.33656 19.1165 0.7 20.1393 0.320073 0 0.0707397 152.894 536 463273
6.01973 19.2186 0.7 20.1393 0.303544 0 0.0707397 151.582 529 463273
6.33656 19.1165 0.7 20.1393 0.320073 0 -0 161.144 580 463273
6.33656 19.1118 0.27746 20.1393 0.320146 -0.0209824 -0 157.019 558 463273
6.33656 19.1118 1.12254 20.1393 0.320146 0.0209824 -0 157.394 560 463273
6.01973 19.2186 0.7 20.1393 0.303544 0 -0 160.582 577 463273
6.33656 19.1165 0.7 20.1393 0.320073 0 -0.0707397 154.957 547 463273
6.01973 19.2186 0.7 20.1393 0.303544 0 -0.0707397 154.582 545 463273
6.39691 19.2985 0.7 20.3311 0.320073 0 -0 152.707 535 463273
6.07706 19.4016 0.7 20.3311 0.303544 0 -0 151.582 529 463273
1.93718 20.4268 1.13059 20.5229 0.0945525 0.0209824 -0 147.519 502 463273
1.61431 20.4548 1.13059 20.5229 0.0787578 0.0209824 -0 148.644 508 463273
1.29145 20.4822 0.7 20.5229 0.0629689 0 -0 151.082 521 463273
1.29145 20.4777 1.13059 20.5229 0.0629827 0.0209824 -0 150.144 516 463273
0.968588 20.5 0.7 20.5229 0.047213 0 -0 148.082 505 463273
1.95528 20.6222 0.7 20.7147 0.0945316 0 0.0707397 150.519 518 463273
1.95528 20.6177 1.13461 20.7147 0.0945525 0.0209824 0.0707397 153.707 535 463273
1.6294 20.6505 0.7 20.7147 0.0787404 0 0.0707397 151.644 524 463273
1.6294 20.646 1.13461 20.7147 0.0787578 0.0209824 0.0707397 153.894 536 463273
1.95528 20.6222 0.7 20.7147 0.0945316 0 -0 158.582 561 463273
1.95528 20.6177 1.13461 20.7147 0.0945525 0.0209824 -0 161.582 577 463273
1.6294 20.6505 0.7 20.7147 0.0787404 0 -0 159.707 567 463273
1.6294 20.646 1.13461 20.7147 0.0787578 0.0209824 -0 161.957 579 463273
1.95528 20.6222 0.7 20.7147 0.0945316 0 -0.0707397 152.019 526 463273
1.95528 20.6177 1.13461 20.7147 0.0945525 0.0209824 -0.0707397 155.019 542 463273
1.6294 20.6505 0.7 20.7147 0.0787404 0 -0.0707397 152.957 531 463273
1.6294 20.646 1.13461 20.7147 0.0787578 0.0209824 -0.0707397 155.019 542 463273
4.93346 20.3161 0.7 20.9065 0.238224 0 0.0707397 146.957 499 463273
4.93346 20.2971 1.57727 20.9065 0.238438 0.041974 0.0707397 145.082 489 463273
4.93346 20.3114 1.13864 20.9065 0.238277 0.0209824 0.0707397 148.269 506 463273
4.60457 20.3743 1.57727 20.9065 0.222265 0.041974 0.0707397 145.832 493 463273
4.60457 20.3884 1.13864 20.9065 0.222116 0.0209824 0.0707397 146.957 499 463273
4.93346 20.3114 1.13864 20.9065 0.238277 0.0209824 -0 156.332 549 463273
4.60457 20.3884 1.13864 20.9065 0.222116 0.0209824 -0 155.019 542 463273
4.93346 20.3161 0.7 20.9065 0.238224 0 -0.0707397 148.082 505 463273
4.93346 20.3114 1.13864 20.9065 0.238277 0.0209824 -0.0707397 149.957 515 463273
4.60457 20.3884 1.13864 20.9065 0.222116 0.0209824 -0.0707397 148.457 507 463273
1.64449 20.8417 0.7 20.9065 0.0787404 0 -0.0707397 148.457 507 463273
1.64449 20.8371 1.13864 20.9065 0.0787578 0.0209824 -0.0707397 149.207 511 463273
1.99149 21.0041 0.7 21.0983 0.0945316 0 -0 146.957 499 463273
1.99149 20.9995 1.14266 21.0983 0.0945525 0.0209824 -0 151.269 522 463273
1.65957 21.0283 1.14266 21.0983 0.0787578 0.0209824 -0 151.082 521 463273
3.68426 20.9499 1.59337 21.2901 0.17408 0.041974 -0 144.894 488 463273
3.68426 20.9642 1.14668 21.2901 0.173964 0.0209824 -0 143.957 483 463273
1.67466 21.2242 0.7 21.2901 0.0787404 0 -0 145.269 490 463273
1.67466 21.2195 1.14668 21.2901 0.0787578 0.0209824 -0 145.269 490 463273
3.71745 21.153 1.15071 21.4819 0.173964 0.0209824 0.0707397 147.894 504 463273
1.3518 21.4394 0.7 21.4819 0.0629689 0 0.0707397 150.519 518 463273
1.3518 21.4346 0.249291 21.4819 0.0629827 -0.0209824 0.0707397 147.519 502 463273
1.3518 21.4346 1.15071 21.4819 0.0629827 0.0209824 0.0707397 148.832 509 463273
1.01385 21.458 0.7 21.4819 0.047213 0 0.0707397 147.519 502 463273
1.3518 21.4394 0.7 21.4819 0.0629689 0 -0 158.207 559 463273
1.3518 21.4346 1.15071 21.4819 0.0629827 0.0209824 -0 156.519 550 463273
3.71745 21.153 1.15071 21.4819 0.173964 0.0209824 -0.0707397 148.644 508 463273
1.3518 21.4394 0.7 21.4819 0.0629689 0 -0.0707397 151.269 522 463273
1.3518 21.4346 0.249291 21.4819 0.0629827 -0.0209824 -0.0707397 148.269 506 463273
1.3518 21.4346 1.15071 21.4819 0.0629827 0.0209824 -0.0707397 149.582 513 463273
1.01385 21.458 0.7 21.4819 0.047213 0 -0.0707397 148.457 507 463273
1.36387 21.6308 0.7 21.6737 0.0629689 0 0.0707397 145.457 491 463273
1.36387 21.6308 0.7 21.6737 0.0629689 0 -0 153.707 535 463273
1.36387 21.6308 0.7 21.6737 0.0629689 0 -0.0707397 147.707 503 463273
5.15977 21.2431 1.15876 21.8655 0.238277 0.0209824 0.0707397 149.207 511 463273
4.81578 21.3089 1.61751 21.8655 0.222265 0.041974 0.0707397 149.019 510 463273
4.81578 21.3237 1.15876 21.8655 0.222116 0.0209824 0.0707397 154.082 537 463273
4.4718 21.3985 1.15876 21.8655 0.206013 0.0209824 0.0707397 149.582 513 463273
5.15977 21.2431 1.15876 21.8655 0.238277 0.0209824 -0 156.332 549 463273
4.81578 21.3089 1.61751 21.8655 0.222265 0.041974 -0 156.519 550 463273
4.81578 21.3237 1.15876 21.8655 0.222116 0.0209824 -0 161.582 577 463273
4.4718 21.3985 1.15876 21.8655 0.206013 0.0209824 -0 156.707 551 463273
5.15977 21.2431 1.15876 21.8655 0.238277 0.0209824 -0.0707397 148.832 509 463273
4.81578 21.3089 1.61751 21.8655 0.222265 0.041974 -0.0707397 149.394 512 463273
4.81578 21.3237 1.15876 21.8655 0.222116 0.0209824 -0.0707397 154.269 538 463273
4.4718 21.3985 1.15876 21.8655 0.206013 0.0209824 -0.0707397 149.957 515 463273
4.85803 21.5107 1.16278 22.0573 0.222116 0.0209824 0.0707397 149.269 506 463273
5.20503 21.4294 1.16278 22.0573 0.238277 0.0209824 -0 153.207 527 463273
4.85803 21.4958 1.62556 22.0573 0.222265 0.041974 -0 151.707 519 463273
4.85803 21.5107 1.16278 22.0573 0.222116 0.0209824 -0 157.519 550 463273
4.51103 21.5862 1.16278 22.0573 0.206013 0.0209824 -0 152.457 523 463273
5.20503 21.4294 1.16278 22.0573 0.238277 0.0209824 -0.0707397 147.019 494 463273
4.85803 21.5107 1.16278 22.0573 0.222116 0.0209824 -0.0707397 151.332 517 463273
4.51103 21.5862 1.16278 22.0573 0.206013 0.0209824 -0.0707397 146.269 490 463273
8.05045 20.7206 1.63361 22.2491 0.370574 0.041974 -0 141.207 463 463273
8.05045 20.7364 1.16681 22.2491 0.370317 0.0209824 -0 142.519 470 463273
4.90027 21.6978 1.16681 22.2491 0.222116 0.0209824 -0 146.832 493 463273
2.80015 22.0722 0.7 22.2491 0.126189 0 -0 142.332 469 463273
2.80015 22.0673 1.16681 22.2491 0.126217 0.0209824 -0 141.957 467 463273
8.05045 20.7364 1.16681 22.2491 0.370317 0.0209824 -0.0707397 135.957 435 463273
1.79536 22.7538 0.7 22.8246 0.0787404 0 0.0707397 152.707 519 463273
1.43629 22.7793 0.7 22.8246 0.0629689 0 0.0707397 154.582 529 463273
1.43629 22.7743 1.17888 22.8246 0.0629827 0.0209824 0.0707397 150.644 508 463273
1.07721 22.7991 0.7 22.8246 0.047213 0 0.0707397 152.144 516 463273
1.79536 22.7538 0.7 22.8246 0.0787404 0 -0 160.207 559 463273
1.43629 22.7793 0.7 22.8246 0.0629689 0 -0 162.082 569 463273
1.43629 22.7743 1.17888 22.8246 0.0629827 0.0209824 -0 158.144 548 463273
1.07721 22.7991 0.7 22.8246 0.047213 0 -0 159.269 554 463273
1.79536 22.7538 0.7 22.8246 0.0787404 0 -0.0707397 152.707 519 463273
1.43629 22.7793 0.7 22.8246 0.0629689 0 -0.0707397 154.957 531 463273
1.43629 22.7743 1.17888 22.8246 0.0629827 0.0209824 -0.0707397 150.832 509 463273
1.07721 22.7991 0.7 22.8246 0.047213 0 -0.0707397 152.144 516 463273
1.81044 22.945 0.7 23.0164 0.0787404 0 0.0707397 151.582 513 463273
1.44836 22.9707 0.7 23.0164 0.0629689 0 0.0707397 155.144 532 463273
1.44836 22.9657 1.1829 23.0164 0.0629827 0.0209824 0.0707397 151.582 513 463273
1.08627 22.9907 0.7 23.0164 0.047213 0 0.0707397 153.457 523 463273
1.08627 22.9856 1.1829 23.0164 0.0472234 0.0209824 0.0707397 150.832 509 463273
1.81044 22.945 0.7 23.0164 0.0787404 0 -0 159.644 556 463273
1.44836 22.9707 0.7 23.0164 0.0629689 0 -0 163.207 575 463273
1.44836 22.9657 1.1829 23.0164 0.0629827 0.0209824 -0 159.457 555 463273
1.08627 22.9907 0.7 23.0164 0.047213 0 -0 161.519 566 463273
1.81044 22.945 0.7 23.0164 0.0787404 0 -0.0707397 152.894 520 463273
1.44836 22.9707 0.7 23.0164 0.0629689 0 -0.0707397 156.269 538 463273
1.44836 22.9657 1.1829 23.0164 0.0629827 0.0209824 -0.0707397 152.707 519 463273
1.08627 22.9907 0.7 23.0164 0.047213 0 -0.0707397 154.582 529 463273
8.53625 21.9933 0.7 23.5918 0.370232 0 -0 136.582 433 463273
8.53625 21.9877 1.19497 23.5918 0.370317 0.0209824 -0 138.269 442 463273
3.71141 23.2927 1.19497 23.5918 0.158009 0.0209824 -0 136.582 433 463273
-7.10901 22.6963 0.7 23.7836 -0.303544 0 0.0707397 133.582 417 463273
-7.10901 22.6908 0.201001 23.7836 -0.303613 -0.0209824 0.0707397 135.832 429 463273
-7.48317 22.5701 0.201001 23.7836 -0.320146 -0.0209824 0.0707397 134.707 423 463273
-7.10901 22.6908 0.201001 23.7836 -0.303613 -0.0209824 -0 143.332 469 463273
-7.48317 22.5701 0.201001 23.7836 -0.320146 -0.0209824 -0 142.019 462 463273
3.74159 23.4821 1.199 23.7836 0.158009 0.0209824 -0 142.207 463 463273
-7.10901 22.6963 0.7 23.7836 -0.303544 0 -0.0707397 133.582 417 463273
-7.10901 22.6908 0.201001 23.7836 -0.303613 -0.0209824 -0.0707397 136.207 431 463273
-7.48317 22.5701 0.201001 23.7836 -0.320146 -0.0209824 -0.0707397 134.894 424 463273
3.74159 23.4821 1.199 23.7836 0.158009 0.0209824 -0.0707397 135.832 429 463273
1.52077 24.1193 0.7 24.1672 0.0629689 0 0.0707397 148.582 497 463273
1.52077 24.1139 1.20705 24.1672 0.0629827 0.0209824 0.0707397 146.707 487 463273
1.14058 24.1402 0.7 24.1672 0.047213 0 0.0707397 148.957 499 463273
1.14058 24.1349 1.20705 24.1672 0.0472234 0.0209824 0.0707397 146.894 488 463273
1.52077 24.1193 0.7 24.1672 0.0629689 0 -0 155.894 536 463273
1.52077 24.1139 1.20705 24.1672 0.0629827 0.0209824 -0 154.207 527 463273
1.14058 24.1402 0.7 24.1672 0.047213 0 -0 155.894 536 463273
1.14058 24.1349 1.20705 24.1672 0.0472234 0.0209824 -0 154.207 527 463273
1.52077 24.1193 0.7 24.1672 0.0629689 0 -0.0707397 148.394 496 463273
1.52077 24.1139 1.20705 24.1672 0.0629827 0.0209824 -0.0707397 146.332 485 463273
1.14058 24.1402 0.7 24.1672 0.047213 0 -0.0707397 148.394 496 463273
1.14058 24.1349 1.20705 24.1672 0.0472234 0.0209824 -0.0707397 146.707 487 463273
1.53284 24.3107 0.7 24.359 0.0629689 0 0.0707397 149.957 499 463273
1.53284 24.3053 1.21107 24.359 0.0629827 0.0209824 0.0707397 148.832 493 463273
1.14963 24.3318 0.7 24.359 0.047213 0 0.0707397 149.957 499 463273
1.14963 24.3265 1.21107 24.359 0.0472234 0.0209824 0.0707397 148.457 491 463273
1.53284 24.3107 0.7 24.359 0.0629689 0 -0 157.457 539 463273
1.53284 24.3053 1.21107 24.359 0.0629827 0.0209824 -0 156.519 534 463273
1.14963 24.3318 0.7 24.359 0.047213 0 -0 157.832 541 463273
1.14963 24.3265 1.21107 24.359 0.0472234 0.0209824 -0 156.332 533 463273
1.53284 24.3107 0.7 24.359 0.0629689 0 -0.0707397 150.707 503 463273
1.53284 24.3053 1.21107 24.359 0.0629827 0.0209824 -0.0707397 149.582 497 463273
1.14963 24.3318 0.7 24.359 0.047213 0 -0.0707397 151.269 506 463273
1.14963 24.3265 1.21107 24.359 0.0472234 0.0209824 -0.0707397 149.957 499 463273
11.1523 22.7294 0.7 25.318 0.456145 0 -0 138.144 436 463273
11.1523 22.7046 1.76239 25.318 0.456578 0.041974 -0 138.707 439 463273
11.1523 22.7232 1.23119 25.318 0.456253 0.0209824 -0 140.207 447 463273
10.754 22.9144 1.23119 25.318 0.438799 0.0209824 -0 137.394 432 463273
-16.7014 19.7872 0.7 25.8934 -0.701029 0 -0 135.582 417 463273
-16.7014 19.7797 0.156735 25.8934 -0.701215 -0.0209824 -0 135.582 417 463273
-16.8251 19.9338 0.7 26.0852 -0.701029 0 0.0707397 135.207 415 463273
-16.4147 20.273 0.7 26.0852 -0.680617 0 -0 138.582 433 463273
-16.8251 19.9338 0.7 26.0852 -0.701029 0 -0 142.332 453 463273
-16.8251 19.9263 0.152711 26.0852 -0.701215 -0.0209824 -0 140.832 445 463273
-14.2603 22.5193 0.140638 26.6606 -0.564507 -0.0209824 -0 132.207 399 463273
11.3243 24.1295 1.25936 26.6606 0.438799 0.0209824 -0 132.394 400 463273
6.71072 25.583 4.05617 26.6606 0.256532 0.12622 -0 136.519 422 463273
6.2913 25.6894 4.05617 26.6606 0.240172 0.12622 -0 138.207 431 463273
6.75899 25.7671 4.08032 26.8524 0.256532 0.12622 -0 140.832 445 463273
6.75899 25.8347 3.51693 26.8524 0.255889 0.105098 -0 141.957 451 463273
6.33656 25.8742 4.08032 26.8524 0.240172 0.12622 -0 140.832 445 463273
6.33656 25.9416 3.51693 26.8524 0.239572 0.105098 -0 142.707 455 463273
6.75899 25.8347 3.51693 26.8524 0.255889 0.105098 -0.0707397 134.832 413 463273
6.33656 25.9416 3.51693 26.8524 0.239572 0.105098 -0.0707397 136.144 420 463273
6.5176 26.8146 1.85897 27.6196 0.238438 0.041974 -0 144.082 457 463273
6.5176 26.8334 1.27948 27.6196 0.238277 0.0209824 -0 143.519 454 463273
6.0831 26.9165 1.85897 27.6196 0.222265 0.041974 -0 143.519 454 463273
6.0831 26.9352 1.27948 27.6196 0.222116 0.0209824 -0 142.207 447 463273
6.65339 26.1171 8.98178 28.195 0.249446 0.298128 -0 141.644 444 463273
6.20983 26.2261 8.98178 28.195 0.232498 0.298128 -0 140.894 440 463273
-19.2028 20.9061 0.7 28.3868 -0.742956 0 -0 140.144 436 463273
-19.2028 20.8976 1.29558 28.3868 -0.743158 0.0209824 -0 137.894 424 463273
-19.6494 20.487 0.7 28.3868 -0.764533 0 -0 141.082 441 463273
-19.6494 20.4783 0.10442 28.3868 -0.764744 -0.0209824 -0 140.144 436 463273
-15.4914 24.471 0.7 28.9622 -0.564368 0 -0 134.582 401 463273
-15.947 24.1765 0.7 28.9622 -0.583099 0 -0 138.144 420 463273
-15.947 24.1689 0.0923478 28.9622 -0.583244 -0.0209824 -0 135.332 405 463273
2.73377 28.8329 0.7 28.9622 0.0945316 0 -0 134.957 403 463273
2.73377 28.8265 1.30765 28.9622 0.0945525 0.0209824 -0 136.644 412 463273
-15.594 24.633 0.7 29.1541 -0.564368 0 -0 135.332 405 463273
-16.0526 24.3366 0.7 29.1541 -0.583099 0 -0 137.207 415 463273
-16.0526 24.329 0.0883236 29.1541 -0.583244 -0.0209824 -0 135.332 405 463273
2.75188 29.0239 0.7 29.1541 0.0945316 0 -0 137.582 417 463273
2.75188 29.0174 1.31168 29.1541 0.0945525 0.0209824 -0 136.082 409 463273
-15.9017 25.1192 0.7 29.7295 -0.564368 0 0.0707397 133.269 394 463273
-16.3694 24.817 0.7 29.7295 -0.583099 0 0.0707397 133.082 393 463273
-15.9017 25.1192 0.7 29.7295 -0.564368 0 -0 140.019 430 463273
3.74159 29.4931 0.7 29.7295 0.126189 0 -0 140.207 431 463273
3.74159 29.4865 1.32375 29.7295 0.126217 0.0209824 -0 141.332 437 463273
3.27389 29.5486 0.7 29.7295 0.110346 0 -0 140.394 432 463273
3.27389 29.5421 1.32375 29.7295 0.110371 0.0209824 -0 141.519 438 463273
-15.9017 25.1192 0.7 29.7295 -0.564368 0 -0.0707397 133.269 394 463273
8.9436 28.5534 0.7 29.9213 0.303544 0 -0 140.019 430 463273
3.29501 29.7327 1.32777 29.9213 0.110371 0.0209824 -0 139.644 428 463273
3.35838 30.3112 0.7 30.4967 0.110346 0 -0 141.582 433 463273
3.35838 30.3044 1.33985 30.4967 0.110371 0.0209824 -0 142.144 436 463273
2.87861 30.3605 0.7 30.4967 0.0945316 0 -0 142.332 437 463273
2.87861 30.3538 1.33985 30.4967 0.0945525 0.0209824 -0 143.644 444 463273
-6.75899 29.928 0.0561301 30.6885 -0.222116 -0.0209824 0.0707397 136.144 404 463273
-7.24178 29.8148 0.0561301 30.6885 -0.238277 -0.0209824 0.0707397 138.019 414 463273
6.27621 30.0398 0.7 30.6885 0.205967 0 -0 153.582 497 463273
6.27621 30.0329 1.34387 30.6885 0.206013 0.0209824 -0 153.582 497 463273
5.79342 30.1298 1.34387 30.6885 0.189964 0.0209824 -0 150.957 483 463273
-7.24178 29.8148 0.0561301 30.6885 -0.238277 -0.0209824 -0.0707397 137.832 413 463273
6.84348 30.3091 0.7 31.0721 0.222066 0 0.0707397 155.082 505 463273
6.35466 30.4153 0.7 31.0721 0.205967 0 0.0707397 159.394 528 463273
6.35466 30.4083 1.35192 31.0721 0.206013 0.0209824 0.0707397 159.207 527 463273
5.86584 30.5064 1.35192 31.0721 0.189964 0.0209824 0.0707397 154.519 502 463273
6.84348 30.3091 0.7 31.0721 0.222066 0 -0 162.957 547 463273
6.35466 30.4153 0.7 31.0721 0.205967 0 -0 166.894 568 463273
6.35466 30.4083 1.35192 31.0721 0.206013 0.0209824 -0 166.894 568 463273
6.84348 30.3091 0.7 31.0721 0.222066 0 -0.0707397 156.019 510 463273
6.35466 30.4153 0.7 31.0721 0.205967 0 -0.0707397 160.144 532 463273
6.35466 30.4083 1.35192 31.0721 0.206013 0.0209824 -0.0707397 160.144 532 463273
6.88573 30.4962 0.7 31.2639 0.222066 0 -0 153.207 495 463273
6.39389 30.6031 0.7 31.2639 0.205967 0 -0 157.707 519 463273
6.39389 30.5961 1.35594 31.2639 0.206013 0.0209824 -0 156.957 515 463273
6.39389 30.6031 0.7 31.2639 0.205967 0 -0.0707397 151.894 488 463273
6.39389 30.5961 1.35594 31.2639 0.206013 0.0209824 -0.0707397 150.957 483 463273
6.43311 30.7908 0.7 31.4557 0.205967 0 -0 152.082 489 463273
6.43311 30.7838 1.35997 31.4557 0.206013 0.0209824 -0 152.644 492 463273
1.48456 31.4206 0.7 31.4557 0.047213 0 -0 152.644 492 463273
1.52077 32.187 0.7 32.2229 0.047213 0 -0 155.082 505 463273
1.52077 32.1799 0.0239366 32.2229 0.0472234 -0.0209824 -0 153.394 496 463273
1.01385 32.2069 0.7 32.2229 0.0314688 0 -0 152.457 491 463273
1.53888 32.5702 0.7 32.6065 0.047213 0 0.0707397 160.519 534 463273
1.53888 32.563 0.0158883 32.6065 0.0472234 -0.0209824 0.0707397 159.582 529 463273
1.02592 32.5904 0.7 32.6065 0.0314688 0 0.0707397 157.707 519 463273
1.02592 32.5832 0.0158883 32.6065 0.0314757 -0.0209824 0.0707397 156.207 511 463273
1.53888 32.5702 0.7 32.6065 0.047213 0 -0 168.207 575 463273
1.53888 32.563 0.0158883 32.6065 0.0472234 -0.0209824 -0 167.082 569 463273
1.02592 32.5904 0.7 32.6065 0.0314688 0 -0 165.207 559 463273
1.02592 32.5832 0.0158883 32.6065 0.0314757 -0.0209824 -0 163.707 551 463273
1.53888 32.5702 0.7 32.6065 0.047213 0 -0.0707397 160.894 536 463273
1.53888 32.563 0.0158883 32.6065 0.0472234 -0.0209824 -0.0707397 160.144 532 463273
1.02592 32.5904 0.7 32.6065 0.0314688 0 -0.0707397 158.082 521 463273
1.02592 32.5832 0.0158883 32.6065 0.0314757 -0.0209824 -0.0707397 156.957 515 463273
1.54793 32.7618 0.7 32.7983 0.047213 0 -0 158.144 516 463273
1.54793 32.7545 0.0118641 32.7983 0.0472234 -0.0209824 -0 158.707 519 463273
1.03195 32.7821 0.7 32.7983 0.0314688 0 -0 154.957 499 463273
1.03195 32.7748 0.0118641 32.7983 0.0314757 -0.0209824 -0 155.332 501 463273
1.54793 32.7618 0.7 32.7983 0.047213 0 -0.0707397 152.332 485 463273
1.54793 32.7545 0.0118641 32.7983 0.0472234 -0.0209824 -0.0707397 152.894 488 463273
-6.74692 32.2854 0.00783986 32.9901 -0.206013 -0.0209824 0.0707397 138.644 412 463273
-7.26592 32.18 0.7 32.9901 -0.222066 0 0.0707397 138.082 409 463273
-7.26592 32.1726 0.00783986 32.9901 -0.222116 -0.0209824 0.0707397 142.019 430 463273
-22.8357 23.5563 4.1608 32.9901 -0.769868 0.105098 0.0707397 138.457 411 463273
-7.26592 32.1726 0.00783986 32.9901 -0.222116 -0.0209824 -0 149.332 469 463273
1.55698 32.9534 0.7 32.9901 0.047213 0 -0 153.457 491 463273
1.55698 32.9461 0.00783986 32.9901 0.0472234 -0.0209824 -0 152.519 486 463273
-6.74692 32.2854 0.00783986 32.9901 -0.206013 -0.0209824 -0.0707397 139.394 416 463273
-7.26592 32.18 0.7 32.9901 -0.222066 0 -0.0707397 137.707 407 463273
-7.26592 32.1726 0.00783986 32.9901 -0.222116 -0.0209824 -0.0707397 142.207 431 463273
-22.8357 23.5563 4.1608 32.9901 -0.769868 0.105098 -0.0707397 138.832 413 463273
-23.3547 23.0418 4.1608 32.9901 -0.792142 0.105098 -0.0707397 137.707 407 463273
5.28046 32.96 4.22116 33.5655 0.158858 0.105098 0.0707397 136.582 401 463273
5.28046 32.96 4.22116 33.5655 0.158858 0.105098 -0 143.519 438 463273
3.69633 33.175 4.22116 33.5655 0.110961 0.105098 -0 143.519 438 463273
5.28046 32.96 4.22116 33.5655 0.158858 0.105098 -0.0707397 136.582 401 463273
4.75242 33.0403 4.22116 33.5655 0.142857 0.105098 -0.0707397 135.457 395 463273
-16.463 29.4623 1.40826 33.7573 -0.50956 0.0209824 0.0707397 133.019 382 463273
-16.994 29.1678 0.7 33.7573 -0.52755 0 0.0707397 133.582 385 463273
-16.994 29.1592 1.40826 33.7573 -0.527678 0.0209824 0.0707397 134.144 388 463273
-16.463 29.4708 0.7 33.7573 -0.509437 0 -0 138.082 409 463273
-16.463 29.4623 1.40826 33.7573 -0.50956 0.0209824 -0 139.582 417 463273
-16.994 29.1678 0.7 33.7573 -0.52755 0 -0 140.144 420 463273
-16.994 29.1592 1.40826 33.7573 -0.527678 0.0209824 -0 140.707 423 463273
-16.994 29.1592 1.40826 33.7573 -0.527678 0.0209824 -0.0707397 132.832 381 463273
10.2622 32.5646 4.30165 34.3327 0.305283 0.105098 -0 136.832 397 463273
-16.5656 30.9362 1.43643 35.0999 -0.491624 0.0209824 0.0707397 142.832 429 463273
-17.1178 30.6341 1.43643 35.0999 -0.50956 0.0209824 0.0707397 145.644 444 463273
5.52186 34.5375 3.6457 35.0999 0.158538 0.0840222 0.0707397 144.144 436 463273
-17.1178 30.6341 1.43643 35.0999 -0.50956 0.0209824 -0 153.144 484 463273
5.52186 34.5375 3.6457 35.0999 0.158538 0.0840222 -0 151.269 474 463273
-17.1178 30.6341 1.43643 35.0999 -0.50956 0.0209824 -0.0707397 146.019 446 463273
5.52186 34.5375 3.6457 35.0999 0.158538 0.0840222 -0.0707397 144.332 437 463273
5.55203 34.6551 4.40225 35.2917 0.158858 0.105098 0.0707397 136.832 397 463273
4.99683 34.6526 5.1427 35.2917 0.143211 0.12622 0.0707397 138.894 408 463273
4.99683 34.7395 4.40225 35.2917 0.142857 0.105098 0.0707397 140.207 415 463273
4.99683 34.8104 3.6618 35.2917 0.14257 0.0840222 0.0707397 136.644 396 463273
4.99683 34.7395 4.40225 35.2917 0.142857 0.105098 -0 146.957 451 463273
-7.21764 34.5379 -0.0404503 35.2917 -0.206013 -0.0209824 -0.0707397 135.707 391 463273
5.55203 34.6551 4.40225 35.2917 0.158858 0.105098 -0.0707397 137.394 400 463273
4.99683 34.6526 5.1427 35.2917 0.143211 0.12622 -0.0707397 137.019 398 463273
4.99683 34.7395 4.40225 35.2917 0.142857 0.105098 -0.0707397 140.207 415 463273
4.99683 34.8104 3.6618 35.2917 0.14257 0.0840222 -0.0707397 137.582 401 463273
6.77106 35.0934 3.71009 35.8672 0.190602 0.0840222 0.0707397 139.082 409 463273
6.77106 35.0934 3.71009 35.8672 0.190602 0.0840222 -0 146.207 447 463273
6.20681 35.1976 3.71009 35.8672 0.174548 0.0840222 -0 145.269 442 463273
6.77106 35.0934 3.71009 35.8672 0.190602 0.0840222 -0.0707397 138.707 407 463273
6.20681 35.1976 3.71009 35.8672 0.174548 0.0840222 -0.0707397 138.519 406 463273
5.64255 35.2924 3.71009 35.8672 0.158538 0.0840222 -0.0707397 135.332 389 463273
5.67273 35.4085 4.48274 36.059 0.158858 0.105098 0.0707397 134.957 387 463273
5.67273 35.4811 3.72619 36.059 0.158538 0.0840222 0.0707397 137.582 401 463273
7.37455 35.1668 3.72619 36.059 0.206706 0.0840222 -0 144.519 438 463273
6.80727 35.281 3.72619 36.059 0.190602 0.0840222 -0 144.894 440 463273
5.67273 35.4811 3.72619 36.059 0.158538 0.0840222 -0 145.269 442 463273
5.67273 35.4085 4.48274 36.059 0.158858 0.105098 -0.0707397 136.832 397 463273
5.67273 35.4811 3.72619 36.059 0.158538 0.0840222 -0.0707397 139.269 410 463273
5.10545 35.5672 3.72619 36.059 0.14257 0.0840222 -0.0707397 135.144 388 463273
1.72897 36.5855 -0.0686197 36.6344 0.0472234 -0.0209824 0.0707397 148.144 452 463273
1.72897 36.5855 1.46862 36.6344 0.0472234 0.0209824 0.0707397 153.207 479 463273
1.15265 36.6082 1.46862 36.6344 0.0314757 0.0209824 0.0707397 153.582 481 463273
1.72897 36.5855 1.46862 36.6344 0.0472234 0.0209824 -0 160.332 517 463273
1.15265 36.6082 1.46862 36.6344 0.0314757 0.0209824 -0 160.519 518 463273
1.72897 36.5612 2.23724 36.6344 0.0472546 0.041974 -0.0707397 147.957 451 463273
1.72897 36.5855 1.46862 36.6344 0.0472234 0.0209824 -0.0707397 152.832 477 463273
1.15265 36.584 2.23724 36.6344 0.0314966 0.041974 -0.0707397 147.957 451 463273
1.15265 36.6082 1.46862 36.6344 0.0314757 0.0209824 -0.0707397 153.207 479 463273
1.73803 36.777 -0.0726438 36.8262 0.0472234 -0.0209824 0.0707397 153.207 479 463273
1.73803 36.777 1.47264 36.8262 0.0472234 0.0209824 0.0707397 155.082 489 463273
1.15868 36.7998 -0.0726438 36.8262 0.0314757 -0.0209824 0.0707397 151.894 472 463273
1.15868 36.7998 1.47264 36.8262 0.0314757 0.0209824 0.0707397 154.894 488 463273
1.73803 36.777 -0.0726438 36.8262 0.0472234 -0.0209824 -0 160.894 520 463273
1.73803 36.777 1.47264 36.8262 0.0472234 0.0209824 -0 162.582 529 463273
1.15868 36.7998 -0.0726438 36.8262 0.0314757 -0.0209824 -0 159.394 512 463273
1.15868 36.7998 1.47264 36.8262 0.0314757 0.0209824 -0 162.957 531 463273
1.73803 36.777 -0.0726438 36.8262 0.0472234 -0.0209824 -0.0707397 154.519 486 463273
1.73803 36.777 1.47264 36.8262 0.0472234 0.0209824 -0.0707397 155.457 491 463273
1.15868 36.7998 -0.0726438 36.8262 0.0314757 -0.0209824 -0.0707397 152.644 476 463273
1.15868 36.7998 1.47264 36.8262 0.0314757 0.0209824 -0.0707397 155.832 493 463273
-15.8867 33.8599 0.7 37.4016 -0.438696 0 0.0707397 149.457 459 463273
-15.2983 34.1298 0.7 37.4016 -0.421388 0 -0 153.957 483 463273
-15.8867 33.8599 0.7 37.4016 -0.438696 0 -0 156.957 499 463273
-15.8867 33.8508 -0.0847164 37.4016 -0.438799 -0.0209824 -0 151.894 472 463273
-15.8867 33.8508 1.48472 37.4016 -0.438799 0.0209824 -0 152.644 476 463273
-15.8867 33.8599 0.7 37.4016 -0.438696 0 -0.0707397 150.394 464 463273
-15.3767 34.3048 0.7 37.5934 -0.421388 0 0.0707397 153.957 483 463273
-15.9681 34.0335 0.7 37.5934 -0.438696 0 0.0707397 155.082 489 463273
-15.9681 34.0244 -0.0887406 37.5934 -0.438799 -0.0209824 0.0707397 150.582 465 463273
-15.9681 34.0244 1.48874 37.5934 -0.438799 0.0209824 0.0707397 150.582 465 463273
-15.3767 34.3048 0.7 37.5934 -0.421388 0 -0 162.019 526 463273
-15.9681 34.0335 0.7 37.5934 -0.438696 0 -0 163.332 533 463273
-15.9681 34.0244 -0.0887406 37.5934 -0.438799 -0.0209824 -0 159.207 511 463273
-15.9681 34.0244 1.48874 37.5934 -0.438799 0.0209824 -0 159.019 510 463273
-15.3767 34.3048 0.7 37.5934 -0.421388 0 -0.0707397 155.082 489 463273
-15.9681 34.0335 0.7 37.5934 -0.438696 0 -0.0707397 156.582 497 463273
-15.9681 34.0244 -0.0887406 37.5934 -0.438799 -0.0209824 -0.0707397 152.269 474 463273
-15.9681 34.0244 1.48874 37.5934 -0.438799 0.0209824 -0.0707397 152.082 473 463273
7.20557 37.4482 2.30163 38.1688 0.190091 0.041974 -0 136.707 391 463273
6.60511 37.3791 4.70407 38.1688 0.1749 0.105098 -0 136.144 388 463273
6.60511 37.4562 3.90325 38.1688 0.174548 0.0840222 -0 136.707 391 463273
6.60511 37.5588 2.30163 38.1688 0.17408 0.041974 -0 136.707 391 463273
6.60511 37.5844 1.50081 38.1688 0.173964 0.0209824 -0 136.707 391 463273
6.00464 37.4802 4.70407 38.1688 0.158858 0.105098 -0 137.457 395 463273
6.00464 37.5572 3.90325 38.1688 0.158538 0.0840222 -0 136.894 392 463273
6.00464 37.4802 4.70407 38.1688 0.158858 0.105098 -0.0707397 136.144 388 463273
24.7427 29.3144 0.7 38.3606 0.701029 0 -0 141.207 415 463273
7.24178 37.6364 2.30967 38.3606 0.190091 0.041974 -0 140.269 410 463273
24.5014 30.2494 1.51691 38.936 0.680795 0.0209824 -0 139.582 401 463273
4.28774 38.6906 1.51691 38.936 0.110371 0.0209824 -0 137.519 390 463273
-15.3888 35.9652 -0.120934 39.1278 -0.404307 -0.0209824 -0 142.582 417 463273
6.15551 38.6319 1.52093 39.1278 0.158009 0.0209824 -0 138.832 397 463273
6.15551 38.6319 1.52093 39.1278 0.158009 0.0209824 -0.0707397 135.644 380 463273
-13.7413 37.2495 0.7 39.7032 -0.353411 0 -0.0707397 135.457 379 463273
-13.7413 37.2402 1.53301 39.7032 -0.353492 0.0209824 -0.0707397 135.082 377 463273
-6.90383 39.2931 0.7 39.895 -0.173925 0 0.0707397 133.957 371 463273
-6.90383 39.2931 0.7 39.895 -0.173925 0 -0.0707397 133.582 369 463273
-15.0629 36.9421 0.7 39.895 -0.387164 0 -0.0707397 137.707 391 463273
6.90383 39.2842 1.53703 39.895 0.173964 0.0209824 -0.0707397 135.457 379 463273
6.27621 39.3894 1.53703 39.895 0.158009 0.0209824 -0.0707397 134.894 376 463273
8.91342 39.3944 3.24731 40.4704 0.222515 0.0629841 -0 138.644 396 463273
8.27675 39.6059 1.5491 40.4704 0.206013 0.0209824 -0 137.707 391 463273
-15.3526 37.6429 1.55313 40.6622 -0.387253 0.0209824 0.0707397 139.394 400 463273
-15.9923 37.3756 1.55313 40.6622 -0.404307 0.0209824 0.0707397 140.332 405 463273
-15.3526 37.6526 0.7 40.6622 -0.387164 0 -0 143.144 420 463273
-15.3526 37.6429 1.55313 40.6622 -0.387253 0.0209824 -0 145.394 432 463273
-15.9923 37.3854 0.7 40.6622 -0.404213 0 -0 144.457 427 463273
-15.9923 37.3756 1.55313 40.6622 -0.404307 0.0209824 -0 146.519 438 463273
-19.4623 36.191 -2.7608 41.2376 -0.493402 -0.0840222 0.0707397 134.207 367 463273
-19.4623 36.191 -2.7608 41.2376 -0.493402 -0.0840222 -0 138.894 392 463273
-20.111 36.0012 0.7 41.2376 -0.509437 0 -0 138.519 390 463273
-20.111 35.9908 1.5652 41.2376 -0.50956 0.0209824 -0 140.582 401 463273
-20.7598 35.6206 1.5652 41.2376 -0.527678 0.0209824 -0 138.144 388 463273
-20.111 35.9908 1.5652 41.2376 -0.50956 0.0209824 -0.0707397 134.582 369 463273
-19.5528 36.3593 4.1769 41.4294 -0.493402 0.0840222 -0.0707397 135.332 373 463273
32.3798 26.7573 0.7 42.0049 0.880188 0 -0 137.207 383 463273
31.719 27.5375 0.7 42.0049 0.855848 0 -0 137.582 385 463273
28.4149 30.9354 0.7 42.0049 0.742956 0 -0 137.957 387 463273
28.4149 30.9228 1.5813 42.0049 0.743158 0.0209824 -0 137.582 385 463273
-6.6383 41.6336 2.47064 42.1967 -0.158115 0.041974 0.0707397 134.207 367 463273
-6.6383 41.6618 1.58532 42.1967 -0.158009 0.0209824 0.0707397 138.707 391 463273
-7.30213 41.5506 1.58532 42.1967 -0.173964 0.0209824 0.0707397 138.519 390 463273
-15.2681 39.3276 1.58532 42.1967 -0.370317 0.0209824 0.0707397 136.269 378 463273
-6.6383 41.6618 1.58532 42.1967 -0.158009 0.0209824 -0 146.019 430 463273
-7.30213 41.5506 1.58532 42.1967 -0.173964 0.0209824 -0 146.207 431 463273
-6.6383 41.6618 1.58532 42.1967 -0.158009 0.0209824 -0.0707397 138.144 388 463273
-7.30213 41.5506 1.58532 42.1967 -0.173964 0.0209824 -0.0707397 138.894 392 463273
29.8723 29.7895 1.58532 42.1967 0.786786 0.0209824 -0.0707397 135.144 372 463273
29.2085 30.4407 1.58532 42.1967 0.764744 0.0209824 -0.0707397 135.332 373 463273
28.261 32.1055 0.7 42.7721 0.721799 0 -0.141479 134.207 367 463273
28.9339 31.5004 0.7 42.7721 0.742956 0 -0 145.832 429 463273
28.9339 31.4876 1.59739 42.7721 0.743158 0.0209824 -0 144.894 424 463273
28.261 32.1055 0.7 42.7721 0.721799 0 -0 149.019 446 463273
28.261 32.0929 1.59739 42.7721 0.721993 0.0209824 -0 147.332 437 463273
28.9339 31.5004 0.7 42.7721 0.742956 0 -0.0707397 144.519 422 463273
28.9339 31.4876 1.59739 42.7721 0.743158 0.0209824 -0.0707397 143.582 417 463273
28.261 32.1055 0.7 42.7721 0.721799 0 -0.0707397 147.707 439 463273
28.261 32.0929 1.59739 42.7721 0.721993 0.0209824 -0.0707397 146.394 432 463273
29.0637 31.6417 0.7 42.9639 0.742956 0 -0 142.457 411 463273
29.0637 31.6288 1.60142 42.9639 0.743158 0.0209824 -0 142.082 409 463273
28.3878 32.2495 0.7 42.9639 0.721799 0 -0 145.644 428 463273
28.3878 32.2369 1.60142 42.9639 0.721993 0.0209824 -0 144.332 421 463273
29.0637 31.6417 0.7 42.9639 0.742956 0 -0.0707397 140.582 401 463273
29.0637 31.6288 1.60142 42.9639 0.743158 0.0209824 -0.0707397 140.019 398 463273
28.3878 32.2495 0.7 42.9639 0.721799 0 -0.0707397 143.957 419 463273
28.3878 32.2369 1.60142 42.9639 0.721993 0.0209824 -0.0707397 142.457 411 463273
6.84952 42.9874 1.61349 43.5393 0.158009 0.0209824 0.0707397 135.207 367 463273
6.16457 43.0619 2.52698 43.5393 0.14219 0.041974 0.0707397 136.332 373 463273
6.16457 43.091 1.61349 43.5393 0.142095 0.0209824 0.0707397 138.207 383 463273
6.84952 42.9874 1.61349 43.5393 0.158009 0.0209824 -0 143.082 409 463273
6.16457 43.0619 2.52698 43.5393 0.14219 0.041974 -0 143.457 411 463273
6.16457 43.091 1.61349 43.5393 0.142095 0.0209824 -0 145.894 424 463273
6.84952 42.9874 1.61349 43.5393 0.158009 0.0209824 -0.0707397 137.457 379 463273
6.16457 43.0619 2.52698 43.5393 0.14219 0.041974 -0.0707397 137.457 379 463273
6.16457 43.091 1.61349 43.5393 0.142095 0.0209824 -0.0707397 139.519 390 463273
28.2067 33.4058 1.61751 43.7311 0.701215 0.0209824 0.0707397 133.519 358 463273
6.19172 43.2905 0.7 43.7311 0.142064 0 0.0707397 130.894 344 463273
6.19172 43.2808 1.61751 43.7311 0.142095 0.0209824 0.0707397 133.519 358 463273
5.50375 43.3445 2.53503 43.7311 0.126301 0.041974 0.0707397 131.457 347 463273
5.50375 43.3737 1.61751 43.7311 0.126217 0.0209824 0.0707397 132.957 355 463273
28.2067 33.4184 0.7 43.7311 0.701029 0 -0.0707397 136.707 375 463273
28.2067 33.4058 1.61751 43.7311 0.701215 0.0209824 -0.0707397 136.707 375 463273
6.19172 43.2808 1.61751 43.7311 0.142095 0.0209824 -0.0707397 135.019 366 463273
5.50375 43.3737 1.61751 43.7311 0.126217 0.0209824 -0.0707397 133.894 360 463273
-16.0315 41.3044 0.7 44.3065 -0.370232 0 0.0707397 138.019 382 463273
-16.0315 41.294 -0.229587 44.3065 -0.370317 -0.0209824 0.0707397 137.082 377 463273
-16.7285 41.0271 0.7 44.3065 -0.387164 0 0.0707397 135.019 366 463273
6.27319 43.8207 2.55917 44.3065 0.14219 0.041974 0.0707397 134.269 362 463273
-16.0315 41.3044 0.7 44.3065 -0.370232 0 -0 145.144 420 463273
-16.0315 41.294 -0.229587 44.3065 -0.370317 -0.0209824 -0 143.457 411 463273
-16.7285 41.0271 0.7 44.3065 -0.387164 0 -0 141.957 403 463273
-16.0315 41.3044 0.7 44.3065 -0.370232 0 -0.0707397 137.457 379 463273
-16.0315 41.294 -0.229587 44.3065 -0.370317 -0.0209824 -0.0707397 135.582 369 463273
-16.7285 41.0271 0.7 44.3065 -0.387164 0 -0.0707397 135.019 366 463273
6.27319 43.8207 2.55917 44.3065 0.14219 0.041974 -0.0707397 134.269 362 463273
7.00039 43.9343 1.63361 44.4983 0.158009 0.0209824 0.0707397 131.457 347 463273
6.30035 44.05 0.7 44.4983 0.142064 0 0.0707397 131.644 348 463273
6.30035 44.0401 1.63361 44.4983 0.142095 0.0209824 0.0707397 132.957 355 463273
6.30035 44.0401 1.63361 44.4983 0.142095 0.0209824 -0 139.332 389 463273
-16.1009 41.4832 0.7 44.4983 -0.370232 0 -0.0707397 133.894 360 463273
-16.1009 41.4727 -0.233611 44.4983 -0.370317 -0.0209824 -0.0707397 132.019 350 463273
6.30035 44.0401 1.63361 44.4983 0.142095 0.0209824 -0.0707397 131.457 347 463273
0 45.0638 -0.245684 45.0737 0 -0.0209824 0.0707397 144.957 419 463273
-4.96364 44.7996 0.7 45.0737 -0.110346 0 0.0707397 137.644 380 463273
0 45.0737 0.7 45.0737 0 0 -0 150.207 447 463273
0 45.0638 -0.245684 45.0737 0 -0.0209824 -0 152.832 461 463273
-0.709091 45.0681 0.7 45.0737 -0.0157325 0 -0 150.207 447 463273
-0.709091 45.0582 -0.245684 45.0737 -0.0157359 -0.0209824 -0 150.019 446 463273
0 45.0638 -0.245684 45.0737 0 -0.0209824 -0.0707397 146.082 425 463273
-0.709091 45.0681 0.7 45.0737 -0.0157325 0 -0.0707397 143.457 411 463273
-0.709091 45.0582 -0.245684 45.0737 -0.0157359 -0.0209824 -0.0707397 143.082 409 463273
-3.56054 45.1253 0.7 45.2655 -0.0787404 0 0.0707397 133.144 356 463273
-3.56054 45.1153 -0.249708 45.2655 -0.0787578 -0.0209824 0.0707397 133.332 357 463273
-4.98476 44.9902 0.7 45.2655 -0.110346 0 0.0707397 133.332 357 463273
-5.69687 44.9056 0.7 45.2655 -0.126189 0 0.0707397 134.644 364 463273
-5.69687 44.8955 1.64971 45.2655 -0.126217 0.0209824 0.0707397 134.457 363 463273
0 45.2555 -0.249708 45.2655 0 -0.0209824 -0 145.519 422 463273
-4.98476 44.9902 0.7 45.2655 -0.110346 0 -0 141.207 399 463273
-5.69687 44.9056 0.7 45.2655 -0.126189 0 -0 141.207 399 463273
-4.98476 44.9902 0.7 45.2655 -0.110346 0 -0.0707397 135.582 369 463273
-4.98476 44.9802 1.64971 45.2655 -0.110371 0.0209824 -0.0707397 133.894 360 463273
-5.69687 44.9056 0.7 45.2655 -0.126189 0 -0.0707397 134.269 362 463273
-5.69687 44.8955 1.64971 45.2655 -0.126217 0.0209824 -0.0707397 133.894 360 463273
-7.27195 45.6386 -0.269829 46.2245 -0.158009 -0.0209824 0.0707397 137.457 379 463273
-10.9985 45.2918 0.7 46.6081 -0.238224 0 0.0707397 133.207 351 463273
-10.9985 45.2813 1.67788 46.6081 -0.238277 0.0209824 0.0707397 131.707 343 463273
-11.7317 45.1075 0.7 46.6081 -0.254446 0 0.0707397 131.519 342 463273
-21.2637 41.475 0.7 46.6081 -0.473746 0 0.0707397 133.582 353 463273
-10.9985 45.2918 0.7 46.6081 -0.238224 0 -0 139.957 387 463273
-21.2637 41.475 0.7 46.6081 -0.473746 0 -0 139.957 387 463273
-10.9985 45.2918 0.7 46.6081 -0.238224 0 -0.0707397 133.394 352 463273
-10.9985 45.2813 1.67788 46.6081 -0.238277 0.0209824 -0.0707397 132.457 347 463273
-21.2637 41.475 0.7 46.6081 -0.473746 0 -0.0707397 132.082 345 463273
-11.78 45.2931 0.7 46.7999 -0.254446 0 -0 139.207 383 463273
-12.5162 45.0952 0.7 46.7999 -0.270736 0 -0 139.019 382 463273
-11.78 45.2931 0.7 46.7999 -0.254446 0 -0.0707397 131.894 344 463273
-12.5162 45.0952 0.7 46.7999 -0.270736 0 -0.0707397 131.894 344 463273
-21.4387 41.8163 0.7 46.9917 -0.473746 0 0.0707397 132.269 346 463273
-15.7147 44.8963 0.7 47.5671 -0.336693 0 0.0707397 132.644 348 463273
-14.9663 45.1513 0.7 47.5671 -0.320073 0 -0 139.394 384 463273
-15.7147 44.8963 0.7 47.5671 -0.336693 0 -0 139.957 387 463273
-14.9663 45.1513 0.7 47.5671 -0.320073 0 -0.0707397 132.269 346 463273
-15.7147 44.8963 0.7 47.5671 -0.336693 0 -0.0707397 132.832 349 463273
-15.778 45.0774 0.7 47.7589 -0.336693 0 0.0707397 132.269 346 463273
25.0928 41.3106 0.7 48.3344 0.545856 0 -0.0707397 131.894 344 463273
-23.6655 42.3643 0.7 48.5262 -0.509437 0 0.0707397 132.457 347 463273
-24.4289 41.9287 0.7 48.5262 -0.52755 0 0.0707397 134.894 360 463273
-24.4289 41.9163 1.71812 48.5262 -0.527678 0.0209824 0.0707397 134.144 356 463273
-25.1923 41.4745 0.7 48.5262 -0.545856 0 0.0707397 132.082 345 463273
9.23327 48.0194 1.72617 48.9098 0.189964 0.0209824 -0 137.582 369 463273
4.61663 48.6806 1.72617 48.9098 0.0945525 0.0209824 -0 136.082 361 463273
10.0419 48.0637 0.7 49.1016 0.205967 0 0.0707397 136.269 362 463273
10.0419 48.0527 1.73019 49.1016 0.206013 0.0209824 0.0707397 135.894 360 463273
9.26948 48.2187 0.7 49.1016 0.189921 0 0.0707397 133.832 349 463273
9.26948 48.1746 2.76038 49.1016 0.190091 0.041974 0.0707397 135.144 356 463273
9.26948 48.2077 1.73019 49.1016 0.189964 0.0209824 0.0707397 137.394 368 463273
4.63474 48.8823 0.7 49.1016 0.0945316 0 0.0707397 135.894 360 463273
9.26948 48.2077 1.73019 49.1016 0.189964 0.0209824 -0 144.707 407 463273
4.63474 48.8823 0.7 49.1016 0.0945316 0 -0 145.082 409 463273
10.0419 48.0527 1.73019 49.1016 0.206013 0.0209824 -0.0707397 135.707 359 463273
9.26948 48.2077 1.73019 49.1016 0.189964 0.0209824 -0.0707397 137.394 368 463273
4.63474 48.8823 0.7 49.1016 0.0945316 0 -0.0707397 139.082 377 463273
4.63474 48.8715 1.73019 49.1016 0.0945525 0.0209824 -0.0707397 136.832 365 463273
3.86228 48.9494 0.7 49.1016 0.0787404 0 -0.0707397 136.269 362 463273
10.0812 48.2515 0.7 49.2934 0.205967 0 0.0707397 134.207 351 463273
10.0812 48.2404 1.73422 49.2934 0.206013 0.0209824 0.0707397 135.894 360 463273
9.30569 48.407 0.7 49.2934 0.189921 0 0.0707397 134.582 353 463273
9.30569 48.3628 2.76843 49.2934 0.190091 0.041974 0.0707397 133.457 347 463273
9.30569 48.396 1.73422 49.2934 0.189964 0.0209824 0.0707397 137.582 369 463273
4.65284 49.0733 0.7 49.2934 0.0945316 0 0.0707397 133.457 347 463273
8.5966 48.9275 0.7 49.677 0.173925 0 -0 132.707 343 463273
6.25207 49.1827 3.82679 49.677 0.126441 0.0629841 -0 133.082 345 463273
6.25207 49.2379 2.78453 49.677 0.126301 0.041974 -0 133.269 346 463273
35.3037 35.0812 3.83887 49.8688 0.788559 0.0629841 -0 133.644 348 463273
34.5191 35.8535 3.83887 49.8688 0.76644 0.0629841 -0 134.207 351 463273
-25.1048 43.0888 0.7 49.8688 -0.52755 0 -0 133.269 346 463273
-25.1048 43.0761 1.74629 49.8688 -0.527678 0.0209824 -0 133.832 349 463273
16.475 47.0571 1.74629 49.8688 0.336771 0.0209824 -0 133.082 345 463273
2.35358 49.8132 0.7 49.8688 0.047213 0 -0 132.894 344 463273
-22.2202 45.2866 0.7 50.4442 -0.456145 0 -0 133.457 347 463273
-24.6009 44.026 1.75836 50.4442 -0.50956 0.0209824 -0 134.394 352 463273
3.98298 50.4679 1.76239 50.636 0.0787578 0.0209824 -0 132.519 342 463273
25.8773 44.4146 0.7 51.4032 0.52755 0 -0 133.269 346 463273
25.0686 44.876 0.7 51.4032 0.509437 0 -0 133.082 345 463273
7.27799 50.8854 0.7 51.4032 0.142064 0 -0 133.457 347 463273
6.46932 50.9945 0.7 51.4032 0.126189 0 -0 133.269 346 463273
4.85199 51.1737 0.7 51.4032 0.0945316 0 -0 133.082 345 463273
19.6252 48.1313 0.7 51.9786 0.387164 0 0.0707397 133.894 344 463273
19.6252 48.119 1.79055 51.9786 0.387253 0.0209824 0.0707397 134.269 346 463273
20.4429 47.7773 1.79055 51.9786 0.404307 0.0209824 -0 137.457 363 463273
19.6252 48.1313 0.7 51.9786 0.387164 0 -0 139.894 376 463273
19.6252 48.119 1.79055 51.9786 0.387253 0.0209824 -0 141.207 383 463273
4.08859 51.8061 1.79055 51.9786 0.0787578 0.0209824 -0 137.082 361 463273
19.6252 48.119 1.79055 51.9786 0.387253 0.0209824 -0.0707397 134.644 348 463273
20.5184 47.9661 0.7 52.1704 0.404213 0 -0 133.894 344 463273
20.5184 47.9536 1.79458 52.1704 0.404307 0.0209824 -0 134.832 349 463273
19.6976 48.3089 0.7 52.1704 0.387164 0 -0 137.082 361 463273
19.6976 48.2965 1.79458 52.1704 0.387253 0.0209824 -0 138.957 371 463273
0 52.7458 0.7 52.7458 0 0 0.0707397 147.207 415 463273
0 52.7458 0.7 52.7458 0 0 -0 154.894 456 463273
0 52.7342 1.80665 52.7458 0 0.0209824 -0 154.144 452 463273
0 52.7458 0.7 52.7458 0 0 -0.0707397 148.894 424 463273
0 52.7342 1.80665 52.7458 0 0.0209824 -0.0707397 148.519 422 463273
-0.829787 52.7277 1.80665 52.7458 -0.0157359 0.0209824 -0.0707397 147.582 417 463273
1.66561 52.9114 0.7 52.9376 0.0314688 0 -0 144.957 403 463273
1.66561 52.8648 2.92135 52.9376 0.0314966 0.041974 -0 145.707 407 463273
1.66561 52.8998 1.81068 52.9376 0.0314757 0.0209824 -0 147.394 416 463273
0.832805 52.8844 2.92135 52.9376 0.0157463 0.041974 -0 145.894 408 463273
0.832805 52.9194 1.81068 52.9376 0.0157359 0.0209824 -0 146.269 410 463273
1.66561 52.8998 1.81068 52.9376 0.0314757 0.0209824 -0.0707397 140.457 379 463273
0.832805 52.8844 2.92135 52.9376 0.0157463 0.041974 -0.0707397 140.457 379 463273
0.832805 52.9194 1.81068 52.9376 0.0157359 0.0209824 -0.0707397 140.832 381 463273
-0.835822 53.1229 0.7 53.1294 -0.0157325 0 0.0707397 143.457 395 463273
2.50747 53.0702 0.7 53.1294 0.047213 0 0.0707397 143.644 396 463273
1.67164 53.1031 0.7 53.1294 0.0314688 0 0.0707397 146.457 411 463273
1.67164 53.0914 -0.4147 53.1294 0.0314757 -0.0209824 0.0707397 144.582 401 463273
-0.841857 53.4593 -1.5455 53.513 -0.0157463 -0.041974 0.0707397 140.832 381 463273
2.52557 53.4534 0.7 53.513 0.047213 0 0.0707397 141.207 383 463273
2.52557 53.4416 1.82275 53.513 0.0472234 0.0209824 0.0707397 141.019 382 463273
1.68371 53.4865 0.7 53.513 0.0314688 0 0.0707397 143.832 397 463273
1.68371 53.4748 1.82275 53.513 0.0314757 0.0209824 0.0707397 142.519 390 463273
1.68371 53.4865 0.7 53.513 0.0314688 0 -0 150.207 431 463273
1.68371 53.4865 0.7 53.513 0.0314688 0 -0.0707397 143.082 393 463273
1.68371 53.4748 1.82275 53.513 0.0314757 0.0209824 -0.0707397 142.332 389 463273
0.841857 53.4946 1.82275 53.513 0.0157359 0.0209824 -0.0707397 141.957 387 463273
-5.06925 53.4651 0.7 53.7048 -0.0945316 0 0.0707397 146.082 409 463273
-5.06925 53.4532 1.82677 53.7048 -0.0945525 0.0209824 0.0707397 144.582 401 463273
-5.06925 53.4651 0.7 53.7048 -0.0945316 0 -0 152.644 444 463273
-5.06925 53.4532 1.82677 53.7048 -0.0945525 0.0209824 -0 151.519 438 463273
-5.91412 53.3782 0.7 53.7048 -0.110346 0 -0 150.207 431 463273
-5.06925 53.4651 0.7 53.7048 -0.0945316 0 -0.0707397 145.144 404 463273
-5.06925 53.4532 1.82677 53.7048 -0.0945525 0.0209824 -0.0707397 144.019 398 463273
-9.29362 52.8946 0.7 53.7048 -0.173925 0 -0.0707397 142.519 390 463273
-5.93524 53.5688 0.7 53.8966 -0.110346 0 0.0707397 150.394 432 463273
-5.93524 53.5569 1.8308 53.8966 -0.110371 0.0209824 0.0707397 148.707 423 463273
-6.78313 53.4681 0.7 53.8966 -0.126189 0 0.0707397 148.519 422 463273
-8.47892 53.2255 0.7 53.8966 -0.157974 0 0.0707397 148.144 420 463273
-6.83141 53.8486 0.7 54.2802 -0.126189 0 -0.0707397 147.207 415 463273
-7.68534 53.7334 0.7 54.2802 -0.142064 0 -0.0707397 146.269 410 463273
0 55.0353 1.85494 55.0475 0 0.0209824 0.0707397 139.207 367 463273
0.865996 55.0285 1.85494 55.0475 0.0157359 0.0209824 0.0707397 139.957 371 463273
0.865996 55.0285 1.85494 55.0475 0.0157359 0.0209824 -0 148.019 414 463273
1.73199 54.9717 -1.60988 55.0475 0.0314966 -0.041974 -0.0707397 140.144 372 463273
0.865996 55.0285 1.85494 55.0475 0.0157359 0.0209824 -0.0707397 141.457 379 463273
-0.869014 55.1838 3.01793 55.2393 -0.0157463 0.041974 0.0707397 136.582 353 463273
-0.869014 55.2203 1.85897 55.2393 -0.0157359 0.0209824 0.0707397 135.832 349 463273
1.73803 55.1632 -1.61793 55.2393 0.0314966 -0.041974 0.0707397 135.644 348 463273
1.73803 55.1023 -2.7769 55.2393 0.0315314 -0.0629841 0.0707397 134.707 343 463273
-0.869014 55.1838 -1.61793 55.2393 -0.0157463 -0.041974 -0.0707397 136.582 353 463273
-0.869014 55.1838 3.01793 55.2393 -0.0157463 0.041974 -0.0707397 136.207 351 463273
-0.869014 55.2203 1.85897 55.2393 -0.0157359 0.0209824 -0.0707397 138.269 362 463273
-1.73803 55.1632 -1.61793 55.2393 -0.0314966 -0.041974 -0.0707397 135.269 346 463273
-1.73803 55.1997 1.85897 55.2393 -0.0314757 0.0209824 -0.0707397 136.582 353 463273
1.73803 55.1632 -1.61793 55.2393 0.0314966 -0.041974 -0.0707397 135.082 345 463273
0.869014 55.1838 -1.61793 55.2393 0.0157463 -0.041974 -0.0707397 135.082 345 463273
-8.84101 55.486 -0.479087 56.1983 -0.158009 -0.0209824 -0.0707397 135.457 347 463273
-12.3774 54.8183 0.7 56.1983 -0.222066 0 -0.0707397 135.457 347 463273
-12.4619 55.1925 0.7 56.5819 -0.222066 0 0.0707397 135.082 345 463273
-12.4619 55.1925 0.7 56.5819 -0.222066 0 -0 141.269 378 463273
-19.6494 53.2649 0.7 56.7737 -0.353411 0 0.0707397 142.394 384 463273
-19.6494 53.2516 -0.491159 56.7737 -0.353492 -0.0209824 0.0707397 140.707 375 463273
-20.5425 52.9269 0.7 56.7737 -0.370232 0 0.0707397 142.582 385 463273
-20.5425 52.9135 -0.491159 56.7737 -0.370317 -0.0209824 0.0707397 139.207 367 463273
-19.6494 53.2649 0.7 56.7737 -0.353411 0 -0 149.519 422 463273
-19.6494 53.2516 -0.491159 56.7737 -0.353492 -0.0209824 -0 148.019 414 463273
-20.5425 52.9269 0.7 56.7737 -0.370232 0 -0 149.519 422 463273
-19.6494 53.2649 0.7 56.7737 -0.353411 0 -0.0707397 141.832 381 463273
-19.6494 53.2516 -0.491159 56.7737 -0.353492 -0.0209824 -0.0707397 140.332 373 463273
-20.5425 52.9269 0.7 56.7737 -0.370232 0 -0.0707397 141.832 381 463273
-20.5425 52.9135 -0.491159 56.7737 -0.370317 -0.0209824 -0.0707397 138.082 361 463273
-19.7157 53.4449 0.7 56.9655 -0.353411 0 0.0707397 142.019 382 463273
-19.7157 53.4449 0.7 56.9655 -0.353411 0 -0.0707397 142.394 384 463273
-19.7157 53.4315 -0.495183 56.9655 -0.353492 -0.0209824 -0.0707397 139.019 366 463273
-20.6119 53.1057 0.7 56.9655 -0.370232 0 -0.0707397 140.332 373 463273
-19.8485 53.8048 0.7 57.3491 -0.353411 0 0.0707397 134.332 341 463273
-16.2397 54.9491 -1.70646 57.3491 -0.287361 -0.041974 -0 140.332 373 463273
-19.8485 53.8048 0.7 57.3491 -0.353411 0 -0 141.269 378 463273
-19.8485 53.8048 0.7 57.3491 -0.353411 0 -0.0707397 134.707 343 463273
-15.3888 55.3923 -1.71451 57.5409 -0.270981 -0.041974 0.0707397 141.269 378 463273
-16.294 55.1725 -0.507256 57.5409 -0.287166 -0.0209824 0.0707397 140.332 373 463273
-16.294 55.1328 -1.71451 57.5409 -0.287361 -0.041974 0.0707397 146.144 404 463273
-16.294 55.0667 -2.92177 57.5409 -0.287687 -0.0629841 0.0707397 140.894 376 463273
-17.1992 54.8572 -1.71451 57.5409 -0.303821 -0.041974 0.0707397 142.019 382 463273
-16.294 55.1328 -1.71451 57.5409 -0.287361 -0.041974 -0 153.644 444 463273
-16.294 55.0667 -2.92177 57.5409 -0.287687 -0.0629841 -0 148.957 419 463273
-17.1992 54.8572 -1.71451 57.5409 -0.303821 -0.041974 -0 149.707 423 463273
-15.3888 55.3923 -1.71451 57.5409 -0.270981 -0.041974 -0.0707397 141.269 378 463273
-16.294 55.1328 -1.71451 57.5409 -0.287361 -0.041974 -0.0707397 146.707 407 463273
-16.294 55.0667 -2.92177 57.5409 -0.287687 -0.0629841 -0.0707397 141.832 381 463273
-17.1992 54.8572 -1.71451 57.5409 -0.303821 -0.041974 -0.0707397 143.332 389 463273
-8.17416 57.1511 0.7 57.7327 -0.142064 0 -0.0707397 137.144 356 463273
-8.17416 57.1383 -0.51128 57.7327 -0.142095 -0.0209824 -0.0707397 136.957 355 463273
-16.3483 55.3166 -1.72256 57.7327 -0.287361 -0.041974 -0.0707397 138.832 365 463273
-15.5427 55.9994 0.7 58.1163 -0.270736 0 -0 137.707 359 463273
30.1711 49.6561 1.91933 58.1163 0.54599 0.0209824 -0 134.519 342 463273
0 58.3081 0.7 58.3081 0 0 -0 137.519 358 463273
-0.917292 58.3009 0.7 58.3081 -0.0157325 0 -0 136.019 350 463273
2.75188 58.2431 0.7 58.3081 0.047213 0 -0 135.644 348 463273
0.917292 58.3009 0.7 58.3081 0.0157325 0 -0 136.582 353 463273
-12.0425 57.5197 4.40628 58.8835 -0.206382 0.0629841 -0 135.144 340 463273
7.43489 58.6056 0.7 59.0753 0.126189 0 -0 135.144 340 463273
7.43489 58.5925 1.93945 59.0753 0.126217 0.0209824 -0 135.519 342 463273
-20.6451 55.9082 3.20304 59.6507 -0.353736 0.041974 -0 137.207 351 463273
-20.6451 55.9502 1.95152 59.6507 -0.353492 0.0209824 -0 134.957 339 463273
30.0292 51.5256 1.95152 59.6507 0.527678 0.0209824 -0 136.082 345 463273
29.0908 52.0612 1.95152 59.6507 0.50956 0.0209824 -0 135.519 342 463273
28.2429 52.7436 1.95555 59.8425 0.491624 0.0209824 -0 138.332 357 463273
39.9203 45.3508 0.7 60.4179 0.721799 0 -0 135.707 343 463273
30.4155 52.1421 3.23524 60.4179 0.528064 0.041974 -0 135.332 341 463273
30.4155 52.1883 1.96762 60.4179 0.527678 0.0209824 -0 137.582 353 463273
29.465 52.685 3.23524 60.4179 0.50993 0.041974 -0 135.894 344 463273
29.465 52.7308 1.96762 60.4179 0.50956 0.0209824 -0 138.332 357 463273
30.512 52.3694 0.7 60.6097 0.52755 0 -0 137.957 355 463273
30.512 52.354 1.97164 60.6097 0.527678 0.0209824 -0 139.457 363 463273
29.5585 52.9135 0.7 60.6097 0.509437 0 -0 139.457 363 463273
29.5585 52.8982 1.97164 60.6097 0.50956 0.0209824 -0 140.582 369 463273
29.5585 52.8982 1.97164 60.6097 0.50956 0.0209824 -0.0707397 134.957 339 463273
-23.1737 56.8341 0.7 61.377 -0.387164 0 -0 136.644 348 463273
33.2398 52.4425 3.30767 62.1442 0.564926 0.041974 -0 136.894 344 463273
33.2398 52.4911 2.00384 62.1442 0.564507 0.0209824 -0 139.519 358 463273
36.2813 52.7809 2.04408 64.0622 0.602216 0.0209824 -0 135.957 339 463273
37.4008 52.2471 0.7 64.254 0.621281 0 -0 136.332 341 463273
37.4008 52.2297 2.0481 64.254 0.621438 0.0209824 -0 139.707 359 463273
36.3899 52.9389 2.0481 64.254 0.602216 0.0209824 -0 138.957 355 463273
-9.31474 65.1257 0.7 65.7884 -0.142064 0 -0 136.957 339 463273
13.7684 65.8848 2.11249 67.3228 0.206013 0.0209824 -0 139.019 350 463273
12.7093 66.0519 3.52498 67.3228 0.190091 0.041974 -0 140.144 356 463273
12.7093 66.0972 2.11249 67.3228 0.189964 0.0209824 -0 140.894 360 463273
2.1665 68.8232 0.7 68.8573 0.0314688 0 -0 138.082 345 463273
2.1665 68.808 2.14468 68.8573 0.0314757 0.0209824 -0 140.894 360 463273
1.08325 68.8487 0.7 68.8573 0.0157325 0 -0 136.582 337 463273
1.08325 68.8336 2.14468 68.8573 0.0157359 0.0209824 -0 139.957 355 463273
2.17253 69.0149 0.7 69.0491 0.0314688 0 -0 140.707 359 463273
2.17253 68.9997 2.14871 69.0491 0.0314757 0.0209824 -0 142.582 369 463273
1.08627 69.0405 0.7 69.0491 0.0157325 0 -0 139.394 352 463273
1.08627 69.0253 2.14871 69.0491 0.0157359 0.0209824 -0 141.082 361 463273
-13.3611 69.4392 3.66985 70.7753 -0.190091 0.041974 -0 141.519 358 463273
-13.3611 69.4868 2.18492 70.7753 -0.189964 0.0209824 -0 139.644 348 463273
-14.4745 69.2157 3.66985 70.7753 -0.206151 0.041974 -0 140.957 355 463273
-14.4745 69.2635 2.18492 70.7753 -0.206013 0.0209824 -0 138.519 342 463273
-13.3973 69.6274 3.6779 70.9671 -0.190091 0.041974 -0 144.894 376 463273
-13.3973 69.6751 2.18895 70.9671 -0.189964 0.0209824 -0 142.082 361 463273
-14.5137 69.4033 3.6779 70.9671 -0.206151 0.041974 -0 144.894 376 463273
-14.5137 69.4512 2.18895 70.9671 -0.206013 0.0209824 -0 141.707 359 463273
2.26306 71.8747 2.20907 71.9261 0.0314757 0.0209824 0.0707397 138.894 344 463273
2.26306 71.8905 0.7 71.9261 0.0314688 0 -0 144.332 373 463273
2.26306 71.8747 2.20907 71.9261 0.0314757 0.0209824 -0 146.019 382 463273
1.13153 71.9014 2.20907 71.9261 0.0157359 0.0209824 -0 141.894 360 463273
2.26909 72.0663 2.21309 72.1179 0.0314757 0.0209824 0.0707397 139.082 345 463273
-1.13455 72.0931 2.21309 72.1179 -0.0157359 0.0209824 -0 140.019 350 463273
3.40364 72.0217 2.21309 72.1179 0.0472234 0.0209824 -0 140.582 353 463273
2.26909 72.0822 0.7 72.1179 0.0314688 0 -0 141.707 359 463273
2.26909 72.0663 2.21309 72.1179 0.0314757 0.0209824 -0 145.082 377 463273
1.13455 72.0931 2.21309 72.1179 0.0157359 0.0209824 -0 141.144 356 463273
2.26909 72.0663 2.21309 72.1179 0.0314757 0.0209824 -0.0707397 138.519 342 463273
2.27513 72.258 2.21712 72.3097 0.0314757 0.0209824 -0 140.207 351 463273
-10.2924 71.9448 2.22517 72.6933 -0.142095 0.0209824 -0 138.894 344 463273
6.86159 72.3527 2.22517 72.6933 0.0945525 0.0209824 -0 138.707 343 463273
24.1423 68.9056 3.76643 73.0769 0.337002 0.041974 -0 139.644 348 463273
22.9927 69.2977 3.76643 73.0769 0.320366 0.041974 -0 138.894 344 463273
24.2057 69.0009 5.31172 73.2687 0.337389 0.0629841 -0 142.082 361 463273
24.2057 69.0865 3.77448 73.2687 0.337002 0.041974 -0 145.082 377 463273
23.053 69.3945 5.31172 73.2687 0.320732 0.0629841 -0 139.457 347 463273
23.053 69.4796 3.77448 73.2687 0.320366 0.041974 -0 142.644 364 463273
