1.52983 1.91185 0.22917 2.49344 0.67485 -0.189968 -0 92.3317 389 463171
1.43629 2.22362 0.249291 2.68524 0.573504 -0.168645 -0 97.9567 419 463171
1.39404 2.25034 0.249291 2.68524 0.554621 -0.168645 -0 97.9567 419 463171
1.09834 2.40854 0.249291 2.68524 0.427848 -0.168645 -0 97.2067 415 463171
0.995745 2.644 0.156735 2.87704 0.360177 -0.189968 -0.0707397 97.4567 395 463171
1.15868 2.80573 0.249291 3.06885 0.391638 -0.147399 -0 102.144 420 463171
1.06213 2.82027 0.120517 3.06885 0.360177 -0.189968 -0 98.5817 401 463171
1.06213 2.80627 0.0561301 3.06885 0.361822 -0.211379 -0 97.2692 394 463171
0.917292 2.87064 0.120517 3.06885 0.309288 -0.189968 -0 98.9567 403 463171
0.917292 2.85689 0.0561301 3.06885 0.310683 -0.211379 -0 98.5817 401 463171
-1.68975 2.47952 1.34387 3.06885 -0.59819 0.211379 -0.919617 102.332 421 463171
-1.68975 2.49535 1.27948 3.06885 -0.595231 0.189968 -0.919617 103.082 425 463171
-1.53888 2.35476 1.30363 2.87704 -0.578845 0.211379 -0.919617 103.644 428 463171
-1.53888 2.36941 1.24327 2.87704 -0.576008 0.189968 -0.919617 103.832 429 463171
-1.58414 2.32455 1.30363 2.87704 -0.59819 0.211379 -0.919617 104.207 431 463171
-1.58414 2.33939 1.24327 2.87704 -0.595231 0.189968 -0.919617 105.144 436 463171
-1.58414 2.36418 1.12254 2.87704 -0.590347 0.147399 -1.0611 109.644 460 463171
-1.6294 2.33322 1.12254 2.87704 -0.609617 0.147399 -1.0611 111.332 469 463171
-1.6294 2.34335 1.06218 2.87704 -0.607585 0.12622 -1.0611 109.269 458 463171
-1.68975 2.54877 0.957548 3.06885 -0.585436 0.0840222 -1.13184 103.644 428 463171
-1.68975 2.55446 0.893161 3.06885 -0.58441 0.0629841 -1.13184 104.019 430 463171
1.12851 3.03147 0.289533 3.26065 0.356371 -0.12622 -0.0707397 100.082 409 463171
1.12851 3.02142 0.221122 3.26065 0.357458 -0.147399 -0.0707397 102.332 421 463171
1.07721 3.04009 0.221122 3.26065 0.340533 -0.147399 -0.0707397 98.3942 400 463171
-1.58414 2.38947 0.941451 2.87704 -0.585436 0.0840222 -1.13184 104.582 433 463171
-1.58414 2.39481 0.881088 2.87704 -0.58441 0.0629841 -1.13184 104.582 433 463171
-1.83458 2.43895 1.02193 3.06885 -0.644909 0.105098 -1.34406 103.082 425 463171
-1.88286 2.40188 1.02193 3.06885 -0.664855 0.105098 -1.34406 101.957 419 463171
-1.6294 2.36809 0.820726 2.87704 -0.60267 0.041974 -1.27332 104.207 431 463171
-1.68975 2.52179 1.15071 3.06885 -0.590347 0.147399 -1.0611 109.644 460 463171
-1.73803 2.48876 1.15071 3.06885 -0.609617 0.147399 -1.0611 111.144 468 463171
-1.73803 2.49957 1.08632 3.06885 -0.607585 0.12622 -1.0611 108.894 456 463171
-1.58414 2.35259 1.1829 2.87704 -0.592621 0.168645 -0.990356 107.957 451 463171
-1.58414 2.36418 1.12254 2.87704 -0.590347 0.147399 -0.990356 110.207 463 463171
-1.6294 2.32147 1.1829 2.87704 -0.611988 0.168645 -0.990356 107.957 451 463171
-1.6294 2.33322 1.12254 2.87704 -0.609617 0.147399 -0.990356 110.957 467 463171
-1.68975 2.50943 1.2151 3.06885 -0.592621 0.168645 -0.990356 107.207 447 463171
-1.68975 2.52179 1.15071 3.06885 -0.590347 0.147399 -0.990356 109.832 461 463171
-1.73803 2.48876 1.15071 3.06885 -0.609617 0.147399 -0.990356 109.644 460 463171
-1.58414 2.40088 0.760363 2.87704 -0.583244 0.0209824 -1.48553 104.957 435 463171
-1.68975 2.56094 0.764387 3.06885 -0.583244 0.0209824 -1.48553 103.082 425 463171
-1.53888 2.43089 0.7 2.87704 -0.564368 0 -1.62701 109.457 459 463171
-1.58414 2.40164 0.7 2.87704 -0.583099 0 -1.62701 114.144 484 463171
-1.58414 2.40088 0.760363 2.87704 -0.583244 0.0209824 -1.62701 113.207 479 463171
-1.6294 2.37117 0.7 2.87704 -0.602065 0 -1.62701 109.457 459 463171
-1.58414 2.40164 0.7 2.87704 -0.583099 0 -1.69775 110.957 467 463171
-1.58414 2.40088 0.760363 2.87704 -0.583244 0.0209824 -1.69775 108.707 455 463171
-1.6294 2.37117 0.7 2.87704 -0.602065 0 -1.69775 107.207 447 463171
-1.58414 2.40164 0.7 2.87704 -0.583099 0 -1.55627 108.519 454 463171
-1.58414 2.40088 0.760363 2.87704 -0.583244 0.0209824 -1.55627 109.457 459 463171
-1.6294 2.37117 0.7 2.87704 -0.602065 0 -1.55627 104.394 432 463171
-1.6294 2.3704 0.760363 2.87704 -0.602216 0.0209824 -1.55627 105.519 438 463171
-1.64147 2.59295 0.7 3.06885 -0.564368 0 -1.62701 106.832 445 463171
-1.68975 2.56175 0.7 3.06885 -0.583099 0 -1.62701 110.957 467 463171
-1.68975 2.56094 0.764387 3.06885 -0.583244 0.0209824 -1.62701 109.082 457 463171
-1.64147 2.59295 0.7 3.06885 -0.564368 0 -1.69775 102.332 421 463171
-1.68975 2.56175 0.7 3.06885 -0.583099 0 -1.69775 107.582 449 463171
-1.68975 2.56094 0.764387 3.06885 -0.583244 0.0209824 -1.69775 104.582 433 463171
-1.73803 2.52925 0.7 3.06885 -0.602065 0 -1.69775 103.644 428 463171
-1.68975 2.56175 0.7 3.06885 -0.583099 0 -1.55627 105.144 436 463171
-1.68975 2.56094 0.764387 3.06885 -0.583244 0.0209824 -1.55627 106.269 442 463171
1.12851 3.03147 0.289533 3.26065 0.356371 -0.12622 0.0707397 99.3317 405 463171
1.12851 3.02142 0.221122 3.26065 0.357458 -0.147399 0.0707397 102.144 420 463171
1.07721 3.04009 0.221122 3.26065 0.340533 -0.147399 0.0707397 98.2067 399 463171
1.12851 3.02142 0.221122 3.26065 0.357458 -0.147399 -0 109.457 459 463171
-1.94925 2.58143 1.11047 3.26065 -0.646758 0.12622 -1.34406 102.144 420 463171
-1.94925 2.59139 1.04206 3.26065 -0.644909 0.105098 -1.34406 105.332 437 463171
-2.00054 2.55199 1.04206 3.26065 -0.664855 0.105098 -1.34406 103.644 428 463171
1.79234 2.91857 0.265388 3.45245 0.550734 -0.12622 -0 103.457 427 463171
1.30352 3.16724 0.265388 3.45245 0.390435 -0.12622 -0 105.144 436 463171
1.94925 3.04476 0.241243 3.64426 0.569452 -0.12622 0.0707397 98.0192 382 463171
1.43327 3.31902 0.241243 3.64426 0.407646 -0.12622 0.0707397 99.1442 388 463171
1.08928 3.45658 0.317702 3.64426 0.305283 -0.105098 0.0707397 99.3317 389 463171
1.08928 3.44726 0.241243 3.64426 0.306057 -0.12622 0.0707397 99.7067 391 463171
1.94925 3.04476 0.241243 3.64426 0.569452 -0.12622 -0.0707397 96.8942 376 463171
1.43327 3.31902 0.241243 3.64426 0.407646 -0.12622 -0.0707397 99.3317 389 463171
1.5087 3.4937 0.217098 3.83606 0.407646 -0.12622 0.0707397 99.1442 388 463171
1.14662 3.6385 0.297581 3.83606 0.305283 -0.105098 0.0707397 102.332 405 463171
1.14662 3.6287 0.217098 3.83606 0.306057 -0.12622 0.0707397 102.144 404 463171
1.08627 3.65697 0.297581 3.83606 0.288739 -0.105098 0.0707397 102.144 404 463171
1.08627 3.64722 0.217098 3.83606 0.289469 -0.12622 0.0707397 101.957 403 463171
1.44836 3.51915 0.217098 3.83606 0.390435 -0.12622 -0.0707397 101.957 403 463171
1.14662 3.6385 0.297581 3.83606 0.305283 -0.105098 -0.0707397 102.707 407 463171
1.14662 3.6287 0.217098 3.83606 0.306057 -0.12622 -0.0707397 102.144 404 463171
1.08627 3.65697 0.297581 3.83606 0.288739 -0.105098 -0.0707397 102.144 404 463171
1.52077 3.70572 0.27746 4.02786 0.389427 -0.105098 0.0707397 104.582 417 463171
1.52077 3.69511 0.192952 4.02786 0.390435 -0.12622 0.0707397 103.832 413 463171
1.45741 3.7311 0.27746 4.02786 0.372386 -0.105098 0.0707397 103.832 413 463171
1.52077 3.70572 0.27746 4.02786 0.389427 -0.105098 -0.0707397 104.394 416 463171
1.20395 3.82043 0.27746 4.02786 0.305283 -0.105098 -0.0707397 103.832 413 463171
1.14058 3.83982 0.27746 4.02786 0.288739 -0.105098 -0.0707397 104.019 414 463171
1.59319 3.88219 0.257339 4.21967 0.389427 -0.105098 0.0707397 107.582 433 463171
1.19489 4.02267 0.257339 4.21967 0.288739 -0.105098 0.0707397 108.894 440 463171
1.12851 4.04179 0.257339 4.21967 0.272276 -0.105098 0.0707397 108.144 436 463171
1.59319 3.88219 0.257339 4.21967 0.389427 -0.105098 -0 115.269 474 463171
1.19489 4.02267 0.257339 4.21967 0.288739 -0.105098 -0 116.019 478 463171
1.12851 4.04179 0.257339 4.21967 0.272276 -0.105098 -0 115.269 474 463171
1.59319 3.88219 0.257339 4.21967 0.389427 -0.105098 -0.0707397 108.519 438 463171
1.19489 4.02267 0.257339 4.21967 0.288739 -0.105098 -0.0707397 108.332 437 463171
1.12851 4.04179 0.257339 4.21967 0.272276 -0.105098 -0.0707397 107.957 435 463171
1.66561 4.05865 0.237219 4.41147 0.389427 -0.105098 0.0707397 105.707 407 463171
1.31861 4.18428 0.237219 4.41147 0.305283 -0.105098 0.0707397 105.894 408 463171
1.24921 4.20552 0.237219 4.41147 0.288739 -0.105098 0.0707397 105.894 408 463171
1.66561 4.05865 0.237219 4.41147 0.389427 -0.105098 -0.0707397 107.582 417 463171
1.44836 4.35237 0.313678 4.60327 0.321247 -0.0840222 0.0707397 110.957 435 463171
1.44836 4.34272 0.217098 4.60327 0.321913 -0.105098 0.0707397 110.957 435 463171
1.44836 4.35237 0.313678 4.60327 0.321247 -0.0840222 -0 118.457 475 463171
1.44836 4.34272 0.217098 4.60327 0.321913 -0.105098 -0 118.832 477 463171
1.44836 4.35237 0.313678 4.60327 0.321247 -0.0840222 -0.0707397 111.707 439 463171
1.44836 4.34272 0.217098 4.60327 0.321913 -0.105098 -0.0707397 112.082 441 463171
1.20696 4.62321 0.297581 4.79507 0.255367 -0.0840222 0.0707397 109.082 425 463171
1.20696 4.61334 0.196977 4.79507 0.255889 -0.105098 0.0707397 108.519 422 463171
1.13153 4.64225 0.297581 4.79507 0.239084 -0.0840222 0.0707397 109.082 425 463171
1.13153 4.63242 0.196977 4.79507 0.239572 -0.105098 0.0707397 108.707 423 463171
1.20696 4.62321 0.297581 4.79507 0.255367 -0.0840222 -0 116.582 465 463171
1.20696 4.61334 0.196977 4.79507 0.255889 -0.105098 -0 116.957 467 463171
1.13153 4.64225 0.297581 4.79507 0.239084 -0.0840222 -0 116.582 465 463171
1.13153 4.63242 0.196977 4.79507 0.239572 -0.105098 -0 116.582 465 463171
1.20696 4.62321 0.297581 4.79507 0.255367 -0.0840222 -0.0707397 110.207 431 463171
1.20696 4.61334 0.196977 4.79507 0.255889 -0.105098 -0.0707397 110.207 431 463171
1.13153 4.64225 0.297581 4.79507 0.239084 -0.0840222 -0.0707397 110.207 431 463171
1.13153 4.63242 0.196977 4.79507 0.239572 -0.105098 -0.0707397 110.207 431 463171
1.56905 4.71507 0.281485 4.98688 0.321247 -0.0840222 0.0707397 105.519 406 463171
1.56905 4.70461 0.176856 4.98688 0.321913 -0.105098 0.0707397 104.582 401 463171
1.41215 4.76441 0.281485 4.98688 0.288146 -0.0840222 0.0707397 105.332 405 463171
1.33369 4.78697 0.281485 4.98688 0.271719 -0.0840222 0.0707397 107.582 417 463171
1.33369 4.77666 0.176856 4.98688 0.272276 -0.105098 0.0707397 104.957 403 463171
1.33369 4.78697 0.281485 4.98688 0.271719 -0.0840222 -0 114.894 456 463171
1.80441 4.63011 0.281485 4.98688 0.371606 -0.0840222 -0.0707397 102.519 390 463171
1.56905 4.71507 0.281485 4.98688 0.321247 -0.0840222 -0.0707397 104.957 403 463171
1.41215 4.76441 0.281485 4.98688 0.288146 -0.0840222 -0.0707397 103.832 397 463171
1.33369 4.78697 0.281485 4.98688 0.271719 -0.0840222 -0.0707397 107.394 416 463171
1.25524 4.80813 0.281485 4.98688 0.255367 -0.0840222 -0.0707397 104.394 400 463171
1.46646 4.94766 0.265388 5.17868 0.288146 -0.0840222 0.0707397 112.207 431 463171
1.46646 4.93691 0.156735 5.17868 0.288739 -0.105098 0.0707397 107.707 407 463171
1.38499 4.97108 0.265388 5.17868 0.271719 -0.0840222 0.0707397 110.332 421 463171
1.46646 4.94766 0.265388 5.17868 0.288146 -0.0840222 -0 119.332 469 463171
1.38499 4.97108 0.265388 5.17868 0.271719 -0.0840222 -0 118.019 462 463171
1.46646 4.94766 0.265388 5.17868 0.288146 -0.0840222 -0.0707397 112.394 432 463171
1.46646 4.93691 0.156735 5.17868 0.288739 -0.105098 -0.0707397 108.082 409 463171
1.38499 4.97108 0.265388 5.17868 0.271719 -0.0840222 -0.0707397 111.269 426 463171
1.60526 5.1138 0.361968 5.37048 0.304167 -0.0629841 0.0707397 105.832 397 463171
1.60526 5.1051 0.249291 5.37048 0.304653 -0.0840222 0.0707397 108.832 413 463171
1.52077 5.13091 0.249291 5.37048 0.288146 -0.0840222 0.0707397 107.519 406 463171
1.18282 5.21918 0.249291 5.37048 0.222865 -0.0840222 0.0707397 107.144 404 463171
1.60526 5.1051 0.249291 5.37048 0.304653 -0.0840222 -0 115.582 449 463171
1.52077 5.13091 0.249291 5.37048 0.288146 -0.0840222 -0 114.832 445 463171
1.60526 5.1138 0.361968 5.37048 0.304167 -0.0629841 -0.0707397 104.894 392 463171
1.60526 5.1051 0.249291 5.37048 0.304653 -0.0840222 -0.0707397 108.269 410 463171
1.52077 5.13091 0.249291 5.37048 0.288146 -0.0840222 -0.0707397 108.269 410 463171
1.18282 5.21918 0.249291 5.37048 0.222865 -0.0840222 -0.0707397 107.519 406 463171
1.22507 5.41439 0.349896 5.56229 0.222515 -0.0629841 0.0707397 107.144 404 463171
1.22507 5.40558 0.233194 5.56229 0.222865 -0.0840222 0.0707397 109.957 419 463171
1.13756 5.43345 0.349896 5.56229 0.206382 -0.0629841 0.0707397 106.957 403 463171
1.13756 5.42467 0.233194 5.56229 0.206706 -0.0840222 0.0707397 109.957 419 463171
1.22507 5.40558 0.233194 5.56229 0.222865 -0.0840222 -0 116.519 454 463171
1.13756 5.42467 0.233194 5.56229 0.206706 -0.0840222 -0 116.894 456 463171
1.22507 5.40558 0.233194 5.56229 0.222865 -0.0840222 -0.0707397 109.207 415 463171
1.13756 5.42467 0.233194 5.56229 0.206706 -0.0840222 -0.0707397 109.582 417 463171
1.35783 5.57069 0.217098 5.75409 0.239084 -0.0840222 0.0707397 109.582 417 463171
1.26731 5.6011 0.337823 5.75409 0.222515 -0.0629841 0.0707397 110.144 420 463171
1.26731 5.59198 0.217098 5.75409 0.222865 -0.0840222 0.0707397 113.144 436 463171
1.17679 5.61173 0.217098 5.75409 0.206706 -0.0840222 0.0707397 108.644 412 463171
1.35783 5.57069 0.217098 5.75409 0.239084 -0.0840222 -0 116.894 456 463171
1.26731 5.6011 0.337823 5.75409 0.222515 -0.0629841 -0 117.457 459 463171
1.26731 5.59198 0.217098 5.75409 0.222865 -0.0840222 -0 120.644 476 463171
1.17679 5.61173 0.217098 5.75409 0.206706 -0.0840222 -0 116.144 452 463171
1.35783 5.57069 0.217098 5.75409 0.239084 -0.0840222 -0.0707397 109.957 419 463171
1.26731 5.6011 0.337823 5.75409 0.222515 -0.0629841 -0.0707397 110.144 420 463171
1.26731 5.59198 0.217098 5.75409 0.222865 -0.0840222 -0.0707397 113.519 438 463171
1.17679 5.61173 0.217098 5.75409 0.206706 -0.0840222 -0.0707397 109.019 414 463171
1.21602 5.80817 0.325751 5.94589 0.206382 -0.0629841 -0 112.894 424 463171
1.21602 5.79879 0.201001 5.94589 0.206706 -0.0840222 -0 114.582 433 463171
1.12248 5.82697 0.325751 5.94589 0.190303 -0.0629841 -0 110.644 412 463171
1.15868 6.01494 0.313678 6.1377 0.190303 -0.0629841 0.0707397 112.519 422 463171
1.15868 6.00528 0.184904 6.1377 0.190602 -0.0840222 0.0707397 112.332 421 463171
1.25524 5.98585 0.184904 6.1377 0.206706 -0.0840222 -0 116.832 445 463171
1.15868 6.01494 0.313678 6.1377 0.190303 -0.0629841 -0 120.207 463 463171
1.15868 6.00528 0.184904 6.1377 0.190602 -0.0840222 -0 120.207 463 463171
1.15868 6.01494 0.313678 6.1377 0.190303 -0.0629841 -0.0707397 113.269 426 463171
1.15868 6.00528 0.184904 6.1377 0.190602 -0.0840222 -0.0707397 112.894 424 463171
1.19489 6.20291 0.301606 6.3295 0.190303 -0.0629841 0.0707397 108.957 403 463171
1.19489 6.19295 0.168807 6.3295 0.190602 -0.0840222 0.0707397 108.582 401 463171
1.09532 6.22126 0.301606 6.3295 0.174275 -0.0629841 0.0707397 107.269 394 463171
1.09532 6.21133 0.168807 6.3295 0.174548 -0.0840222 0.0707397 106.144 388 463171
1.19489 6.20291 0.301606 6.3295 0.190303 -0.0629841 -0 117.394 448 463171
1.19489 6.19295 0.168807 6.3295 0.190602 -0.0840222 -0 117.582 449 463171
1.09532 6.22126 0.301606 6.3295 0.174275 -0.0629841 -0 115.707 439 463171
1.19489 6.20291 0.301606 6.3295 0.190303 -0.0629841 -0.0707397 110.832 413 463171
1.19489 6.19295 0.168807 6.3295 0.190602 -0.0840222 -0.0707397 111.207 415 463171
1.09532 6.22126 0.301606 6.3295 0.174275 -0.0629841 -0.0707397 108.957 403 463171
1.09532 6.21133 0.168807 6.3295 0.174548 -0.0840222 -0.0707397 108.394 400 463171
1.74406 6.27034 0.289533 6.5213 0.271288 -0.0629841 0.0707397 114.582 433 463171
1.84665 6.24089 0.289533 6.5213 0.287687 -0.0629841 -0 120.394 464 463171
1.74406 6.27034 0.289533 6.5213 0.271288 -0.0629841 -0 122.269 474 463171
1.74406 6.25988 0.152711 6.5213 0.271719 -0.0840222 -0 119.457 459 463171
1.64147 6.29797 0.289533 6.5213 0.254962 -0.0629841 -0 119.082 457 463171
1.84665 6.24089 0.289533 6.5213 0.287687 -0.0629841 -0.0707397 113.832 429 463171
1.74406 6.27034 0.289533 6.5213 0.271288 -0.0629841 -0.0707397 115.332 437 463171
1.79536 6.46857 0.7 6.7131 0.270736 0 0.0707397 120.519 454 463171
1.68975 6.49696 0.7 6.7131 0.254446 0 0.0707397 122.582 465 463171
1.79536 6.46857 0.7 6.7131 0.270736 0 -0 127.644 492 463171
1.68975 6.49696 0.7 6.7131 0.254446 0 -0 129.144 500 463171
1.68975 6.49544 0.559153 6.7131 0.254503 -0.0209824 -0 124.644 476 463171
1.68975 6.49544 0.840847 6.7131 0.254503 0.0209824 -0 125.207 479 463171
1.79536 6.46857 0.7 6.7131 0.270736 0 -0.0707397 120.519 454 463171
1.68975 6.49696 0.7 6.7131 0.254446 0 -0.0707397 122.207 463 463171
1.95528 6.60801 0.265388 6.90491 0.287687 -0.0629841 0.0707397 122.207 463 463171
1.84665 6.65339 0.7 6.90491 0.270736 0 0.0707397 123.144 468 463171
1.84665 6.63918 0.265388 6.90491 0.271288 -0.0629841 0.0707397 121.832 461 463171
1.73803 6.68259 0.7 6.90491 0.254446 0 0.0707397 124.082 473 463171
1.95528 6.60801 0.265388 6.90491 0.287687 -0.0629841 -0 129.707 503 463171
1.84665 6.65339 0.7 6.90491 0.270736 0 -0 131.019 510 463171
1.73803 6.68259 0.7 6.90491 0.254446 0 -0 131.957 515 463171
1.95528 6.60801 0.265388 6.90491 0.287687 -0.0629841 -0.0707397 122.957 467 463171
1.84665 6.65339 0.7 6.90491 0.270736 0 -0.0707397 124.269 474 463171
1.84665 6.63918 0.265388 6.90491 0.271288 -0.0629841 -0.0707397 122.019 462 463171
1.73803 6.68259 0.7 6.90491 0.254446 0 -0.0707397 125.394 480 463171
1.67466 6.88986 0.40221 7.09671 0.238438 -0.041974 -0 120.894 456 463171
1.67466 6.88181 0.253315 7.09671 0.238706 -0.0629841 -0 125.394 480 463171
1.67466 6.87052 0.10442 7.09671 0.239084 -0.0840222 -0 120.332 453 463171
1.56302 6.90802 0.253315 7.09671 0.222515 -0.0629841 -0 123.707 471 463171
1.83458 7.05384 0.7 7.28851 0.254446 0 -0 120.707 455 463171
1.37594 7.14274 0.241243 7.28851 0.190303 -0.0629841 -0 119.582 449 463171
1.88286 7.23266 0.386113 7.48032 0.254675 -0.041974 -0 124.019 462 463171
1.76518 7.26228 0.386113 7.48032 0.238438 -0.041974 -0 124.957 467 463171
1.41215 7.33071 0.22917 7.48032 0.190303 -0.0629841 -0 119.519 438 463171
2.84542 7.32366 0.370017 7.86392 0.370574 -0.041974 0.0707397 109.957 387 463171
2.84542 7.31436 0.205025 7.86392 0.371003 -0.0629841 0.0707397 112.394 400 463171
2.47427 7.4481 0.205025 7.86392 0.320732 -0.0629841 0.0707397 115.207 415 463171
1.85571 7.64005 0.535008 7.86392 0.238277 -0.0209824 -0 126.457 475 463171
1.85571 7.63471 0.370017 7.86392 0.238438 -0.041974 -0 126.832 477 463171
1.73199 7.66904 0.535008 7.86392 0.222116 -0.0209824 -0 123.832 461 463171
1.73199 7.66372 0.370017 7.86392 0.222265 -0.041974 -0 124.394 464 463171
2.84542 7.32366 0.370017 7.86392 0.370574 -0.041974 -0.0707397 110.144 388 463171
2.84542 7.31436 0.205025 7.86392 0.371003 -0.0629841 -0.0707397 112.582 401 463171
2.47427 7.4481 0.205025 7.86392 0.320732 -0.0629841 -0.0707397 114.832 413 463171
1.90097 7.8264 0.530984 8.05573 0.238277 -0.0209824 0.0707397 126.269 474 463171
1.90097 7.82092 0.361968 8.05573 0.238438 -0.041974 0.0707397 131.144 500 463171
1.90097 7.81178 0.192952 8.05573 0.238706 -0.0629841 0.0707397 127.957 483 463171
1.77424 7.85064 0.361968 8.05573 0.222265 -0.041974 0.0707397 127.582 481 463171
1.90097 7.8264 0.530984 8.05573 0.238277 -0.0209824 -0 133.957 515 463171
1.90097 7.82092 0.361968 8.05573 0.238438 -0.041974 -0 138.832 541 463171
1.90097 7.81178 0.192952 8.05573 0.238706 -0.0629841 -0 135.644 524 463171
1.77424 7.85064 0.361968 8.05573 0.222265 -0.041974 -0 135.269 522 463171
1.90097 7.8264 0.530984 8.05573 0.238277 -0.0209824 -0.0707397 127.019 478 463171
1.90097 7.82092 0.361968 8.05573 0.238438 -0.041974 -0.0707397 131.707 503 463171
1.90097 7.81178 0.192952 8.05573 0.238706 -0.0629841 -0.0707397 128.707 487 463171
1.77424 7.85064 0.361968 8.05573 0.222265 -0.041974 -0.0707397 128.332 485 463171
-0.277602 8.80107 0.144662 8.82294 -0.0315314 -0.0629841 2.40515 118.832 429 463171
-0.277602 8.78743 -0.0404503 8.82294 -0.0315803 -0.0840222 2.40515 115.269 410 463171
-0.416402 8.79559 0.144662 8.82294 -0.0473068 -0.0629841 2.40515 120.144 436 463171
-0.416402 8.78195 -0.0404503 8.82294 -0.0473802 -0.0840222 2.40515 116.582 417 463171
-0.271567 8.60974 0.156735 8.63113 -0.0315314 -0.0629841 2.47589 113.582 401 463171
-0.40735 8.60438 0.156735 8.63113 -0.0473068 -0.0629841 2.47589 116.207 415 463171
-0.40735 8.61961 0.518912 8.63113 -0.0472234 -0.0209824 1.62701 115.644 412 463171
-0.543133 8.61212 0.518912 8.63113 -0.0629827 -0.0209824 1.62701 114.707 407 463171
-0.277602 8.80107 0.144662 8.82294 -0.0315314 -0.0629841 2.47589 116.957 419 463171
-0.416402 8.79559 0.144662 8.82294 -0.0473068 -0.0629841 2.47589 120.144 436 463171
-0.416402 8.78195 -0.0404503 8.82294 -0.0473802 -0.0840222 2.47589 117.332 421 463171
-0.555203 8.78792 0.144662 8.82294 -0.0630941 -0.0629841 2.47589 116.582 417 463171
-0.555203 8.77426 -0.0404503 8.82294 -0.0631921 -0.0840222 2.47589 115.457 411 463171
-0.271567 8.60974 0.156735 8.63113 -0.0315314 -0.0629841 2.40515 114.332 405 463171
-0.40735 8.60438 0.156735 8.63113 -0.0473068 -0.0629841 2.40515 115.644 412 463171
-0.543133 8.61212 0.518912 8.63113 -0.0629827 -0.0209824 1.69775 115.457 411 463171
-0.40735 8.61961 0.518912 8.63113 -0.0472234 -0.0209824 1.55627 116.394 416 463171
-0.40735 8.61391 0.337823 8.63113 -0.0472546 -0.041974 1.55627 113.957 403 463171
-0.543133 8.61212 0.518912 8.63113 -0.0629827 -0.0209824 1.55627 116.019 414 463171
-0.416402 8.80533 0.329775 8.82294 -0.0472546 -0.041974 2.19293 114.144 404 463171
-0.40735 8.61961 0.518912 8.63113 -0.0472234 -0.0209824 1.41479 119.394 432 463171
-0.40735 8.61391 0.337823 8.63113 -0.0472546 -0.041974 1.41479 117.519 422 463171
-0.543133 8.61212 0.518912 8.63113 -0.0629827 -0.0209824 1.41479 116.019 414 463171
-0.40735 8.61961 0.518912 8.63113 -0.0472234 -0.0209824 1.48553 114.144 404 463171
-0.416402 8.79559 0.144662 8.82294 -0.0473068 -0.0629841 2.12219 115.644 412 463171
-0.416402 8.81116 0.514887 8.82294 -0.0472234 -0.0209824 1.41479 116.394 416 463171
-0.416402 8.80533 0.329775 8.82294 -0.0472546 -0.041974 1.41479 114.332 405 463171
-0.555203 8.8035 0.514887 8.82294 -0.0629827 -0.0209824 1.41479 114.332 405 463171
-0.40735 8.62152 0.7 8.63113 -0.047213 0 1.34406 115.269 410 463171
-0.40735 8.61961 0.518912 8.63113 -0.0472234 -0.0209824 1.34406 119.207 431 463171
-0.40735 8.61391 0.337823 8.63113 -0.0472546 -0.041974 1.34406 114.894 408 463171
-0.543133 8.61212 0.518912 8.63113 -0.0629827 -0.0209824 1.34406 117.894 424 463171
-0.40735 8.62152 0.7 8.63113 -0.047213 0 1.27332 116.582 417 463171
-0.40735 8.61961 0.518912 8.63113 -0.0472234 -0.0209824 1.27332 118.457 427 463171
-0.543133 8.61403 0.7 8.63113 -0.0629689 0 1.27332 116.394 416 463171
-0.543133 8.61212 0.518912 8.63113 -0.0629827 -0.0209824 1.27332 119.019 430 463171
-0.416402 8.81116 0.514887 8.82294 -0.0472234 -0.0209824 1.20258 117.332 421 463171
-0.555203 8.80545 0.7 8.82294 -0.0629689 0 1.20258 115.082 409 463171
-0.555203 8.8035 0.514887 8.82294 -0.0629827 -0.0209824 1.20258 118.832 429 463171
-0.40735 8.62152 0.7 8.63113 -0.047213 0 1.20258 117.332 421 463171
-0.40735 8.61961 0.518912 8.63113 -0.0472234 -0.0209824 1.20258 120.332 437 463171
-0.543133 8.61403 0.7 8.63113 -0.0629689 0 1.20258 118.644 428 463171
-0.543133 8.61212 0.518912 8.63113 -0.0629827 -0.0209824 1.20258 121.832 445 463171
-0.40735 8.62152 0.7 8.63113 -0.047213 0 1.13184 116.582 417 463171
-0.40735 8.61961 0.518912 8.63113 -0.0472234 -0.0209824 1.13184 118.269 426 463171
-0.543133 8.61403 0.7 8.63113 -0.0629689 0 1.13184 118.082 425 463171
-0.543133 8.61212 0.518912 8.63113 -0.0629827 -0.0209824 1.13184 120.144 436 463171
-0.416402 8.81116 0.514887 8.82294 -0.0472234 -0.0209824 1.34406 116.957 419 463171
-0.555203 8.8035 0.514887 8.82294 -0.0629827 -0.0209824 1.34406 114.332 405 463171
-0.416402 8.81311 0.7 8.82294 -0.047213 0 0.990356 118.644 428 463171
-0.416402 8.81116 0.514887 8.82294 -0.0472234 -0.0209824 0.990356 117.707 423 463171
-0.555203 8.80545 0.7 8.82294 -0.0629689 0 0.990356 117.894 424 463171
-0.555203 8.8035 0.514887 8.82294 -0.0629827 -0.0209824 0.990356 116.394 416 463171
-0.40735 8.62152 0.7 8.63113 -0.047213 0 0.990356 121.269 442 463171
-0.543133 8.61403 0.7 8.63113 -0.0629689 0 0.990356 123.144 452 463171
-0.543133 8.61212 0.518912 8.63113 -0.0629827 -0.0209824 0.990356 119.394 432 463171
-0.40735 8.62152 0.7 8.63113 -0.047213 0 1.0611 118.644 428 463171
-0.40735 8.61961 0.518912 8.63113 -0.0472234 -0.0209824 1.0611 116.957 419 463171
-0.543133 8.61403 0.7 8.63113 -0.0629689 0 1.0611 120.707 439 463171
-0.543133 8.61212 0.518912 8.63113 -0.0629827 -0.0209824 1.0611 119.019 430 463171
-0.416402 8.81311 0.7 8.82294 -0.047213 0 1.27332 114.144 404 463171
-0.416402 8.81116 0.514887 8.82294 -0.0472234 -0.0209824 1.27332 117.144 420 463171
-0.555203 8.80545 0.7 8.82294 -0.0629689 0 1.27332 117.144 420 463171
-0.555203 8.8035 0.514887 8.82294 -0.0629827 -0.0209824 1.27332 119.019 430 463171
-0.543133 8.61212 0.881088 8.63113 -0.0629827 0.0209824 0.778137 125.207 463 463171
-0.543133 8.56631 1.60544 8.63113 -0.0633187 0.105098 0.919617 124.457 459 463171
-0.543133 8.61212 0.881088 8.63113 -0.0629827 0.0209824 0.919617 122.957 451 463171
-0.531064 8.40584 1.23119 8.43933 -0.0630941 0.0629841 0.919617 116.394 416 463171
-0.531064 8.42074 0.877064 8.43933 -0.0629827 0.0209824 0.919617 118.269 426 463171
-0.66383 8.3964 1.23119 8.43933 -0.0788972 0.0629841 0.919617 115.644 412 463171
-0.66383 8.41132 0.877064 8.43933 -0.0787578 0.0209824 0.919617 117.332 421 463171
-0.543133 8.56631 1.60544 8.63113 -0.0633187 0.105098 0.848877 129.519 486 463171
-0.543133 8.61212 0.881088 8.63113 -0.0629827 0.0209824 0.848877 130.269 490 463171
-0.416402 8.71733 -0.595788 8.82294 -0.0477309 -0.147399 0.778137 114.894 408 463171
-0.416402 8.68779 -0.780901 8.82294 -0.0478929 -0.168645 0.778137 115.269 410 463171
-0.555203 8.68003 -0.780901 8.82294 -0.0638763 -0.168645 0.778137 116.207 415 463171
-0.555203 8.73512 1.81068 8.82294 -0.0634745 0.12622 0.778137 117.707 423 463171
-0.555203 8.75667 1.62556 8.82294 -0.0633187 0.105098 0.778137 117.894 424 463171
-0.694004 8.72519 1.81068 8.82294 -0.0793731 0.12622 0.778137 116.019 414 463171
-0.694004 8.74677 1.62556 8.82294 -0.0791782 0.105098 0.778137 115.644 412 463171
-0.531064 8.41516 1.05413 8.43933 -0.0630244 0.041974 0.848877 122.207 447 463171
-0.531064 8.42074 0.877064 8.43933 -0.0629827 0.0209824 0.848877 124.457 459 463171
-0.66383 8.40573 1.05413 8.43933 -0.07881 0.041974 0.848877 121.457 443 463171
-0.66383 8.41132 0.877064 8.43933 -0.0787578 0.0209824 0.848877 121.457 443 463171
-0.555203 8.73512 1.81068 8.82294 -0.0634745 0.12622 0.848877 125.207 463 463171
-0.555203 8.75667 1.62556 8.82294 -0.0633187 0.105098 0.848877 126.519 470 463171
-0.694004 8.72519 1.81068 8.82294 -0.0793731 0.12622 0.848877 123.519 454 463171
-0.694004 8.74677 1.62556 8.82294 -0.0791782 0.105098 0.848877 124.644 460 463171
-0.398298 8.42249 1.05413 8.43933 -0.0472546 0.041974 0.778137 117.144 420 463171
-0.398298 8.42807 0.877064 8.43933 -0.0472234 0.0209824 0.778137 117.144 420 463171
-0.531064 8.39277 1.40826 8.43933 -0.0631921 0.0840222 0.778137 117.144 420 463171
-0.531064 8.41516 1.05413 8.43933 -0.0630244 0.041974 0.778137 116.207 415 463171
-0.531064 8.42074 0.877064 8.43933 -0.0629827 0.0209824 0.778137 118.457 427 463171
-0.66383 8.38332 1.40826 8.43933 -0.0790197 0.0840222 0.778137 117.332 421 463171
-0.543133 8.59688 1.24327 8.63113 -0.0630941 0.0629841 0.707397 116.582 417 463171
-0.543133 8.60641 1.06218 8.63113 -0.0630244 0.041974 0.707397 116.207 415 463171
-0.678917 8.57385 1.42435 8.63113 -0.0790197 0.0840222 0.707397 116.582 417 463171
-0.678917 8.58722 1.24327 8.63113 -0.0788972 0.0629841 0.707397 117.144 420 463171
-0.678917 8.59677 1.06218 8.63113 -0.07881 0.041974 0.707397 116.582 417 463171
-0.678917 8.60249 0.881088 8.63113 -0.0787578 0.0209824 0.707397 117.144 420 463171
-0.678917 8.60249 0.881088 8.63113 -0.0787578 0.0209824 0.636658 121.082 441 463171
-0.678917 8.60439 0.7 8.63113 -0.0787404 0 0.565918 123.707 455 463171
-0.678917 8.60249 0.881088 8.63113 -0.0787578 0.0209824 0.565918 122.207 447 463171
-0.8147 8.5926 0.7 8.63113 -0.0945316 0 0.565918 123.519 454 463171
-0.8147 8.59069 0.881088 8.63113 -0.0945525 0.0209824 0.565918 121.457 443 463171
-0.694004 8.7956 0.7 8.82294 -0.0787404 0 0.565918 117.332 421 463171
-0.694004 8.79365 0.885113 8.82294 -0.0787578 0.0209824 0.565918 114.707 407 463171
-0.832805 8.78354 0.7 8.82294 -0.0945316 0 0.565918 118.644 428 463171
-0.832805 8.78159 0.514887 8.82294 -0.0945525 -0.0209824 0.565918 114.519 406 463171
-0.832805 8.78159 0.885113 8.82294 -0.0945525 0.0209824 0.565918 116.394 416 463171
-0.778491 8.2107 0.7 8.24753 -0.0945316 0 1.41479 114.332 405 463171
-0.648743 8.22015 0.87304 8.24753 -0.0787578 0.0209824 0.495178 114.894 408 463171
-0.678917 8.60439 0.7 8.63113 -0.0787404 0 0.495178 116.582 417 463171
-0.8147 8.5926 0.7 8.63113 -0.0945316 0 0.495178 115.644 412 463171
-0.555203 8.73512 1.81068 8.82294 -0.0634745 0.12622 0.919617 120.894 440 463171
-0.555203 8.75667 1.62556 8.82294 -0.0633187 0.105098 0.919617 122.207 447 463171
-0.694004 8.72519 1.81068 8.82294 -0.0793731 0.12622 0.919617 118.457 427 463171
-0.694004 8.74677 1.62556 8.82294 -0.0791782 0.105098 0.919617 119.582 433 463171
-0.678917 8.60439 0.7 8.63113 -0.0787404 0 0.424438 118.832 429 463171
-0.678917 8.55662 -0.205442 8.63113 -0.0791782 -0.105098 0.424438 119.582 433 463171
-0.678917 8.53551 -0.38653 8.63113 -0.0793731 -0.12622 0.424438 120.519 438 463171
-0.8147 8.5926 0.7 8.63113 -0.0945316 0 0.424438 120.519 438 463171
-0.8147 8.54476 -0.205442 8.63113 -0.0950577 -0.105098 0.424438 119.394 432 463171
-0.8147 8.52363 -0.38653 8.63113 -0.0952919 -0.12622 0.424438 120.707 439 463171
-0.531064 8.41516 1.05413 8.43933 -0.0630244 0.041974 0.707397 115.082 409 463171
-0.531064 8.42074 0.877064 8.43933 -0.0629827 0.0209824 0.707397 114.332 405 463171
-0.694004 8.74677 -0.225563 8.82294 -0.0791782 -0.105098 0.424438 119.019 430 463171
-0.694004 8.72519 -0.410675 8.82294 -0.0793731 -0.12622 0.424438 118.269 426 463171
-0.832805 8.73464 -0.225563 8.82294 -0.0950577 -0.105098 0.424438 118.832 429 463171
-0.832805 8.71304 -0.410675 8.82294 -0.0952919 -0.12622 0.424438 118.457 427 463171
-0.678917 8.60439 0.7 8.63113 -0.0787404 0 0.353699 122.394 448 463171
-0.8147 8.5926 0.7 8.63113 -0.0945316 0 0.353699 124.269 458 463171
-0.8147 8.59069 0.518912 8.63113 -0.0945525 -0.0209824 0.353699 123.707 455 463171
-0.66383 8.41132 0.877064 8.43933 -0.0787578 0.0209824 0.636658 116.207 415 463171
-0.796596 8.39979 0.877064 8.43933 -0.0945525 0.0209824 0.636658 114.519 406 463171
-0.518994 8.2239 1.04608 8.24753 -0.0630244 0.041974 0.848877 117.332 421 463171
-0.518994 8.22936 0.87304 8.24753 -0.0629827 0.0209824 0.848877 117.519 422 463171
-0.648743 8.21469 1.04608 8.24753 -0.07881 0.041974 0.848877 115.457 411 463171
-0.648743 8.22015 0.87304 8.24753 -0.0787578 0.0209824 0.848877 114.519 406 463171
-0.694004 8.7956 0.7 8.82294 -0.0787404 0 0.353699 117.144 420 463171
-0.694004 8.76438 -0.0404503 8.82294 -0.0790197 -0.0840222 0.353699 116.582 417 463171
-0.694004 8.74677 -0.225563 8.82294 -0.0791782 -0.105098 0.353699 116.582 417 463171
-0.832805 8.78354 0.7 8.82294 -0.0945316 0 0.353699 117.519 422 463171
-0.832805 8.73464 -0.225563 8.82294 -0.0950577 -0.105098 0.353699 117.144 420 463171
-0.678917 8.60249 0.518912 8.63113 -0.0787578 -0.0209824 0.282959 127.457 475 463171
-0.8147 8.5926 0.7 8.63113 -0.0945316 0 0.282959 128.207 479 463171
-0.8147 8.59069 0.518912 8.63113 -0.0945525 -0.0209824 0.282959 130.644 492 463171
-0.8147 8.56201 -0.0243536 8.63113 -0.0948673 -0.0840222 0.282959 128.207 479 463171
-0.678917 8.60249 0.518912 8.63113 -0.0787578 -0.0209824 0.212219 127.457 475 463171
-0.8147 8.59069 0.518912 8.63113 -0.0945525 -0.0209824 0.212219 131.019 494 463171
-0.8147 8.58496 0.337823 8.63113 -0.0946152 -0.041974 0.212219 127.082 473 463171
-0.694004 8.79365 0.514887 8.82294 -0.0787578 -0.0209824 0.212219 117.707 423 463171
-0.832805 8.78354 0.7 8.82294 -0.0945316 0 0.212219 118.082 425 463171
-0.832805 8.78159 0.514887 8.82294 -0.0945525 -0.0209824 0.212219 122.019 446 463171
-0.832805 8.75228 -0.0404503 8.82294 -0.0948673 -0.0840222 0.212219 119.394 432 463171
-0.971605 8.76732 0.514887 8.82294 -0.110371 -0.0209824 0.212219 117.144 420 463171
-0.832805 8.78354 0.7 8.82294 -0.0945316 0 0.282959 120.332 437 463171
-0.832805 8.78159 0.514887 8.82294 -0.0945525 -0.0209824 0.282959 120.707 439 463171
-0.832805 8.76597 0.144662 8.82294 -0.09472 -0.0629841 0.282959 120.332 437 463171
-0.832805 8.75228 -0.0404503 8.82294 -0.0948673 -0.0840222 0.282959 122.019 446 463171
-0.66383 8.41132 0.522936 8.43933 -0.0787578 -0.0209824 0.212219 117.332 421 463171
-0.66383 8.40573 0.345872 8.43933 -0.07881 -0.041974 0.212219 114.332 405 463171
-0.796596 8.39979 0.522936 8.43933 -0.0945525 -0.0209824 0.212219 119.394 432 463171
-0.796596 8.39418 0.345872 8.43933 -0.0946152 -0.041974 0.212219 116.582 417 463171
-0.678917 8.60249 0.518912 8.63113 -0.0787578 -0.0209824 0.141479 119.019 430 463171
-0.678917 8.59677 0.337823 8.63113 -0.07881 -0.041974 0.141479 120.519 438 463171
-0.8147 8.59069 0.518912 8.63113 -0.0945525 -0.0209824 0.141479 122.019 446 463171
-0.8147 8.58496 0.337823 8.63113 -0.0946152 -0.041974 0.141479 123.707 455 463171
-0.778491 8.20888 0.52696 8.24753 -0.0945525 -0.0209824 0.212219 117.707 423 463171
-0.648743 8.21469 1.04608 8.24753 -0.07881 0.041974 0.353699 116.394 416 463171
-0.518994 8.2239 1.04608 8.24753 -0.0630244 0.041974 0.282959 117.332 421 463171
-0.648743 8.20557 1.21912 8.24753 -0.0788972 0.0629841 0.282959 118.644 428 463171
-0.648743 8.21469 1.04608 8.24753 -0.07881 0.041974 0.282959 121.457 443 463171
-0.778491 8.20888 0.52696 8.24753 -0.0945525 -0.0209824 0.282959 117.894 424 463171
-0.778491 8.20341 1.04608 8.24753 -0.0946152 0.041974 0.282959 117.144 420 463171
1.94623 8.00713 0.35392 8.24753 0.238438 -0.041974 -0 131.582 497 463171
1.94623 7.99778 0.18088 8.24753 0.238706 -0.0629841 -0 129.894 488 463171
1.81648 8.03756 0.35392 8.24753 0.222265 -0.041974 -0 127.832 477 463171
1.81648 8.02824 0.18088 8.24753 0.222515 -0.0629841 -0 126.519 470 463171
1.94623 8.00713 0.35392 8.24753 0.238438 -0.041974 -0.0707397 125.207 463 463171
1.94623 7.99778 0.18088 8.24753 0.238706 -0.0629841 -0.0707397 123.894 456 463171
-0.66383 8.41132 0.522936 8.43933 -0.0787578 -0.0209824 0.282959 116.207 415 463171
-0.66383 8.40573 1.05413 8.43933 -0.07881 0.041974 0.282959 115.082 409 463171
-0.796596 8.39979 0.522936 8.43933 -0.0945525 -0.0209824 0.282959 118.457 427 463171
1.99149 8.19334 0.345872 8.43933 0.238438 -0.041974 -0 125.207 463 463171
1.32766 8.32672 0.345872 8.43933 0.158115 -0.041974 -0 117.332 421 463171
-0.66383 8.41132 0.877064 8.43933 -0.0787578 0.0209824 0.565918 115.832 413 463171
-0.796596 8.39979 0.877064 8.43933 -0.0945525 0.0209824 0.565918 115.082 409 463171
-0.678917 8.58722 0.156735 8.63113 -0.0788972 -0.0629841 0.0707397 119.957 435 463171
-0.678917 8.57385 -0.0243536 8.63113 -0.0790197 -0.0840222 0.0707397 119.207 431 463171
-0.8147 8.57541 0.156735 8.63113 -0.09472 -0.0629841 0.0707397 122.582 449 463171
-0.8147 8.56201 -0.0243536 8.63113 -0.0948673 -0.0840222 0.0707397 121.269 442 463171
-0.678917 8.58722 0.156735 8.63113 -0.0788972 -0.0629841 -0 122.394 448 463171
-0.8147 8.57541 0.156735 8.63113 -0.09472 -0.0629841 -0 125.394 464 463171
-0.8147 8.56201 -0.0243536 8.63113 -0.0948673 -0.0840222 -0 122.582 449 463171
-0.832805 8.76597 0.144662 8.82294 -0.09472 -0.0629841 0.0707397 114.707 407 463171
-0.694004 8.77805 0.144662 8.82294 -0.0788972 -0.0629841 -0 116.019 414 463171
-0.832805 8.76597 0.144662 8.82294 -0.09472 -0.0629841 -0 115.832 413 463171
-0.832805 8.77574 0.329775 8.82294 -0.0946152 -0.041974 0.141479 116.207 415 463171
-0.850909 8.9725 0.510863 9.01474 -0.0945525 -0.0209824 0.282959 116.894 408 463171
4.68 7.69546 0.321726 9.01474 0.546391 -0.041974 -0 116.519 406 463171
3.12 8.44914 0.321726 9.01474 0.353736 -0.041974 -0 117.269 410 463171
4.77957 7.85919 0.313678 9.20654 0.546391 -0.041974 -0 115.394 400 463171
3.76573 8.39229 0.313678 9.20654 0.421783 -0.041974 -0 116.707 407 463171
3.62089 8.45579 0.313678 9.20654 0.40459 -0.041974 -0 119.332 421 463171
3.62089 8.44475 0.120517 9.20654 0.405063 -0.0629841 -0 115.394 400 463171
3.47605 8.51635 0.313678 9.20654 0.387523 -0.041974 -0 115.394 400 463171
3.62089 8.87804 0.498791 9.59015 0.387253 -0.0209824 -0 115.207 399 463171
3.62089 8.8712 0.297581 9.59015 0.387523 -0.041974 -0 116.707 407 463171
3.8472 8.9913 0.494766 9.78195 0.404307 -0.0209824 -0 119.582 417 463171
3.8472 8.98427 0.289533 9.78195 0.40459 -0.041974 -0 120.519 422 463171
3.69331 9.0556 0.494766 9.78195 0.387253 -0.0209824 -0 118.269 410 463171
3.69331 9.04862 0.289533 9.78195 0.387523 -0.041974 -0 119.019 414 463171
-1.72596 9.82105 0.490742 9.97375 -0.173964 -0.0209824 -0 116.394 400 463171
-1.88286 9.79218 0.490742 9.97375 -0.189964 -0.0209824 -0 114.894 392 463171
-2.03977 9.76295 0.7 9.97375 -0.205967 0 -0 113.957 387 463171
-2.03977 9.7607 0.490742 9.97375 -0.206013 -0.0209824 -0 119.019 414 463171
-2.03977 9.75397 0.281485 9.97375 -0.206151 -0.041974 -0 114.519 390 463171
-2.19667 9.72659 0.490742 9.97375 -0.222116 -0.0209824 -0 115.832 397 463171
7.98406 6.58337 0.265388 10.3574 0.881256 -0.041974 0.0707397 115.457 395 463171
-2.28116 10.0937 0.265388 10.3574 -0.222265 -0.041974 -0 119.957 419 463171
-2.4441 10.0555 0.265388 10.3574 -0.238438 -0.041974 -0 120.332 421 463171
7.98406 6.59412 0.482694 10.3574 0.880455 -0.0209824 -0 119.394 416 463171
7.98406 6.58337 0.265388 10.3574 0.881256 -0.041974 -0 123.332 437 463171
7.98406 6.58337 0.265388 10.3574 0.881256 -0.041974 -0.0707397 116.207 399 463171
-2.3234 10.2806 0.257339 10.5492 -0.222265 -0.041974 -0 121.144 420 463171
-2.48936 10.2417 0.257339 10.5492 -0.238438 -0.041974 -0 121.144 420 463171
8.13192 6.71624 0.47867 10.5492 0.880455 -0.0209824 -0 121.332 421 463171
8.13192 6.70529 0.257339 10.5492 0.881256 -0.041974 -0 124.332 437 463171
8.13192 6.70529 0.257339 10.5492 0.881256 -0.041974 -0.0707397 117.957 403 463171
5.95033 9.39655 0.466597 11.1246 0.564507 -0.0209824 -0 121.519 422 463171
5.95033 9.38785 0.233194 11.1246 0.564926 -0.041974 -0 122.644 428 463171
6.23095 9.43452 0.225146 11.3164 0.58368 -0.041974 0.0707397 118.957 403 463171
6.05292 9.55856 0.462573 11.3164 0.564507 -0.0209824 0.0707397 123.832 429 463171
6.05292 9.54971 0.225146 11.3164 0.564926 -0.041974 0.0707397 125.144 436 463171
6.05292 9.55856 0.462573 11.3164 0.564507 -0.0209824 -0 131.332 469 463171
6.05292 9.54971 0.225146 11.3164 0.564926 -0.041974 -0 132.644 476 463171
6.05292 9.55856 0.462573 11.3164 0.564507 -0.0209824 -0.0707397 124.207 431 463171
6.05292 9.54971 0.225146 11.3164 0.564926 -0.041974 -0.0707397 125.332 437 463171
6.15551 9.72057 0.458549 11.5082 0.564507 -0.0209824 -0 120.457 411 463171
6.15551 9.71157 0.217098 11.5082 0.564926 -0.041974 -0 121.582 417 463171
5.97447 9.53489 3.11451 11.5082 0.559742 0.211379 -0 121.394 416 463171
5.97447 9.59279 2.87306 11.5082 0.557021 0.189968 -0 123.457 427 463171
1.39404 12.5708 0.168807 12.659 0.110444 -0.041974 -0 120.519 406 463171
6.15551 11.4954 0.426355 13.0426 0.491624 -0.0209824 -0 139.519 502 463171
5.95033 11.6029 0.426355 13.0426 0.473858 -0.0209824 -0 137.832 493 463171
6.24604 11.6645 0.422331 13.2344 0.491624 -0.0209824 -0 143.644 524 463171
6.24604 11.6545 0.144662 13.2344 0.491978 -0.041974 -0 140.644 508 463171
6.03783 11.7736 0.422331 13.2344 0.473858 -0.0209824 -0 141.957 515 463171
6.03783 11.7637 0.144662 13.2344 0.474198 -0.041974 -0 138.394 496 463171
6.33656 11.8335 0.418307 13.4262 0.491624 -0.0209824 0.0707397 145.519 534 463171
6.33656 11.8234 0.136614 13.4262 0.491978 -0.041974 0.0707397 141.582 513 463171
6.12534 11.9442 0.418307 13.4262 0.473858 -0.0209824 0.0707397 143.457 523 463171
6.33656 11.8335 0.418307 13.4262 0.491624 -0.0209824 -0 153.207 575 463171
6.33656 11.8234 0.136614 13.4262 0.491978 -0.041974 -0 149.269 554 463171
6.12534 11.9442 0.418307 13.4262 0.473858 -0.0209824 -0 151.144 564 463171
6.33656 11.8335 0.418307 13.4262 0.491624 -0.0209824 -0.0707397 146.269 538 463171
6.33656 11.8234 0.136614 13.4262 0.491978 -0.041974 -0.0707397 142.519 518 463171
6.12534 11.9442 0.418307 13.4262 0.473858 -0.0209824 -0.0707397 144.207 527 463171
6.42708 12.0026 0.414283 13.618 0.491624 -0.0209824 -0 140.894 504 463171
6.42708 11.8382 2.70002 13.618 0.497384 0.147399 -0 139.207 495 463171
6.21284 12.1148 0.414283 13.618 0.473858 -0.0209824 -0 138.832 493 463171
6.21284 11.9007 2.98574 13.618 0.481138 0.168645 -0 137.894 488 463171
6.21284 11.952 2.70002 13.618 0.479374 0.147399 -0 142.019 510 463171
6.5176 12.1716 0.410259 13.8098 0.491624 -0.0209824 -0 138.082 489 463171
6.30035 12.2855 0.410259 13.8098 0.473858 -0.0209824 -0 137.332 485 463171
6.1193 13.6519 0.7 14.9606 0.421388 0 -0 131.582 449 463171
-7.38963 13.2284 0.7 15.1524 -0.509437 0 -0 129.582 433 463171
-7.38963 13.2245 0.382089 15.1524 -0.50956 -0.0209824 -0 130.707 439 463171
-7.38963 13.2131 0.0641785 15.1524 -0.50993 -0.041974 -0 127.144 420 463171
-7.38963 13.1671 -0.571643 15.1524 -0.511416 -0.0840222 -0 130.144 436 463171
6.82538 15.2271 0.7 16.6869 0.421388 0 0.0707397 145.394 512 463171
6.56286 15.3421 0.7 16.6869 0.404213 0 0.0707397 149.519 534 463171
6.56286 15.3381 1.0501 16.6869 0.404307 0.0209824 0.0707397 149.519 534 463171
6.82538 15.2271 0.7 16.6869 0.421388 0 -0 152.894 552 463171
6.56286 15.3421 0.7 16.6869 0.404213 0 -0 156.832 573 463171
6.56286 15.3381 1.0501 16.6869 0.404307 0.0209824 -0 156.832 573 463171
6.82538 15.2271 0.7 16.6869 0.421388 0 -0.0707397 145.582 513 463171
6.56286 15.3421 0.7 16.6869 0.404213 0 -0.0707397 149.707 535 463171
6.56286 15.3381 1.0501 16.6869 0.404307 0.0209824 -0.0707397 149.519 534 463171
6.6383 15.5184 0.7 16.8787 0.404213 0 0.0707397 149.519 534 463171
6.6383 15.5144 1.05413 16.8787 0.404307 0.0209824 0.0707397 149.144 532 463171
6.6383 15.5184 0.7 16.8787 0.404213 0 -0 157.394 576 463171
6.6383 15.5144 1.05413 16.8787 0.404307 0.0209824 -0 157.207 575 463171
6.6383 15.5184 0.7 16.8787 0.404213 0 -0.0707397 150.644 540 463171
6.6383 15.5144 1.05413 16.8787 0.404307 0.0209824 -0.0707397 150.269 538 463171
-7.3323 15.6276 0.7 17.2623 -0.438696 0 -0 130.957 435 463171
-7.3323 15.6234 0.337823 17.2623 -0.438799 -0.0209824 -0 135.644 460 463171
-7.3323 15.6108 -0.0243536 17.2623 -0.439109 -0.041974 -0 132.457 443 463171
-7.60387 15.4931 0.337823 17.2623 -0.456253 -0.0209824 -0 133.019 446 463171
6.73486 16.5174 0.7 17.8377 0.387164 0 0.0707397 148.269 522 463171
6.73486 16.5132 0.325751 17.8377 0.387253 -0.0209824 0.0707397 148.644 524 463171
6.45424 16.6291 0.7 17.8377 0.370232 0 0.0707397 145.644 508 463171
6.45424 16.6248 0.325751 17.8377 0.370317 -0.0209824 0.0707397 146.019 510 463171
6.73486 16.5174 0.7 17.8377 0.387164 0 -0 155.957 563 463171
6.73486 16.5132 0.325751 17.8377 0.387253 -0.0209824 -0 156.144 564 463171
6.45424 16.6291 0.7 17.8377 0.370232 0 -0 152.957 547 463171
6.45424 16.6248 0.325751 17.8377 0.370317 -0.0209824 -0 153.144 548 463171
6.73486 16.5174 0.7 17.8377 0.387164 0 -0.0707397 148.644 524 463171
6.73486 16.5132 0.325751 17.8377 0.387253 -0.0209824 -0.0707397 149.207 527 463171
6.45424 16.6291 0.7 17.8377 0.370232 0 -0.0707397 145.644 508 463171
6.45424 16.6248 0.325751 17.8377 0.370317 -0.0209824 -0.0707397 146.207 511 463171
6.80727 16.695 0.7 18.0295 0.387164 0 0.0707397 142.082 489 463171
6.80727 16.6907 0.321726 18.0295 0.387253 -0.0209824 0.0707397 142.457 491 463171
6.80727 16.695 0.7 18.0295 0.387164 0 -0 150.144 532 463171
6.80727 16.6907 0.321726 18.0295 0.387253 -0.0209824 -0 150.519 534 463171
6.52364 16.8079 0.7 18.0295 0.370232 0 -0 147.144 516 463171
6.52364 16.8036 0.321726 18.0295 0.370317 -0.0209824 -0 147.519 518 463171
6.80727 16.695 0.7 18.0295 0.387164 0 -0.0707397 143.957 499 463171
6.80727 16.6907 0.321726 18.0295 0.387253 -0.0209824 -0.0707397 144.332 501 463171
6.87969 16.8726 0.7 18.2213 0.387164 0 -0 146.269 506 463171
6.87969 16.8683 0.317702 18.2213 0.387253 -0.0209824 -0 145.332 501 463171
6.59304 16.9867 0.7 18.2213 0.370232 0 -0 146.269 506 463171
6.59304 16.9824 0.317702 18.2213 0.370317 -0.0209824 -0 145.332 501 463171
3.04758 19.1309 0.7 19.3721 0.157974 0 0.0707397 137.519 454 463171
2.74282 19.1769 0.7 19.3721 0.142064 0 0.0707397 138.457 459 463171
6.46329 18.4654 0.7 19.5639 0.336693 0 -0 152.894 536 463171
6.46329 18.4609 0.289533 19.5639 0.336771 -0.0209824 -0 152.144 532 463171
6.15551 18.5703 0.7 19.5639 0.320073 0 -0 152.144 532 463171
6.15551 18.5658 0.289533 19.5639 0.320146 -0.0209824 -0 151.207 527 463171
7.14824 18.1871 3.60144 19.7557 0.37449 0.147399 -0 143.332 485 463171
5.90507 18.8525 0.7 19.7557 0.303544 0 -0 151.207 527 463171
6.27621 18.9344 0.7 19.9475 0.320073 0 0.0707397 159.457 571 463171
6.27621 18.9298 0.281485 19.9475 0.320146 -0.0209824 0.0707397 155.332 549 463171
6.27621 18.9298 1.11852 19.9475 0.320146 0.0209824 0.0707397 155.519 550 463171
5.9624 19.0356 0.7 19.9475 0.303544 0 0.0707397 158.894 568 463171
6.27621 18.9344 0.7 19.9475 0.320073 0 -0 166.957 611 463171
6.27621 18.9298 0.281485 19.9475 0.320146 -0.0209824 -0 163.019 590 463171
6.27621 18.9298 1.11852 19.9475 0.320146 0.0209824 -0 163.019 590 463171
5.9624 19.0356 0.7 19.9475 0.303544 0 -0 166.207 607 463171
6.27621 18.9344 0.7 19.9475 0.320073 0 -0.0707397 160.019 574 463171
6.27621 18.9298 0.281485 19.9475 0.320146 -0.0209824 -0.0707397 156.082 553 463171
6.27621 18.9298 1.11852 19.9475 0.320146 0.0209824 -0.0707397 155.894 552 463171
5.9624 19.0356 0.7 19.9475 0.303544 0 -0.0707397 159.269 570 463171
6.33656 19.1165 0.7 20.1393 0.320073 0 0.0707397 152.894 536 463171
6.01973 19.2186 0.7 20.1393 0.303544 0 0.0707397 151.582 529 463171
6.33656 19.1165 0.7 20.1393 0.320073 0 -0 161.144 580 463171
6.33656 19.1118 0.27746 20.1393 0.320146 -0.0209824 -0 157.019 558 463171
6.33656 19.1118 1.12254 20.1393 0.320146 0.0209824 -0 157.394 560 463171
6.01973 19.2186 0.7 20.1393 0.303544 0 -0 160.582 577 463171
6.33656 19.1165 0.7 20.1393 0.320073 0 -0.0707397 154.582 545 463171
6.01973 19.2186 0.7 20.1393 0.303544 0 -0.0707397 154.582 545 463171
6.39691 19.2985 0.7 20.3311 0.320073 0 -0 152.707 535 463171
6.07706 19.4016 0.7 20.3311 0.303544 0 -0 151.582 529 463171
1.61431 20.4548 1.13059 20.5229 0.0787578 0.0209824 -0 148.832 509 463171
1.29145 20.4822 0.7 20.5229 0.0629689 0 -0 151.457 523 463171
1.29145 20.4777 1.13059 20.5229 0.0629827 0.0209824 -0 150.144 516 463171
0.968588 20.5 0.7 20.5229 0.047213 0 -0 148.457 507 463171
1.95528 20.6222 0.7 20.7147 0.0945316 0 0.0707397 150.519 518 463171
1.95528 20.6177 1.13461 20.7147 0.0945525 0.0209824 0.0707397 153.894 536 463171
1.6294 20.6505 0.7 20.7147 0.0787404 0 0.0707397 151.644 524 463171
1.6294 20.646 1.13461 20.7147 0.0787578 0.0209824 0.0707397 154.082 537 463171
1.95528 20.6222 0.7 20.7147 0.0945316 0 -0 158.582 561 463171
1.95528 20.6177 1.13461 20.7147 0.0945525 0.0209824 -0 161.582 577 463171
1.6294 20.6505 0.7 20.7147 0.0787404 0 -0 159.519 566 463171
1.6294 20.646 1.13461 20.7147 0.0787578 0.0209824 -0 161.957 579 463171
1.95528 20.6222 0.7 20.7147 0.0945316 0 -0.0707397 151.457 523 463171
1.95528 20.6177 1.13461 20.7147 0.0945525 0.0209824 -0.0707397 154.457 539 463171
1.6294 20.6505 0.7 20.7147 0.0787404 0 -0.0707397 152.394 528 463171
1.6294 20.646 1.13461 20.7147 0.0787578 0.0209824 -0.0707397 154.832 541 463171
4.93346 20.3161 0.7 20.9065 0.238224 0 0.0707397 146.582 497 463171
4.93346 20.2971 1.57727 20.9065 0.238438 0.041974 0.0707397 145.082 489 463171
4.93346 20.3114 1.13864 20.9065 0.238277 0.0209824 0.0707397 148.269 506 463171
4.60457 20.3743 1.57727 20.9065 0.222265 0.041974 0.0707397 145.644 492 463171
4.60457 20.3884 1.13864 20.9065 0.222116 0.0209824 0.0707397 146.582 497 463171
4.93346 20.3114 1.13864 20.9065 0.238277 0.0209824 -0 156.332 549 463171
4.93346 20.3161 0.7 20.9065 0.238224 0 -0.0707397 148.082 505 463171
4.93346 20.3114 1.13864 20.9065 0.238277 0.0209824 -0.0707397 149.957 515 463171
4.60457 20.3884 1.13864 20.9065 0.222116 0.0209824 -0.0707397 148.457 507 463171
1.64449 20.8417 0.7 20.9065 0.0787404 0 -0.0707397 148.457 507 463171
1.64449 20.8371 1.13864 20.9065 0.0787578 0.0209824 -0.0707397 149.019 510 463171
1.99149 21.0041 0.7 21.0983 0.0945316 0 -0 146.582 497 463171
1.99149 20.9995 1.14266 21.0983 0.0945525 0.0209824 -0 151.269 522 463171
1.65957 21.0283 1.14266 21.0983 0.0787578 0.0209824 -0 150.894 520 463171
3.68426 20.9499 1.59337 21.2901 0.17408 0.041974 -0 144.894 488 463171
3.68426 20.9642 1.14668 21.2901 0.173964 0.0209824 -0 143.957 483 463171
1.67466 21.2242 0.7 21.2901 0.0787404 0 -0 145.457 491 463171
1.67466 21.2195 1.14668 21.2901 0.0787578 0.0209824 -0 145.269 490 463171
3.71745 21.153 1.15071 21.4819 0.173964 0.0209824 0.0707397 147.894 504 463171
1.3518 21.4394 0.7 21.4819 0.0629689 0 0.0707397 150.519 518 463171
1.3518 21.4346 0.249291 21.4819 0.0629827 -0.0209824 0.0707397 147.519 502 463171
1.3518 21.4346 1.15071 21.4819 0.0629827 0.0209824 0.0707397 148.832 509 463171
1.01385 21.458 0.7 21.4819 0.047213 0 0.0707397 147.707 503 463171
1.3518 21.4394 0.7 21.4819 0.0629689 0 -0 158.207 559 463171
1.3518 21.4346 1.15071 21.4819 0.0629827 0.0209824 -0 156.519 550 463171
3.71745 21.153 1.15071 21.4819 0.173964 0.0209824 -0.0707397 148.644 508 463171
1.3518 21.4394 0.7 21.4819 0.0629689 0 -0.0707397 150.894 520 463171
1.3518 21.4346 0.249291 21.4819 0.0629827 -0.0209824 -0.0707397 148.082 505 463171
1.3518 21.4346 1.15071 21.4819 0.0629827 0.0209824 -0.0707397 149.582 513 463171
1.01385 21.458 0.7 21.4819 0.047213 0 -0.0707397 148.082 505 463171
1.36387 21.6308 0.7 21.6737 0.0629689 0 0.0707397 145.269 490 463171
1.36387 21.6308 0.7 21.6737 0.0629689 0 -0 153.519 534 463171
1.36387 21.6308 0.7 21.6737 0.0629689 0 -0.0707397 147.144 500 463171
5.15977 21.2431 1.15876 21.8655 0.238277 0.0209824 0.0707397 149.207 511 463171
4.81578 21.3089 1.61751 21.8655 0.222265 0.041974 0.0707397 149.019 510 463171
4.81578 21.3237 1.15876 21.8655 0.222116 0.0209824 0.0707397 154.082 537 463171
4.4718 21.3985 1.15876 21.8655 0.206013 0.0209824 0.0707397 149.582 513 463171
5.15977 21.2431 1.15876 21.8655 0.238277 0.0209824 -0 156.332 549 463171
4.81578 21.3089 1.61751 21.8655 0.222265 0.041974 -0 156.519 550 463171
4.81578 21.3237 1.15876 21.8655 0.222116 0.0209824 -0 161.582 577 463171
4.4718 21.3985 1.15876 21.8655 0.206013 0.0209824 -0 156.707 551 463171
5.15977 21.2431 1.15876 21.8655 0.238277 0.0209824 -0.0707397 148.644 508 463171
4.81578 21.3089 1.61751 21.8655 0.222265 0.041974 -0.0707397 149.207 511 463171
4.81578 21.3237 1.15876 21.8655 0.222116 0.0209824 -0.0707397 154.269 538 463171
4.4718 21.3985 1.15876 21.8655 0.206013 0.0209824 -0.0707397 149.957 515 463171
4.85803 21.5107 1.16278 22.0573 0.222116 0.0209824 0.0707397 149.269 506 463171
5.20503 21.4294 1.16278 22.0573 0.238277 0.0209824 -0 153.207 527 463171
4.85803 21.4958 1.62556 22.0573 0.222265 0.041974 -0 151.707 519 463171
4.85803 21.5107 1.16278 22.0573 0.222116 0.0209824 -0 157.519 550 463171
4.51103 21.5862 1.16278 22.0573 0.206013 0.0209824 -0 152.457 523 463171
5.20503 21.4294 1.16278 22.0573 0.238277 0.0209824 -0.0707397 146.832 493 463171
4.85803 21.5107 1.16278 22.0573 0.222116 0.0209824 -0.0707397 151.332 517 463171
4.51103 21.5862 1.16278 22.0573 0.206013 0.0209824 -0.0707397 146.457 491 463171
8.05045 20.7364 1.16681 22.2491 0.370317 0.0209824 0.0707397 134.832 429 463171
8.05045 20.7206 1.63361 22.2491 0.370574 0.041974 -0 141.207 463 463171
8.05045 20.7364 1.16681 22.2491 0.370317 0.0209824 -0 142.519 470 463171
4.90027 21.6978 1.16681 22.2491 0.222116 0.0209824 -0 146.644 492 463171
2.80015 22.0722 0.7 22.2491 0.126189 0 -0 142.144 468 463171
2.80015 22.0673 1.16681 22.2491 0.126217 0.0209824 -0 141.957 467 463171
8.05045 20.7364 1.16681 22.2491 0.370317 0.0209824 -0.0707397 135.582 433 463171
1.79536 22.7538 0.7 22.8246 0.0787404 0 0.0707397 152.519 518 463171
1.43629 22.7793 0.7 22.8246 0.0629689 0 0.0707397 154.582 529 463171
1.43629 22.7743 1.17888 22.8246 0.0629827 0.0209824 0.0707397 150.457 507 463171
1.07721 22.7991 0.7 22.8246 0.047213 0 0.0707397 152.144 516 463171
1.79536 22.7538 0.7 22.8246 0.0787404 0 -0 159.644 556 463171
1.43629 22.7793 0.7 22.8246 0.0629689 0 -0 161.894 568 463171
1.43629 22.7743 1.17888 22.8246 0.0629827 0.0209824 -0 157.957 547 463171
1.07721 22.7991 0.7 22.8246 0.047213 0 -0 159.457 555 463171
1.79536 22.7538 0.7 22.8246 0.0787404 0 -0.0707397 152.332 517 463171
1.43629 22.7793 0.7 22.8246 0.0629689 0 -0.0707397 154.582 529 463171
1.43629 22.7743 1.17888 22.8246 0.0629827 0.0209824 -0.0707397 150.644 508 463171
1.07721 22.7991 0.7 22.8246 0.047213 0 -0.0707397 152.519 518 463171
1.81044 22.945 0.7 23.0164 0.0787404 0 0.0707397 151.582 513 463171
1.44836 22.9707 0.7 23.0164 0.0629689 0 0.0707397 155.332 533 463171
1.44836 22.9657 1.1829 23.0164 0.0629827 0.0209824 0.0707397 151.582 513 463171
1.08627 22.9907 0.7 23.0164 0.047213 0 0.0707397 153.644 524 463171
1.08627 22.9856 1.1829 23.0164 0.0472234 0.0209824 0.0707397 150.832 509 463171
1.81044 22.945 0.7 23.0164 0.0787404 0 -0 159.457 555 463171
1.44836 22.9707 0.7 23.0164 0.0629689 0 -0 163.207 575 463171
1.44836 22.9657 1.1829 23.0164 0.0629827 0.0209824 -0 159.457 555 463171
1.08627 22.9907 0.7 23.0164 0.047213 0 -0 161.519 566 463171
1.81044 22.945 0.7 23.0164 0.0787404 0 -0.0707397 152.519 518 463171
1.44836 22.9707 0.7 23.0164 0.0629689 0 -0.0707397 156.457 539 463171
1.44836 22.9657 1.1829 23.0164 0.0629827 0.0209824 -0.0707397 152.707 519 463171
1.08627 22.9907 0.7 23.0164 0.047213 0 -0.0707397 155.144 532 463171
1.08627 22.9856 1.1829 23.0164 0.0472234 0.0209824 -0.0707397 152.332 517 463171
-14.8456 18.3352 0.7 23.5918 -0.680617 0 -0 140.144 452 463171
8.53625 21.9877 1.19497 23.5918 0.370317 0.0209824 -0 139.207 447 463171
-14.8456 18.3352 0.7 23.5918 -0.680617 0 -0.0707397 133.957 419 463171
8.53625 21.9877 1.19497 23.5918 0.370317 0.0209824 -0.0707397 133.957 419 463171
-7.10901 22.6963 0.7 23.7836 -0.303544 0 0.0707397 133.582 417 463171
-7.10901 22.6908 0.201001 23.7836 -0.303613 -0.0209824 0.0707397 136.019 430 463171
-7.48317 22.5701 0.201001 23.7836 -0.320146 -0.0209824 0.0707397 134.519 422 463171
-14.5922 18.781 0.7 23.7836 -0.660537 0 0.0707397 134.519 422 463171
-14.9663 18.4842 0.7 23.7836 -0.680617 0 0.0707397 134.332 421 463171
-7.10901 22.6908 0.201001 23.7836 -0.303613 -0.0209824 -0 143.332 469 463171
-7.10901 22.6908 0.201001 23.7836 -0.303613 -0.0209824 -0.0707397 136.019 430 463171
-7.48317 22.5701 0.201001 23.7836 -0.320146 -0.0209824 -0.0707397 134.519 422 463171
-14.5922 18.781 0.7 23.7836 -0.660537 0 -0.0707397 135.457 427 463171
-14.9663 18.4842 0.7 23.7836 -0.680617 0 -0.0707397 136.207 431 463171
3.74159 23.4821 1.199 23.7836 0.158009 0.0209824 -0.0707397 135.832 429 463171
1.52077 24.1193 0.7 24.1672 0.0629689 0 0.0707397 148.582 497 463171
1.52077 24.1139 1.20705 24.1672 0.0629827 0.0209824 0.0707397 146.519 486 463171
1.14058 24.1402 0.7 24.1672 0.047213 0 0.0707397 148.957 499 463171
1.14058 24.1349 1.20705 24.1672 0.0472234 0.0209824 0.0707397 146.894 488 463171
1.52077 24.1193 0.7 24.1672 0.0629689 0 -0 155.707 535 463171
1.52077 24.1139 1.20705 24.1672 0.0629827 0.0209824 -0 154.019 526 463171
1.14058 24.1402 0.7 24.1672 0.047213 0 -0 155.894 536 463171
1.14058 24.1349 1.20705 24.1672 0.0472234 0.0209824 -0 154.207 527 463171
1.52077 24.1193 0.7 24.1672 0.0629689 0 -0.0707397 148.207 495 463171
1.14058 24.1402 0.7 24.1672 0.047213 0 -0.0707397 148.394 496 463171
1.14058 24.1349 1.20705 24.1672 0.0472234 0.0209824 -0.0707397 146.707 487 463171
1.53284 24.3107 0.7 24.359 0.0629689 0 0.0707397 149.957 499 463171
1.53284 24.3053 1.21107 24.359 0.0629827 0.0209824 0.0707397 148.644 492 463171
1.14963 24.3318 0.7 24.359 0.047213 0 0.0707397 149.957 499 463171
1.14963 24.3265 1.21107 24.359 0.0472234 0.0209824 0.0707397 148.457 491 463171
1.53284 24.3107 0.7 24.359 0.0629689 0 -0 157.457 539 463171
1.53284 24.3053 1.21107 24.359 0.0629827 0.0209824 -0 156.332 533 463171
1.14963 24.3318 0.7 24.359 0.047213 0 -0 158.019 542 463171
1.14963 24.3265 1.21107 24.359 0.0472234 0.0209824 -0 156.332 533 463171
1.53284 24.3107 0.7 24.359 0.0629689 0 -0.0707397 150.519 502 463171
1.53284 24.3053 1.21107 24.359 0.0629827 0.0209824 -0.0707397 149.582 497 463171
1.14963 24.3318 0.7 24.359 0.047213 0 -0.0707397 151.457 507 463171
1.14963 24.3265 1.21107 24.359 0.0472234 0.0209824 -0.0707397 149.957 499 463171
-15.4159 19.8412 0.7 25.1262 -0.660537 0 -0 134.207 415 463171
-15.8112 19.5277 0.7 25.1262 -0.680617 0 -0 134.019 414 463171
9.09145 23.4237 0.7 25.1262 0.370232 0 -0 135.144 420 463171
11.1523 22.7294 0.7 25.318 0.456145 0 -0 137.019 430 463171
11.1523 22.7046 1.76239 25.318 0.456578 0.041974 -0 138.144 436 463171
11.1523 22.7232 1.23119 25.318 0.456253 0.0209824 -0 139.269 442 463171
10.754 22.9144 1.23119 25.318 0.438799 0.0209824 -0 136.832 429 463171
-16.7014 19.7872 0.7 25.8934 -0.701029 0 0.0707397 135.582 417 463171
-16.294 20.124 0.7 25.8934 -0.680617 0 -0 140.832 445 463171
-16.294 20.1166 0.156735 25.8934 -0.680795 -0.0209824 -0 138.207 431 463171
-16.7014 19.7872 0.7 25.8934 -0.701029 0 -0 142.144 452 463171
-16.7014 19.7797 0.156735 25.8934 -0.701215 -0.0209824 -0 139.519 438 463171
-16.7014 19.7797 1.24327 25.8934 -0.701215 0.0209824 -0 138.957 435 463171
-16.7014 19.7872 0.7 25.8934 -0.701029 0 -0.0707397 135.019 414 463171
-16.4147 20.273 0.7 26.0852 -0.680617 0 0.0707397 141.394 448 463171
-16.4147 20.2656 0.152711 26.0852 -0.680795 -0.0209824 0.0707397 138.582 433 463171
-16.8251 19.9338 0.7 26.0852 -0.701029 0 0.0707397 141.582 449 463171
-16.8251 19.9263 0.152711 26.0852 -0.701215 -0.0209824 0.0707397 139.519 438 463171
-16.4147 20.273 0.7 26.0852 -0.680617 0 -0 149.269 490 463171
-16.4147 20.2656 0.152711 26.0852 -0.680795 -0.0209824 -0 146.457 475 463171
-16.8251 19.9338 0.7 26.0852 -0.701029 0 -0 149.457 491 463171
-16.8251 19.9263 0.152711 26.0852 -0.701215 -0.0209824 -0 147.394 480 463171
-16.4147 20.273 0.7 26.0852 -0.680617 0 -0.0707397 142.894 456 463171
-16.4147 20.2656 0.152711 26.0852 -0.680795 -0.0209824 -0.0707397 140.082 441 463171
-16.8251 19.9338 0.7 26.0852 -0.701029 0 -0.0707397 142.707 455 463171
-16.8251 19.9263 0.152711 26.0852 -0.701215 -0.0209824 -0.0707397 141.019 446 463171
6.71072 25.583 4.05617 26.6606 0.256532 0.12622 -0 136.519 422 463171
6.2913 25.6894 4.05617 26.6606 0.240172 0.12622 -0 138.957 435 463171
6.2913 25.8835 1.81872 26.6606 0.238438 0.041974 -0 136.144 420 463171
6.75899 25.7671 4.08032 26.8524 0.256532 0.12622 -0 140.457 443 463171
6.75899 25.8347 3.51693 26.8524 0.255889 0.105098 -0 141.957 451 463171
6.33656 25.8742 4.08032 26.8524 0.240172 0.12622 -0 140.832 445 463171
6.33656 25.9416 3.51693 26.8524 0.239572 0.105098 -0 142.894 456 463171
6.75899 25.8347 3.51693 26.8524 0.255889 0.105098 -0.0707397 135.019 414 463171
6.33656 25.9416 3.51693 26.8524 0.239572 0.105098 -0.0707397 136.144 420 463171
10.4282 25.5753 0.7 27.6196 0.387164 0 0.0707397 134.707 407 463171
6.5176 26.8146 1.85897 27.6196 0.238438 0.041974 -0 143.894 456 463171
6.5176 26.8334 1.27948 27.6196 0.238277 0.0209824 -0 143.332 453 463171
6.0831 26.9165 1.85897 27.6196 0.222265 0.041974 -0 143.332 453 463171
6.0831 26.9352 1.27948 27.6196 0.222116 0.0209824 -0 142.019 446 463171
10.8627 25.3938 0.7 27.6196 0.404213 0 -0.0707397 133.394 400 463171
10.4282 25.5753 0.7 27.6196 0.387164 0 -0.0707397 134.332 405 463171
6.65339 26.1171 8.98178 28.195 0.249446 0.298128 -0 141.832 445 463171
6.20983 26.2261 8.98178 28.195 0.232498 0.298128 -0 140.707 439 463171
-19.2028 20.9061 0.7 28.3868 -0.742956 0 -0 138.082 425 463171
-19.6494 20.487 0.7 28.3868 -0.764533 0 -0 140.519 438 463171
-19.6494 20.4783 0.10442 28.3868 -0.764744 -0.0209824 -0 139.957 435 463171
3.12603 28.2079 1.29558 28.3868 0.110371 0.0209824 -0 137.332 421 463171
2.73377 28.8329 0.7 28.9622 0.0945316 0 -0 134.957 403 463171
2.73377 28.8265 1.30765 28.9622 0.0945525 0.0209824 -0 136.457 411 463171
3.66917 28.9222 0.7 29.1541 0.126189 0 -0 135.144 404 463171
3.66917 28.9158 1.31168 29.1541 0.126217 0.0209824 -0 134.207 399 463171
2.75188 29.0239 0.7 29.1541 0.0945316 0 -0 137.582 417 463171
2.75188 29.0174 1.31168 29.1541 0.0945525 0.0209824 -0 136.269 410 463171
3.74159 29.4931 0.7 29.7295 0.126189 0 -0 140.207 431 463171
3.74159 29.4865 1.32375 29.7295 0.126217 0.0209824 -0 141.144 436 463171
3.27389 29.5486 0.7 29.7295 0.110346 0 -0 140.207 431 463171
3.27389 29.5421 1.32375 29.7295 0.110371 0.0209824 -0 140.957 435 463171
8.9436 28.5534 0.7 29.9213 0.303544 0 -0 140.019 430 463171
3.29501 29.7327 1.32777 29.9213 0.110371 0.0209824 -0 139.269 426 463171
3.35838 30.3112 0.7 30.4967 0.110346 0 -0 141.582 433 463171
3.35838 30.3044 1.33985 30.4967 0.110371 0.0209824 -0 142.332 437 463171
2.87861 30.3605 0.7 30.4967 0.0945316 0 -0 142.332 437 463171
2.87861 30.3538 1.33985 30.4967 0.0945525 0.0209824 -0 144.019 446 463171
-7.24178 29.8148 0.0561301 30.6885 -0.238277 -0.0209824 0.0707397 137.457 411 463171
6.27621 30.0398 0.7 30.6885 0.205967 0 -0 153.582 497 463171
6.27621 30.0329 1.34387 30.6885 0.206013 0.0209824 -0 153.957 499 463171
5.79342 30.1298 1.34387 30.6885 0.189964 0.0209824 -0 150.957 483 463171
-7.24178 29.8148 0.0561301 30.6885 -0.238277 -0.0209824 -0.0707397 138.019 414 463171
6.84348 30.3091 0.7 31.0721 0.222066 0 0.0707397 155.082 505 463171
6.35466 30.4153 0.7 31.0721 0.205967 0 0.0707397 159.394 528 463171
6.35466 30.4083 1.35192 31.0721 0.206013 0.0209824 0.0707397 159.207 527 463171
5.86584 30.5064 1.35192 31.0721 0.189964 0.0209824 0.0707397 154.519 502 463171
6.84348 30.3091 0.7 31.0721 0.222066 0 -0 162.957 547 463171
6.35466 30.4153 0.7 31.0721 0.205967 0 -0 166.894 568 463171
6.35466 30.4083 1.35192 31.0721 0.206013 0.0209824 -0 166.894 568 463171
6.84348 30.3091 0.7 31.0721 0.222066 0 -0.0707397 156.207 511 463171
6.35466 30.4153 0.7 31.0721 0.205967 0 -0.0707397 160.144 532 463171
6.35466 30.4083 1.35192 31.0721 0.206013 0.0209824 -0.0707397 160.144 532 463171
5.86584 30.5064 1.35192 31.0721 0.189964 0.0209824 -0.0707397 155.457 507 463171
6.88573 30.4962 0.7 31.2639 0.222066 0 -0 153.394 496 463171
6.39389 30.6031 0.7 31.2639 0.205967 0 -0 157.707 519 463171
6.39389 30.5961 1.35594 31.2639 0.206013 0.0209824 -0 157.144 516 463171
6.39389 30.6031 0.7 31.2639 0.205967 0 -0.0707397 151.894 488 463171
6.39389 30.5961 1.35594 31.2639 0.206013 0.0209824 -0.0707397 151.144 484 463171
6.43311 30.7908 0.7 31.4557 0.205967 0 -0 151.894 488 463171
6.43311 30.7838 1.35997 31.4557 0.206013 0.0209824 -0 152.644 492 463171
1.48456 31.4206 0.7 31.4557 0.047213 0 -0 152.644 492 463171
1.52077 32.187 0.7 32.2229 0.047213 0 -0 154.894 504 463171
1.52077 32.1799 0.0239366 32.2229 0.0472234 -0.0209824 -0 153.394 496 463171
1.01385 32.2069 0.7 32.2229 0.0314688 0 -0 152.457 491 463171
1.53888 32.5702 0.7 32.6065 0.047213 0 0.0707397 160.519 534 463171
1.53888 32.563 0.0158883 32.6065 0.0472234 -0.0209824 0.0707397 159.582 529 463171
1.02592 32.5904 0.7 32.6065 0.0314688 0 0.0707397 157.707 519 463171
1.02592 32.5832 0.0158883 32.6065 0.0314757 -0.0209824 0.0707397 156.207 511 463171
1.53888 32.5702 0.7 32.6065 0.047213 0 -0 168.019 574 463171
1.53888 32.563 0.0158883 32.6065 0.0472234 -0.0209824 -0 167.082 569 463171
1.02592 32.5904 0.7 32.6065 0.0314688 0 -0 165.207 559 463171
1.02592 32.5832 0.0158883 32.6065 0.0314757 -0.0209824 -0 163.707 551 463171
1.53888 32.5702 0.7 32.6065 0.047213 0 -0.0707397 160.894 536 463171
1.53888 32.563 0.0158883 32.6065 0.0472234 -0.0209824 -0.0707397 160.144 532 463171
1.02592 32.5904 0.7 32.6065 0.0314688 0 -0.0707397 157.894 520 463171
1.02592 32.5832 0.0158883 32.6065 0.0314757 -0.0209824 -0.0707397 156.582 513 463171
1.54793 32.7618 0.7 32.7983 0.047213 0 -0 158.144 516 463171
1.54793 32.7545 0.0118641 32.7983 0.0472234 -0.0209824 -0 158.894 520 463171
1.03195 32.7821 0.7 32.7983 0.0314688 0 -0 154.582 497 463171
1.03195 32.7748 0.0118641 32.7983 0.0314757 -0.0209824 -0 155.332 501 463171
1.54793 32.7618 0.7 32.7983 0.047213 0 -0.0707397 152.332 485 463171
1.54793 32.7545 0.0118641 32.7983 0.0472234 -0.0209824 -0.0707397 152.894 488 463171
-6.74692 32.2854 0.00783986 32.9901 -0.206013 -0.0209824 0.0707397 138.644 412 463171
-7.26592 32.18 0.7 32.9901 -0.222066 0 0.0707397 137.894 408 463171
-7.26592 32.1726 0.00783986 32.9901 -0.222116 -0.0209824 0.0707397 142.207 431 463171
-22.8357 23.5563 4.1608 32.9901 -0.769868 0.105098 0.0707397 137.707 407 463171
-7.26592 32.1726 0.00783986 32.9901 -0.222116 -0.0209824 -0 149.144 468 463171
1.55698 32.9534 0.7 32.9901 0.047213 0 -0 153.832 493 463171
1.55698 32.9461 0.00783986 32.9901 0.0472234 -0.0209824 -0 152.519 486 463171
-6.74692 32.2854 0.00783986 32.9901 -0.206013 -0.0209824 -0.0707397 139.394 416 463171
-7.26592 32.18 0.7 32.9901 -0.222066 0 -0.0707397 138.082 409 463171
-7.26592 32.1726 0.00783986 32.9901 -0.222116 -0.0209824 -0.0707397 142.394 432 463171
-22.8357 23.5563 4.1608 32.9901 -0.769868 0.105098 -0.0707397 138.832 413 463171
-23.3547 23.0418 4.1608 32.9901 -0.792142 0.105098 -0.0707397 137.707 407 463171
5.28046 32.96 4.22116 33.5655 0.158858 0.105098 0.0707397 136.019 398 463171
5.28046 32.96 4.22116 33.5655 0.158858 0.105098 -0 143.332 437 463171
3.69633 33.175 4.22116 33.5655 0.110961 0.105098 -0 143.332 437 463171
10.0329 31.8369 4.22116 33.5655 0.305283 0.105098 -0.0707397 136.207 399 463171
5.28046 32.96 4.22116 33.5655 0.158858 0.105098 -0.0707397 136.957 403 463171
5.28046 33.0277 3.51693 33.5655 0.158538 0.0840222 -0.0707397 135.832 397 463171
4.75242 33.0403 4.22116 33.5655 0.142857 0.105098 -0.0707397 135.832 397 463171
-16.994 29.1678 0.7 33.7573 -0.52755 0 0.0707397 133.394 384 463171
-16.994 29.1592 1.40826 33.7573 -0.527678 0.0209824 0.0707397 133.207 383 463171
-16.463 29.4708 0.7 33.7573 -0.509437 0 -0 137.707 407 463171
-16.463 29.4623 1.40826 33.7573 -0.50956 0.0209824 -0 139.207 415 463171
-16.994 29.1678 0.7 33.7573 -0.52755 0 -0 139.957 419 463171
-16.994 29.1592 1.40826 33.7573 -0.527678 0.0209824 -0 140.332 421 463171
10.2622 32.5646 4.30165 34.3327 0.305283 0.105098 -0 136.457 395 463171
4.86104 33.7109 5.02198 34.3327 0.143211 0.12622 -0 134.582 385 463171
4.86104 33.7955 4.30165 34.3327 0.142857 0.105098 -0 134.207 383 463171
20.6391 27.6667 -0.0243536 34.5245 0.640929 -0.0209824 -0 136.832 397 463171
-15.7509 30.7222 0.7 34.5245 -0.473746 0 -0 137.394 400 463171
19.0097 28.8197 0.7 34.5245 0.583099 0 -0 137.207 399 463171
19.0097 28.8106 -0.0243536 34.5245 0.583244 -0.0209824 -0 138.707 407 463171
10.3195 32.7465 4.32177 34.5245 0.305283 0.105098 -0 137.582 401 463171
-16.5656 30.9362 1.43643 35.0999 -0.491624 0.0209824 0.0707397 144.332 437 463171
-17.1178 30.6341 1.43643 35.0999 -0.50956 0.0209824 0.0707397 146.019 446 463171
5.52186 34.5375 3.6457 35.0999 0.158538 0.0840222 0.0707397 143.394 432 463171
-16.5656 30.9362 1.43643 35.0999 -0.491624 0.0209824 -0 151.269 474 463171
-17.1178 30.6341 1.43643 35.0999 -0.50956 0.0209824 -0 153.332 485 463171
-16.5656 30.9362 1.43643 35.0999 -0.491624 0.0209824 -0.0707397 144.144 436 463171
-17.1178 30.6341 1.43643 35.0999 -0.50956 0.0209824 -0.0707397 146.207 447 463171
5.52186 34.5375 3.6457 35.0999 0.158538 0.0840222 -0.0707397 143.957 435 463171
5.55203 34.6551 4.40225 35.2917 0.158858 0.105098 0.0707397 138.332 405 463171
4.99683 34.6526 5.1427 35.2917 0.143211 0.12622 0.0707397 138.894 408 463171
4.99683 34.7395 4.40225 35.2917 0.142857 0.105098 0.0707397 140.582 417 463171
4.99683 34.8104 3.6618 35.2917 0.14257 0.0840222 0.0707397 137.582 401 463171
5.55203 34.6551 4.40225 35.2917 0.158858 0.105098 -0 145.644 444 463171
4.99683 34.7395 4.40225 35.2917 0.142857 0.105098 -0 147.519 454 463171
4.99683 34.8104 3.6618 35.2917 0.14257 0.0840222 -0 145.644 444 463171
5.55203 34.6551 4.40225 35.2917 0.158858 0.105098 -0.0707397 140.019 414 463171
5.55203 34.7262 3.6618 35.2917 0.158538 0.0840222 -0.0707397 139.269 410 463171
4.99683 34.7395 4.40225 35.2917 0.142857 0.105098 -0.0707397 140.957 419 463171
4.99683 34.8104 3.6618 35.2917 0.14257 0.0840222 -0.0707397 138.894 408 463171
6.77106 35.0934 3.71009 35.8672 0.190602 0.0840222 0.0707397 140.019 414 463171
6.77106 35.0934 3.71009 35.8672 0.190602 0.0840222 -0 146.582 449 463171
6.20681 35.1976 3.71009 35.8672 0.174548 0.0840222 -0 145.832 445 463171
-17.4919 31.3127 0.7 35.8672 -0.509437 0 -0.0707397 137.019 398 463171
6.77106 35.0934 3.71009 35.8672 0.190602 0.0840222 -0.0707397 139.457 411 463171
6.20681 35.1976 3.71009 35.8672 0.174548 0.0840222 -0.0707397 139.644 412 463171
5.64255 35.2924 3.71009 35.8672 0.158538 0.0840222 -0.0707397 136.644 396 463171
5.67273 35.4085 4.48274 36.059 0.158858 0.105098 0.0707397 135.519 390 463171
5.67273 35.4811 3.72619 36.059 0.158538 0.0840222 0.0707397 138.144 404 463171
6.80727 35.281 3.72619 36.059 0.190602 0.0840222 -0 145.082 441 463171
5.67273 35.4811 3.72619 36.059 0.158538 0.0840222 -0 145.644 444 463171
5.67273 35.4085 4.48274 36.059 0.158858 0.105098 -0.0707397 137.019 398 463171
5.67273 35.4811 3.72619 36.059 0.158538 0.0840222 -0.0707397 139.082 409 463171
1.72897 36.5855 1.46862 36.6344 0.0472234 0.0209824 0.0707397 153.207 479 463171
1.15265 36.6082 1.46862 36.6344 0.0314757 0.0209824 0.0707397 153.582 481 463171
1.72897 36.5855 1.46862 36.6344 0.0472234 0.0209824 -0 160.519 518 463171
1.15265 36.6082 1.46862 36.6344 0.0314757 0.0209824 -0 160.707 519 463171
1.72897 36.5855 1.46862 36.6344 0.0472234 0.0209824 -0.0707397 153.394 480 463171
1.15265 36.6082 1.46862 36.6344 0.0314757 0.0209824 -0.0707397 153.582 481 463171
1.73803 36.777 -0.0726438 36.8262 0.0472234 -0.0209824 0.0707397 153.019 478 463171
1.73803 36.777 1.47264 36.8262 0.0472234 0.0209824 0.0707397 155.269 490 463171
1.15868 36.7998 -0.0726438 36.8262 0.0314757 -0.0209824 0.0707397 151.519 470 463171
1.15868 36.7998 1.47264 36.8262 0.0314757 0.0209824 0.0707397 155.082 489 463171
1.73803 36.777 -0.0726438 36.8262 0.0472234 -0.0209824 -0 160.519 518 463171
1.73803 36.777 1.47264 36.8262 0.0472234 0.0209824 -0 163.144 532 463171
1.15868 36.7998 -0.0726438 36.8262 0.0314757 -0.0209824 -0 159.207 511 463171
1.15868 36.7998 1.47264 36.8262 0.0314757 0.0209824 -0 163.144 532 463171
1.73803 36.777 -0.0726438 36.8262 0.0472234 -0.0209824 -0.0707397 153.582 481 463171
1.73803 36.777 1.47264 36.8262 0.0472234 0.0209824 -0.0707397 156.582 497 463171
1.15868 36.7998 1.47264 36.8262 0.0314757 0.0209824 -0.0707397 156.582 497 463171
-15.2983 34.1298 0.7 37.4016 -0.421388 0 0.0707397 147.394 448 463171
-15.8867 33.8599 0.7 37.4016 -0.438696 0 0.0707397 149.832 461 463171
-15.2983 34.1298 0.7 37.4016 -0.421388 0 -0 154.144 484 463171
-15.8867 33.8599 0.7 37.4016 -0.438696 0 -0 157.144 500 463171
-15.8867 33.8508 -0.0847164 37.4016 -0.438799 -0.0209824 -0 151.894 472 463171
-15.8867 33.8508 1.48472 37.4016 -0.438799 0.0209824 -0 152.644 476 463171
-15.8867 33.8599 0.7 37.4016 -0.438696 0 -0.0707397 150.207 463 463171
-15.3767 34.3048 0.7 37.5934 -0.421388 0 0.0707397 154.707 487 463171
-15.9681 34.0335 0.7 37.5934 -0.438696 0 0.0707397 156.019 494 463171
-15.9681 34.0244 -0.0887406 37.5934 -0.438799 -0.0209824 0.0707397 151.707 471 463171
-15.9681 34.0244 1.48874 37.5934 -0.438799 0.0209824 0.0707397 151.519 470 463171
-15.3767 34.3048 0.7 37.5934 -0.421388 0 -0 162.207 527 463171
-15.9681 34.0335 0.7 37.5934 -0.438696 0 -0 163.332 533 463171
-15.9681 34.0244 -0.0887406 37.5934 -0.438799 -0.0209824 -0 159.207 511 463171
-15.9681 34.0244 1.48874 37.5934 -0.438799 0.0209824 -0 159.019 510 463171
-15.3767 34.3048 0.7 37.5934 -0.421388 0 -0.0707397 154.332 485 463171
-15.9681 34.0335 0.7 37.5934 -0.438696 0 -0.0707397 156.019 494 463171
-15.9681 34.0244 -0.0887406 37.5934 -0.438799 -0.0209824 -0.0707397 151.519 470 463171
-15.9681 34.0244 1.48874 37.5934 -0.438799 0.0209824 -0.0707397 151.519 470 463171
6.00464 37.4802 4.70407 38.1688 0.158858 0.105098 -0 141.207 415 463171
6.00464 37.5572 3.90325 38.1688 0.158538 0.0840222 -0 140.832 413 463171
6.00464 37.4802 4.70407 38.1688 0.158858 0.105098 -0.0707397 135.394 384 463171
6.00464 37.5572 3.90325 38.1688 0.158538 0.0840222 -0.0707397 135.207 383 463171
24.7427 29.3144 0.7 38.3606 0.701029 0 -0 141.019 414 463171
7.24178 37.6364 2.30967 38.3606 0.190091 0.041974 -0 141.019 414 463171
-15.3888 35.9652 -0.120934 39.1278 -0.404307 -0.0209824 -0 143.144 420 463171
-15.6151 36.4941 -0.133007 39.7032 -0.404307 -0.0209824 -0 141.457 411 463171
-6.90383 39.2931 0.7 39.895 -0.173925 0 0.0707397 134.519 374 463171
-6.90383 39.2931 0.7 39.895 -0.173925 0 -0.0707397 134.144 372 463171
-15.3526 37.6429 1.55313 40.6622 -0.387253 0.0209824 0.0707397 138.457 395 463171
-15.9923 37.3756 1.55313 40.6622 -0.404307 0.0209824 0.0707397 139.207 399 463171
-15.3526 37.6526 0.7 40.6622 -0.387164 0 -0 143.144 420 463171
-15.3526 37.6429 1.55313 40.6622 -0.387253 0.0209824 -0 145.582 433 463171
-15.9923 37.3854 0.7 40.6622 -0.404213 0 -0 144.457 427 463171
-15.9923 37.3756 1.55313 40.6622 -0.404307 0.0209824 -0 146.519 438 463171
-15.3526 37.6429 1.55313 40.6622 -0.387253 0.0209824 -0.0707397 137.332 389 463171
-15.9923 37.3756 1.55313 40.6622 -0.404307 0.0209824 -0.0707397 140.144 404 463171
-20.111 35.9908 1.5652 41.2376 -0.50956 0.0209824 0.0707397 134.207 367 463171
-20.7598 35.6206 1.5652 41.2376 -0.527678 0.0209824 0.0707397 134.394 368 463171
-19.4623 36.191 -2.7608 41.2376 -0.493402 -0.0840222 -0 139.457 395 463171
-20.111 35.9908 1.5652 41.2376 -0.50956 0.0209824 -0 140.582 401 463171
-19.5528 36.3593 4.1769 41.4294 -0.493402 0.0840222 0.0707397 134.207 367 463171
-19.5528 36.3593 4.1769 41.4294 -0.493402 0.0840222 -0 141.332 405 463171
-19.5528 36.2657 5.04612 41.4294 -0.494479 0.105098 -0.0707397 134.394 368 463171
-19.5528 36.3593 4.1769 41.4294 -0.493402 0.0840222 -0.0707397 134.582 369 463171
32.3798 26.7573 0.7 42.0049 0.880188 0 -0 135.894 376 463171
31.719 27.5375 0.7 42.0049 0.855848 0 -0 135.707 375 463171
6.60812 41.4724 1.5813 42.0049 0.158009 0.0209824 -0 135.519 374 463171
5.94731 41.5723 1.5813 42.0049 0.142095 0.0209824 -0 134.582 369 463171
-6.6383 41.6712 0.7 42.1967 -0.157974 0 0.0707397 134.394 368 463171
-6.6383 41.6618 1.58532 42.1967 -0.158009 0.0209824 0.0707397 138.894 392 463171
-7.30213 41.56 0.7 42.1967 -0.173925 0 0.0707397 134.207 367 463171
-7.30213 41.5506 1.58532 42.1967 -0.173964 0.0209824 0.0707397 138.332 389 463171
-15.2681 39.3276 1.58532 42.1967 -0.370317 0.0209824 0.0707397 134.582 369 463171
-21.2426 36.449 1.58532 42.1967 -0.527678 0.0209824 0.0707397 134.207 367 463171
-6.6383 41.6618 1.58532 42.1967 -0.158009 0.0209824 -0 146.207 431 463171
-7.30213 41.5506 1.58532 42.1967 -0.173964 0.0209824 -0 146.019 430 463171
-6.6383 41.6618 1.58532 42.1967 -0.158009 0.0209824 -0.0707397 138.519 390 463171
-7.30213 41.56 0.7 42.1967 -0.173925 0 -0.0707397 134.582 369 463171
-7.30213 41.5506 1.58532 42.1967 -0.173964 0.0209824 -0.0707397 138.894 392 463171
-15.2681 39.3276 1.58532 42.1967 -0.370317 0.0209824 -0.0707397 136.832 381 463171
28.9339 31.5004 0.7 42.7721 0.742956 0 0.0707397 138.144 388 463171
28.9339 31.4876 1.59739 42.7721 0.743158 0.0209824 0.0707397 137.207 383 463171
28.261 32.1055 0.7 42.7721 0.721799 0 0.0707397 141.707 407 463171
28.261 32.0929 1.59739 42.7721 0.721993 0.0209824 0.0707397 140.207 399 463171
28.9339 31.5004 0.7 42.7721 0.742956 0 -0 146.957 435 463171
28.9339 31.4876 1.59739 42.7721 0.743158 0.0209824 -0 146.207 431 463171
28.261 32.1055 0.7 42.7721 0.721799 0 -0 150.332 453 463171
28.261 32.0929 1.59739 42.7721 0.721993 0.0209824 -0 149.019 446 463171
28.9339 31.5004 0.7 42.7721 0.742956 0 -0.0707397 142.457 411 463171
28.9339 31.4876 1.59739 42.7721 0.743158 0.0209824 -0.0707397 141.332 405 463171
28.261 32.1055 0.7 42.7721 0.721799 0 -0.0707397 145.457 427 463171
28.261 32.0929 1.59739 42.7721 0.721993 0.0209824 -0.0707397 144.144 420 463171
28.3878 32.2495 0.7 42.9639 0.721799 0 0.0707397 136.832 381 463171
28.3878 32.2369 1.60142 42.9639 0.721993 0.0209824 0.0707397 135.332 373 463171
29.0637 31.6417 0.7 42.9639 0.742956 0 -0 143.207 415 463171
29.0637 31.6288 1.60142 42.9639 0.743158 0.0209824 -0 142.269 410 463171
28.3878 32.2495 0.7 42.9639 0.721799 0 -0 146.394 432 463171
28.3878 32.2369 1.60142 42.9639 0.721993 0.0209824 -0 144.707 423 463171
29.0637 31.6417 0.7 42.9639 0.742956 0 -0.0707397 138.519 390 463171
29.0637 31.6288 1.60142 42.9639 0.743158 0.0209824 -0.0707397 137.582 385 463171
28.3878 32.2495 0.7 42.9639 0.721799 0 -0.0707397 141.894 408 463171
28.3878 32.2369 1.60142 42.9639 0.721993 0.0209824 -0.0707397 140.394 400 463171
6.84952 42.9874 1.61349 43.5393 0.158009 0.0209824 0.0707397 135.957 371 463171
6.16457 43.0619 2.52698 43.5393 0.14219 0.041974 0.0707397 135.394 368 463171
6.16457 43.091 1.61349 43.5393 0.142095 0.0209824 0.0707397 138.394 384 463171
6.84952 42.9874 1.61349 43.5393 0.158009 0.0209824 -0 142.894 408 463171
6.16457 43.0619 2.52698 43.5393 0.14219 0.041974 -0 143.082 409 463171
6.16457 43.091 1.61349 43.5393 0.142095 0.0209824 -0 145.894 424 463171
6.84952 42.9874 1.61349 43.5393 0.158009 0.0209824 -0.0707397 137.082 377 463171
6.16457 43.0619 2.52698 43.5393 0.14219 0.041974 -0.0707397 136.894 376 463171
6.16457 43.091 1.61349 43.5393 0.142095 0.0209824 -0.0707397 139.519 390 463171
28.2067 33.4184 0.7 43.7311 0.701029 0 0.0707397 135.207 367 463171
28.2067 33.4058 1.61751 43.7311 0.701215 0.0209824 0.0707397 136.332 373 463171
6.19172 43.2808 1.61751 43.7311 0.142095 0.0209824 0.0707397 133.894 360 463171
5.50375 43.3737 1.61751 43.7311 0.126217 0.0209824 0.0707397 132.957 355 463171
28.2067 33.4184 0.7 43.7311 0.701029 0 -0.0707397 135.207 367 463171
28.2067 33.4058 1.61751 43.7311 0.701215 0.0209824 -0.0707397 135.394 368 463171
6.87969 43.1768 1.61751 43.7311 0.158009 0.0209824 -0.0707397 132.207 351 463171
6.19172 43.2808 1.61751 43.7311 0.142095 0.0209824 -0.0707397 135.394 368 463171
5.50375 43.3737 1.61751 43.7311 0.126217 0.0209824 -0.0707397 133.332 357 463171
-16.0315 41.3044 0.7 44.3065 -0.370232 0 0.0707397 138.207 383 463171
-16.0315 41.294 -0.229587 44.3065 -0.370317 -0.0209824 0.0707397 136.332 373 463171
-16.7285 41.0271 0.7 44.3065 -0.387164 0 0.0707397 134.269 362 463171
-16.0315 41.3044 0.7 44.3065 -0.370232 0 -0 145.144 420 463171
-16.0315 41.294 -0.229587 44.3065 -0.370317 -0.0209824 -0 143.269 410 463171
-16.0315 41.3044 0.7 44.3065 -0.370232 0 -0.0707397 136.894 376 463171
-16.0315 41.294 -0.229587 44.3065 -0.370317 -0.0209824 -0.0707397 135.957 371 463171
6.27319 43.8207 2.55917 44.3065 0.14219 0.041974 -0.0707397 135.394 368 463171
6.27319 43.8503 1.62959 44.3065 0.142095 0.0209824 -0.0707397 135.207 367 463171
7.00039 43.9343 1.63361 44.4983 0.158009 0.0209824 0.0707397 131.457 347 463171
6.30035 44.05 0.7 44.4983 0.142064 0 0.0707397 132.207 351 463171
6.30035 44.0401 1.63361 44.4983 0.142095 0.0209824 0.0707397 133.519 358 463171
7.00039 43.9343 1.63361 44.4983 0.158009 0.0209824 -0 139.707 391 463171
6.30035 44.05 0.7 44.4983 0.142064 0 -0 138.582 385 463171
6.30035 44.0401 1.63361 44.4983 0.142095 0.0209824 -0 140.082 393 463171
2.10012 44.4487 0.7 44.4983 0.047213 0 -0 138.582 385 463171
2.10012 44.4389 1.63361 44.4983 0.0472234 0.0209824 -0 138.957 387 463171
7.00039 43.9343 1.63361 44.4983 0.158009 0.0209824 -0.0707397 132.582 353 463171
6.30035 44.0401 1.63361 44.4983 0.142095 0.0209824 -0.0707397 132.394 352 463171
0 45.0638 -0.245684 45.0737 0 -0.0209824 0.0707397 143.832 413 463171
-4.96364 44.7996 0.7 45.0737 -0.110346 0 0.0707397 136.144 372 463171
-4.96364 44.7896 1.64568 45.0737 -0.110371 0.0209824 0.0707397 135.207 367 463171
0 45.0737 0.7 45.0737 0 0 -0 150.394 448 463171
0 45.0638 -0.245684 45.0737 0 -0.0209824 -0 152.457 459 463171
-0.709091 45.0681 0.7 45.0737 -0.0157325 0 -0 150.207 447 463171
-0.709091 45.0582 -0.245684 45.0737 -0.0157359 -0.0209824 -0 149.644 444 463171
0 45.0737 0.7 45.0737 0 0 -0.0707397 144.207 415 463171
0 45.0638 -0.245684 45.0737 0 -0.0209824 -0.0707397 146.269 426 463171
-0.709091 45.0681 0.7 45.0737 -0.0157325 0 -0.0707397 143.832 413 463171
-3.56054 45.1253 0.7 45.2655 -0.0787404 0 0.0707397 133.332 357 463171
-3.56054 45.1153 -0.249708 45.2655 -0.0787578 -0.0209824 0.0707397 136.144 372 463171
-4.98476 44.9902 0.7 45.2655 -0.110346 0 0.0707397 136.332 373 463171
-4.98476 44.9802 1.64971 45.2655 -0.110371 0.0209824 0.0707397 133.332 357 463171
0 45.2555 -0.249708 45.2655 0 -0.0209824 -0 146.082 425 463171
-4.98476 44.9902 0.7 45.2655 -0.110346 0 -0 143.082 409 463171
-3.56054 45.1253 0.7 45.2655 -0.0787404 0 -0.0707397 133.332 357 463171
-3.56054 45.1153 -0.249708 45.2655 -0.0787578 -0.0209824 -0.0707397 134.082 361 463171
-4.98476 44.9902 0.7 45.2655 -0.110346 0 -0.0707397 135.957 371 463171
-9.37509 44.872 0.7 45.8409 -0.205967 0 -0.0707397 140.457 395 463171
-20.5304 41.8428 0.7 46.6081 -0.456145 0 0.0707397 133.394 352 463171
-21.2637 41.475 0.7 46.6081 -0.473746 0 0.0707397 135.082 361 463171
-10.9985 45.2918 0.7 46.6081 -0.238224 0 -0 139.582 385 463171
-21.2637 41.475 0.7 46.6081 -0.473746 0 -0 140.144 388 463171
-10.9985 45.2918 0.7 46.6081 -0.238224 0 -0.0707397 133.394 352 463171
-10.9985 45.2813 1.67788 46.6081 -0.238277 0.0209824 -0.0707397 132.644 348 463171
-11.7317 45.1075 0.7 46.6081 -0.254446 0 -0.0707397 131.707 343 463171
-12.5162 45.0952 0.7 46.7999 -0.270736 0 0.0707397 132.082 345 463171
-12.5162 45.0952 0.7 46.7999 -0.270736 0 -0 138.457 379 463171
-21.6137 42.1577 0.7 47.3753 -0.473746 0 0.0707397 132.644 348 463171
-21.6137 42.1577 0.7 47.3753 -0.473746 0 -0 138.082 377 463171
-14.9663 45.1513 0.7 47.5671 -0.320073 0 0.0707397 132.644 348 463171
-15.7147 44.8963 0.7 47.5671 -0.336693 0 0.0707397 132.269 346 463171
-19.4562 43.3946 1.698 47.5671 -0.421486 0.0209824 0.0707397 131.707 343 463171
-14.9663 45.1513 0.7 47.5671 -0.320073 0 -0 139.957 387 463171
-15.7147 44.8963 0.7 47.5671 -0.336693 0 -0 140.144 388 463171
-14.9663 45.1513 0.7 47.5671 -0.320073 0 -0.0707397 133.207 351 463171
-15.7147 44.8963 0.7 47.5671 -0.336693 0 -0.0707397 133.957 355 463171
25.0928 41.2607 -1.32819 48.3344 0.546391 -0.041974 0.0707397 133.207 351 463171
25.0928 41.2607 -1.32819 48.3344 0.546391 -0.041974 -0.0707397 135.082 361 463171
25.0928 41.1984 -2.34229 48.3344 0.547063 -0.0629841 -0.0707397 131.894 344 463171
24.3324 41.7137 -1.32819 48.3344 0.528064 -0.041974 -0.0707397 132.082 345 463171
10.0027 47.865 1.72617 48.9098 0.206013 0.0209824 -0 135.519 358 463171
9.23327 48.0303 0.7 48.9098 0.189921 0 -0 135.332 357 463171
9.23327 48.0194 1.72617 48.9098 0.189964 0.0209824 -0 138.144 372 463171
10.0419 48.0527 1.73019 49.1016 0.206013 0.0209824 0.0707397 137.019 366 463171
9.26948 48.1746 2.76038 49.1016 0.190091 0.041974 0.0707397 137.019 366 463171
9.26948 48.2077 1.73019 49.1016 0.189964 0.0209824 0.0707397 139.269 378 463171
4.63474 48.8823 0.7 49.1016 0.0945316 0 0.0707397 136.832 365 463171
9.26948 48.2077 1.73019 49.1016 0.189964 0.0209824 -0 145.644 412 463171
4.63474 48.8823 0.7 49.1016 0.0945316 0 -0 145.082 409 463171
10.0419 48.0637 0.7 49.1016 0.205967 0 -0.0707397 136.644 364 463171
10.0419 48.0527 1.73019 49.1016 0.206013 0.0209824 -0.0707397 137.394 368 463171
9.26948 48.1746 2.76038 49.1016 0.190091 0.041974 -0.0707397 136.457 363 463171
9.26948 48.2077 1.73019 49.1016 0.189964 0.0209824 -0.0707397 138.894 376 463171
4.63474 48.8823 0.7 49.1016 0.0945316 0 -0.0707397 137.957 371 463171
7.03358 49.1765 0.7 49.677 0.142064 0 -0 133.269 346 463171
34.5191 35.8535 3.83887 49.8688 0.76644 0.0629841 -0 133.082 345 463171
29.0275 40.5365 1.74629 49.8688 0.621438 0.0209824 -0 132.707 343 463171
7.06074 49.322 2.79258 49.8688 0.14219 0.041974 -0 132.707 343 463171
3.92263 49.7143 0.7 49.8688 0.0787404 0 -0 133.082 345 463171
-24.6009 44.0387 0.7 50.4442 -0.509437 0 -0 132.519 342 463171
-24.6009 44.026 1.75836 50.4442 -0.50956 0.0209824 -0 134.394 352 463171
-21.5081 45.8288 1.76239 50.636 -0.438799 0.0209824 -0 132.519 342 463171
4.77957 50.3987 1.76239 50.636 0.0945525 0.0209824 -0 132.519 342 463171
4.02824 51.0527 0.7 51.2114 0.0787404 0 -0 133.082 345 463171
3.22259 51.0986 1.77446 51.2114 0.0629827 0.0209824 -0 134.957 355 463171
2.41694 51.143 1.77446 51.2114 0.0472234 0.0209824 -0 134.019 350 463171
25.8773 44.4146 0.7 51.4032 0.52755 0 -0 133.269 346 463171
25.0686 44.876 0.7 51.4032 0.509437 0 -0 133.457 347 463171
4.85199 51.1737 0.7 51.4032 0.0945316 0 -0 134.957 355 463171
4.04333 51.2439 0.7 51.4032 0.0787404 0 -0 133.457 347 463171
19.6252 48.1313 0.7 51.9786 0.387164 0 -0 133.707 343 463171
19.6252 48.119 1.79055 51.9786 0.387253 0.0209824 -0 134.082 345 463171
4.08859 51.8061 1.79055 51.9786 0.0787578 0.0209824 -0 135.582 353 463171
27.0843 44.5892 0.7 52.1704 0.545856 0 -0 133.519 342 463171
0 52.7458 0.7 52.7458 0 0 0.0707397 147.957 419 463171
0 52.7342 1.80665 52.7458 0 0.0209824 0.0707397 146.457 411 463171
-0.829787 52.7393 0.7 52.7458 -0.0157325 0 0.0707397 147.582 417 463171
-0.829787 52.7277 1.80665 52.7458 -0.0157359 0.0209824 0.0707397 147.207 415 463171
0 52.7458 0.7 52.7458 0 0 -0 155.269 458 463171
0 52.7342 1.80665 52.7458 0 0.0209824 -0 154.707 455 463171
-0.829787 52.7393 0.7 52.7458 -0.0157325 0 -0 155.457 459 463171
-0.829787 52.7277 1.80665 52.7458 -0.0157359 0.0209824 -0 155.457 459 463171
0 52.7458 0.7 52.7458 0 0 -0.0707397 148.332 421 463171
0 52.7342 1.80665 52.7458 0 0.0209824 -0.0707397 148.144 420 463171
-0.829787 52.7393 0.7 52.7458 -0.0157325 0 -0.0707397 148.894 424 463171
-0.829787 52.7277 1.80665 52.7458 -0.0157359 0.0209824 -0.0707397 149.644 428 463171
1.66561 52.8648 2.92135 52.9376 0.0314966 0.041974 0.0707397 139.144 372 463171
1.66561 52.8998 1.81068 52.9376 0.0314757 0.0209824 0.0707397 140.082 377 463171
1.66561 52.8648 2.92135 52.9376 0.0314966 0.041974 -0 146.644 412 463171
1.66561 52.8998 1.81068 52.9376 0.0314757 0.0209824 -0 147.582 417 463171
0.832805 52.8844 2.92135 52.9376 0.0157463 0.041974 -0 145.144 404 463171
0.832805 52.9194 1.81068 52.9376 0.0157359 0.0209824 -0 146.082 409 463171
1.66561 52.8648 2.92135 52.9376 0.0314966 0.041974 -0.0707397 139.332 373 463171
1.66561 52.8998 1.81068 52.9376 0.0314757 0.0209824 -0.0707397 139.707 375 463171
2.52557 53.4534 0.7 53.513 0.047213 0 0.0707397 140.457 379 463171
2.52557 53.4416 1.82275 53.513 0.0472234 0.0209824 0.0707397 139.519 374 463171
1.68371 53.4865 0.7 53.513 0.0314688 0 0.0707397 143.269 394 463171
1.68371 53.4748 1.82275 53.513 0.0314757 0.0209824 0.0707397 142.144 388 463171
-1.68371 53.4865 0.7 53.513 -0.0314688 0 -0.0707397 143.832 397 463171
-1.68371 53.4748 -0.422748 53.513 -0.0314757 -0.0209824 -0.0707397 142.894 392 463171
-2.52557 53.4534 0.7 53.513 -0.047213 0 -0.0707397 142.519 390 463171
1.68371 53.4865 0.7 53.513 0.0314688 0 -0.0707397 142.894 392 463171
1.68371 53.4748 1.82275 53.513 0.0314757 0.0209824 -0.0707397 142.519 390 463171
0.841857 53.4946 1.82275 53.513 0.0157359 0.0209824 -0.0707397 142.332 389 463171
-9.29362 52.8946 0.7 53.7048 -0.173925 0 0.0707397 141.207 383 463171
40.554 35.2077 0.7 53.7048 0.855848 0 0.0707397 137.269 362 463171
-9.29362 52.8946 0.7 53.7048 -0.173925 0 -0 148.332 421 463171
-9.29362 52.8946 0.7 53.7048 -0.173925 0 -0.0707397 142.144 388 463171
40.554 35.2077 0.7 53.7048 0.855848 0 -0.0707397 138.957 371 463171
-11.1795 53.5085 0.7 54.6638 -0.205967 0 0.0707397 135.582 353 463171
-12.8994 53.1201 0.7 54.6638 -0.238224 0 0.0707397 136.894 360 463171
13.7594 52.9038 0.7 54.6638 0.254446 0 0.0707397 137.269 362 463171
13.7594 52.8914 1.84689 54.6638 0.254503 0.0209824 0.0707397 136.144 356 463171
12.8994 53.1077 1.84689 54.6638 0.238277 0.0209824 0.0707397 134.832 349 463171
-12.0395 50.8466 -15.3565 54.6638 -0.232498 -0.298128 -0.141479 136.519 358 463171
-12.8994 53.1201 0.7 54.6638 -0.238224 0 -0.0707397 138.957 371 463171
-13.7594 52.9038 0.7 54.6638 -0.254446 0 -0.0707397 139.519 374 463171
0.865996 55.0285 1.85494 55.0475 0.0157359 0.0209824 0.0707397 140.332 373 463171
0.865996 55.0285 1.85494 55.0475 0.0157359 0.0209824 -0 148.207 415 463171
1.73199 54.9717 -1.60988 55.0475 0.0314966 -0.041974 -0.0707397 141.832 381 463171
0.865996 55.0285 1.85494 55.0475 0.0157359 0.0209824 -0.0707397 141.082 377 463171
-0.869014 55.1838 3.01793 55.2393 -0.0157463 0.041974 0.0707397 136.394 352 463171
-0.869014 55.2203 1.85897 55.2393 -0.0157359 0.0209824 0.0707397 138.269 362 463171
-1.73803 55.1997 1.85897 55.2393 -0.0314757 0.0209824 0.0707397 134.894 344 463171
1.73803 55.1632 -1.61793 55.2393 0.0314966 -0.041974 0.0707397 134.519 342 463171
-0.869014 55.2203 1.85897 55.2393 -0.0157359 0.0209824 -0 145.957 403 463171
0 55.2271 1.85897 55.2393 0 0.0209824 -0.0707397 135.644 348 463171
-0.869014 55.2324 0.7 55.2393 -0.0157325 0 -0.0707397 135.082 345 463171
-0.869014 55.1838 3.01793 55.2393 -0.0157463 0.041974 -0.0707397 136.957 355 463171
-0.869014 55.2203 1.85897 55.2393 -0.0157359 0.0209824 -0.0707397 139.582 369 463171
-1.73803 55.1997 1.85897 55.2393 -0.0314757 0.0209824 -0.0707397 135.457 347 463171
1.73803 55.1632 -1.61793 55.2393 0.0314966 -0.041974 -0.0707397 135.832 349 463171
-13.9525 53.6463 0.7 55.4311 -0.254446 0 0.0707397 136.394 352 463171
-13.9525 53.6337 -0.46299 55.4311 -0.254503 -0.0209824 0.0707397 136.019 350 463171
-13.9525 53.6463 0.7 55.4311 -0.254446 0 -0.0707397 137.707 359 463171
-13.9525 53.6337 -0.46299 55.4311 -0.254503 -0.0209824 -0.0707397 136.957 355 463171
-8.78066 55.1072 -0.471038 55.8147 -0.158009 -0.0209824 0.0707397 144.644 396 463171
-9.65872 54.9601 -0.471038 55.8147 -0.173964 -0.0209824 0.0707397 142.207 383 463171
-8.78066 55.1072 -0.471038 55.8147 -0.158009 -0.0209824 -0 151.207 431 463171
-8.78066 55.1072 -0.471038 55.8147 -0.158009 -0.0209824 -0.0707397 142.957 387 463171
-8.81083 55.2966 -0.475063 56.0065 -0.158009 -0.0209824 0.0707397 140.707 375 463171
-8.81083 55.2966 -0.475063 56.0065 -0.158009 -0.0209824 -0 148.019 414 463171
-8.81083 55.2966 -0.475063 56.0065 -0.158009 -0.0209824 -0.0707397 140.894 376 463171
-8.84101 55.486 -0.479087 56.1983 -0.158009 -0.0209824 0.0707397 136.394 352 463171
-9.72511 55.3379 -0.479087 56.1983 -0.173964 -0.0209824 0.0707397 134.707 343 463171
-12.3774 54.8183 0.7 56.1983 -0.222066 0 -0.0707397 134.519 342 463171
-19.6494 53.2649 0.7 56.7737 -0.353411 0 0.0707397 142.207 383 463171
-19.6494 53.2516 -0.491159 56.7737 -0.353492 -0.0209824 0.0707397 140.519 374 463171
-20.5425 52.9269 0.7 56.7737 -0.370232 0 0.0707397 141.832 381 463171
-20.5425 52.9135 -0.491159 56.7737 -0.370317 -0.0209824 0.0707397 138.644 364 463171
-19.6494 53.2649 0.7 56.7737 -0.353411 0 -0 149.519 422 463171
-19.6494 53.2516 -0.491159 56.7737 -0.353492 -0.0209824 -0 147.644 412 463171
-20.5425 52.9269 0.7 56.7737 -0.370232 0 -0 149.519 422 463171
-20.5425 52.9135 -0.491159 56.7737 -0.370317 -0.0209824 -0 145.957 403 463171
-19.6494 53.2649 0.7 56.7737 -0.353411 0 -0.0707397 141.644 380 463171
-19.6494 53.2516 -0.491159 56.7737 -0.353492 -0.0209824 -0.0707397 139.957 371 463171
-20.5425 52.9269 0.7 56.7737 -0.370232 0 -0.0707397 142.207 383 463171
-20.5425 52.9135 -0.491159 56.7737 -0.370317 -0.0209824 -0.0707397 138.644 364 463171
-18.8196 53.767 0.7 56.9655 -0.336693 0 0.0707397 135.269 346 463171
-19.7157 53.4449 0.7 56.9655 -0.353411 0 0.0707397 140.894 376 463171
-19.7157 53.4315 -0.495183 56.9655 -0.353492 -0.0209824 0.0707397 137.519 358 463171
-20.6119 53.1057 0.7 56.9655 -0.370232 0 0.0707397 139.019 366 463171
-19.7157 53.4449 0.7 56.9655 -0.353411 0 -0.0707397 142.394 384 463171
-19.7157 53.4315 -0.495183 56.9655 -0.353492 -0.0209824 -0.0707397 139.207 367 463171
-20.6119 53.1057 0.7 56.9655 -0.370232 0 -0.0707397 140.519 374 463171
-15.3375 55.247 1.90323 57.3491 -0.270797 0.0209824 -0 139.957 371 463171
-16.2397 54.9491 -1.70646 57.3491 -0.287361 -0.041974 -0 139.207 367 463171
-16.2397 54.9886 1.90323 57.3491 -0.287166 0.0209824 -0 140.894 376 463171
-19.8485 53.8048 0.7 57.3491 -0.353411 0 -0 140.707 375 463171
-19.8485 53.8048 0.7 57.3491 -0.353411 0 -0.0707397 135.082 345 463171
-15.3888 55.3923 -1.71451 57.5409 -0.270981 -0.041974 0.0707397 140.894 376 463171
-16.294 55.1725 -0.507256 57.5409 -0.287166 -0.0209824 0.0707397 140.707 375 463171
-16.294 55.1328 -1.71451 57.5409 -0.287361 -0.041974 0.0707397 145.957 403 463171
-17.1992 54.8572 -1.71451 57.5409 -0.303821 -0.041974 0.0707397 142.207 383 463171
-15.3888 55.3923 -1.71451 57.5409 -0.270981 -0.041974 -0 148.957 419 463171
-16.294 55.1328 -1.71451 57.5409 -0.287361 -0.041974 -0 153.644 444 463171
-17.1992 54.8572 -1.71451 57.5409 -0.303821 -0.041974 -0 149.707 423 463171
-15.3888 55.3923 -1.71451 57.5409 -0.270981 -0.041974 -0.0707397 141.832 381 463171
-16.294 55.1328 -1.71451 57.5409 -0.287361 -0.041974 -0.0707397 146.519 406 463171
-17.1992 54.8572 -1.71451 57.5409 -0.303821 -0.041974 -0.0707397 142.582 385 463171
-8.17416 57.1511 0.7 57.7327 -0.142064 0 0.0707397 134.894 344 463171
-8.17416 57.1383 -0.51128 57.7327 -0.142095 -0.0209824 0.0707397 136.207 351 463171
-8.17416 57.1511 0.7 57.7327 -0.142064 0 -0.0707397 136.207 351 463171
-8.17416 57.1383 -0.51128 57.7327 -0.142095 -0.0209824 -0.0707397 135.644 348 463171
-16.3483 55.3166 -1.72256 57.7327 -0.287361 -0.041974 -0.0707397 138.832 365 463171
-15.5427 55.9994 0.7 58.1163 -0.270736 0 -0 137.332 357 463171
-15.5427 55.9861 1.91933 58.1163 -0.270797 0.0209824 -0 137.707 359 463171
30.1711 49.6561 1.91933 58.1163 0.54599 0.0209824 -0 136.019 350 463171
0 58.3081 0.7 58.3081 0 0 -0 137.332 357 463171
0 58.2953 -0.523353 58.3081 0 -0.0209824 -0 134.894 344 463171
-0.917292 58.3009 0.7 58.3081 -0.0157325 0 -0 135.082 345 463171
44.9473 37.0619 3.14671 58.3081 0.881256 0.041974 -0 134.707 343 463171
-19.2631 55.0342 0.7 58.3081 -0.336693 0 -0 136.582 353 463171
0.917292 58.3009 0.7 58.3081 0.0157325 0 -0 136.582 353 463171
-12.0817 57.7735 3.1789 59.0753 -0.206151 0.041974 -0 135.144 340 463171
-13.0111 57.5714 3.1789 59.0753 -0.222265 0.041974 -0 135.144 340 463171
7.43489 58.5925 1.93945 59.0753 0.126217 0.0209824 -0 135.332 341 463171
-19.7067 56.3015 0.7 59.6507 -0.336693 0 -0 135.144 340 463171
-20.6451 55.9082 3.20304 59.6507 -0.353736 0.041974 -0 136.457 347 463171
-20.6451 55.9502 1.95152 59.6507 -0.353492 0.0209824 -0 135.144 340 463171
30.0292 51.5256 1.95152 59.6507 0.527678 0.0209824 -0 135.519 342 463171
29.0908 52.0612 1.95152 59.6507 0.50956 0.0209824 -0 136.457 347 463171
31.0672 51.131 1.95555 59.8425 0.54599 0.0209824 -0 137.207 351 463171
28.2429 52.7436 1.95555 59.8425 0.491624 0.0209824 -0 138.519 358 463171
30.4155 52.1421 3.23524 60.4179 0.528064 0.041974 -0 136.644 348 463171
30.4155 52.1883 1.96762 60.4179 0.527678 0.0209824 -0 137.957 355 463171
29.465 52.685 3.23524 60.4179 0.50993 0.041974 -0 136.269 346 463171
29.465 52.7308 1.96762 60.4179 0.50956 0.0209824 -0 138.332 357 463171
-30.512 52.354 1.97164 60.6097 -0.527678 0.0209824 -0 134.394 336 463171
30.512 52.3694 0.7 60.6097 0.52755 0 -0 136.082 345 463171
30.512 52.354 1.97164 60.6097 0.527678 0.0209824 -0 138.144 356 463171
29.5585 52.9135 0.7 60.6097 0.509437 0 -0 137.394 352 463171
29.5585 52.8982 1.97164 60.6097 0.50956 0.0209824 -0 138.332 357 463171
-23.1737 56.8341 0.7 61.377 -0.387164 0 -0 137.019 350 463171
29.9327 53.0233 8.42644 61.377 0.513923 0.12622 -0 135.707 343 463171
33.2398 52.4911 2.00384 62.1442 0.564507 0.0209824 -0 138.394 352 463171
37.4008 52.1775 3.39621 64.254 0.621912 0.041974 -0 136.144 340 463171
37.4008 52.2297 2.0481 64.254 0.621438 0.0209824 -0 139.144 356 463171
36.3899 52.9389 2.0481 64.254 0.602216 0.0209824 -0 138.019 350 463171
-46.3353 48.3105 0.7 66.9392 -0.764533 0 -0 136.957 339 463171
13.7684 65.8848 2.11249 67.3228 0.206013 0.0209824 -0 138.644 348 463171
12.7093 66.0519 3.52498 67.3228 0.190091 0.041974 -0 140.144 356 463171
12.7093 66.0972 2.11249 67.3228 0.189964 0.0209824 -0 140.894 360 463171
26.6286 62.2501 0.7 67.7065 0.404213 0 -0 137.519 342 463171
2.1665 68.808 2.14468 68.8573 0.0314757 0.0209824 -0 136.582 337 463171
1.08325 68.8336 2.14468 68.8573 0.0157359 0.0209824 -0 136.582 337 463171
2.17253 68.9997 2.14871 69.0491 0.0314757 0.0209824 -0 138.644 348 463171
1.08627 69.0253 2.14871 69.0491 0.0157359 0.0209824 -0 139.957 355 463171
-2.17857 69.1456 3.60546 69.2409 -0.0314966 0.041974 -0 137.894 344 463171
-12.2477 69.6917 2.18492 70.7753 -0.173964 0.0209824 -0 138.707 343 463171
-13.3611 69.4392 3.66985 70.7753 -0.190091 0.041974 -0 143.207 367 463171
-13.3611 69.4868 2.18492 70.7753 -0.189964 0.0209824 -0 143.207 367 463171
-14.4745 69.2157 3.66985 70.7753 -0.206151 0.041974 -0 140.582 353 463171
-14.4745 69.2635 2.18492 70.7753 -0.206013 0.0209824 -0 139.269 346 463171
2.26306 71.8747 2.20907 71.9261 0.0314757 0.0209824 0.0707397 139.457 347 463171
2.26306 71.8905 0.7 71.9261 0.0314688 0 -0 144.144 372 463171
2.26306 71.8747 2.20907 71.9261 0.0314757 0.0209824 -0 146.394 384 463171
1.13153 71.9014 2.20907 71.9261 0.0157359 0.0209824 -0 142.457 363 463171
2.26306 71.8747 2.20907 71.9261 0.0314757 0.0209824 -0.0707397 139.269 346 463171
3.40364 72.0217 2.21309 72.1179 0.0472234 0.0209824 -0 139.457 347 463171
2.26909 72.0822 0.7 72.1179 0.0314688 0 -0 139.644 348 463171
2.26909 72.0187 3.72619 72.1179 0.0314966 0.041974 -0 140.207 351 463171
2.26909 72.0663 2.21309 72.1179 0.0314757 0.0209824 -0 144.707 375 463171
1.13455 72.0455 3.72619 72.1179 0.0157463 0.041974 -0 140.019 350 463171
1.13455 72.0931 2.21309 72.1179 0.0157359 0.0209824 -0 142.082 361 463171
2.27513 72.2739 0.7 72.3097 0.0314688 0 -0 138.519 342 463171
2.27513 72.258 2.21712 72.3097 0.0314757 0.0209824 -0 141.707 359 463171
1.13756 72.2849 2.21712 72.3097 0.0157359 0.0209824 -0 139.269 346 463171
-10.2924 71.9448 2.22517 72.6933 -0.142095 0.0209824 -0 138.519 342 463171
24.1423 68.9056 3.76643 73.0769 0.337002 0.041974 -0 140.394 352 463171
22.9927 69.2977 3.76643 73.0769 0.320366 0.041974 -0 139.269 346 463171
