1.52983 1.91185 0.22917 2.49344 0.67485 -0.189968 -0 92.3317 389 464390
1.09834 2.40854 0.249291 2.68524 0.427848 -0.168645 -0 97.2067 415 464390
1.26731 2.53734 0.217098 2.87704 0.463219 -0.168645 -0 105.332 437 464390
1.22205 2.55945 0.217098 2.87704 0.445458 -0.168645 -0 104.394 432 464390
1.30352 2.74145 0.249291 3.06885 0.443845 -0.147399 -0 102.144 420 464390
1.30352 2.73008 0.184904 3.06885 0.445458 -0.168645 -0 100.832 413 464390
1.15868 2.80573 0.249291 3.06885 0.391638 -0.147399 -0 102.144 420 464390
0.917292 2.87064 0.120517 3.06885 0.309288 -0.189968 -0 98.5817 401 464390
0.917292 2.85689 0.0561301 3.06885 0.310683 -0.211379 -0 98.5817 401 464390
1.12851 3.03147 0.289533 3.26065 0.356371 -0.12622 0.0707397 99.8942 408 464390
1.12851 3.02142 0.221122 3.26065 0.357458 -0.147399 0.0707397 102.519 422 464390
1.07721 3.04009 0.221122 3.26065 0.340533 -0.147399 0.0707397 98.9567 403 464390
1.12851 3.02142 0.221122 3.26065 0.357458 -0.147399 -0 109.644 460 464390
1.12851 3.03147 0.289533 3.26065 0.356371 -0.12622 -0.0707397 99.3317 405 464390
1.12851 3.02142 0.221122 3.26065 0.357458 -0.147399 -0.0707397 102.332 421 464390
1.07721 3.04009 0.221122 3.26065 0.340533 -0.147399 -0.0707397 98.2067 399 464390
1.79234 2.91857 0.265388 3.45245 0.550734 -0.12622 -0 103.832 429 464390
1.79234 2.90686 0.192952 3.45245 0.552528 -0.147399 -0 102.894 424 464390
1.30352 3.16724 0.265388 3.45245 0.390435 -0.12622 -0 104.207 431 464390
1.94925 3.04476 0.241243 3.64426 0.569452 -0.12622 0.0707397 97.4567 379 464390
1.71992 3.17994 0.241243 3.64426 0.495804 -0.12622 0.0707397 99.8942 392 464390
1.66259 3.21029 0.241243 3.64426 0.477861 -0.12622 0.0707397 98.2067 383 464390
1.4906 3.29367 0.241243 3.64426 0.424985 -0.12622 0.0707397 99.5192 390 464390
1.43327 3.31902 0.241243 3.64426 0.407646 -0.12622 0.0707397 99.8942 392 464390
1.08928 3.44726 0.241243 3.64426 0.306057 -0.12622 0.0707397 99.3317 389 464390
1.94925 3.04476 0.241243 3.64426 0.569452 -0.12622 -0.0707397 97.2692 378 464390
1.71992 3.17994 0.241243 3.64426 0.495804 -0.12622 -0.0707397 99.3317 389 464390
1.4906 3.29367 0.241243 3.64426 0.424985 -0.12622 -0.0707397 98.5817 385 464390
1.43327 3.31902 0.241243 3.64426 0.407646 -0.12622 -0.0707397 99.7067 391 464390
1.44836 3.51915 0.217098 3.83606 0.390435 -0.12622 0.0707397 101.207 399 464390
1.14662 3.6385 0.297581 3.83606 0.305283 -0.105098 0.0707397 103.082 409 464390
1.14662 3.6287 0.217098 3.83606 0.306057 -0.12622 0.0707397 102.894 408 464390
1.08627 3.65697 0.297581 3.83606 0.288739 -0.105098 0.0707397 102.894 408 464390
1.08627 3.64722 0.217098 3.83606 0.289469 -0.12622 0.0707397 102.332 405 464390
1.44836 3.51915 0.217098 3.83606 0.390435 -0.12622 -0.0707397 101.394 400 464390
1.14662 3.6385 0.297581 3.83606 0.305283 -0.105098 -0.0707397 102.332 405 464390
1.14662 3.6287 0.217098 3.83606 0.306057 -0.12622 -0.0707397 101.582 401 464390
1.08627 3.65697 0.297581 3.83606 0.288739 -0.105098 -0.0707397 101.582 401 464390
1.52077 3.70572 0.27746 4.02786 0.389427 -0.105098 0.0707397 104.957 419 464390
1.52077 3.69511 0.192952 4.02786 0.390435 -0.12622 0.0707397 104.207 415 464390
1.45741 3.7311 0.27746 4.02786 0.372386 -0.105098 0.0707397 103.832 413 464390
1.14058 3.83982 0.27746 4.02786 0.288739 -0.105098 0.0707397 103.832 413 464390
1.52077 3.70572 0.27746 4.02786 0.389427 -0.105098 -0.0707397 103.644 412 464390
1.20395 3.82043 0.27746 4.02786 0.305283 -0.105098 -0.0707397 103.082 409 464390
1.14058 3.83982 0.27746 4.02786 0.288739 -0.105098 -0.0707397 103.644 412 464390
1.59319 3.88219 0.257339 4.21967 0.389427 -0.105098 0.0707397 107.582 433 464390
1.19489 4.02267 0.257339 4.21967 0.288739 -0.105098 0.0707397 108.707 439 464390
1.12851 4.04179 0.257339 4.21967 0.272276 -0.105098 0.0707397 107.957 435 464390
1.59319 3.88219 0.257339 4.21967 0.389427 -0.105098 -0 115.269 474 464390
1.19489 4.02267 0.257339 4.21967 0.288739 -0.105098 -0 115.832 477 464390
1.12851 4.04179 0.257339 4.21967 0.272276 -0.105098 -0 115.082 473 464390
1.59319 3.88219 0.257339 4.21967 0.389427 -0.105098 -0.0707397 108.144 436 464390
1.19489 4.02267 0.257339 4.21967 0.288739 -0.105098 -0.0707397 108.144 436 464390
1.12851 4.04179 0.257339 4.21967 0.272276 -0.105098 -0.0707397 107.582 433 464390
1.73501 4.02947 0.237219 4.41147 0.406588 -0.105098 0.0707397 105.707 407 464390
1.66561 4.05865 0.237219 4.41147 0.389427 -0.105098 0.0707397 106.082 409 464390
1.24921 4.20552 0.237219 4.41147 0.288739 -0.105098 0.0707397 105.519 406 464390
1.44836 4.35237 0.313678 4.60327 0.321247 -0.0840222 0.0707397 111.144 436 464390
1.44836 4.34272 0.217098 4.60327 0.321913 -0.105098 0.0707397 111.332 437 464390
1.44836 4.35237 0.313678 4.60327 0.321247 -0.0840222 -0 118.457 475 464390
1.44836 4.34272 0.217098 4.60327 0.321913 -0.105098 -0 118.832 477 464390
1.44836 4.35237 0.313678 4.60327 0.321247 -0.0840222 -0.0707397 111.519 438 464390
1.44836 4.34272 0.217098 4.60327 0.321913 -0.105098 -0.0707397 111.707 439 464390
1.20696 4.62321 0.297581 4.79507 0.255367 -0.0840222 0.0707397 109.082 425 464390
1.20696 4.61334 0.196977 4.79507 0.255889 -0.105098 0.0707397 108.707 423 464390
1.13153 4.64225 0.297581 4.79507 0.239084 -0.0840222 0.0707397 109.082 425 464390
1.13153 4.63242 0.196977 4.79507 0.239572 -0.105098 0.0707397 108.707 423 464390
1.20696 4.62321 0.297581 4.79507 0.255367 -0.0840222 -0 116.394 464 464390
1.20696 4.61334 0.196977 4.79507 0.255889 -0.105098 -0 116.394 464 464390
1.13153 4.64225 0.297581 4.79507 0.239084 -0.0840222 -0 116.394 464 464390
1.13153 4.63242 0.196977 4.79507 0.239572 -0.105098 -0 116.394 464 464390
1.20696 4.62321 0.297581 4.79507 0.255367 -0.0840222 -0.0707397 109.644 428 464390
1.20696 4.61334 0.196977 4.79507 0.255889 -0.105098 -0.0707397 109.644 428 464390
1.13153 4.64225 0.297581 4.79507 0.239084 -0.0840222 -0.0707397 109.832 429 464390
1.13153 4.63242 0.196977 4.79507 0.239572 -0.105098 -0.0707397 109.832 429 464390
1.80441 4.63011 0.281485 4.98688 0.371606 -0.0840222 0.0707397 104.207 399 464390
1.56905 4.71507 0.281485 4.98688 0.321247 -0.0840222 0.0707397 105.894 408 464390
1.56905 4.70461 0.176856 4.98688 0.321913 -0.105098 0.0707397 104.582 401 464390
1.41215 4.76441 0.281485 4.98688 0.288146 -0.0840222 0.0707397 105.707 407 464390
1.33369 4.78697 0.281485 4.98688 0.271719 -0.0840222 0.0707397 108.144 420 464390
1.33369 4.77666 0.176856 4.98688 0.272276 -0.105098 0.0707397 105.332 405 464390
1.33369 4.78697 0.281485 4.98688 0.271719 -0.0840222 -0 115.082 457 464390
1.56905 4.71507 0.281485 4.98688 0.321247 -0.0840222 -0.0707397 105.144 404 464390
1.41215 4.76441 0.281485 4.98688 0.288146 -0.0840222 -0.0707397 103.644 396 464390
1.33369 4.78697 0.281485 4.98688 0.271719 -0.0840222 -0.0707397 107.394 416 464390
1.25524 4.80813 0.281485 4.98688 0.255367 -0.0840222 -0.0707397 104.957 403 464390
1.46646 4.94766 0.265388 5.17868 0.288146 -0.0840222 0.0707397 112.394 432 464390
1.46646 4.93691 0.156735 5.17868 0.288739 -0.105098 0.0707397 108.457 411 464390
1.38499 4.97108 0.265388 5.17868 0.271719 -0.0840222 0.0707397 110.519 422 464390
1.46646 4.94766 0.265388 5.17868 0.288146 -0.0840222 -0 119.332 469 464390
1.38499 4.97108 0.265388 5.17868 0.271719 -0.0840222 -0 118.019 462 464390
1.46646 4.94766 0.265388 5.17868 0.288146 -0.0840222 -0.0707397 112.207 431 464390
1.46646 4.93691 0.156735 5.17868 0.288739 -0.105098 -0.0707397 108.082 409 464390
1.38499 4.97108 0.265388 5.17868 0.271719 -0.0840222 -0.0707397 111.082 425 464390
1.60526 5.1138 0.361968 5.37048 0.304167 -0.0629841 0.0707397 105.832 397 464390
1.60526 5.1051 0.249291 5.37048 0.304653 -0.0840222 0.0707397 109.019 414 464390
1.52077 5.13091 0.249291 5.37048 0.288146 -0.0840222 0.0707397 107.519 406 464390
1.60526 5.1051 0.249291 5.37048 0.304653 -0.0840222 -0 115.582 449 464390
1.52077 5.13091 0.249291 5.37048 0.288146 -0.0840222 -0 114.644 444 464390
1.60526 5.1051 0.249291 5.37048 0.304653 -0.0840222 -0.0707397 108.644 412 464390
1.52077 5.13091 0.249291 5.37048 0.288146 -0.0840222 -0.0707397 108.644 412 464390
1.52077 5.11976 0.136614 5.37048 0.288739 -0.105098 -0.0707397 105.082 393 464390
1.18282 5.21918 0.249291 5.37048 0.222865 -0.0840222 -0.0707397 106.957 403 464390
1.22507 5.41439 0.349896 5.56229 0.222515 -0.0629841 0.0707397 107.519 406 464390
1.22507 5.40558 0.233194 5.56229 0.222865 -0.0840222 0.0707397 110.144 420 464390
1.13756 5.43345 0.349896 5.56229 0.206382 -0.0629841 0.0707397 107.332 405 464390
1.13756 5.42467 0.233194 5.56229 0.206706 -0.0840222 0.0707397 110.332 421 464390
1.22507 5.40558 0.233194 5.56229 0.222865 -0.0840222 -0 116.707 455 464390
1.13756 5.42467 0.233194 5.56229 0.206706 -0.0840222 -0 116.894 456 464390
1.22507 5.40558 0.233194 5.56229 0.222865 -0.0840222 -0.0707397 108.832 413 464390
1.13756 5.42467 0.233194 5.56229 0.206706 -0.0840222 -0.0707397 109.207 415 464390
1.35783 5.57069 0.217098 5.75409 0.239084 -0.0840222 0.0707397 109.957 419 464390
1.26731 5.6011 0.337823 5.75409 0.222515 -0.0629841 0.0707397 110.519 422 464390
1.26731 5.59198 0.217098 5.75409 0.222865 -0.0840222 0.0707397 113.519 438 464390
1.17679 5.61173 0.217098 5.75409 0.206706 -0.0840222 0.0707397 108.269 410 464390
1.35783 5.57069 0.217098 5.75409 0.239084 -0.0840222 -0 116.894 456 464390
1.26731 5.6011 0.337823 5.75409 0.222515 -0.0629841 -0 117.644 460 464390
1.26731 5.59198 0.217098 5.75409 0.222865 -0.0840222 -0 120.644 476 464390
1.17679 5.61173 0.217098 5.75409 0.206706 -0.0840222 -0 115.957 451 464390
1.35783 5.57069 0.217098 5.75409 0.239084 -0.0840222 -0.0707397 109.582 417 464390
1.26731 5.6011 0.337823 5.75409 0.222515 -0.0629841 -0.0707397 110.332 421 464390
1.26731 5.59198 0.217098 5.75409 0.222865 -0.0840222 -0.0707397 113.519 438 464390
1.17679 5.61173 0.217098 5.75409 0.206706 -0.0840222 -0.0707397 108.832 413 464390
1.21602 5.80817 0.325751 5.94589 0.206382 -0.0629841 -0 112.519 422 464390
1.21602 5.79879 0.201001 5.94589 0.206706 -0.0840222 -0 113.457 427 464390
1.12248 5.82697 0.325751 5.94589 0.190303 -0.0629841 -0 110.644 412 464390
1.15868 6.01494 0.313678 6.1377 0.190303 -0.0629841 0.0707397 113.832 429 464390
1.15868 6.00528 0.184904 6.1377 0.190602 -0.0840222 0.0707397 113.644 428 464390
1.06213 6.03274 0.313678 6.1377 0.174275 -0.0629841 0.0707397 110.644 412 464390
1.15868 6.01494 0.313678 6.1377 0.190303 -0.0629841 -0 121.144 468 464390
1.15868 6.00528 0.184904 6.1377 0.190602 -0.0840222 -0 120.957 467 464390
1.06213 6.03274 0.313678 6.1377 0.174275 -0.0629841 -0 118.332 453 464390
1.15868 6.01494 0.313678 6.1377 0.190303 -0.0629841 -0.0707397 113.832 429 464390
1.15868 6.00528 0.184904 6.1377 0.190602 -0.0840222 -0.0707397 113.269 426 464390
1.06213 6.03274 0.313678 6.1377 0.174275 -0.0629841 -0.0707397 111.957 419 464390
2.19064 5.92494 0.301606 6.3295 0.354144 -0.0629841 0.0707397 108.019 398 464390
1.19489 6.20291 0.301606 6.3295 0.190303 -0.0629841 0.0707397 109.707 407 464390
1.19489 6.19295 0.168807 6.3295 0.190602 -0.0840222 0.0707397 109.519 406 464390
1.09532 6.22126 0.301606 6.3295 0.174275 -0.0629841 0.0707397 109.332 405 464390
1.09532 6.21133 0.168807 6.3295 0.174548 -0.0840222 0.0707397 108.019 398 464390
1.19489 6.20291 0.301606 6.3295 0.190303 -0.0629841 -0 117.957 451 464390
1.19489 6.19295 0.168807 6.3295 0.190602 -0.0840222 -0 117.957 451 464390
1.09532 6.22126 0.301606 6.3295 0.174275 -0.0629841 -0 117.582 449 464390
1.19489 6.20291 0.301606 6.3295 0.190303 -0.0629841 -0.0707397 111.019 414 464390
1.19489 6.19295 0.168807 6.3295 0.190602 -0.0840222 -0.0707397 111.394 416 464390
1.09532 6.22126 0.301606 6.3295 0.174275 -0.0629841 -0.0707397 111.207 415 464390
1.09532 6.21133 0.168807 6.3295 0.174548 -0.0840222 -0.0707397 110.082 409 464390
1.74406 6.27034 0.289533 6.5213 0.271288 -0.0629841 0.0707397 114.582 433 464390
1.84665 6.24089 0.289533 6.5213 0.287687 -0.0629841 -0 120.207 463 464390
1.74406 6.27034 0.289533 6.5213 0.271288 -0.0629841 -0 122.269 474 464390
1.74406 6.25988 0.152711 6.5213 0.271719 -0.0840222 -0 119.644 460 464390
1.64147 6.29797 0.289533 6.5213 0.254962 -0.0629841 -0 118.894 456 464390
1.74406 6.27034 0.289533 6.5213 0.271288 -0.0629841 -0.0707397 115.144 436 464390
1.12851 6.39956 0.152711 6.5213 0.174548 -0.0840222 -0.0707397 106.332 389 464390
1.79536 6.46857 0.7 6.7131 0.270736 0 0.0707397 120.707 455 464390
1.68975 6.49696 0.7 6.7131 0.254446 0 0.0707397 122.582 465 464390
1.79536 6.46857 0.7 6.7131 0.270736 0 -0 127.644 492 464390
1.68975 6.49696 0.7 6.7131 0.254446 0 -0 129.332 501 464390
1.68975 6.49544 0.559153 6.7131 0.254503 -0.0209824 -0 124.832 477 464390
1.68975 6.49544 0.840847 6.7131 0.254503 0.0209824 -0 125.207 479 464390
1.79536 6.46857 0.7 6.7131 0.270736 0 -0.0707397 120.332 453 464390
1.68975 6.49696 0.7 6.7131 0.254446 0 -0.0707397 122.207 463 464390
1.95528 6.60801 0.265388 6.90491 0.287687 -0.0629841 0.0707397 121.644 460 464390
1.84665 6.65339 0.7 6.90491 0.270736 0 0.0707397 123.332 469 464390
1.84665 6.63918 0.265388 6.90491 0.271288 -0.0629841 0.0707397 120.332 453 464390
1.73803 6.68259 0.7 6.90491 0.254446 0 0.0707397 124.082 473 464390
1.95528 6.60801 0.265388 6.90491 0.287687 -0.0629841 -0 129.144 500 464390
1.84665 6.65339 0.7 6.90491 0.270736 0 -0 131.207 511 464390
1.73803 6.68259 0.7 6.90491 0.254446 0 -0 132.144 516 464390
1.95528 6.60801 0.265388 6.90491 0.287687 -0.0629841 -0.0707397 122.207 463 464390
1.84665 6.65339 0.7 6.90491 0.270736 0 -0.0707397 124.269 474 464390
1.73803 6.68259 0.7 6.90491 0.254446 0 -0.0707397 125.394 480 464390
1.73803 6.68102 0.555129 6.90491 0.254503 -0.0209824 -0.0707397 121.644 460 464390
1.78631 6.85368 0.253315 7.09671 0.254962 -0.0629841 -0 120.332 453 464390
1.67466 6.88986 0.40221 7.09671 0.238438 -0.041974 -0 121.457 459 464390
1.67466 6.88181 0.253315 7.09671 0.238706 -0.0629841 -0 125.582 481 464390
1.67466 6.87052 0.10442 7.09671 0.239084 -0.0840222 -0 120.519 454 464390
1.56302 6.90802 0.253315 7.09671 0.222515 -0.0629841 -0 123.894 472 464390
1.83458 7.05384 0.7 7.28851 0.254446 0 -0 120.332 453 464390
1.37594 7.14274 0.241243 7.28851 0.190303 -0.0629841 -0 119.394 448 464390
1.88286 7.23947 0.7 7.48032 0.254446 0 -0 122.332 453 464390
1.88286 7.23266 0.386113 7.48032 0.254675 -0.041974 -0 122.894 456 464390
1.76518 7.26228 0.386113 7.48032 0.238438 -0.041974 -0 124.394 464 464390
1.41215 7.33071 0.22917 7.48032 0.190303 -0.0629841 -0 119.707 439 464390
2.84542 7.32366 0.370017 7.86392 0.370574 -0.041974 0.0707397 110.519 390 464390
2.84542 7.31436 0.205025 7.86392 0.371003 -0.0629841 0.0707397 113.144 404 464390
2.47427 7.4481 0.205025 7.86392 0.320732 -0.0629841 0.0707397 115.582 417 464390
1.85571 7.64005 0.535008 7.86392 0.238277 -0.0209824 -0 126.457 475 464390
1.85571 7.63471 0.370017 7.86392 0.238438 -0.041974 -0 126.457 475 464390
1.73199 7.66904 0.535008 7.86392 0.222116 -0.0209824 -0 124.207 463 464390
1.73199 7.66372 0.370017 7.86392 0.222265 -0.041974 -0 124.394 464 464390
2.84542 7.32366 0.370017 7.86392 0.370574 -0.041974 -0.0707397 110.144 388 464390
2.84542 7.31436 0.205025 7.86392 0.371003 -0.0629841 -0.0707397 112.394 400 464390
2.47427 7.4481 0.205025 7.86392 0.320732 -0.0629841 -0.0707397 114.832 413 464390
1.90097 7.8264 0.530984 8.05573 0.238277 -0.0209824 0.0707397 126.269 474 464390
1.90097 7.82092 0.361968 8.05573 0.238438 -0.041974 0.0707397 131.332 501 464390
1.90097 7.81178 0.192952 8.05573 0.238706 -0.0629841 0.0707397 128.144 484 464390
1.77424 7.85064 0.361968 8.05573 0.222265 -0.041974 0.0707397 127.957 483 464390
1.90097 7.8264 0.530984 8.05573 0.238277 -0.0209824 -0 133.957 515 464390
1.90097 7.82092 0.361968 8.05573 0.238438 -0.041974 -0 138.832 541 464390
1.90097 7.81178 0.192952 8.05573 0.238706 -0.0629841 -0 135.644 524 464390
1.77424 7.85064 0.361968 8.05573 0.222265 -0.041974 -0 135.269 522 464390
1.90097 7.8264 0.530984 8.05573 0.238277 -0.0209824 -0.0707397 126.457 475 464390
1.90097 7.82092 0.361968 8.05573 0.238438 -0.041974 -0.0707397 131.519 502 464390
1.90097 7.81178 0.192952 8.05573 0.238706 -0.0629841 -0.0707397 128.519 486 464390
1.77424 7.85064 0.361968 8.05573 0.222265 -0.041974 -0.0707397 128.144 484 464390
1.94623 8.00713 0.35392 8.24753 0.238438 -0.041974 0.0707397 123.707 455 464390
1.94623 8.00713 0.35392 8.24753 0.238438 -0.041974 -0 131.582 497 464390
1.94623 7.99778 0.18088 8.24753 0.238706 -0.0629841 -0 130.082 489 464390
1.81648 8.03756 0.35392 8.24753 0.222265 -0.041974 -0 128.207 479 464390
1.81648 8.02824 0.18088 8.24753 0.222515 -0.0629841 -0 126.894 472 464390
1.94623 8.00713 0.35392 8.24753 0.238438 -0.041974 -0.0707397 125.207 463 464390
1.94623 7.99778 0.18088 8.24753 0.238706 -0.0629841 -0.0707397 123.707 455 464390
1.99149 8.19334 0.345872 8.43933 0.238438 -0.041974 -0 125.207 463 464390
1.32766 8.32672 0.345872 8.43933 0.158115 -0.041974 -0 117.332 421 464390
1.6294 8.4682 0.337823 8.63113 0.190091 -0.041974 -0 121.457 443 464390
1.49362 8.4932 0.337823 8.63113 0.17408 -0.041974 -0 119.582 433 464390
0.452611 9.57101 1.10242 9.59015 0.0472546 0.041974 1.34406 117.457 411 464390
0.301741 9.57695 1.10242 9.59015 0.0314966 0.041974 1.34406 117.082 409 464390
0.452611 9.57101 1.10242 9.59015 0.0472546 0.041974 1.20258 129.644 476 464390
0.452611 9.57735 0.901209 9.59015 0.0472234 0.0209824 1.20258 126.457 459 464390
0.301741 9.57695 1.10242 9.59015 0.0314966 0.041974 1.20258 127.957 467 464390
0.301741 9.58329 0.901209 9.59015 0.0314757 0.0209824 1.20258 124.957 451 464390
0.301741 9.44928 -0.909675 9.59015 0.0319218 -0.168645 1.13184 123.832 445 464390
4.68 7.69546 0.321726 9.01474 0.546391 -0.041974 -0 116.144 404 464390
3.12 8.44914 0.321726 9.01474 0.353736 -0.041974 -0 117.457 411 464390
2.97818 8.50017 0.321726 9.01474 0.337002 -0.041974 -0 117.269 410 464390
4.77957 7.85919 0.313678 9.20654 0.546391 -0.041974 -0 115.207 399 464390
3.76573 8.39229 0.313678 9.20654 0.421783 -0.041974 -0 116.519 406 464390
3.62089 8.4624 0.506839 9.20654 0.404307 -0.0209824 -0 115.019 398 464390
3.62089 8.45579 0.313678 9.20654 0.40459 -0.041974 -0 119.894 424 464390
3.62089 8.44475 0.120517 9.20654 0.405063 -0.0629841 -0 115.957 403 464390
3.47605 8.51635 0.313678 9.20654 0.387523 -0.041974 -0 116.519 406 464390
0.443559 9.25439 -0.877481 9.39835 0.0478929 -0.168645 1.13184 118.207 415 464390
0.295706 9.29173 -0.680296 9.39835 0.0318139 -0.147399 1.13184 118.207 415 464390
0.295706 9.26029 -0.877481 9.39835 0.0319218 -0.168645 1.13184 119.144 420 464390
3.69633 8.6387 0.502815 9.39835 0.404307 -0.0209824 -0 114.457 395 464390
3.69633 8.63195 0.30563 9.39835 0.40459 -0.041974 -0 119.332 421 464390
3.69633 8.62068 0.108445 9.39835 0.405063 -0.0629841 -0 114.457 395 464390
3.54847 8.69378 0.30563 9.39835 0.387523 -0.041974 -0 117.269 410 464390
0.443559 9.37959 1.09437 9.39835 0.0472546 0.041974 1.20258 116.894 408 464390
0.452611 9.54559 1.50484 9.59015 0.0473802 0.0840222 0.919617 121.394 432 464390
0.452611 9.56042 1.30363 9.59015 0.0473068 0.0629841 0.919617 116.894 408 464390
0.301741 9.55155 1.50484 9.59015 0.0315803 0.0840222 0.919617 120.457 427 464390
3.62089 8.87804 0.498791 9.59015 0.387253 -0.0209824 -0 114.457 395 464390
3.62089 8.8712 0.297581 9.59015 0.387523 -0.041974 -0 116.707 407 464390
0.452611 9.54559 1.50484 9.59015 0.0473802 0.0840222 0.990356 129.457 475 464390
0.452611 9.56042 1.30363 9.59015 0.0473068 0.0629841 0.990356 124.957 451 464390
0.301741 9.55155 1.50484 9.59015 0.0315803 0.0840222 0.990356 127.957 467 464390
0.461663 9.76243 1.11047 9.78195 0.0472546 0.041974 1.27332 130.832 477 464390
0.461663 9.7689 0.905234 9.78195 0.0472234 0.0209824 1.27332 129.519 470 464390
0.307776 9.76849 1.11047 9.78195 0.0314966 0.041974 1.27332 128.957 467 464390
0.307776 9.77495 0.905234 9.78195 0.0314757 0.0209824 1.27332 128.019 462 464390
0.461663 9.76243 1.11047 9.78195 0.0472546 0.041974 1.20258 133.457 491 464390
0.461663 9.7689 0.905234 9.78195 0.0472234 0.0209824 1.20258 130.644 476 464390
0.307776 9.76849 1.11047 9.78195 0.0314966 0.041974 1.20258 132.519 486 464390
0.307776 9.77495 0.905234 9.78195 0.0314757 0.0209824 1.20258 130.644 476 464390
0.461663 9.76243 1.11047 9.78195 0.0472546 0.041974 1.34406 121.269 426 464390
0.461663 9.7689 0.905234 9.78195 0.0472234 0.0209824 1.34406 120.894 424 464390
0.307776 9.76849 1.11047 9.78195 0.0314966 0.041974 1.34406 118.082 409 464390
0.307776 9.77495 0.905234 9.78195 0.0314757 0.0209824 1.34406 118.269 410 464390
0.470716 9.82098 -0.974062 9.97375 0.0478929 -0.168645 1.13184 118.457 411 464390
0.470716 9.7404 -1.39258 9.97375 0.0482886 -0.211379 1.13184 118.457 411 464390
0.470716 9.94284 1.32777 9.97375 0.0473068 0.0629841 1.13184 117.894 408 464390
0.470716 9.95385 1.11852 9.97375 0.0472546 0.041974 1.13184 118.832 413 464390
0.31381 9.82725 -0.974062 9.97375 0.0319218 -0.168645 1.13184 119.207 415 464390
0.461663 9.63212 -0.941868 9.78195 0.0478929 -0.168645 1.13184 132.332 485 464390
0.307776 9.67098 -0.736635 9.78195 0.0318139 -0.147399 1.13184 132.519 486 464390
0.307776 9.63826 -0.941868 9.78195 0.0319218 -0.168645 1.13184 133.644 492 464390
0.627621 9.95399 0.7 9.97375 0.0629689 0 0.990356 125.394 448 464390
0.627621 9.91873 -0.137031 9.97375 0.0631921 -0.0840222 0.990356 126.332 453 464390
0.627621 9.89885 -0.346289 9.97375 0.0633187 -0.105098 0.990356 126.144 452 464390
0.470716 9.92742 -0.137031 9.97375 0.0473802 -0.0840222 0.990356 125.957 451 464390
0.470716 9.90755 -0.346289 9.97375 0.0474751 -0.105098 0.990356 125.207 447 464390
0.627621 9.95399 0.7 9.97375 0.0629689 0 1.0611 122.207 431 464390
0.627621 9.91873 -0.137031 9.97375 0.0631921 -0.0840222 1.0611 120.707 423 464390
0.627621 9.89885 -0.346289 9.97375 0.0633187 -0.105098 1.0611 121.269 426 464390
0.470716 9.96264 0.7 9.97375 0.047213 0 1.0611 120.519 422 464390
0.470716 9.90755 -0.346289 9.97375 0.0474751 -0.105098 1.0611 120.707 423 464390
0.319845 10.1516 1.12656 10.1656 0.0314966 0.041974 1.20258 118.457 411 464390
0.479768 10.0439 -0.792973 10.1656 0.0477309 -0.147399 1.13184 120.519 422 464390
0.479768 10.0098 -1.00626 10.1656 0.0478929 -0.168645 1.13184 120.144 420 464390
0.479768 9.92771 -1.43282 10.1656 0.0482886 -0.211379 1.13184 118.269 410 464390
0.319845 10.0502 -0.792973 10.1656 0.0318139 -0.147399 1.13184 121.082 425 464390
0.319845 10.0162 -1.00626 10.1656 0.0319218 -0.168645 1.13184 121.082 425 464390
0.627621 9.91873 -0.137031 9.97375 0.0631921 -0.0840222 0.919617 120.707 423 464390
0.627621 9.89885 -0.346289 9.97375 0.0633187 -0.105098 0.919617 120.519 422 464390
0.470716 9.92742 -0.137031 9.97375 0.0473802 -0.0840222 0.919617 121.644 428 464390
0.470716 9.90755 -0.346289 9.97375 0.0474751 -0.105098 0.919617 120.894 424 464390
0.470716 9.90755 1.74629 9.97375 0.0474751 0.105098 0.919617 119.019 414 464390
0.479768 10.0439 -0.792973 10.1656 0.0477309 -0.147399 1.0611 118.832 413 464390
0.159923 10.1441 1.33985 10.1656 0.0157637 0.0629841 0.707397 119.207 415 464390
0.159923 10.1553 1.12656 10.1656 0.0157463 0.041974 0.707397 117.894 408 464390
-0.156905 9.93733 1.53703 9.97375 -0.0157882 0.0840222 0.636658 115.082 393 464390
0.627621 9.94519 0.281485 9.97375 0.0630244 -0.041974 0.495178 122.207 431 464390
0.627621 9.93417 0.0722269 9.97375 0.0630941 -0.0629841 0.495178 122.582 433 464390
0.470716 9.95385 0.281485 9.97375 0.0472546 -0.041974 0.495178 118.644 412 464390
0 9.93857 1.53703 9.97375 0 0.0840222 0.565918 120.519 422 464390
0.627621 9.94519 0.281485 9.97375 0.0630244 -0.041974 0.565918 122.207 431 464390
0.627621 9.93417 0.0722269 9.97375 0.0630941 -0.0629841 0.565918 122.394 432 464390
0.627621 9.94519 0.281485 9.97375 0.0630244 -0.041974 0.424438 119.957 419 464390
0.627621 9.93417 0.0722269 9.97375 0.0630941 -0.0629841 0.424438 119.957 419 464390
0 10.1454 1.33985 10.1656 0 0.0629841 0.424438 117.519 406 464390
-0.159923 10.1284 1.55313 10.1656 -0.0157882 0.0840222 -0 114.519 390 464390
-0.159923 10.1441 1.33985 10.1656 -0.0157637 0.0629841 -0 118.269 410 464390
0.461663 9.71702 1.72617 9.78195 0.0474751 0.105098 0.919617 123.332 437 464390
0.461663 9.7365 1.52093 9.78195 0.0473802 0.0840222 0.919617 125.207 447 464390
0.307776 9.72311 1.72617 9.78195 0.0316435 0.105098 0.919617 122.207 431 464390
0.307776 9.74258 1.52093 9.78195 0.0315803 0.0840222 0.919617 123.144 436 464390
-2.00054 9.573 0.494766 9.78195 -0.206013 -0.0209824 -0 117.332 405 464390
3.8472 8.9913 0.494766 9.78195 0.404307 -0.0209824 -0 119.582 417 464390
3.8472 8.98427 0.289533 9.78195 0.40459 -0.041974 -0 120.519 422 464390
3.69331 9.0556 0.494766 9.78195 0.387253 -0.0209824 -0 118.832 413 464390
3.69331 9.04862 0.289533 9.78195 0.387523 -0.041974 -0 119.582 417 464390
0.615551 9.76257 0.7 9.78195 0.0629689 0 0.990356 128.019 462 464390
0.461663 9.7365 1.52093 9.78195 0.0473802 0.0840222 0.990356 130.082 473 464390
0.307776 9.74258 1.52093 9.78195 0.0315803 0.0840222 0.990356 128.957 467 464390
-0.156905 9.95274 1.32777 9.97375 -0.0157637 0.0629841 0.282959 115.644 396 464390
-0.156905 9.95274 1.32777 9.97375 -0.0157637 0.0629841 -0 117.707 407 464390
-1.72596 9.82105 0.490742 9.97375 -0.173964 -0.0209824 -0 116.394 400 464390
-2.03977 9.7607 0.490742 9.97375 -0.206013 -0.0209824 -0 119.582 417 464390
-2.19667 9.72659 0.490742 9.97375 -0.222116 -0.0209824 -0 116.582 401 464390
-0.156905 9.95274 1.32777 9.97375 -0.0157637 0.0629841 0.141479 114.894 392 464390
0.639691 10.1364 0.273436 10.1656 0.0630244 -0.041974 0.495178 118.269 410 464390
0.639691 10.1252 0.0601543 10.1656 0.0630941 -0.0629841 0.495178 119.957 419 464390
-0.159923 10.1553 1.12656 10.1656 -0.0157463 0.041974 -0.212219 115.082 393 464390
-0.159923 10.1284 1.55313 10.1656 -0.0157882 0.0840222 0.565918 114.707 391 464390
-0.159923 10.1441 1.33985 10.1656 -0.0157637 0.0629841 0.565918 114.332 389 464390
0.639691 10.1252 0.0601543 10.1656 0.0630941 -0.0629841 0.565918 117.894 408 464390
7.98406 6.58337 0.265388 10.3574 0.881256 -0.041974 0.0707397 116.582 401 464390
-2.28116 10.0937 0.265388 10.3574 -0.222265 -0.041974 -0 119.957 419 464390
-2.4441 10.0555 0.265388 10.3574 -0.238438 -0.041974 -0 120.332 421 464390
7.98406 6.59412 0.482694 10.3574 0.880455 -0.0209824 -0 119.957 419 464390
7.98406 6.58337 0.265388 10.3574 0.881256 -0.041974 -0 123.332 437 464390
-2.3234 10.2806 0.257339 10.5492 -0.222265 -0.041974 -0 121.332 421 464390
-2.48936 10.2417 0.257339 10.5492 -0.238438 -0.041974 -0 121.332 421 464390
8.13192 6.71624 0.47867 10.5492 0.880455 -0.0209824 -0 121.519 422 464390
8.13192 6.70529 0.257339 10.5492 0.881256 -0.041974 -0 124.144 436 464390
5.84774 9.22599 0.241243 10.9328 0.564926 -0.041974 -0 118.332 405 464390
5.95033 9.39655 0.466597 11.1246 0.564507 -0.0209824 -0 121.519 422 464390
5.95033 9.38785 0.233194 11.1246 0.564926 -0.041974 -0 122.644 428 464390
6.05292 9.55856 0.462573 11.3164 0.564507 -0.0209824 0.0707397 123.832 429 464390
6.05292 9.54971 0.225146 11.3164 0.564926 -0.041974 0.0707397 125.144 436 464390
6.05292 9.55856 0.462573 11.3164 0.564507 -0.0209824 -0 131.144 468 464390
6.05292 9.54971 0.225146 11.3164 0.564926 -0.041974 -0 132.457 475 464390
6.05292 9.55856 0.462573 11.3164 0.564507 -0.0209824 -0.0707397 124.019 430 464390
6.05292 9.54971 0.225146 11.3164 0.564926 -0.041974 -0.0707397 125.144 436 464390
6.15551 9.72057 0.458549 11.5082 0.564507 -0.0209824 -0 120.269 410 464390
6.15551 9.71157 0.217098 11.5082 0.564926 -0.041974 -0 121.582 417 464390
5.97447 9.53489 3.11451 11.5082 0.559742 0.211379 -0 121.207 415 464390
5.97447 9.59279 2.87306 11.5082 0.557021 0.189968 -0 123.269 426 464390
9.61045 7.94168 0.7 12.4672 0.880188 0 0.707397 120.332 405 464390
9.61045 7.94168 0.7 12.4672 0.880188 0 0.565918 126.519 438 464390
9.61045 7.93737 0.438428 12.4672 0.880455 -0.0209824 0.565918 123.519 422 464390
9.61045 7.93737 0.961572 12.4672 0.880455 0.0209824 0.565918 122.019 414 464390
9.41431 8.17323 0.7 12.4672 0.855848 0 0.565918 121.269 410 464390
9.61045 7.94168 0.7 12.4672 0.880188 0 0.636658 128.207 447 464390
9.61045 7.93737 0.438428 12.4672 0.880455 -0.0209824 0.636658 124.082 425 464390
9.61045 7.93737 0.961572 12.4672 0.880455 0.0209824 0.636658 125.582 433 464390
9.41431 8.17323 0.7 12.4672 0.855848 0 0.636658 124.082 425 464390
9.46259 7.8195 0.7 12.2754 0.880188 0 0.707397 119.957 403 464390
9.46259 7.81526 0.957548 12.2754 0.880455 0.0209824 0.707397 119.957 403 464390
9.46259 7.8195 0.7 12.2754 0.880188 0 0.636658 126.519 438 464390
9.46259 7.81526 0.957548 12.2754 0.880455 0.0209824 0.636658 125.582 433 464390
9.26948 8.04748 0.7 12.2754 0.855848 0 0.636658 123.519 422 464390
9.26948 8.04336 0.957548 12.2754 0.856101 0.0209824 0.636658 123.332 421 464390
9.46259 7.8195 0.7 12.2754 0.880188 0 0.565918 123.332 421 464390
9.46259 7.81526 0.957548 12.2754 0.880455 0.0209824 0.565918 122.207 415 464390
9.61045 7.94168 0.7 12.4672 0.880188 0 0.495178 119.394 400 464390
9.61045 7.93737 0.438428 12.4672 0.880455 -0.0209824 0.495178 120.332 405 464390
9.41431 7.82685 -1.65415 12.4672 0.877213 -0.189968 0.424438 119.394 400 464390
9.61045 7.83325 2.00786 12.4672 0.88693 0.105098 0.353699 120.519 406 464390
9.41431 8.02113 2.26943 12.4672 0.865134 0.12622 0.353699 119.394 400 464390
9.41431 8.06791 2.00786 12.4672 0.862262 0.105098 0.353699 121.082 409 464390
1.39404 12.5708 0.168807 12.659 0.110444 -0.041974 -0 120.707 407 464390
6.15551 11.4954 0.426355 13.0426 0.491624 -0.0209824 -0 139.519 502 464390
5.95033 11.6029 0.426355 13.0426 0.473858 -0.0209824 -0 137.832 493 464390
6.24604 11.6645 0.422331 13.2344 0.491624 -0.0209824 -0 143.644 524 464390
6.24604 11.6545 0.144662 13.2344 0.491978 -0.041974 -0 140.457 507 464390
6.03783 11.7736 0.422331 13.2344 0.473858 -0.0209824 -0 141.582 513 464390
6.03783 11.7637 0.144662 13.2344 0.474198 -0.041974 -0 138.394 496 464390
6.33656 11.8335 0.418307 13.4262 0.491624 -0.0209824 0.0707397 145.707 535 464390
6.33656 11.8234 0.136614 13.4262 0.491978 -0.041974 0.0707397 142.144 516 464390
6.12534 11.9442 0.418307 13.4262 0.473858 -0.0209824 0.0707397 143.832 525 464390
6.33656 11.8335 0.418307 13.4262 0.491624 -0.0209824 -0 153.207 575 464390
6.33656 11.8234 0.136614 13.4262 0.491978 -0.041974 -0 149.269 554 464390
6.12534 11.9442 0.418307 13.4262 0.473858 -0.0209824 -0 151.144 564 464390
6.33656 11.8335 0.418307 13.4262 0.491624 -0.0209824 -0.0707397 145.707 535 464390
6.33656 11.8234 0.136614 13.4262 0.491978 -0.041974 -0.0707397 142.144 516 464390
6.12534 11.9442 0.418307 13.4262 0.473858 -0.0209824 -0.0707397 143.832 525 464390
6.42708 12.0026 0.414283 13.618 0.491624 -0.0209824 -0 141.082 505 464390
6.42708 11.8382 2.70002 13.618 0.497384 0.147399 -0 139.207 495 464390
6.21284 12.1148 0.414283 13.618 0.473858 -0.0209824 -0 139.019 494 464390
6.21284 11.9007 2.98574 13.618 0.481138 0.168645 -0 137.894 488 464390
6.21284 11.952 2.70002 13.618 0.479374 0.147399 -0 142.019 510 464390
6.5176 12.1716 0.410259 13.8098 0.491624 -0.0209824 -0 138.269 490 464390
6.1193 13.6519 0.7 14.9606 0.421388 0 -0 131.582 449 464390
-7.15126 13.2981 -0.571643 15.1524 -0.493402 -0.0840222 -0 126.207 415 464390
-7.38963 13.2284 0.7 15.1524 -0.509437 0 -0 128.644 428 464390
-7.38963 13.2245 0.382089 15.1524 -0.50956 -0.0209824 -0 128.832 429 464390
-7.38963 13.1671 -0.571643 15.1524 -0.511416 -0.0840222 -0 130.519 438 464390
6.82538 15.2271 0.7 16.6869 0.421388 0 0.0707397 145.582 513 464390
6.56286 15.3421 0.7 16.6869 0.404213 0 0.0707397 149.894 536 464390
6.56286 15.3381 1.0501 16.6869 0.404307 0.0209824 0.0707397 149.707 535 464390
6.82538 15.2271 0.7 16.6869 0.421388 0 -0 152.894 552 464390
6.56286 15.3421 0.7 16.6869 0.404213 0 -0 156.832 573 464390
6.56286 15.3381 1.0501 16.6869 0.404307 0.0209824 -0 156.644 572 464390
6.82538 15.2271 0.7 16.6869 0.421388 0 -0.0707397 145.394 512 464390
6.56286 15.3421 0.7 16.6869 0.404213 0 -0.0707397 149.519 534 464390
6.56286 15.3381 1.0501 16.6869 0.404307 0.0209824 -0.0707397 149.332 533 464390
6.6383 15.5184 0.7 16.8787 0.404213 0 0.0707397 149.707 535 464390
6.6383 15.5144 1.05413 16.8787 0.404307 0.0209824 0.0707397 149.332 533 464390
6.6383 15.5184 0.7 16.8787 0.404213 0 -0 157.394 576 464390
6.6383 15.5144 1.05413 16.8787 0.404307 0.0209824 -0 157.207 575 464390
6.6383 15.5184 0.7 16.8787 0.404213 0 -0.0707397 150.457 539 464390
6.6383 15.5144 1.05413 16.8787 0.404307 0.0209824 -0.0707397 149.894 536 464390
-7.3323 15.6276 0.7 17.2623 -0.438696 0 -0 130.957 435 464390
-7.3323 15.6234 0.337823 17.2623 -0.438799 -0.0209824 -0 135.644 460 464390
-7.3323 15.6108 -0.0243536 17.2623 -0.439109 -0.041974 -0 132.457 443 464390
-7.60387 15.4931 0.337823 17.2623 -0.456253 -0.0209824 -0 133.019 446 464390
6.73486 16.5174 0.7 17.8377 0.387164 0 0.0707397 148.457 523 464390
6.73486 16.5132 0.325751 17.8377 0.387253 -0.0209824 0.0707397 149.019 526 464390
6.45424 16.6291 0.7 17.8377 0.370232 0 0.0707397 146.019 510 464390
6.45424 16.6248 0.325751 17.8377 0.370317 -0.0209824 0.0707397 146.207 511 464390
6.73486 16.5174 0.7 17.8377 0.387164 0 -0 155.582 561 464390
6.73486 16.5132 0.325751 17.8377 0.387253 -0.0209824 -0 156.144 564 464390
6.45424 16.6291 0.7 17.8377 0.370232 0 -0 152.957 547 464390
6.45424 16.6248 0.325751 17.8377 0.370317 -0.0209824 -0 153.332 549 464390
6.73486 16.5174 0.7 17.8377 0.387164 0 -0.0707397 148.269 522 464390
6.73486 16.5132 0.325751 17.8377 0.387253 -0.0209824 -0.0707397 148.832 525 464390
6.45424 16.6291 0.7 17.8377 0.370232 0 -0.0707397 145.269 506 464390
6.45424 16.6248 0.325751 17.8377 0.370317 -0.0209824 -0.0707397 145.832 509 464390
6.80727 16.695 0.7 18.0295 0.387164 0 0.0707397 142.457 491 464390
6.80727 16.6907 0.321726 18.0295 0.387253 -0.0209824 0.0707397 142.832 493 464390
6.80727 16.695 0.7 18.0295 0.387164 0 -0 150.144 532 464390
6.80727 16.6907 0.321726 18.0295 0.387253 -0.0209824 -0 150.519 534 464390
6.52364 16.8079 0.7 18.0295 0.370232 0 -0 147.144 516 464390
6.52364 16.8036 0.321726 18.0295 0.370317 -0.0209824 -0 147.519 518 464390
6.80727 16.695 0.7 18.0295 0.387164 0 -0.0707397 143.582 497 464390
6.80727 16.6907 0.321726 18.0295 0.387253 -0.0209824 -0.0707397 144.144 500 464390
6.87969 16.8726 0.7 18.2213 0.387164 0 -0 146.269 506 464390
6.87969 16.8683 0.317702 18.2213 0.387253 -0.0209824 -0 145.519 502 464390
6.59304 16.9867 0.7 18.2213 0.370232 0 -0 146.269 506 464390
6.59304 16.9824 0.317702 18.2213 0.370317 -0.0209824 -0 145.519 502 464390
3.04758 19.1309 0.7 19.3721 0.157974 0 0.0707397 137.519 454 464390
2.74282 19.1769 0.7 19.3721 0.142064 0 0.0707397 138.082 457 464390
6.46329 18.4654 0.7 19.5639 0.336693 0 -0 152.894 536 464390
6.46329 18.4609 0.289533 19.5639 0.336771 -0.0209824 -0 152.332 533 464390
6.15551 18.5703 0.7 19.5639 0.320073 0 -0 152.144 532 464390
6.15551 18.5658 0.289533 19.5639 0.320146 -0.0209824 -0 151.207 527 464390
7.14824 18.1871 3.60144 19.7557 0.37449 0.147399 -0 143.332 485 464390
5.90507 18.8525 0.7 19.7557 0.303544 0 -0 151.207 527 464390
6.27621 18.9344 0.7 19.9475 0.320073 0 0.0707397 159.644 572 464390
6.27621 18.9298 0.281485 19.9475 0.320146 -0.0209824 0.0707397 155.519 550 464390
6.27621 18.9298 1.11852 19.9475 0.320146 0.0209824 0.0707397 155.707 551 464390
5.9624 19.0356 0.7 19.9475 0.303544 0 0.0707397 159.082 569 464390
5.9624 19.031 0.281485 19.9475 0.303613 -0.0209824 0.0707397 154.957 547 464390
6.27621 18.9344 0.7 19.9475 0.320073 0 -0 166.957 611 464390
6.27621 18.9298 0.281485 19.9475 0.320146 -0.0209824 -0 163.019 590 464390
6.27621 18.9298 1.11852 19.9475 0.320146 0.0209824 -0 163.019 590 464390
5.9624 19.0356 0.7 19.9475 0.303544 0 -0 166.207 607 464390
6.27621 18.9344 0.7 19.9475 0.320073 0 -0.0707397 159.832 573 464390
6.27621 18.9298 0.281485 19.9475 0.320146 -0.0209824 -0.0707397 155.894 552 464390
6.27621 18.9298 1.11852 19.9475 0.320146 0.0209824 -0.0707397 155.519 550 464390
5.9624 19.0356 0.7 19.9475 0.303544 0 -0.0707397 159.082 569 464390
5.9624 19.031 0.281485 19.9475 0.303613 -0.0209824 -0.0707397 155.144 548 464390
6.33656 19.1165 0.7 20.1393 0.320073 0 0.0707397 153.082 537 464390
6.01973 19.2186 0.7 20.1393 0.303544 0 0.0707397 151.957 531 464390
6.33656 19.1165 0.7 20.1393 0.320073 0 -0 161.144 580 464390
6.33656 19.1118 0.27746 20.1393 0.320146 -0.0209824 -0 157.019 558 464390
6.33656 19.1118 1.12254 20.1393 0.320146 0.0209824 -0 157.394 560 464390
6.01973 19.2186 0.7 20.1393 0.303544 0 -0 160.582 577 464390
6.33656 19.1165 0.7 20.1393 0.320073 0 -0.0707397 154.394 544 464390
6.01973 19.2186 0.7 20.1393 0.303544 0 -0.0707397 154.394 544 464390
6.39691 19.2985 0.7 20.3311 0.320073 0 -0 152.707 535 464390
6.07706 19.4016 0.7 20.3311 0.303544 0 -0 151.582 529 464390
1.93718 20.4268 1.13059 20.5229 0.0945525 0.0209824 -0 147.894 504 464390
1.61431 20.4548 1.13059 20.5229 0.0787578 0.0209824 -0 149.019 510 464390
1.95528 20.6222 0.7 20.7147 0.0945316 0 0.0707397 150.519 518 464390
1.95528 20.6177 1.13461 20.7147 0.0945525 0.0209824 0.0707397 153.707 535 464390
1.6294 20.6505 0.7 20.7147 0.0787404 0 0.0707397 151.832 525 464390
1.6294 20.646 1.13461 20.7147 0.0787578 0.0209824 0.0707397 154.082 537 464390
1.95528 20.6177 1.13461 20.7147 0.0945525 0.0209824 -0 161.582 577 464390
1.6294 20.6505 0.7 20.7147 0.0787404 0 -0 159.144 564 464390
1.6294 20.646 1.13461 20.7147 0.0787578 0.0209824 -0 161.394 576 464390
1.95528 20.6222 0.7 20.7147 0.0945316 0 -0.0707397 151.457 523 464390
1.95528 20.6177 1.13461 20.7147 0.0945525 0.0209824 -0.0707397 155.019 542 464390
1.6294 20.6505 0.7 20.7147 0.0787404 0 -0.0707397 151.269 522 464390
1.6294 20.646 1.13461 20.7147 0.0787578 0.0209824 -0.0707397 153.894 536 464390
4.93346 20.3161 0.7 20.9065 0.238224 0 0.0707397 146.957 499 464390
4.93346 20.2971 1.57727 20.9065 0.238438 0.041974 0.0707397 145.082 489 464390
4.93346 20.3114 1.13864 20.9065 0.238277 0.0209824 0.0707397 148.457 507 464390
4.60457 20.3743 1.57727 20.9065 0.222265 0.041974 0.0707397 145.832 493 464390
4.60457 20.3884 1.13864 20.9065 0.222116 0.0209824 0.0707397 146.957 499 464390
4.93346 20.3161 0.7 20.9065 0.238224 0 -0 154.457 539 464390
4.93346 20.3114 1.13864 20.9065 0.238277 0.0209824 -0 156.144 548 464390
4.60457 20.3884 1.13864 20.9065 0.222116 0.0209824 -0 155.019 542 464390
4.93346 20.3161 0.7 20.9065 0.238224 0 -0.0707397 147.707 503 464390
4.93346 20.2971 1.57727 20.9065 0.238438 0.041974 -0.0707397 145.644 492 464390
4.93346 20.3114 1.13864 20.9065 0.238277 0.0209824 -0.0707397 149.394 512 464390
4.60457 20.3743 1.57727 20.9065 0.222265 0.041974 -0.0707397 146.957 499 464390
4.60457 20.3884 1.13864 20.9065 0.222116 0.0209824 -0.0707397 148.082 505 464390
1.97338 20.8086 1.13864 20.9065 0.0945525 0.0209824 -0.0707397 147.332 501 464390
1.99149 21.0041 0.7 21.0983 0.0945316 0 -0 147.332 501 464390
1.99149 20.9995 1.14266 21.0983 0.0945525 0.0209824 -0 151.457 523 464390
1.65957 21.0283 1.14266 21.0983 0.0787578 0.0209824 -0 150.332 517 464390
3.68426 20.9499 1.59337 21.2901 0.17408 0.041974 -0 144.707 487 464390
3.68426 20.9642 1.14668 21.2901 0.173964 0.0209824 -0 143.582 481 464390
3.71745 21.1386 1.60142 21.4819 0.17408 0.041974 0.0707397 146.582 497 464390
3.71745 21.153 1.15071 21.4819 0.173964 0.0209824 0.0707397 148.082 505 464390
3.71745 21.1386 1.60142 21.4819 0.17408 0.041974 -0 154.269 538 464390
3.71745 21.153 1.15071 21.4819 0.173964 0.0209824 -0 155.582 545 464390
3.71745 21.1386 1.60142 21.4819 0.17408 0.041974 -0.0707397 147.144 500 464390
3.71745 21.153 1.15071 21.4819 0.173964 0.0209824 -0.0707397 148.832 509 464390
3.3795 21.2097 1.15071 21.4819 0.158009 0.0209824 -0.0707397 142.644 476 464390
5.15977 21.2431 1.15876 21.8655 0.238277 0.0209824 0.0707397 149.207 511 464390
4.81578 21.3089 1.61751 21.8655 0.222265 0.041974 0.0707397 148.832 509 464390
4.81578 21.3237 1.15876 21.8655 0.222116 0.0209824 0.0707397 154.082 537 464390
4.4718 21.3985 1.15876 21.8655 0.206013 0.0209824 0.0707397 149.582 513 464390
5.15977 21.2431 1.15876 21.8655 0.238277 0.0209824 -0 156.332 549 464390
4.81578 21.3089 1.61751 21.8655 0.222265 0.041974 -0 156.332 549 464390
4.81578 21.3237 1.15876 21.8655 0.222116 0.0209824 -0 161.394 576 464390
4.4718 21.3985 1.15876 21.8655 0.206013 0.0209824 -0 156.707 551 464390
5.15977 21.2431 1.15876 21.8655 0.238277 0.0209824 -0.0707397 148.644 508 464390
4.81578 21.3089 1.61751 21.8655 0.222265 0.041974 -0.0707397 149.394 512 464390
4.81578 21.3237 1.15876 21.8655 0.222116 0.0209824 -0.0707397 154.082 537 464390
4.4718 21.3985 1.15876 21.8655 0.206013 0.0209824 -0.0707397 149.582 513 464390
4.85803 21.5107 1.16278 22.0573 0.222116 0.0209824 0.0707397 149.082 505 464390
5.20503 21.4294 1.16278 22.0573 0.238277 0.0209824 -0 153.019 526 464390
4.85803 21.5157 0.7 22.0573 0.222066 0 -0 150.957 515 464390
4.85803 21.4958 1.62556 22.0573 0.222265 0.041974 -0 151.332 517 464390
4.85803 21.5107 1.16278 22.0573 0.222116 0.0209824 -0 157.332 549 464390
4.51103 21.5862 1.16278 22.0573 0.206013 0.0209824 -0 152.082 521 464390
5.20503 21.4294 1.16278 22.0573 0.238277 0.0209824 -0.0707397 146.457 491 464390
4.85803 21.5107 1.16278 22.0573 0.222116 0.0209824 -0.0707397 151.144 516 464390
8.05045 20.7364 1.16681 22.2491 0.370317 0.0209824 0.0707397 135.207 431 464390
8.05045 20.7206 1.63361 22.2491 0.370574 0.041974 -0 141.207 463 464390
8.05045 20.7364 1.16681 22.2491 0.370317 0.0209824 -0 142.707 471 464390
4.90027 21.6978 1.16681 22.2491 0.222116 0.0209824 -0 147.019 494 464390
2.80015 22.0722 0.7 22.2491 0.126189 0 -0 141.957 467 464390
2.80015 22.0673 1.16681 22.2491 0.126217 0.0209824 -0 141.394 464 464390
8.05045 20.7364 1.16681 22.2491 0.370317 0.0209824 -0.0707397 135.957 435 464390
1.79536 22.7538 0.7 22.8246 0.0787404 0 0.0707397 154.957 531 464390
1.79536 22.7488 1.17888 22.8246 0.0787578 0.0209824 0.0707397 151.019 510 464390
1.43629 22.7793 0.7 22.8246 0.0629689 0 0.0707397 154.207 527 464390
1.79536 22.7538 0.7 22.8246 0.0787404 0 -0 162.269 570 464390
1.79536 22.7488 1.17888 22.8246 0.0787578 0.0209824 -0 158.332 549 464390
1.43629 22.7793 0.7 22.8246 0.0629689 0 -0 161.519 566 464390
1.79536 22.7538 0.7 22.8246 0.0787404 0 -0.0707397 155.144 532 464390
1.79536 22.7488 1.17888 22.8246 0.0787578 0.0209824 -0.0707397 151.582 513 464390
1.43629 22.7793 0.7 22.8246 0.0629689 0 -0.0707397 154.957 531 464390
1.43629 22.7743 1.17888 22.8246 0.0629827 0.0209824 -0.0707397 151.207 511 464390
1.81044 22.945 0.7 23.0164 0.0787404 0 0.0707397 154.207 527 464390
1.81044 22.94 1.1829 23.0164 0.0787578 0.0209824 0.0707397 150.457 507 464390
1.44836 22.9707 0.7 23.0164 0.0629689 0 0.0707397 153.269 522 464390
1.81044 22.945 0.7 23.0164 0.0787404 0 -0 162.269 570 464390
1.81044 22.94 1.1829 23.0164 0.0787578 0.0209824 -0 158.519 550 464390
1.44836 22.9707 0.7 23.0164 0.0629689 0 -0 161.707 567 464390
1.44836 22.9657 1.1829 23.0164 0.0629827 0.0209824 -0 157.957 547 464390
1.81044 22.945 0.7 23.0164 0.0787404 0 -0.0707397 156.082 537 464390
1.81044 22.94 1.1829 23.0164 0.0787578 0.0209824 -0.0707397 152.707 519 464390
1.44836 22.9707 0.7 23.0164 0.0629689 0 -0.0707397 155.707 535 464390
1.44836 22.9657 1.1829 23.0164 0.0629827 0.0209824 -0.0707397 152.332 517 464390
-14.8456 18.3352 0.7 23.5918 -0.680617 0 0.0707397 137.894 440 464390
-14.8456 18.3285 0.205025 23.5918 -0.680795 -0.0209824 0.0707397 136.394 432 464390
-15.2168 18.0283 0.7 23.5918 -0.701029 0 0.0707397 134.519 422 464390
-14.8456 18.3352 0.7 23.5918 -0.680617 0 -0 145.207 479 464390
-14.8456 18.3285 0.205025 23.5918 -0.680795 -0.0209824 -0 143.332 469 464390
-14.8456 18.3352 0.7 23.5918 -0.680617 0 -0.0707397 138.832 445 464390
-14.8456 18.3285 0.205025 23.5918 -0.680795 -0.0209824 -0.0707397 136.394 432 464390
-15.2168 18.0283 0.7 23.5918 -0.701029 0 -0.0707397 135.457 427 464390
-7.10901 22.6908 0.201001 23.7836 -0.303613 -0.0209824 0.0707397 135.457 427 464390
-14.5922 18.781 0.7 23.7836 -0.660537 0 0.0707397 137.519 438 464390
-14.9663 18.4842 0.7 23.7836 -0.680617 0 0.0707397 138.644 444 464390
-14.9663 18.4775 0.201001 23.7836 -0.680795 -0.0209824 0.0707397 136.394 432 464390
-14.5922 18.781 0.7 23.7836 -0.660537 0 -0 145.582 481 464390
-14.9663 18.4842 0.7 23.7836 -0.680617 0 -0 146.707 487 464390
-14.5922 18.781 0.7 23.7836 -0.660537 0 -0.0707397 139.207 447 464390
-14.9663 18.4842 0.7 23.7836 -0.680617 0 -0.0707397 140.894 456 464390
-14.9663 18.4775 0.201001 23.7836 -0.680795 -0.0209824 -0.0707397 137.894 440 464390
-13.4124 20.3275 1.21107 24.359 -0.583244 0.0209824 -0 136.269 426 464390
-13.7956 20.0759 0.7 24.359 -0.602065 0 -0 139.269 442 464390
-13.7956 20.0694 1.21107 24.359 -0.602216 0.0209824 -0 139.832 445 464390
-14.1788 19.8071 0.7 24.359 -0.621281 0 -0 137.394 432 464390
-13.7956 20.0694 1.21107 24.359 -0.602216 0.0209824 -0.0707397 134.019 414 464390
10.0419 22.4031 0.7 24.5508 0.421388 0 -0 137.019 430 464390
9.65571 22.5723 0.7 24.5508 0.404213 0 -0 136.832 429 464390
1.54491 24.4967 1.2151 24.5508 0.0629827 0.0209824 -0 140.207 447 464390
9.48673 23.2664 0.7 25.1262 0.387164 0 -0 134.207 415 464390
9.09145 23.4237 0.7 25.1262 0.370232 0 -0 135.144 420 464390
11.1523 22.7046 1.76239 25.318 0.456578 0.041974 -0 139.457 443 464390
11.1523 22.7232 1.23119 25.318 0.456253 0.0209824 -0 139.269 442 464390
10.754 22.8959 1.76239 25.318 0.439109 0.041974 -0 137.582 433 464390
10.754 22.9144 1.23119 25.318 0.438799 0.0209824 -0 137.582 433 464390
-16.7014 19.7872 0.7 25.8934 -0.701029 0 0.0707397 135.582 417 464390
-16.294 20.124 0.7 25.8934 -0.680617 0 -0 141.207 447 464390
-16.294 20.1166 0.156735 25.8934 -0.680795 -0.0209824 -0 138.582 433 464390
-16.7014 19.7872 0.7 25.8934 -0.701029 0 -0 142.519 454 464390
-16.7014 19.7797 0.156735 25.8934 -0.701215 -0.0209824 -0 140.457 443 464390
-16.7014 19.7797 1.24327 25.8934 -0.701215 0.0209824 -0 138.582 433 464390
-16.7014 19.7872 0.7 25.8934 -0.701029 0 -0.0707397 136.144 420 464390
-16.4147 20.273 0.7 26.0852 -0.680617 0 0.0707397 141.957 451 464390
-16.4147 20.2656 0.152711 26.0852 -0.680795 -0.0209824 0.0707397 139.332 437 464390
-16.8251 19.9338 0.7 26.0852 -0.701029 0 0.0707397 142.144 452 464390
-16.8251 19.9263 0.152711 26.0852 -0.701215 -0.0209824 0.0707397 140.269 442 464390
-16.4147 20.273 0.7 26.0852 -0.680617 0 -0 149.832 493 464390
-16.4147 20.2656 0.152711 26.0852 -0.680795 -0.0209824 -0 147.207 479 464390
-16.8251 19.9338 0.7 26.0852 -0.701029 0 -0 150.207 495 464390
-16.8251 19.9263 0.152711 26.0852 -0.701215 -0.0209824 -0 148.144 484 464390
-16.4147 20.273 0.7 26.0852 -0.680617 0 -0.0707397 143.269 458 464390
-16.4147 20.2656 0.152711 26.0852 -0.680795 -0.0209824 -0.0707397 141.019 446 464390
-16.8251 19.9338 0.7 26.0852 -0.701029 0 -0.0707397 143.644 460 464390
-16.8251 19.9263 0.152711 26.0852 -0.701215 -0.0209824 -0.0707397 141.957 451 464390
6.71072 25.583 4.05617 26.6606 0.256532 0.12622 -0 136.519 422 464390
6.2913 25.6894 4.05617 26.6606 0.240172 0.12622 -0 138.207 431 464390
6.2913 25.8835 1.81872 26.6606 0.238438 0.041974 -0 136.144 420 464390
5.87188 25.9819 1.81872 26.6606 0.222265 0.041974 -0 135.582 417 464390
6.75899 25.8347 3.51693 26.8524 0.255889 0.105098 -0 141.582 449 464390
6.33656 25.9416 3.51693 26.8524 0.239572 0.105098 -0 142.519 454 464390
-15.5336 22.6051 0.7 27.4278 -0.602065 0 -0 133.394 400 464390
-15.9651 22.3025 0.7 27.4278 -0.621281 0 -0 136.582 417 464390
-15.9651 22.2951 0.124541 27.4278 -0.621438 -0.0209824 -0 133.957 403 464390
-16.3966 21.9872 0.7 27.4278 -0.640765 0 -0 136.019 414 464390
10.4282 25.5753 0.7 27.6196 0.387164 0 0.0707397 136.207 415 464390
10.4282 25.5753 0.7 27.6196 0.387164 0 -0 143.332 453 464390
6.5176 26.8146 1.85897 27.6196 0.238438 0.041974 -0 143.707 455 464390
6.5176 26.8334 1.27948 27.6196 0.238277 0.0209824 -0 143.332 453 464390
6.0831 26.9165 1.85897 27.6196 0.222265 0.041974 -0 143.144 452 464390
10.8627 25.3938 0.7 27.6196 0.404213 0 -0.0707397 135.082 409 464390
10.4282 25.5753 0.7 27.6196 0.387164 0 -0.0707397 136.394 416 464390
-16.4117 22.9263 0.7 28.195 -0.621281 0 -0 138.644 428 464390
11.089 25.9229 0.7 28.195 0.404213 0 -0 139.957 435 464390
10.6454 26.1081 0.7 28.195 0.387164 0 -0 140.894 440 464390
6.65339 26.1171 8.98178 28.195 0.249446 0.298128 -0 141.644 444 464390
6.20983 26.2261 8.98178 28.195 0.232498 0.298128 -0 140.894 440 464390
10.6454 26.1081 0.7 28.195 0.387164 0 -0.0707397 135.082 409 464390
-16.0768 23.3955 0.7 28.3868 -0.602065 0 -0 140.707 439 464390
-16.5233 23.0823 0.7 28.3868 -0.621281 0 -0 140.707 439 464390
-19.6494 20.487 0.7 28.3868 -0.764533 0 -0 140.519 438 464390
-15.947 24.1765 0.7 28.9622 -0.583099 0 -0 139.644 428 464390
-16.4026 23.8698 0.7 28.9622 -0.602065 0 -0 138.894 424 464390
2.73377 28.8265 1.30765 28.9622 0.0945525 0.0209824 -0 136.082 409 464390
2.27814 28.8661 1.30765 28.9622 0.0787578 0.0209824 -0 136.644 412 464390
-16.0526 24.3366 0.7 29.1541 -0.583099 0 -0 145.644 460 464390
-16.0526 24.329 1.31168 29.1541 -0.583244 0.0209824 -0 143.394 448 464390
-16.5113 24.0278 0.7 29.1541 -0.602065 0 -0 141.707 439 464390
-16.5113 24.0201 1.31168 29.1541 -0.602216 0.0209824 -0 141.144 436 464390
-16.0526 24.3366 0.7 29.1541 -0.583099 0 -0.0707397 139.082 425 464390
-15.9017 25.1192 0.7 29.7295 -0.564368 0 -0 141.144 436 464390
-16.3694 24.817 0.7 29.7295 -0.583099 0 -0 143.207 447 464390
-16.3694 24.8091 0.076251 29.7295 -0.583244 -0.0209824 -0 141.144 436 464390
3.74159 29.4865 1.32375 29.7295 0.126217 0.0209824 -0 141.144 436 464390
3.27389 29.5421 1.32375 29.7295 0.110371 0.0209824 -0 140.957 435 464390
8.9436 28.5534 0.7 29.9213 0.303544 0 -0 140.207 431 464390
3.35838 30.3112 0.7 30.4967 0.110346 0 -0 141.957 435 464390
3.35838 30.3044 1.33985 30.4967 0.110371 0.0209824 -0 142.707 439 464390
2.87861 30.3605 0.7 30.4967 0.0945316 0 -0 142.519 438 464390
2.87861 30.3538 1.33985 30.4967 0.0945525 0.0209824 -0 144.207 447 464390
-6.75899 29.928 0.0561301 30.6885 -0.222116 -0.0209824 0.0707397 135.957 403 464390
-7.24178 29.8148 0.0561301 30.6885 -0.238277 -0.0209824 0.0707397 137.832 413 464390
6.27621 30.0398 0.7 30.6885 0.205967 0 -0 153.394 496 464390
6.27621 30.0329 1.34387 30.6885 0.206013 0.0209824 -0 153.582 497 464390
5.79342 30.1298 1.34387 30.6885 0.189964 0.0209824 -0 150.582 481 464390
-7.24178 29.8148 0.0561301 30.6885 -0.238277 -0.0209824 -0.0707397 138.582 417 464390
6.84348 30.3091 0.7 31.0721 0.222066 0 0.0707397 155.269 506 464390
6.35466 30.4153 0.7 31.0721 0.205967 0 0.0707397 159.394 528 464390
6.35466 30.4083 1.35192 31.0721 0.206013 0.0209824 0.0707397 159.207 527 464390
6.84348 30.3091 0.7 31.0721 0.222066 0 -0 162.957 547 464390
6.35466 30.4153 0.7 31.0721 0.205967 0 -0 166.894 568 464390
6.35466 30.4083 1.35192 31.0721 0.206013 0.0209824 -0 166.894 568 464390
6.84348 30.3091 0.7 31.0721 0.222066 0 -0.0707397 156.019 510 464390
6.35466 30.4153 0.7 31.0721 0.205967 0 -0.0707397 160.144 532 464390
6.35466 30.4083 1.35192 31.0721 0.206013 0.0209824 -0.0707397 160.144 532 464390
6.88573 30.4962 0.7 31.2639 0.222066 0 -0 153.394 496 464390
6.39389 30.6031 0.7 31.2639 0.205967 0 -0 157.707 519 464390
6.39389 30.5961 1.35594 31.2639 0.206013 0.0209824 -0 156.957 515 464390
6.39389 30.6031 0.7 31.2639 0.205967 0 -0.0707397 151.707 487 464390
6.39389 30.5961 1.35594 31.2639 0.206013 0.0209824 -0.0707397 150.957 483 464390
6.43311 30.7908 0.7 31.4557 0.205967 0 -0 152.082 489 464390
6.43311 30.7838 1.35997 31.4557 0.206013 0.0209824 -0 152.644 492 464390
4.03126 31.5982 4.0602 32.0311 0.126893 0.105098 -0 140.082 425 464390
3.02344 31.7106 4.0602 32.0311 0.0950577 0.105098 -0 142.707 439 464390
3.04155 31.9004 4.08032 32.2229 0.0950577 0.105098 -0 147.207 463 464390
2.53462 31.9447 4.08032 32.2229 0.0791782 0.105098 -0 149.644 476 464390
1.52077 32.1799 0.0239366 32.2229 0.0472234 -0.0209824 -0 149.269 474 464390
2.05184 32.5347 0.0158883 32.6065 0.0629827 -0.0209824 0.0707397 151.707 487 464390
1.53888 32.5702 0.7 32.6065 0.047213 0 0.0707397 156.207 511 464390
1.53888 32.563 0.0158883 32.6065 0.0472234 -0.0209824 0.0707397 156.582 513 464390
1.53888 32.5702 0.7 32.6065 0.047213 0 -0 163.707 551 464390
1.53888 32.563 0.0158883 32.6065 0.0472234 -0.0209824 -0 163.894 552 464390
1.02592 32.5904 0.7 32.6065 0.0314688 0 -0 159.207 527 464390
1.02592 32.5832 0.0158883 32.6065 0.0314757 -0.0209824 -0 159.394 528 464390
1.53888 32.5702 0.7 32.6065 0.047213 0 -0.0707397 156.957 515 464390
1.53888 32.563 0.0158883 32.6065 0.0472234 -0.0209824 -0.0707397 157.144 516 464390
1.02592 32.5904 0.7 32.6065 0.0314688 0 -0.0707397 152.832 493 464390
1.02592 32.5832 0.0158883 32.6065 0.0314757 -0.0209824 -0.0707397 153.207 495 464390
4.64379 32.2851 4.14068 32.7983 0.142857 0.105098 0.0707397 138.457 411 464390
2.06391 32.7261 0.0118641 32.7983 0.0629827 -0.0209824 -0 151.957 483 464390
1.54793 32.7618 0.7 32.7983 0.047213 0 -0 155.894 504 464390
1.54793 32.7545 0.0118641 32.7983 0.0472234 -0.0209824 -0 156.832 509 464390
1.03195 32.7748 0.0118641 32.7983 0.0314757 -0.0209824 -0 151.957 483 464390
1.54793 32.7618 0.7 32.7983 0.047213 0 -0.0707397 150.269 474 464390
1.54793 32.7545 0.0118641 32.7983 0.0472234 -0.0209824 -0.0707397 151.019 478 464390
-6.74692 32.2854 0.00783986 32.9901 -0.206013 -0.0209824 0.0707397 137.894 408 464390
-7.26592 32.18 0.7 32.9901 -0.222066 0 0.0707397 136.957 403 464390
-7.26592 32.1726 0.00783986 32.9901 -0.222116 -0.0209824 0.0707397 141.457 427 464390
-7.26592 32.1502 -0.68432 32.9901 -0.222265 -0.041974 0.0707397 135.644 396 464390
-7.78491 32.051 0.00783986 32.9901 -0.238277 -0.0209824 0.0707397 135.644 396 464390
-7.26592 32.1726 0.00783986 32.9901 -0.222116 -0.0209824 -0 149.332 469 464390
1.55698 32.9534 0.7 32.9901 0.047213 0 -0 149.332 469 464390
1.55698 32.9461 0.00783986 32.9901 0.0472234 -0.0209824 -0 149.332 469 464390
-6.74692 32.2854 0.00783986 32.9901 -0.206013 -0.0209824 -0.0707397 139.207 415 464390
-7.26592 32.18 0.7 32.9901 -0.222066 0 -0.0707397 137.707 407 464390
-7.26592 32.1726 0.00783986 32.9901 -0.222116 -0.0209824 -0.0707397 142.394 432 464390
5.28046 32.96 4.22116 33.5655 0.158858 0.105098 0.0707397 136.019 398 464390
4.75242 33.0403 4.22116 33.5655 0.142857 0.105098 0.0707397 134.519 390 464390
4.22437 33.1119 4.22116 33.5655 0.126893 0.105098 0.0707397 133.957 387 464390
3.69633 33.175 4.22116 33.5655 0.110961 0.105098 0.0707397 136.207 399 464390
5.28046 32.96 4.22116 33.5655 0.158858 0.105098 -0 143.332 437 464390
3.69633 33.175 4.22116 33.5655 0.110961 0.105098 -0 143.519 438 464390
10.0329 31.8369 4.22116 33.5655 0.305283 0.105098 -0.0707397 135.832 397 464390
5.28046 32.96 4.22116 33.5655 0.158858 0.105098 -0.0707397 136.019 398 464390
4.75242 33.0403 4.22116 33.5655 0.142857 0.105098 -0.0707397 135.082 393 464390
4.22437 33.1119 4.22116 33.5655 0.126893 0.105098 -0.0707397 133.207 383 464390
3.69633 33.175 4.22116 33.5655 0.110961 0.105098 -0.0707397 135.082 393 464390
-16.463 29.4708 0.7 33.7573 -0.509437 0 0.0707397 130.207 367 464390
-16.463 29.4623 1.40826 33.7573 -0.50956 0.0209824 0.0707397 131.332 373 464390
-16.994 29.1678 0.7 33.7573 -0.52755 0 0.0707397 132.644 380 464390
-16.994 29.1592 1.40826 33.7573 -0.527678 0.0209824 0.0707397 133.019 382 464390
-16.463 29.4623 1.40826 33.7573 -0.50956 0.0209824 -0 138.832 413 464390
-16.994 29.1678 0.7 33.7573 -0.52755 0 -0 139.207 415 464390
-16.994 29.1592 1.40826 33.7573 -0.527678 0.0209824 -0 140.144 420 464390
-16.463 29.4623 1.40826 33.7573 -0.50956 0.0209824 -0.0707397 130.957 371 464390
-16.994 29.1678 0.7 33.7573 -0.52755 0 -0.0707397 131.519 374 464390
-16.994 29.1592 1.40826 33.7573 -0.527678 0.0209824 -0.0707397 132.457 379 464390
10.2622 32.5646 4.30165 34.3327 0.305283 0.105098 -0 136.269 394 464390
4.86104 33.7109 5.02198 34.3327 0.143211 0.12622 -0 134.957 387 464390
4.86104 33.7955 4.30165 34.3327 0.142857 0.105098 -0 134.582 385 464390
3.78081 34.1239 0.7 34.3327 0.110346 0 -0 133.082 377 464390
3.78081 34.1163 1.42033 34.3327 0.110371 0.0209824 -0 133.269 378 464390
-17.1178 30.6341 1.43643 35.0999 -0.50956 0.0209824 0.0707397 144.707 439 464390
5.52186 34.5375 3.6457 35.0999 0.158538 0.0840222 0.0707397 144.519 438 464390
-17.1178 30.6341 1.43643 35.0999 -0.50956 0.0209824 -0 152.582 481 464390
5.52186 34.5375 3.6457 35.0999 0.158538 0.0840222 -0 151.269 474 464390
-16.5656 30.9362 1.43643 35.0999 -0.491624 0.0209824 -0.0707397 144.144 436 464390
-17.1178 30.6341 1.43643 35.0999 -0.50956 0.0209824 -0.0707397 146.019 446 464390
5.52186 34.5375 3.6457 35.0999 0.158538 0.0840222 -0.0707397 143.957 435 464390
5.55203 34.6551 4.40225 35.2917 0.158858 0.105098 0.0707397 137.957 403 464390
4.99683 34.6526 5.1427 35.2917 0.143211 0.12622 0.0707397 138.894 408 464390
4.99683 34.7395 4.40225 35.2917 0.142857 0.105098 0.0707397 140.394 416 464390
4.99683 34.8104 3.6618 35.2917 0.14257 0.0840222 0.0707397 137.394 400 464390
4.99683 34.7395 4.40225 35.2917 0.142857 0.105098 -0 146.957 451 464390
-7.21764 34.5379 -0.0404503 35.2917 -0.206013 -0.0209824 -0.0707397 135.894 392 464390
5.55203 34.6551 4.40225 35.2917 0.158858 0.105098 -0.0707397 137.957 403 464390
4.99683 34.6526 5.1427 35.2917 0.143211 0.12622 -0.0707397 136.644 396 464390
4.99683 34.7395 4.40225 35.2917 0.142857 0.105098 -0.0707397 139.644 412 464390
4.99683 34.8104 3.6618 35.2917 0.14257 0.0840222 -0.0707397 137.019 398 464390
6.77106 35.0934 3.71009 35.8672 0.190602 0.0840222 0.0707397 138.894 408 464390
6.20681 35.1976 3.71009 35.8672 0.174548 0.0840222 0.0707397 138.332 405 464390
5.64255 35.2924 3.71009 35.8672 0.158538 0.0840222 0.0707397 135.519 390 464390
6.77106 35.0934 3.71009 35.8672 0.190602 0.0840222 -0 146.019 446 464390
6.20681 35.1976 3.71009 35.8672 0.174548 0.0840222 -0 145.644 444 464390
6.77106 35.0934 3.71009 35.8672 0.190602 0.0840222 -0.0707397 138.332 405 464390
6.20681 35.1976 3.71009 35.8672 0.174548 0.0840222 -0.0707397 138.519 406 464390
5.64255 35.2924 3.71009 35.8672 0.158538 0.0840222 -0.0707397 134.957 387 464390
6.80727 35.281 3.72619 36.059 0.190602 0.0840222 0.0707397 138.332 405 464390
5.67273 35.4085 4.48274 36.059 0.158858 0.105098 0.0707397 135.894 392 464390
5.67273 35.4811 3.72619 36.059 0.158538 0.0840222 0.0707397 139.269 410 464390
7.37455 35.1668 3.72619 36.059 0.206706 0.0840222 -0 144.332 437 464390
6.80727 35.281 3.72619 36.059 0.190602 0.0840222 -0 145.082 441 464390
5.67273 35.4811 3.72619 36.059 0.158538 0.0840222 -0 145.644 444 464390
5.67273 35.4085 4.48274 36.059 0.158858 0.105098 -0.0707397 134.957 387 464390
5.67273 35.4811 3.72619 36.059 0.158538 0.0840222 -0.0707397 137.582 401 464390
1.72897 36.5935 0.7 36.6344 0.047213 0 0.0707397 148.144 452 464390
1.72897 36.5855 -0.0686197 36.6344 0.0472234 -0.0209824 0.0707397 148.519 454 464390
1.15265 36.6162 0.7 36.6344 0.0314688 0 0.0707397 146.832 445 464390
1.15265 36.6082 -0.0686197 36.6344 0.0314757 -0.0209824 0.0707397 146.832 445 464390
1.72897 36.5935 0.7 36.6344 0.047213 0 -0 154.519 486 464390
1.72897 36.5855 -0.0686197 36.6344 0.0472234 -0.0209824 -0 155.457 491 464390
1.15265 36.6162 0.7 36.6344 0.0314688 0 -0 153.207 479 464390
1.15265 36.6082 -0.0686197 36.6344 0.0314757 -0.0209824 -0 153.957 483 464390
1.72897 36.5935 0.7 36.6344 0.047213 0 -0.0707397 146.644 444 464390
1.72897 36.5855 -0.0686197 36.6344 0.0472234 -0.0209824 -0.0707397 147.957 451 464390
1.15265 36.6162 0.7 36.6344 0.0314688 0 -0.0707397 145.707 439 464390
1.15265 36.6082 -0.0686197 36.6344 0.0314757 -0.0209824 -0.0707397 147.207 447 464390
1.73803 36.7851 0.7 36.8262 0.047213 0 0.0707397 151.332 469 464390
1.73803 36.777 -0.0726438 36.8262 0.0472234 -0.0209824 0.0707397 151.894 472 464390
1.15868 36.8079 0.7 36.8262 0.0314688 0 0.0707397 150.207 463 464390
1.15868 36.7998 -0.0726438 36.8262 0.0314757 -0.0209824 0.0707397 150.207 463 464390
1.73803 36.7851 0.7 36.8262 0.047213 0 -0 158.644 508 464390
1.73803 36.777 -0.0726438 36.8262 0.0472234 -0.0209824 -0 159.394 512 464390
1.15868 36.8079 0.7 36.8262 0.0314688 0 -0 157.144 500 464390
1.15868 36.7998 -0.0726438 36.8262 0.0314757 -0.0209824 -0 157.707 503 464390
1.73803 36.7851 0.7 36.8262 0.047213 0 -0.0707397 151.332 469 464390
1.73803 36.777 -0.0726438 36.8262 0.0472234 -0.0209824 -0.0707397 152.457 475 464390
1.15868 36.8079 0.7 36.8262 0.0314688 0 -0.0707397 149.832 461 464390
1.15868 36.7998 -0.0726438 36.8262 0.0314757 -0.0209824 -0.0707397 151.144 468 464390
-15.8867 33.8599 0.7 37.4016 -0.438696 0 0.0707397 148.519 454 464390
-15.2983 34.1298 0.7 37.4016 -0.421388 0 -0 153.957 483 464390
-15.8867 33.8599 0.7 37.4016 -0.438696 0 -0 156.957 499 464390
-15.8867 33.8508 -0.0847164 37.4016 -0.438799 -0.0209824 -0 151.707 471 464390
-15.8867 33.8508 1.48472 37.4016 -0.438799 0.0209824 -0 152.269 474 464390
-15.8867 33.8599 0.7 37.4016 -0.438696 0 -0.0707397 150.582 465 464390
-15.3767 34.3048 0.7 37.5934 -0.421388 0 0.0707397 153.582 481 464390
-15.9681 34.0335 0.7 37.5934 -0.438696 0 0.0707397 154.894 488 464390
-15.9681 34.0244 -0.0887406 37.5934 -0.438799 -0.0209824 0.0707397 150.582 465 464390
-15.9681 34.0244 1.48874 37.5934 -0.438799 0.0209824 0.0707397 150.582 465 464390
-15.3767 34.3048 0.7 37.5934 -0.421388 0 -0 162.019 526 464390
-15.9681 34.0335 0.7 37.5934 -0.438696 0 -0 163.332 533 464390
-15.9681 34.0244 -0.0887406 37.5934 -0.438799 -0.0209824 -0 159.207 511 464390
-15.9681 34.0244 1.48874 37.5934 -0.438799 0.0209824 -0 159.019 510 464390
-15.3767 34.3048 0.7 37.5934 -0.421388 0 -0.0707397 155.644 492 464390
-15.9681 34.0335 0.7 37.5934 -0.438696 0 -0.0707397 157.144 500 464390
-15.9681 34.0244 -0.0887406 37.5934 -0.438799 -0.0209824 -0.0707397 153.019 478 464390
-15.9681 34.0244 1.48874 37.5934 -0.438799 0.0209824 -0.0707397 152.457 475 464390
6.00464 37.4802 4.70407 38.1688 0.158858 0.105098 0.0707397 131.269 362 464390
6.00464 37.5572 3.90325 38.1688 0.158538 0.0840222 0.0707397 130.894 360 464390
6.00464 37.4802 4.70407 38.1688 0.158858 0.105098 -0 139.707 407 464390
6.00464 37.4802 4.70407 38.1688 0.158858 0.105098 -0.0707397 134.082 377 464390
6.00464 37.5572 3.90325 38.1688 0.158538 0.0840222 -0.0707397 132.957 371 464390
7.24178 37.6364 2.30967 38.3606 0.190091 0.041974 -0 139.519 406 464390
6.03482 37.7459 3.91935 38.3606 0.158538 0.0840222 -0.0707397 131.269 362 464390
5.43133 37.8374 3.91935 38.3606 0.14257 0.0840222 -0.0707397 129.582 353 464390
5.5128 38.5351 1.51691 38.936 0.142095 0.0209824 0.0707397 128.332 341 464390
4.28774 38.6992 0.7 38.936 0.110346 0 -0.0707397 129.269 346 464390
4.28774 38.6906 1.51691 38.936 0.110371 0.0209824 -0.0707397 130.394 352 464390
5.53996 38.7249 1.52093 39.1278 0.142095 0.0209824 0.0707397 130.019 350 464390
-15.3888 35.9652 -0.120934 39.1278 -0.404307 -0.0209824 -0 142.957 419 464390
6.15551 38.6319 1.52093 39.1278 0.158009 0.0209824 -0.0707397 130.582 353 464390
5.53996 38.7336 0.7 39.1278 0.142064 0 -0.0707397 129.269 346 464390
5.53996 38.7249 1.52093 39.1278 0.142095 0.0209824 -0.0707397 130.019 350 464390
4.30886 38.8812 1.52093 39.1278 0.110371 0.0209824 -0.0707397 129.082 345 464390
-21.2365 33.5049 2.36601 39.7032 -0.564926 0.041974 0.0707397 128.519 342 464390
4.99683 39.3787 1.53301 39.7032 0.126217 0.0209824 0.0707397 129.082 345 464390
-15.6151 36.5036 0.7 39.7032 -0.404213 0 -0 142.394 416 464390
-13.7413 37.2495 0.7 39.7032 -0.353411 0 -0.0707397 135.082 377 464390
-21.8611 33.1427 0.7 39.7032 -0.583099 0 -0.0707397 129.082 345 464390
-6.90383 39.2931 0.7 39.895 -0.173925 0 0.0707397 134.332 373 464390
-6.90383 39.2842 -0.137031 39.895 -0.173964 -0.0209824 0.0707397 130.394 352 464390
-6.90383 39.2842 1.53703 39.895 -0.173964 0.0209824 0.0707397 130.582 353 464390
-7.53145 39.1777 0.7 39.895 -0.189921 0 0.0707397 131.332 357 464390
6.27621 39.3894 1.53703 39.895 0.158009 0.0209824 0.0707397 129.832 349 464390
-6.90383 39.2931 0.7 39.895 -0.173925 0 -0.0707397 134.519 374 464390
-15.0629 36.9421 0.7 39.895 -0.387164 0 -0.0707397 139.207 399 464390
-15.6905 36.68 0.7 39.895 -0.404213 0 -0.0707397 138.269 394 464390
-20.3735 34.9682 0.7 40.4704 -0.52755 0 0.0707397 128.519 342 464390
-20.3735 34.9579 1.5491 40.4704 -0.527678 0.0209824 0.0707397 128.519 342 464390
6.36673 39.9304 2.39821 40.4704 0.158115 0.041974 -0.0707397 130.207 351 464390
6.36673 39.9575 1.5491 40.4704 0.158009 0.0209824 -0.0707397 130.207 351 464390
5.09339 40.1397 1.5491 40.4704 0.126217 0.0209824 -0.0707397 128.894 344 464390
-15.3526 37.6429 1.55313 40.6622 -0.387253 0.0209824 0.0707397 139.394 400 464390
-15.9923 37.3756 1.55313 40.6622 -0.404307 0.0209824 0.0707397 140.519 406 464390
-15.3526 37.6526 0.7 40.6622 -0.387164 0 -0 142.957 419 464390
-15.3526 37.6429 1.55313 40.6622 -0.387253 0.0209824 -0 145.019 430 464390
-15.9923 37.3854 0.7 40.6622 -0.404213 0 -0 144.644 428 464390
-15.9923 37.3756 1.55313 40.6622 -0.404307 0.0209824 -0 146.519 438 464390
-19.8304 35.4989 0.7 40.6622 -0.509437 0 -0.0707397 130.582 353 464390
-19.8304 35.4886 1.55313 40.6622 -0.50956 0.0209824 -0.0707397 132.082 361 464390
-20.4701 35.1339 0.7 40.6622 -0.52755 0 -0.0707397 129.269 346 464390
-20.4701 35.1236 1.55313 40.6622 -0.527678 0.0209824 -0.0707397 130.582 353 464390
-19.4623 36.191 -2.7608 41.2376 -0.493402 -0.0840222 0.0707397 133.457 363 464390
-19.4623 36.0978 -3.626 41.2376 -0.494479 -0.105098 0.0707397 132.519 358 464390
-20.111 35.9908 1.5652 41.2376 -0.50956 0.0209824 0.0707397 131.394 352 464390
-20.7598 35.6206 1.5652 41.2376 -0.527678 0.0209824 0.0707397 131.207 351 464390
-19.4623 36.191 -2.7608 41.2376 -0.493402 -0.0840222 -0.0707397 133.269 362 464390
-19.4623 36.0978 -3.626 41.2376 -0.494479 -0.105098 -0.0707397 132.894 360 464390
-19.4623 36.0978 5.026 41.2376 -0.494479 0.105098 -0.0707397 131.582 353 464390
-20.111 35.9908 1.5652 41.2376 -0.50956 0.0209824 -0.0707397 133.269 362 464390
-20.7598 35.6206 1.5652 41.2376 -0.527678 0.0209824 -0.0707397 132.144 356 464390
-19.5528 36.3593 4.1769 41.4294 -0.493402 0.0840222 0.0707397 131.582 353 464390
6.5176 40.9043 1.56922 41.4294 0.158009 0.0209824 0.0707397 130.082 345 464390
5.86584 41.0029 1.56922 41.4294 0.142095 0.0209824 0.0707397 129.894 344 464390
-19.5528 36.2657 5.04612 41.4294 -0.494479 0.105098 -0.0707397 133.082 361 464390
-19.5528 36.3593 4.1769 41.4294 -0.493402 0.0840222 -0.0707397 135.144 372 464390
-20.8563 35.6276 4.1769 41.4294 -0.529614 0.0840222 -0.0707397 131.957 355 464390
3.91056 41.2445 0.7 41.4294 0.0945316 0 -0.0707397 131.019 350 464390
32.3798 26.7573 0.7 42.0049 0.880188 0 0.0707397 130.082 345 464390
31.719 27.5375 0.7 42.0049 0.855848 0 0.0707397 129.519 342 464390
-6.6383 41.6618 1.58532 42.1967 -0.158009 0.0209824 0.0707397 139.082 393 464390
-7.30213 41.5506 1.58532 42.1967 -0.173964 0.0209824 0.0707397 138.894 392 464390
-6.6383 41.6618 1.58532 42.1967 -0.158009 0.0209824 -0 146.207 431 464390
-7.30213 41.5506 1.58532 42.1967 -0.173964 0.0209824 -0 146.207 431 464390
-6.6383 41.6618 1.58532 42.1967 -0.158009 0.0209824 -0.0707397 138.519 390 464390
-7.30213 41.5506 1.58532 42.1967 -0.173964 0.0209824 -0.0707397 138.519 390 464390
28.9339 31.5004 0.7 42.7721 0.742956 0 0.0707397 138.144 388 464390
28.9339 31.4876 1.59739 42.7721 0.743158 0.0209824 0.0707397 136.832 381 464390
28.261 32.1055 0.7 42.7721 0.721799 0 0.0707397 141.332 405 464390
28.261 32.0929 1.59739 42.7721 0.721993 0.0209824 0.0707397 139.832 397 464390
28.9339 31.5004 0.7 42.7721 0.742956 0 -0 147.707 439 464390
28.9339 31.4876 1.59739 42.7721 0.743158 0.0209824 -0 146.582 433 464390
28.261 32.1055 0.7 42.7721 0.721799 0 -0 150.519 454 464390
28.261 32.0929 1.59739 42.7721 0.721993 0.0209824 -0 149.207 447 464390
28.9339 31.5004 0.7 42.7721 0.742956 0 -0.0707397 143.582 417 464390
28.9339 31.4876 1.59739 42.7721 0.743158 0.0209824 -0.0707397 142.644 412 464390
28.261 32.1055 0.7 42.7721 0.721799 0 -0.0707397 146.207 431 464390
28.261 32.0929 1.59739 42.7721 0.721993 0.0209824 -0.0707397 144.894 424 464390
29.0637 31.6417 0.7 42.9639 0.742956 0 0.0707397 135.894 376 464390
29.0637 31.6288 1.60142 42.9639 0.743158 0.0209824 0.0707397 135.707 375 464390
28.3878 32.2495 0.7 42.9639 0.721799 0 0.0707397 138.332 389 464390
28.3878 32.2369 1.60142 42.9639 0.721993 0.0209824 0.0707397 137.207 383 464390
29.0637 31.6417 0.7 42.9639 0.742956 0 -0 144.332 421 464390
29.0637 31.6288 1.60142 42.9639 0.743158 0.0209824 -0 143.394 416 464390
28.3878 32.2495 0.7 42.9639 0.721799 0 -0 147.332 437 464390
28.3878 32.2369 1.60142 42.9639 0.721993 0.0209824 -0 145.644 428 464390
29.0637 31.6417 0.7 42.9639 0.742956 0 -0.0707397 138.707 391 464390
29.0637 31.6288 1.60142 42.9639 0.743158 0.0209824 -0.0707397 137.394 384 464390
28.3878 32.2495 0.7 42.9639 0.721799 0 -0.0707397 141.332 405 464390
28.3878 32.2369 1.60142 42.9639 0.721993 0.0209824 -0.0707397 139.269 394 464390
6.84952 42.9874 1.61349 43.5393 0.158009 0.0209824 0.0707397 134.832 365 464390
6.16457 43.0619 2.52698 43.5393 0.14219 0.041974 0.0707397 136.144 372 464390
6.16457 43.091 1.61349 43.5393 0.142095 0.0209824 0.0707397 137.457 379 464390
5.47961 43.1834 1.61349 43.5393 0.126217 0.0209824 0.0707397 133.707 359 464390
6.84952 42.9874 1.61349 43.5393 0.158009 0.0209824 -0 142.707 407 464390
6.16457 43.0619 2.52698 43.5393 0.14219 0.041974 -0 142.894 408 464390
6.16457 43.091 1.61349 43.5393 0.142095 0.0209824 -0 145.519 422 464390
6.84952 42.9874 1.61349 43.5393 0.158009 0.0209824 -0.0707397 137.832 381 464390
6.16457 43.0619 2.52698 43.5393 0.14219 0.041974 -0.0707397 137.082 377 464390
6.16457 43.091 1.61349 43.5393 0.142095 0.0209824 -0.0707397 140.082 393 464390
5.50375 43.3834 0.7 43.7311 0.126189 0 0.0707397 133.519 358 464390
5.50375 43.3737 1.61751 43.7311 0.126217 0.0209824 0.0707397 133.894 360 464390
4.81578 43.4651 0.7 43.7311 0.110346 0 0.0707397 137.644 380 464390
4.81578 43.4554 1.61751 43.7311 0.110371 0.0209824 0.0707397 135.957 371 464390
4.12781 43.5358 0.7 43.7311 0.0945316 0 0.0707397 135.019 366 464390
28.2067 33.4184 0.7 43.7311 0.701029 0 -0.0707397 135.582 369 464390
28.2067 33.4058 1.61751 43.7311 0.701215 0.0209824 -0.0707397 136.332 373 464390
6.87969 43.1768 1.61751 43.7311 0.158009 0.0209824 -0.0707397 134.269 362 464390
6.19172 43.2808 1.61751 43.7311 0.142095 0.0209824 -0.0707397 135.019 366 464390
5.50375 43.3737 1.61751 43.7311 0.126217 0.0209824 -0.0707397 133.894 360 464390
4.81578 43.4554 1.61751 43.7311 0.110371 0.0209824 -0.0707397 134.082 361 464390
-16.0315 41.3044 0.7 44.3065 -0.370232 0 0.0707397 136.894 376 464390
-16.0315 41.294 -0.229587 44.3065 -0.370317 -0.0209824 0.0707397 135.207 367 464390
-16.7285 41.0271 0.7 44.3065 -0.387164 0 0.0707397 132.957 355 464390
6.27319 43.8207 2.55917 44.3065 0.14219 0.041974 0.0707397 132.582 353 464390
-16.0315 41.3044 0.7 44.3065 -0.370232 0 -0 144.957 419 464390
-16.0315 41.294 -0.229587 44.3065 -0.370317 -0.0209824 -0 142.894 408 464390
6.27319 43.8207 2.55917 44.3065 0.14219 0.041974 -0 141.957 403 464390
-16.0315 41.3044 0.7 44.3065 -0.370232 0 -0.0707397 137.082 377 464390
-16.0315 41.294 -0.229587 44.3065 -0.370317 -0.0209824 -0.0707397 135.957 371 464390
6.27319 43.8207 2.55917 44.3065 0.14219 0.041974 -0.0707397 135.582 369 464390
6.27319 43.8503 1.62959 44.3065 0.142095 0.0209824 -0.0707397 135.582 369 464390
-16.1009 41.4832 0.7 44.4983 -0.370232 0 0.0707397 130.894 344 464390
6.30035 44.05 0.7 44.4983 0.142064 0 0.0707397 131.832 349 464390
6.30035 44.0401 1.63361 44.4983 0.142095 0.0209824 0.0707397 132.582 353 464390
-16.1009 41.4832 0.7 44.4983 -0.370232 0 -0 138.957 387 464390
-16.1009 41.4727 -0.233611 44.4983 -0.370317 -0.0209824 -0 136.332 373 464390
7.00039 43.9343 1.63361 44.4983 0.158009 0.0209824 -0 138.582 385 464390
6.30035 44.05 0.7 44.4983 0.142064 0 -0 138.582 385 464390
6.30035 44.0401 1.63361 44.4983 0.142095 0.0209824 -0 139.519 390 464390
5.60031 44.1445 0.7 44.4983 0.126189 0 -0 136.332 373 464390
-16.1009 41.4832 0.7 44.4983 -0.370232 0 -0.0707397 131.644 348 464390
7.00039 43.9343 1.63361 44.4983 0.158009 0.0209824 -0.0707397 133.144 356 464390
6.30035 44.05 0.7 44.4983 0.142064 0 -0.0707397 132.394 352 464390
6.30035 44.0401 1.63361 44.4983 0.142095 0.0209824 -0.0707397 132.207 351 464390
0 45.0638 -0.245684 45.0737 0 -0.0209824 0.0707397 145.894 424 464390
-4.96364 44.7996 0.7 45.0737 -0.110346 0 0.0707397 138.394 384 464390
0 45.0737 0.7 45.0737 0 0 -0 151.519 454 464390
0 45.0638 -0.245684 45.0737 0 -0.0209824 -0 154.144 468 464390
-0.709091 45.0582 -0.245684 45.0737 -0.0157359 -0.0209824 -0 150.582 449 464390
0.709091 45.0582 -0.245684 45.0737 0.0157359 -0.0209824 -0 150.207 447 464390
0 45.0737 0.7 45.0737 0 0 -0.0707397 145.332 421 464390
0 45.0638 -0.245684 45.0737 0 -0.0209824 -0.0707397 147.582 433 464390
-3.56054 45.1253 0.7 45.2655 -0.0787404 0 0.0707397 142.707 407 464390
-3.56054 45.1153 -0.249708 45.2655 -0.0787578 -0.0209824 0.0707397 142.519 406 464390
-4.27265 45.0634 0.7 45.2655 -0.0945316 0 0.0707397 141.207 399 464390
-4.27265 45.0534 -0.249708 45.2655 -0.0945525 -0.0209824 0.0707397 141.394 400 464390
-3.56054 45.1253 0.7 45.2655 -0.0787404 0 -0 150.019 446 464390
-3.56054 45.1153 -0.249708 45.2655 -0.0787578 -0.0209824 -0 149.269 442 464390
-4.27265 45.0634 0.7 45.2655 -0.0945316 0 -0 148.519 438 464390
-4.27265 45.0534 -0.249708 45.2655 -0.0945525 -0.0209824 -0 148.332 437 464390
-3.56054 45.1253 0.7 45.2655 -0.0787404 0 -0.0707397 142.519 406 464390
-3.56054 45.1153 -0.249708 45.2655 -0.0787578 -0.0209824 -0.0707397 142.144 404 464390
-4.27265 45.0634 0.7 45.2655 -0.0945316 0 -0.0707397 141.207 399 464390
-4.27265 45.0534 -0.249708 45.2655 -0.0945525 -0.0209824 -0.0707397 141.207 399 464390
-7.24178 45.4595 0.7 46.0327 -0.157974 0 0.0707397 141.582 401 464390
43.4507 15.1696 -0.265805 46.0327 1.2349 -0.0209824 -0 149.644 444 464390
-20.5304 41.8428 0.7 46.6081 -0.456145 0 0.0707397 133.957 355 464390
-21.2637 41.475 0.7 46.6081 -0.473746 0 0.0707397 135.644 364 464390
-21.2637 41.4634 1.67788 46.6081 -0.473858 0.0209824 0.0707397 131.894 344 464390
-21.2637 41.475 0.7 46.6081 -0.473746 0 -0 141.082 393 464390
-20.5304 41.8428 0.7 46.6081 -0.456145 0 -0.0707397 132.082 345 464390
-21.2637 41.475 0.7 46.6081 -0.473746 0 -0.0707397 133.957 355 464390
-11.78 45.2931 0.7 46.7999 -0.254446 0 -0 139.582 385 464390
-12.5162 45.0952 0.7 46.7999 -0.270736 0 -0 139.582 385 464390
-11.78 45.2931 0.7 46.7999 -0.254446 0 -0.0707397 133.207 351 464390
-12.5162 45.0952 0.7 46.7999 -0.270736 0 -0.0707397 134.144 356 464390
-14.9663 45.1513 0.7 47.5671 -0.320073 0 0.0707397 133.019 350 464390
-15.7147 44.8963 0.7 47.5671 -0.336693 0 0.0707397 134.144 356 464390
-14.9663 45.1513 0.7 47.5671 -0.320073 0 -0 139.957 387 464390
-15.7147 44.8963 0.7 47.5671 -0.336693 0 -0 140.332 389 464390
-14.9663 45.1513 0.7 47.5671 -0.320073 0 -0.0707397 133.207 351 464390
-15.7147 44.8963 0.7 47.5671 -0.336693 0 -0.0707397 133.394 352 464390
-24.2358 41.4867 3.73021 48.1425 -0.528708 0.0629841 0.0707397 132.082 345 464390
23.4785 42.0294 0.7 48.1425 0.509437 0 0.0707397 132.832 349 464390
25.0928 41.3106 0.7 48.3344 0.545856 0 -0.0707397 131.894 344 464390
25.0928 41.2607 -1.32819 48.3344 0.546391 -0.041974 -0.0707397 132.082 345 464390
10.0027 47.865 1.72617 48.9098 0.206013 0.0209824 -0 134.957 355 464390
9.23327 48.0194 1.72617 48.9098 0.189964 0.0209824 -0 137.957 371 464390
5.38607 48.6015 1.72617 48.9098 0.110371 0.0209824 -0 134.207 351 464390
4.61663 48.6806 1.72617 48.9098 0.0945525 0.0209824 -0 134.957 355 464390
3.8472 48.7582 0.7 48.9098 0.0787404 0 -0 133.457 347 464390
2.30832 48.8121 2.75234 48.9098 0.0472546 0.041974 -0 134.394 352 464390
10.0419 48.0527 1.73019 49.1016 0.206013 0.0209824 0.0707397 136.832 365 464390
9.26948 48.2077 1.73019 49.1016 0.189964 0.0209824 0.0707397 138.894 376 464390
4.63474 48.8823 0.7 49.1016 0.0945316 0 0.0707397 137.582 369 464390
9.26948 48.2077 1.73019 49.1016 0.189964 0.0209824 -0 145.269 410 464390
4.63474 48.8823 0.7 49.1016 0.0945316 0 -0 145.832 413 464390
9.26948 48.2077 1.73019 49.1016 0.189964 0.0209824 -0.0707397 137.394 368 464390
4.63474 48.8823 0.7 49.1016 0.0945316 0 -0.0707397 139.082 377 464390
4.63474 48.8715 1.73019 49.1016 0.0945525 0.0209824 -0.0707397 137.019 366 464390
3.86228 48.9494 0.7 49.1016 0.0787404 0 -0.0707397 136.832 365 464390
-28.2429 41.1003 0.7 49.8688 -0.602065 0 -0 135.707 359 464390
-28.2429 41.0869 1.74629 49.8688 -0.602216 0.0209824 -0 133.644 348 464390
21.9667 44.7701 0.7 49.8688 0.456145 0 -0 133.832 349 464390
-29.0275 40.55 0.7 49.8688 -0.621281 0 -0 134.394 352 464390
-22.2202 45.2866 0.7 50.4442 -0.456145 0 -0 132.519 342 464390
-24.6009 44.026 1.75836 50.4442 -0.50956 0.0209824 -0 135.144 356 464390
21.4266 45.6552 1.75836 50.4442 0.438799 0.0209824 -0 133.832 349 464390
20.633 46.0193 1.75836 50.4442 0.421486 0.0209824 -0 132.707 343 464390
18.3217 47.1931 1.76239 50.636 0.370317 0.0209824 -0 133.269 346 464390
6.44518 50.8042 0.7 51.2114 0.126189 0 -0 134.207 351 464390
6.44518 50.7928 1.77446 51.2114 0.126217 0.0209824 -0 133.269 346 464390
32.3466 39.9352 1.77848 51.4032 0.680795 0.0209824 -0 133.082 345 464390
25.8773 44.4146 0.7 51.4032 0.52755 0 -0 133.644 348 464390
-32.3466 39.9352 1.77848 51.4032 -0.680795 0.0209824 -0 133.269 346 464390
6.46932 50.9831 1.77848 51.4032 0.126217 0.0209824 -0 133.832 349 464390
19.6252 48.1313 0.7 51.9786 0.387164 0 0.0707397 136.519 358 464390
19.6252 48.119 1.79055 51.9786 0.387253 0.0209824 0.0707397 137.082 361 464390
20.4429 47.7773 1.79055 51.9786 0.404307 0.0209824 -0 140.082 377 464390
19.6252 48.1313 0.7 51.9786 0.387164 0 -0 143.457 395 464390
19.6252 48.119 1.79055 51.9786 0.387253 0.0209824 -0 144.207 399 464390
18.8075 48.4444 1.79055 51.9786 0.370317 0.0209824 -0 139.519 374 464390
19.6252 48.1313 0.7 51.9786 0.387164 0 -0.0707397 136.144 356 464390
19.6252 48.119 1.79055 51.9786 0.387253 0.0209824 -0.0707397 136.894 360 464390
19.6976 48.2965 1.79458 52.1704 0.387253 0.0209824 0.0707397 133.519 342 464390
19.6976 48.3089 0.7 52.1704 0.387164 0 -0 141.207 383 464390
19.6976 48.2965 1.79458 52.1704 0.387253 0.0209824 -0 141.957 387 464390
18.8769 48.6355 0.7 52.1704 0.370232 0 -0 137.832 365 464390
18.8769 48.6232 1.79458 52.1704 0.370317 0.0209824 -0 138.019 366 464390
19.6976 48.3089 0.7 52.1704 0.387164 0 -0.0707397 135.207 351 464390
19.6976 48.2965 1.79458 52.1704 0.387253 0.0209824 -0.0707397 136.144 356 464390
18.8769 48.6232 1.79458 52.1704 0.370317 0.0209824 -0.0707397 133.707 343 464390
0 52.7458 0.7 52.7458 0 0 0.0707397 147.394 416 464390
0 52.7342 1.80665 52.7458 0 0.0209824 0.0707397 145.332 405 464390
-0.829787 52.7393 0.7 52.7458 -0.0157325 0 0.0707397 146.644 412 464390
-0.829787 52.7277 1.80665 52.7458 -0.0157359 0.0209824 0.0707397 146.644 412 464390
0 52.7458 0.7 52.7458 0 0 -0 155.082 457 464390
0 52.7342 1.80665 52.7458 0 0.0209824 -0 153.207 447 464390
-0.829787 52.7393 0.7 52.7458 -0.0157325 0 -0 154.707 455 464390
-0.829787 52.7277 1.80665 52.7458 -0.0157359 0.0209824 -0 154.519 454 464390
0 52.7458 0.7 52.7458 0 0 -0.0707397 148.707 423 464390
0 52.7342 1.80665 52.7458 0 0.0209824 -0.0707397 147.019 414 464390
-0.829787 52.7393 0.7 52.7458 -0.0157325 0 -0.0707397 148.894 424 464390
-0.829787 52.7277 1.80665 52.7458 -0.0157359 0.0209824 -0.0707397 148.519 422 464390
35.8106 38.9871 0.7 52.9376 0.742956 0 -0 133.144 340 464390
34.9778 39.7359 0.7 52.9376 0.721799 0 -0 133.519 342 464390
8.32805 52.2666 1.81068 52.9376 0.158009 0.0209824 -0 133.144 340 464390
7.49524 52.3926 1.81068 52.9376 0.142095 0.0209824 -0 135.582 353 464390
4.16402 52.7736 0.7 52.9376 0.0787404 0 -0 133.894 344 464390
3.33122 52.8327 0.7 52.9376 0.0629689 0 -0 134.082 345 464390
3.33122 52.821 -0.410675 52.9376 0.0629827 -0.0209824 -0 133.707 343 464390
-2.52557 53.4534 0.7 53.513 -0.047213 0 0.0707397 147.207 415 464390
-2.52557 53.4416 -0.422748 53.513 -0.0472234 -0.0209824 0.0707397 145.707 407 464390
-3.36743 53.407 0.7 53.513 -0.0629689 0 0.0707397 147.207 415 464390
-3.36743 53.3952 -0.422748 53.513 -0.0629827 -0.0209824 0.0707397 143.082 393 464390
-3.36743 53.3952 1.82275 53.513 -0.0629827 0.0209824 0.0707397 143.644 396 464390
-2.52557 53.4534 0.7 53.513 -0.047213 0 -0 155.082 457 464390
-2.52557 53.4416 -0.422748 53.513 -0.0472234 -0.0209824 -0 153.207 447 464390
-3.36743 53.407 0.7 53.513 -0.0629689 0 -0 154.707 455 464390
-2.52557 53.4534 0.7 53.513 -0.047213 0 -0.0707397 147.394 416 464390
-2.52557 53.4416 -0.422748 53.513 -0.0472234 -0.0209824 -0.0707397 145.519 406 464390
-3.36743 53.407 0.7 53.513 -0.0629689 0 -0.0707397 147.394 416 464390
-3.36743 53.3952 -0.422748 53.513 -0.0629827 -0.0209824 -0.0707397 144.207 399 464390
-3.36743 53.3952 1.82275 53.513 -0.0629827 0.0209824 -0.0707397 143.269 394 464390
-3.3795 53.5866 1.82677 53.7048 -0.0629827 0.0209824 0.0707397 141.207 383 464390
-4.22437 53.5384 0.7 53.7048 -0.0787404 0 0.0707397 144.207 399 464390
-4.22437 53.5266 -0.426772 53.7048 -0.0787578 -0.0209824 0.0707397 145.144 404 464390
40.554 35.2077 0.7 53.7048 0.855848 0 0.0707397 140.269 378 464390
-4.22437 53.5266 -0.426772 53.7048 -0.0787578 -0.0209824 -0 151.894 440 464390
-3.3795 53.5984 0.7 53.7048 -0.0629689 0 -0.0707397 143.269 394 464390
-3.3795 53.5866 -0.426772 53.7048 -0.0629827 -0.0209824 -0.0707397 142.707 391 464390
-4.22437 53.5384 0.7 53.7048 -0.0787404 0 -0.0707397 145.332 405 464390
-4.22437 53.5266 -0.426772 53.7048 -0.0787578 -0.0209824 -0.0707397 144.394 400 464390
-6.83141 53.8486 0.7 54.2802 -0.126189 0 0.0707397 147.957 419 464390
-6.83141 53.8486 0.7 54.2802 -0.126189 0 -0.0707397 149.644 428 464390
-9.39319 53.4613 0.7 54.2802 -0.173925 0 -0.0707397 149.644 428 464390
-12.8542 52.9337 0.7 54.472 -0.238224 0 0.0707397 140.457 379 464390
-13.7111 52.7182 0.7 54.472 -0.254446 0 0.0707397 139.707 375 464390
-41.1333 35.7107 0.7 54.472 -0.855848 0 0.0707397 141.207 383 464390
0 55.0353 1.85494 55.0475 0 0.0209824 0.0707397 137.332 357 464390
-0.865996 55.0285 1.85494 55.0475 -0.0157359 0.0209824 0.0707397 136.582 353 464390
-12.9899 53.4928 0.7 55.0475 -0.238224 0 0.0707397 135.082 345 464390
39.8358 37.3538 7.62965 55.0475 0.817541 0.12622 0.0707397 134.707 343 464390
0 55.0475 0.7 55.0475 0 0 -0.0707397 134.707 343 464390
0 55.0353 1.85494 55.0475 0 0.0209824 -0.0707397 137.332 357 464390
-0.865996 55.0285 1.85494 55.0475 -0.0157359 0.0209824 -0.0707397 137.519 358 464390
-12.9899 53.4928 0.7 55.0475 -0.238224 0 -0.0707397 135.644 348 464390
0.865996 55.0285 1.85494 55.0475 0.0157359 0.0209824 -0.0707397 134.707 343 464390
0 55.1906 -1.61793 55.2393 0 -0.041974 0.0707397 134.519 342 464390
-0.869014 55.1838 -1.61793 55.2393 -0.0157463 -0.041974 0.0707397 137.707 359 464390
-0.869014 55.2203 1.85897 55.2393 -0.0157359 0.0209824 0.0707397 136.582 353 464390
-0.869014 55.1838 -1.61793 55.2393 -0.0157463 -0.041974 -0 144.644 396 464390
-0.869014 55.2203 1.85897 55.2393 -0.0157359 0.0209824 -0 145.394 400 464390
-0.869014 55.1838 -1.61793 55.2393 -0.0157463 -0.041974 -0.0707397 136.957 355 464390
-0.869014 55.1838 3.01793 55.2393 -0.0157463 0.041974 -0.0707397 136.957 355 464390
-0.869014 55.2203 1.85897 55.2393 -0.0157359 0.0209824 -0.0707397 139.394 368 464390
-4.40542 55.8206 -0.475063 56.0065 -0.0787578 -0.0209824 0.0707397 137.144 356 464390
-4.40542 55.7835 -1.65013 56.0065 -0.07881 -0.041974 0.0707397 140.332 373 464390
-4.40542 55.7215 -2.82519 56.0065 -0.0788972 -0.0629841 0.0707397 137.144 356 464390
-8.81083 55.2966 -0.475063 56.0065 -0.158009 -0.0209824 0.0707397 136.957 355 464390
-4.40542 55.7835 -1.65013 56.0065 -0.07881 -0.041974 -0.0707397 142.207 383 464390
-12.4619 55.1925 0.7 56.5819 -0.222066 0 0.0707397 134.894 344 464390
-19.6494 53.2649 0.7 56.7737 -0.353411 0 0.0707397 141.832 381 464390
-19.6494 53.2516 -0.491159 56.7737 -0.353492 -0.0209824 0.0707397 139.957 371 464390
-20.5425 52.9269 0.7 56.7737 -0.370232 0 0.0707397 141.644 380 464390
-20.5425 52.9135 -0.491159 56.7737 -0.370317 -0.0209824 0.0707397 138.082 361 464390
-19.6494 53.2649 0.7 56.7737 -0.353411 0 -0 148.957 419 464390
-19.6494 53.2516 -0.491159 56.7737 -0.353492 -0.0209824 -0 147.457 411 464390
-20.5425 52.9269 0.7 56.7737 -0.370232 0 -0 149.144 420 464390
-20.5425 52.9135 -0.491159 56.7737 -0.370317 -0.0209824 -0 145.582 401 464390
-19.6494 53.2649 0.7 56.7737 -0.353411 0 -0.0707397 141.457 379 464390
-19.6494 53.2516 -0.491159 56.7737 -0.353492 -0.0209824 -0.0707397 140.332 373 464390
-20.5425 52.9269 0.7 56.7737 -0.370232 0 -0.0707397 142.207 383 464390
-20.5425 52.9135 -0.491159 56.7737 -0.370317 -0.0209824 -0.0707397 139.207 367 464390
-19.8485 53.8048 0.7 57.3491 -0.353411 0 0.0707397 134.144 340 464390
-16.2397 54.9886 1.90323 57.3491 -0.287166 0.0209824 -0 139.582 369 464390
-19.8485 53.8048 0.7 57.3491 -0.353411 0 -0 141.457 379 464390
-19.8485 53.8048 0.7 57.3491 -0.353411 0 -0.0707397 134.894 344 464390
-15.3888 55.3923 -1.71451 57.5409 -0.270981 -0.041974 0.0707397 140.894 376 464390
-16.294 55.1725 -0.507256 57.5409 -0.287166 -0.0209824 0.0707397 140.332 373 464390
-16.294 55.1328 -1.71451 57.5409 -0.287361 -0.041974 0.0707397 145.582 401 464390
-17.1992 54.8572 -1.71451 57.5409 -0.303821 -0.041974 0.0707397 141.269 378 464390
-16.294 55.1328 -1.71451 57.5409 -0.287361 -0.041974 -0 153.457 443 464390
-17.1992 54.8572 -1.71451 57.5409 -0.303821 -0.041974 -0 149.144 420 464390
-15.3888 55.3923 -1.71451 57.5409 -0.270981 -0.041974 -0.0707397 142.019 382 464390
-16.294 55.1328 -1.71451 57.5409 -0.287361 -0.041974 -0.0707397 146.707 407 464390
-17.1992 54.8572 -1.71451 57.5409 -0.303821 -0.041974 -0.0707397 142.394 384 464390
-15.5427 55.9994 0.7 58.1163 -0.270736 0 -0 136.582 353 464390
30.1711 49.6561 1.91933 58.1163 0.54599 0.0209824 -0 134.707 343 464390
27.4282 51.2367 0.7 58.1163 0.491506 0 -0 135.644 348 464390
27.4282 51.2222 1.91933 58.1163 0.491624 0.0209824 -0 135.082 345 464390
0 58.3081 0.7 58.3081 0 0 -0 136.394 352 464390
-19.2631 55.0342 0.7 58.3081 -0.336693 0 -0 137.144 356 464390
-12.0817 57.7735 3.1789 59.0753 -0.206151 0.041974 -0 137.582 353 464390
-13.0111 57.5714 3.1789 59.0753 -0.222265 0.041974 -0 135.519 342 464390
-14.8698 57.1195 3.1789 59.0753 -0.254675 0.041974 -0 135.144 340 464390
7.43489 58.5925 1.93945 59.0753 0.126217 0.0209824 -0 134.957 339 464390
-20.6451 55.9082 3.20304 59.6507 -0.353736 0.041974 -0 136.082 345 464390
-29.0908 51.9407 4.45457 59.6507 -0.510548 0.0629841 -0 135.332 341 464390
-29.0908 52.016 3.20304 59.6507 -0.50993 0.041974 -0 134.957 339 464390
30.9677 50.921 3.20304 59.6507 0.546391 0.041974 -0 135.144 340 464390
30.0292 51.48 3.20304 59.6507 0.528064 0.041974 -0 135.707 343 464390
30.0292 51.5256 1.95152 59.6507 0.527678 0.0209824 -0 138.332 357 464390
29.0908 52.0612 1.95152 59.6507 0.50956 0.0209824 -0 137.207 351 464390
31.0672 51.131 1.95555 59.8425 0.54599 0.0209824 -0 140.019 366 464390
39.9203 45.3508 0.7 60.4179 0.721799 0 -0 134.582 337 464390
30.4155 52.1421 3.23524 60.4179 0.528064 0.041974 -0 137.207 351 464390
30.4155 52.1883 1.96762 60.4179 0.527678 0.0209824 -0 138.332 357 464390
29.465 52.685 3.23524 60.4179 0.50993 0.041974 -0 135.332 341 464390
29.465 52.7308 1.96762 60.4179 0.50956 0.0209824 -0 137.582 353 464390
30.512 52.3694 0.7 60.6097 0.52755 0 -0 138.144 356 464390
30.512 52.354 1.97164 60.6097 0.527678 0.0209824 -0 140.582 369 464390
29.5585 52.9135 0.7 60.6097 0.509437 0 -0 139.832 365 464390
29.5585 52.8982 1.97164 60.6097 0.50956 0.0209824 -0 141.332 373 464390
29.5585 52.8982 1.97164 60.6097 0.50956 0.0209824 -0.0707397 134.957 339 464390
-23.1737 56.8341 0.7 61.377 -0.387164 0 -0 135.707 343 464390
33.2398 52.4425 3.30767 62.1442 0.564926 0.041974 -0 138.207 351 464390
33.2398 52.4911 2.00384 62.1442 0.564507 0.0209824 -0 139.332 357 464390
-6.99133 63.0866 -0.632006 63.4868 -0.110371 -0.0209824 -0 135.957 339 464390
37.4008 52.2471 0.7 64.254 0.621281 0 -0 137.082 345 464390
37.4008 52.1775 3.39621 64.254 0.621912 0.041974 -0 137.832 349 464390
37.4008 52.2297 2.0481 64.254 0.621438 0.0209824 -0 140.457 363 464390
36.3899 52.8874 3.39621 64.254 0.60267 0.041974 -0 137.832 349 464390
36.3899 52.9389 2.0481 64.254 0.602216 0.0209824 -0 139.519 358 464390
-9.23327 64.5561 0.7 65.213 -0.142064 0 -0 136.894 344 464390
-46.3353 48.3105 0.7 66.9392 -0.764533 0 -0 139.582 353 464390
-47.3884 47.2779 0.7 66.9392 -0.786565 0 -0 137.332 341 464390
13.7684 65.8848 2.11249 67.3228 0.206013 0.0209824 -0 138.832 349 464390
12.7093 66.0519 3.52498 67.3228 0.190091 0.041974 -0 139.394 352 464390
12.7093 66.0972 2.11249 67.3228 0.189964 0.0209824 -0 140.707 359 464390
11.6502 66.2921 2.11249 67.3228 0.173964 0.0209824 -0 138.269 346 464390
0 68.9883 3.59741 69.0491 0 0.041974 -0 137.519 342 464390
-13.3611 69.4392 3.66985 70.7753 -0.190091 0.041974 -0 140.582 353 464390
-13.3611 69.4868 2.18492 70.7753 -0.189964 0.0209824 -0 140.394 352 464390
-14.4745 69.2157 3.66985 70.7753 -0.206151 0.041974 -0 138.332 341 464390
-10.2924 71.9448 2.22517 72.6933 -0.142095 0.0209824 -0 138.519 342 464390
-13.7594 71.5583 2.22919 72.8851 -0.189964 0.0209824 -0 139.082 345 464390
-19.8002 71.3222 2.25334 74.0359 -0.270797 0.0209824 -0 140.207 351 464390
