1.43629 2.22362 0.249291 2.68524 0.573504 -0.168645 -0 97.5817 417 464441
1.26731 2.53734 0.217098 2.87704 0.463219 -0.168645 -0 105.332 437 464441
1.22205 2.5701 0.27746 2.87704 0.443845 -0.147399 -0 104.207 431 464441
1.22205 2.55945 0.217098 2.87704 0.445458 -0.168645 -0 104.582 433 464441
0.995745 2.644 0.156735 2.87704 0.360177 -0.189968 -0.0707397 97.8317 397 464441
0.995745 2.63088 0.096372 2.87704 0.361822 -0.211379 -0.0707397 97.2692 394 464441
1.30352 2.74145 0.249291 3.06885 0.443845 -0.147399 -0 102.332 421 464441
1.15868 2.80573 0.249291 3.06885 0.391638 -0.147399 -0 102.144 420 464441
1.06213 2.82027 0.120517 3.06885 0.360177 -0.189968 -0 98.3942 400 464441
0.917292 2.87064 0.120517 3.06885 0.309288 -0.189968 -0 98.9567 403 464441
0.917292 2.85689 0.0561301 3.06885 0.310683 -0.211379 -0 98.2067 399 464441
1.12851 3.03147 0.289533 3.26065 0.356371 -0.12622 0.0707397 99.5192 406 464441
1.12851 3.02142 0.221122 3.26065 0.357458 -0.147399 0.0707397 102.144 420 464441
1.07721 3.04009 0.221122 3.26065 0.340533 -0.147399 0.0707397 98.2067 399 464441
1.12851 3.02142 0.221122 3.26065 0.357458 -0.147399 -0 109.457 459 464441
1.12851 3.03147 0.289533 3.26065 0.356371 -0.12622 -0.0707397 100.269 410 464441
1.12851 3.02142 0.221122 3.26065 0.357458 -0.147399 -0.0707397 102.707 423 464441
1.07721 3.05008 0.289533 3.26065 0.339502 -0.12622 -0.0707397 97.0817 393 464441
1.07721 3.04009 0.221122 3.26065 0.340533 -0.147399 -0.0707397 98.5817 401 464441
1.79234 2.91857 0.265388 3.45245 0.550734 -0.12622 -0 103.457 427 464441
1.79234 2.90686 0.192952 3.45245 0.552528 -0.147399 -0 102.707 423 464441
1.30352 3.16724 0.265388 3.45245 0.390435 -0.12622 -0 104.019 430 464441
1.24921 3.18905 0.265388 3.45245 0.373346 -0.12622 -0 102.332 421 464441
1.94925 3.04476 0.241243 3.64426 0.569452 -0.12622 0.0707397 97.0817 377 464441
1.71992 3.17994 0.241243 3.64426 0.495804 -0.12622 0.0707397 99.1442 388 464441
1.54793 3.27694 0.317702 3.64426 0.4413 -0.105098 0.0707397 96.3317 373 464441
1.4906 3.29367 0.241243 3.64426 0.424985 -0.12622 0.0707397 99.7067 391 464441
1.43327 3.31902 0.241243 3.64426 0.407646 -0.12622 0.0707397 100.644 396 464441
1.94925 3.04476 0.241243 3.64426 0.569452 -0.12622 -0.0707397 97.8317 381 464441
1.71992 3.17994 0.241243 3.64426 0.495804 -0.12622 -0.0707397 99.8942 392 464441
1.66259 3.21029 0.241243 3.64426 0.477861 -0.12622 -0.0707397 98.2067 383 464441
1.4906 3.29367 0.241243 3.64426 0.424985 -0.12622 -0.0707397 99.7067 391 464441
1.43327 3.31902 0.241243 3.64426 0.407646 -0.12622 -0.0707397 100.457 395 464441
1.14662 3.6385 0.297581 3.83606 0.305283 -0.105098 0.0707397 102.519 406 464441
1.14662 3.6287 0.217098 3.83606 0.306057 -0.12622 0.0707397 102.707 407 464441
1.08627 3.65697 0.297581 3.83606 0.288739 -0.105098 0.0707397 102.332 405 464441
1.08627 3.64722 0.217098 3.83606 0.289469 -0.12622 0.0707397 101.957 403 464441
1.14662 3.6385 0.297581 3.83606 0.305283 -0.105098 -0.0707397 102.894 408 464441
1.14662 3.6287 0.217098 3.83606 0.306057 -0.12622 -0.0707397 102.519 406 464441
1.08627 3.65697 0.297581 3.83606 0.288739 -0.105098 -0.0707397 102.519 406 464441
1.52077 3.70572 0.27746 4.02786 0.389427 -0.105098 0.0707397 104.582 417 464441
1.52077 3.69511 0.192952 4.02786 0.390435 -0.12622 0.0707397 103.457 411 464441
1.14058 3.83982 0.27746 4.02786 0.288739 -0.105098 0.0707397 103.269 410 464441
1.52077 3.70572 0.27746 4.02786 0.389427 -0.105098 -0.0707397 104.957 419 464441
1.59319 3.88219 0.257339 4.21967 0.389427 -0.105098 0.0707397 107.957 435 464441
1.19489 4.02267 0.257339 4.21967 0.288739 -0.105098 0.0707397 108.519 438 464441
1.12851 4.04179 0.257339 4.21967 0.272276 -0.105098 0.0707397 107.394 432 464441
1.59319 3.88219 0.257339 4.21967 0.389427 -0.105098 -0 115.457 475 464441
1.19489 4.02267 0.257339 4.21967 0.288739 -0.105098 -0 116.019 478 464441
1.12851 4.04179 0.257339 4.21967 0.272276 -0.105098 -0 115.082 473 464441
1.59319 3.88219 0.257339 4.21967 0.389427 -0.105098 -0.0707397 108.894 440 464441
1.19489 4.02267 0.257339 4.21967 0.288739 -0.105098 -0.0707397 108.707 439 464441
1.12851 4.04179 0.257339 4.21967 0.272276 -0.105098 -0.0707397 108.332 437 464441
1.66561 4.05865 0.237219 4.41147 0.389427 -0.105098 0.0707397 105.894 408 464441
1.66561 4.05865 0.237219 4.41147 0.389427 -0.105098 -0.0707397 107.582 417 464441
1.44836 4.35237 0.313678 4.60327 0.321247 -0.0840222 0.0707397 110.582 433 464441
1.44836 4.34272 0.217098 4.60327 0.321913 -0.105098 0.0707397 110.582 433 464441
1.44836 4.35237 0.313678 4.60327 0.321247 -0.0840222 -0 118.457 475 464441
1.44836 4.34272 0.217098 4.60327 0.321913 -0.105098 -0 118.644 476 464441
1.44836 4.35237 0.313678 4.60327 0.321247 -0.0840222 -0.0707397 111.519 438 464441
1.44836 4.34272 0.217098 4.60327 0.321913 -0.105098 -0.0707397 111.707 439 464441
1.73501 4.45203 0.297581 4.79507 0.371606 -0.0840222 0.0707397 106.832 413 464441
1.20696 4.62321 0.297581 4.79507 0.255367 -0.0840222 0.0707397 108.707 423 464441
1.20696 4.61334 0.196977 4.79507 0.255889 -0.105098 0.0707397 108.332 421 464441
1.13153 4.64225 0.297581 4.79507 0.239084 -0.0840222 0.0707397 108.894 424 464441
1.13153 4.63242 0.196977 4.79507 0.239572 -0.105098 0.0707397 108.332 421 464441
1.20696 4.62321 0.297581 4.79507 0.255367 -0.0840222 -0 116.582 465 464441
1.20696 4.61334 0.196977 4.79507 0.255889 -0.105098 -0 116.582 465 464441
1.13153 4.64225 0.297581 4.79507 0.239084 -0.0840222 -0 116.582 465 464441
1.13153 4.63242 0.196977 4.79507 0.239572 -0.105098 -0 116.582 465 464441
1.20696 4.62321 0.297581 4.79507 0.255367 -0.0840222 -0.0707397 110.207 431 464441
1.20696 4.61334 0.196977 4.79507 0.255889 -0.105098 -0.0707397 110.207 431 464441
1.13153 4.64225 0.297581 4.79507 0.239084 -0.0840222 -0.0707397 110.207 431 464441
1.13153 4.63242 0.196977 4.79507 0.239572 -0.105098 -0.0707397 110.394 432 464441
1.56905 4.71507 0.281485 4.98688 0.321247 -0.0840222 0.0707397 105.332 405 464441
1.41215 4.76441 0.281485 4.98688 0.288146 -0.0840222 0.0707397 105.707 407 464441
1.33369 4.78697 0.281485 4.98688 0.271719 -0.0840222 0.0707397 107.957 419 464441
1.33369 4.77666 0.176856 4.98688 0.272276 -0.105098 0.0707397 104.957 403 464441
1.33369 4.78697 0.281485 4.98688 0.271719 -0.0840222 -0 115.082 457 464441
1.56905 4.71507 0.281485 4.98688 0.321247 -0.0840222 -0.0707397 105.332 405 464441
1.41215 4.76441 0.281485 4.98688 0.288146 -0.0840222 -0.0707397 104.207 399 464441
1.33369 4.78697 0.281485 4.98688 0.271719 -0.0840222 -0.0707397 108.144 420 464441
1.25524 4.80813 0.281485 4.98688 0.255367 -0.0840222 -0.0707397 104.582 401 464441
1.46646 4.94766 0.265388 5.17868 0.288146 -0.0840222 0.0707397 112.019 430 464441
1.46646 4.93691 0.156735 5.17868 0.288739 -0.105098 0.0707397 107.519 406 464441
1.38499 4.97108 0.265388 5.17868 0.271719 -0.0840222 0.0707397 110.144 420 464441
1.46646 4.94766 0.265388 5.17868 0.288146 -0.0840222 -0 119.332 469 464441
1.38499 4.97108 0.265388 5.17868 0.271719 -0.0840222 -0 117.832 461 464441
1.46646 4.94766 0.265388 5.17868 0.288146 -0.0840222 -0.0707397 112.957 435 464441
1.46646 4.93691 0.156735 5.17868 0.288739 -0.105098 -0.0707397 109.019 414 464441
1.38499 4.97108 0.265388 5.17868 0.271719 -0.0840222 -0.0707397 111.644 428 464441
1.60526 5.1138 0.361968 5.37048 0.304167 -0.0629841 0.0707397 106.019 398 464441
1.60526 5.1051 0.249291 5.37048 0.304653 -0.0840222 0.0707397 108.644 412 464441
1.52077 5.13091 0.249291 5.37048 0.288146 -0.0840222 0.0707397 106.957 403 464441
1.60526 5.1051 0.249291 5.37048 0.304653 -0.0840222 -0 115.582 449 464441
1.52077 5.13091 0.249291 5.37048 0.288146 -0.0840222 -0 114.457 443 464441
1.60526 5.1051 0.249291 5.37048 0.304653 -0.0840222 -0.0707397 108.644 412 464441
1.52077 5.13091 0.249291 5.37048 0.288146 -0.0840222 -0.0707397 108.644 412 464441
1.18282 5.21918 0.249291 5.37048 0.222865 -0.0840222 -0.0707397 107.144 404 464441
1.22507 5.41439 0.349896 5.56229 0.222515 -0.0629841 0.0707397 106.957 403 464441
1.22507 5.40558 0.233194 5.56229 0.222865 -0.0840222 0.0707397 109.394 416 464441
1.13756 5.43345 0.349896 5.56229 0.206382 -0.0629841 0.0707397 106.957 403 464441
1.13756 5.42467 0.233194 5.56229 0.206706 -0.0840222 0.0707397 109.582 417 464441
1.22507 5.40558 0.233194 5.56229 0.222865 -0.0840222 -0 116.519 454 464441
1.13756 5.42467 0.233194 5.56229 0.206706 -0.0840222 -0 116.894 456 464441
1.22507 5.40558 0.233194 5.56229 0.222865 -0.0840222 -0.0707397 109.019 414 464441
1.13756 5.42467 0.233194 5.56229 0.206706 -0.0840222 -0.0707397 109.957 419 464441
1.35783 5.57984 0.337823 5.75409 0.238706 -0.0629841 0.0707397 107.144 404 464441
1.35783 5.57069 0.217098 5.75409 0.239084 -0.0840222 0.0707397 109.019 414 464441
1.26731 5.6011 0.337823 5.75409 0.222515 -0.0629841 0.0707397 110.144 420 464441
1.26731 5.59198 0.217098 5.75409 0.222865 -0.0840222 0.0707397 112.957 435 464441
1.17679 5.61173 0.217098 5.75409 0.206706 -0.0840222 0.0707397 107.894 408 464441
1.35783 5.57069 0.217098 5.75409 0.239084 -0.0840222 -0 116.707 455 464441
1.26731 5.6011 0.337823 5.75409 0.222515 -0.0629841 -0 117.457 459 464441
1.26731 5.59198 0.217098 5.75409 0.222865 -0.0840222 -0 120.457 475 464441
1.17679 5.61173 0.217098 5.75409 0.206706 -0.0840222 -0 115.957 451 464441
1.35783 5.57069 0.217098 5.75409 0.239084 -0.0840222 -0.0707397 109.957 419 464441
1.26731 5.6011 0.337823 5.75409 0.222515 -0.0629841 -0.0707397 110.332 421 464441
1.26731 5.59198 0.217098 5.75409 0.222865 -0.0840222 -0.0707397 113.707 439 464441
1.17679 5.61173 0.217098 5.75409 0.206706 -0.0840222 -0.0707397 109.394 416 464441
1.21602 5.80817 0.325751 5.94589 0.206382 -0.0629841 -0 112.519 422 464441
1.21602 5.79879 0.201001 5.94589 0.206706 -0.0840222 -0 113.457 427 464441
1.12248 5.82697 0.325751 5.94589 0.190303 -0.0629841 -0 110.457 411 464441
1.15868 6.01494 0.313678 6.1377 0.190303 -0.0629841 0.0707397 114.394 432 464441
1.15868 6.00528 0.184904 6.1377 0.190602 -0.0840222 0.0707397 113.644 428 464441
1.06213 6.03274 0.313678 6.1377 0.174275 -0.0629841 0.0707397 111.019 414 464441
1.15868 6.01494 0.313678 6.1377 0.190303 -0.0629841 -0 121.519 470 464441
1.15868 6.00528 0.184904 6.1377 0.190602 -0.0840222 -0 120.957 467 464441
1.06213 6.03274 0.313678 6.1377 0.174275 -0.0629841 -0 118.332 453 464441
1.15868 6.01494 0.313678 6.1377 0.190303 -0.0629841 -0.0707397 114.394 432 464441
1.15868 6.00528 0.184904 6.1377 0.190602 -0.0840222 -0.0707397 113.457 427 464441
1.06213 6.03274 0.313678 6.1377 0.174275 -0.0629841 -0.0707397 111.207 415 464441
1.19489 6.20291 0.301606 6.3295 0.190303 -0.0629841 0.0707397 109.707 407 464441
1.19489 6.19295 0.168807 6.3295 0.190602 -0.0840222 0.0707397 109.144 404 464441
1.09532 6.22126 0.301606 6.3295 0.174275 -0.0629841 0.0707397 108.582 401 464441
1.09532 6.21133 0.168807 6.3295 0.174548 -0.0840222 0.0707397 107.082 393 464441
1.19489 6.20291 0.301606 6.3295 0.190303 -0.0629841 -0 118.519 454 464441
1.19489 6.19295 0.168807 6.3295 0.190602 -0.0840222 -0 118.144 452 464441
1.09532 6.22126 0.301606 6.3295 0.174275 -0.0629841 -0 117.957 451 464441
1.19489 6.20291 0.301606 6.3295 0.190303 -0.0629841 -0.0707397 111.957 419 464441
1.19489 6.19295 0.168807 6.3295 0.190602 -0.0840222 -0.0707397 111.957 419 464441
1.09532 6.22126 0.301606 6.3295 0.174275 -0.0629841 -0.0707397 111.394 416 464441
1.09532 6.21133 0.168807 6.3295 0.174548 -0.0840222 -0.0707397 110.457 411 464441
1.74406 6.27034 0.289533 6.5213 0.271288 -0.0629841 0.0707397 114.582 433 464441
1.84665 6.24089 0.289533 6.5213 0.287687 -0.0629841 -0 120.207 463 464441
1.74406 6.27034 0.289533 6.5213 0.271288 -0.0629841 -0 122.082 473 464441
1.74406 6.25988 0.152711 6.5213 0.271719 -0.0840222 -0 119.457 459 464441
1.64147 6.29797 0.289533 6.5213 0.254962 -0.0629841 -0 119.082 457 464441
1.84665 6.24089 0.289533 6.5213 0.287687 -0.0629841 -0.0707397 113.269 426 464441
1.74406 6.27034 0.289533 6.5213 0.271288 -0.0629841 -0.0707397 114.957 435 464441
1.79536 6.46857 0.7 6.7131 0.270736 0 0.0707397 120.332 453 464441
1.68975 6.49696 0.7 6.7131 0.254446 0 0.0707397 122.207 463 464441
1.79536 6.46857 0.7 6.7131 0.270736 0 -0 127.644 492 464441
1.68975 6.49696 0.7 6.7131 0.254446 0 -0 129.332 501 464441
1.68975 6.49544 0.559153 6.7131 0.254503 -0.0209824 -0 124.644 476 464441
1.68975 6.49544 0.840847 6.7131 0.254503 0.0209824 -0 125.207 479 464441
1.79536 6.46857 0.7 6.7131 0.270736 0 -0.0707397 120.707 455 464441
1.68975 6.49696 0.7 6.7131 0.254446 0 -0.0707397 122.394 464 464441
1.95528 6.60801 0.265388 6.90491 0.287687 -0.0629841 0.0707397 121.082 457 464441
1.84665 6.65339 0.7 6.90491 0.270736 0 0.0707397 122.957 467 464441
1.84665 6.63918 0.265388 6.90491 0.271288 -0.0629841 0.0707397 120.332 453 464441
1.73803 6.68259 0.7 6.90491 0.254446 0 0.0707397 123.894 472 464441
1.84665 6.65339 0.7 6.90491 0.270736 0 -0 131.019 510 464441
1.73803 6.68259 0.7 6.90491 0.254446 0 -0 131.957 515 464441
1.95528 6.60801 0.265388 6.90491 0.287687 -0.0629841 -0.0707397 122.394 464 464441
1.84665 6.65339 0.7 6.90491 0.270736 0 -0.0707397 124.457 475 464441
1.84665 6.63918 0.265388 6.90491 0.271288 -0.0629841 -0.0707397 121.644 460 464441
1.73803 6.68259 0.7 6.90491 0.254446 0 -0.0707397 125.582 481 464441
1.67466 6.88986 0.40221 7.09671 0.238438 -0.041974 -0 121.269 458 464441
1.67466 6.88181 0.253315 7.09671 0.238706 -0.0629841 -0 125.582 481 464441
1.56302 6.90802 0.253315 7.09671 0.222515 -0.0629841 -0 123.894 472 464441
1.83458 7.05384 0.7 7.28851 0.254446 0 -0 120.519 454 464441
1.37594 7.14274 0.241243 7.28851 0.190303 -0.0629841 -0 119.582 449 464441
2.00054 7.201 0.386113 7.48032 0.270981 -0.041974 -0 122.519 454 464441
1.88286 7.23947 0.7 7.48032 0.254446 0 -0 122.332 453 464441
1.88286 7.23266 0.386113 7.48032 0.254675 -0.041974 -0 122.519 454 464441
1.76518 7.26228 0.386113 7.48032 0.238438 -0.041974 -0 124.207 463 464441
1.41215 7.33071 0.22917 7.48032 0.190303 -0.0629841 -0 119.894 440 464441
2.84542 7.32366 0.370017 7.86392 0.370574 -0.041974 0.0707397 109.957 387 464441
2.84542 7.31436 0.205025 7.86392 0.371003 -0.0629841 0.0707397 112.582 401 464441
2.47427 7.45723 0.370017 7.86392 0.320366 -0.041974 0.0707397 114.082 409 464441
2.47427 7.4481 0.205025 7.86392 0.320732 -0.0629841 0.0707397 115.207 415 464441
1.85571 7.64005 0.535008 7.86392 0.238277 -0.0209824 -0 126.457 475 464441
1.85571 7.63471 0.370017 7.86392 0.238438 -0.041974 -0 126.644 476 464441
1.73199 7.66904 0.535008 7.86392 0.222116 -0.0209824 -0 123.832 461 464441
1.73199 7.66372 0.370017 7.86392 0.222265 -0.041974 -0 124.207 463 464441
2.84542 7.32366 0.370017 7.86392 0.370574 -0.041974 -0.0707397 110.332 389 464441
2.84542 7.31436 0.205025 7.86392 0.371003 -0.0629841 -0.0707397 113.144 404 464441
2.47427 7.45723 0.370017 7.86392 0.320366 -0.041974 -0.0707397 114.269 410 464441
2.47427 7.4481 0.205025 7.86392 0.320732 -0.0629841 -0.0707397 115.207 415 464441
1.90097 7.8264 0.530984 8.05573 0.238277 -0.0209824 0.0707397 126.269 474 464441
1.90097 7.82092 0.361968 8.05573 0.238438 -0.041974 0.0707397 131.144 500 464441
1.90097 7.81178 0.192952 8.05573 0.238706 -0.0629841 0.0707397 127.957 483 464441
1.77424 7.85064 0.361968 8.05573 0.222265 -0.041974 0.0707397 127.582 481 464441
1.90097 7.8264 0.530984 8.05573 0.238277 -0.0209824 -0 134.144 516 464441
1.90097 7.82092 0.361968 8.05573 0.238438 -0.041974 -0 139.019 542 464441
1.90097 7.81178 0.192952 8.05573 0.238706 -0.0629841 -0 135.644 524 464441
1.77424 7.85064 0.361968 8.05573 0.222265 -0.041974 -0 135.457 523 464441
1.90097 7.8264 0.530984 8.05573 0.238277 -0.0209824 -0.0707397 127.207 479 464441
1.90097 7.82092 0.361968 8.05573 0.238438 -0.041974 -0.0707397 131.894 504 464441
1.90097 7.81178 0.192952 8.05573 0.238706 -0.0629841 -0.0707397 128.707 487 464441
1.77424 7.85064 0.361968 8.05573 0.222265 -0.041974 -0.0707397 128.519 486 464441
1.94623 8.00713 0.35392 8.24753 0.238438 -0.041974 0.0707397 123.707 455 464441
1.94623 8.00713 0.35392 8.24753 0.238438 -0.041974 -0 131.582 497 464441
1.94623 7.99778 0.18088 8.24753 0.238706 -0.0629841 -0 130.082 489 464441
1.81648 8.03756 0.35392 8.24753 0.222265 -0.041974 -0 128.207 479 464441
1.81648 8.02824 0.18088 8.24753 0.222515 -0.0629841 -0 126.707 471 464441
1.94623 8.00713 0.35392 8.24753 0.238438 -0.041974 -0.0707397 125.394 464 464441
1.94623 7.99778 0.18088 8.24753 0.238706 -0.0629841 -0.0707397 123.894 456 464441
1.99149 8.19334 0.345872 8.43933 0.238438 -0.041974 -0 125.207 463 464441
1.32766 8.32672 0.345872 8.43933 0.158115 -0.041974 -0 117.707 423 464441
2.4441 8.26993 0.337823 8.63113 0.287361 -0.041974 -0 118.644 428 464441
1.6294 8.4682 0.337823 8.63113 0.190091 -0.041974 -0 121.082 441 464441
1.49362 8.4932 0.337823 8.63113 0.17408 -0.041974 -0 119.582 433 464441
0.452611 9.57101 1.10242 9.59015 0.0472546 0.041974 1.13184 119.707 423 464441
4.68 7.69546 0.321726 9.01474 0.546391 -0.041974 -0 115.582 401 464441
3.12 8.44914 0.321726 9.01474 0.353736 -0.041974 -0 117.269 410 464441
4.77957 7.85919 0.313678 9.20654 0.546391 -0.041974 -0 115.394 400 464441
3.76573 8.39229 0.313678 9.20654 0.421783 -0.041974 -0 116.894 408 464441
3.62089 8.45579 0.313678 9.20654 0.40459 -0.041974 -0 119.707 423 464441
3.62089 8.44475 0.120517 9.20654 0.405063 -0.0629841 -0 115.957 403 464441
3.47605 8.51635 0.313678 9.20654 0.387523 -0.041974 -0 115.957 403 464441
0.452611 9.52649 1.70605 9.59015 0.0474751 0.105098 0.919617 118.394 416 464441
0.452611 9.54559 1.50484 9.59015 0.0473802 0.0840222 0.919617 121.394 432 464441
3.77176 8.80811 0.297581 9.59015 0.40459 -0.041974 -0 114.457 395 464441
3.62089 8.87804 0.498791 9.59015 0.387253 -0.0209824 -0 115.394 400 464441
3.62089 8.8712 0.297581 9.59015 0.387523 -0.041974 -0 117.457 411 464441
0.603482 9.53724 1.50484 9.59015 0.0631921 0.0840222 0.990356 126.269 458 464441
0.452611 9.52649 1.70605 9.59015 0.0474751 0.105098 0.990356 127.019 462 464441
0.452611 9.54559 1.50484 9.59015 0.0473802 0.0840222 0.990356 130.582 481 464441
0.301741 9.55155 1.50484 9.59015 0.0315803 0.0840222 0.990356 125.519 454 464441
0.470716 9.92742 -0.137031 9.97375 0.0473802 -0.0840222 1.20258 120.519 422 464441
0.615551 9.74313 1.3157 9.78195 0.0630941 0.0629841 1.20258 121.082 425 464441
0.615551 9.75393 1.11047 9.78195 0.0630244 0.041974 1.20258 121.082 425 464441
0.461663 9.75163 1.3157 9.78195 0.0473068 0.0629841 1.20258 123.519 438 464441
0.461663 9.76243 1.11047 9.78195 0.0472546 0.041974 1.20258 122.394 432 464441
0.615551 9.75393 1.11047 9.78195 0.0630244 0.041974 1.27332 121.269 426 464441
0.461663 9.75163 1.3157 9.78195 0.0473068 0.0629841 1.27332 120.144 420 464441
0.461663 9.76243 1.11047 9.78195 0.0472546 0.041974 1.27332 122.957 435 464441
0.461663 9.7689 0.905234 9.78195 0.0472234 0.0209824 1.27332 120.332 421 464441
0.32588 10.3431 1.13461 10.3574 0.0314966 0.041974 1.27332 118.832 413 464441
0.319845 10.1516 1.12656 10.1656 0.0314966 0.041974 1.0611 119.582 417 464441
0.319845 10.1583 0.913282 10.1656 0.0314757 0.0209824 1.0611 119.582 417 464441
0.615551 9.75393 1.11047 9.78195 0.0630244 0.041974 1.13184 127.644 460 464441
0.461663 9.76243 1.11047 9.78195 0.0472546 0.041974 1.13184 131.394 480 464441
0.461663 9.7689 0.905234 9.78195 0.0472234 0.0209824 1.13184 128.582 465 464441
0.307776 9.76849 1.11047 9.78195 0.0314966 0.041974 1.13184 127.457 459 464441
0.627621 9.91873 -0.137031 9.97375 0.0631921 -0.0840222 1.13184 119.394 416 464441
0.627621 9.94519 1.11852 9.97375 0.0630244 0.041974 1.13184 119.019 414 464441
0.470716 9.78301 -1.18332 9.97375 0.0480785 -0.189968 1.13184 120.332 421 464441
0.470716 9.95385 1.11852 9.97375 0.0472546 0.041974 1.13184 122.394 432 464441
0.31381 9.96003 1.11852 9.97375 0.0314966 0.041974 1.13184 119.394 416 464441
0.627621 9.89885 -0.346289 9.97375 0.0633187 -0.105098 0.990356 122.957 435 464441
0.470716 9.90755 1.74629 9.97375 0.0474751 0.105098 0.990356 124.269 442 464441
0.470716 9.92742 1.53703 9.97375 0.0473802 0.0840222 0.990356 124.457 443 464441
0.470716 9.90755 1.74629 9.97375 0.0474751 0.105098 1.0611 124.269 442 464441
0.461663 9.7365 1.52093 9.78195 0.0473802 0.0840222 0.990356 131.394 480 464441
0.461663 9.76243 1.11047 9.78195 0.0472546 0.041974 0.990356 129.144 468 464441
0.461663 9.7689 0.905234 9.78195 0.0472234 0.0209824 0.990356 128.582 465 464441
0.615551 9.75393 1.11047 9.78195 0.0630244 0.041974 1.0611 133.082 489 464441
0.461663 9.75163 1.3157 9.78195 0.0473068 0.0629841 1.0611 130.269 474 464441
0.461663 9.76243 1.11047 9.78195 0.0472546 0.041974 1.0611 135.332 501 464441
0.461663 9.7689 0.905234 9.78195 0.0472234 0.0209824 1.0611 131.957 483 464441
0.319845 10.1516 1.12656 10.1656 0.0314966 0.041974 1.13184 119.019 414 464441
0 10.1297 1.55313 10.1656 0 0.0840222 0.778137 113.957 387 464441
0 10.1454 1.33985 10.1656 0 0.0629841 0.778137 113.957 387 464441
0 10.1566 1.12656 10.1656 0 0.041974 0.778137 115.269 394 464441
0.159923 10.1553 1.12656 10.1656 0.0157463 0.041974 0.778137 119.582 417 464441
0.784526 9.94285 0.7 9.97375 0.0787404 0 0.919617 119.957 419 464441
0.627621 9.95399 0.7 9.97375 0.0629689 0 0.919617 124.457 443 464441
0.627621 9.95179 0.490742 9.97375 0.0629827 -0.0209824 0.919617 120.144 420 464441
0.627621 9.93417 0.0722269 9.97375 0.0630941 -0.0629841 0.919617 119.394 416 464441
0.470716 9.96264 0.7 9.97375 0.047213 0 0.919617 121.269 426 464441
0.615551 9.76257 0.7 9.78195 0.0629689 0 0.919617 124.269 442 464441
0.615551 9.76041 0.905234 9.78195 0.0629827 0.0209824 0.919617 121.082 425 464441
0.461663 9.7365 1.52093 9.78195 0.0473802 0.0840222 0.919617 123.332 437 464441
0.627621 9.95399 0.7 9.97375 0.0629689 0 0.848877 121.644 428 464441
0.627621 9.95179 0.490742 9.97375 0.0629827 -0.0209824 0.848877 121.832 429 464441
0 10.1297 1.55313 10.1656 0 0.0840222 0.707397 116.582 401 464441
0 10.1454 1.33985 10.1656 0 0.0629841 0.707397 116.394 400 464441
0 10.1566 1.12656 10.1656 0 0.041974 0.848877 115.832 397 464441
0.627621 9.95179 0.490742 9.97375 0.0629827 -0.0209824 0.778137 122.957 435 464441
0.627621 9.94519 0.281485 9.97375 0.0630244 -0.041974 0.778137 123.894 440 464441
0.627621 9.93417 0.0722269 9.97375 0.0630941 -0.0629841 0.778137 122.394 432 464441
0.627621 9.89885 -0.346289 9.97375 0.0633187 -0.105098 0.778137 121.832 429 464441
0.627621 9.87449 -0.555546 9.97375 0.0634745 -0.12622 0.778137 123.894 440 464441
0 10.1454 1.33985 10.1656 0 0.0629841 0.565918 113.957 387 464441
0 10.1566 1.12656 10.1656 0 0.041974 0.565918 114.144 388 464441
0.627621 9.94519 0.281485 9.97375 0.0630244 -0.041974 0.707397 125.207 447 464441
0.627621 9.93417 0.0722269 9.97375 0.0630941 -0.0629841 0.707397 125.957 451 464441
0.627621 9.87449 -0.555546 9.97375 0.0634745 -0.12622 0.707397 125.207 447 464441
0 10.1297 1.55313 10.1656 0 0.0840222 0.495178 114.144 388 464441
-0.156905 9.93733 1.53703 9.97375 -0.0157882 0.0840222 0.353699 115.082 393 464441
-0.156905 9.95274 1.32777 9.97375 -0.0157637 0.0629841 0.353699 114.144 388 464441
0.627621 9.94519 0.281485 9.97375 0.0630244 -0.041974 0.636658 119.957 419 464441
0.627621 9.93417 0.0722269 9.97375 0.0630941 -0.0629841 0.636658 121.082 425 464441
0.627621 9.91873 -0.137031 9.97375 0.0631921 -0.0840222 0.636658 119.582 417 464441
0.627621 9.89885 -0.346289 9.97375 0.0633187 -0.105098 0.636658 119.957 419 464441
0.627621 9.87449 -0.555546 9.97375 0.0634745 -0.12622 0.636658 120.894 424 464441
0.615551 9.76257 0.7 9.78195 0.0629689 0 0.848877 119.019 414 464441
0.615551 9.76041 0.494766 9.78195 0.0629827 -0.0209824 0.848877 119.957 419 464441
0 10.3482 1.13461 10.3574 0 0.041974 0.848877 115.832 397 464441
0 10.3551 0.917306 10.3574 0 0.0209824 0.848877 114.144 388 464441
0.16294 10.347 1.13461 10.3574 0.0157463 0.041974 0.848877 119.207 415 464441
-0.156905 9.93733 1.53703 9.97375 -0.0157882 0.0840222 0.282959 114.894 392 464441
-0.159923 10.1284 1.55313 10.1656 -0.0157882 0.0840222 0.282959 115.269 394 464441
0 10.1297 1.55313 10.1656 0 0.0840222 0.424438 116.207 399 464441
0.159923 10.1284 1.55313 10.1656 0.0157882 0.0840222 0.424438 122.207 431 464441
0.615551 9.74313 0.0842994 9.78195 0.0630941 -0.0629841 0.707397 119.957 419 464441
-2.00054 9.573 0.494766 9.78195 -0.206013 -0.0209824 -0 116.957 403 464441
3.8472 8.9913 0.494766 9.78195 0.404307 -0.0209824 -0 118.832 413 464441
3.8472 8.98427 0.289533 9.78195 0.40459 -0.041974 -0 120.144 420 464441
3.69331 9.0556 0.494766 9.78195 0.387253 -0.0209824 -0 118.082 409 464441
3.69331 9.04862 0.289533 9.78195 0.387523 -0.041974 -0 119.207 415 464441
0.615551 9.76041 0.494766 9.78195 0.0629827 -0.0209824 0.778137 119.207 415 464441
0.615551 9.75393 0.289533 9.78195 0.0630244 -0.041974 0.778137 119.019 414 464441
0.784526 9.93404 0.281485 9.97375 0.07881 -0.041974 0.0707397 122.394 432 464441
0.784526 9.92301 0.0722269 9.97375 0.0788972 -0.0629841 0.0707397 122.019 430 464441
0.627621 9.94519 0.281485 9.97375 0.0630244 -0.041974 0.0707397 125.957 451 464441
0.627621 9.93417 0.0722269 9.97375 0.0630941 -0.0629841 0.0707397 125.394 448 464441
-2.03977 9.7607 0.490742 9.97375 -0.206013 -0.0209824 -0 119.019 414 464441
0.627621 9.94519 0.281485 9.97375 0.0630244 -0.041974 -0 121.832 429 464441
0.627621 9.93417 0.0722269 9.97375 0.0630941 -0.0629841 -0 121.269 426 464441
0.627621 9.93417 0.0722269 9.97375 0.0630941 -0.0629841 0.141479 120.144 420 464441
0.799613 10.1251 0.273436 10.1656 0.07881 -0.041974 0.0707397 120.332 421 464441
0.799613 10.1138 0.0601543 10.1656 0.0788972 -0.0629841 0.0707397 119.957 419 464441
0.639691 10.1364 0.273436 10.1656 0.0630244 -0.041974 0.0707397 123.519 438 464441
0.639691 10.1252 0.0601543 10.1656 0.0630941 -0.0629841 0.0707397 123.144 436 464441
0.639691 10.1364 0.273436 10.1656 0.0630244 -0.041974 -0 120.332 421 464441
0.639691 10.1252 0.0601543 10.1656 0.0630941 -0.0629841 -0 121.082 425 464441
-0.159923 10.1284 1.55313 10.1656 -0.0157882 0.0840222 0.353699 115.269 394 464441
-0.159923 10.1441 1.33985 10.1656 -0.0157637 0.0629841 0.353699 114.894 392 464441
-2.4441 10.0555 0.265388 10.3574 -0.238438 -0.041974 0.0707397 114.332 389 464441
7.98406 6.58337 0.265388 10.3574 0.881256 -0.041974 0.0707397 116.019 398 464441
-2.28116 10.0937 0.265388 10.3574 -0.222265 -0.041974 -0 120.332 421 464441
-2.4441 10.0555 0.265388 10.3574 -0.238438 -0.041974 -0 120.894 424 464441
7.98406 6.59412 0.482694 10.3574 0.880455 -0.0209824 -0 119.394 416 464441
7.98406 6.58337 0.265388 10.3574 0.881256 -0.041974 -0 123.144 436 464441
-2.3234 10.2806 0.257339 10.5492 -0.222265 -0.041974 -0 121.332 421 464441
-2.48936 10.2417 0.257339 10.5492 -0.238438 -0.041974 -0 121.332 421 464441
8.13192 6.71624 0.47867 10.5492 0.880455 -0.0209824 -0 121.332 421 464441
8.13192 6.70529 0.257339 10.5492 0.881256 -0.041974 -0 124.144 436 464441
8.13192 6.70529 0.257339 10.5492 0.881256 -0.041974 -0.0707397 117.582 401 464441
-3.78383 10.2545 0.470621 10.9328 -0.353492 -0.0209824 -0 117.394 400 464441
5.84774 9.22599 0.241243 10.9328 0.564926 -0.041974 -0 117.957 403 464441
5.95033 9.39655 0.466597 11.1246 0.564507 -0.0209824 -0 121.894 424 464441
5.95033 9.38785 0.233194 11.1246 0.564926 -0.041974 -0 122.832 429 464441
5.77532 9.49652 0.233194 11.1246 0.546391 -0.041974 -0 117.394 400 464441
6.05292 9.55856 0.462573 11.3164 0.564507 -0.0209824 0.0707397 123.644 428 464441
6.05292 9.54971 0.225146 11.3164 0.564926 -0.041974 0.0707397 124.582 433 464441
6.05292 9.55856 0.462573 11.3164 0.564507 -0.0209824 -0 131.332 469 464441
6.05292 9.54971 0.225146 11.3164 0.564926 -0.041974 -0 132.457 475 464441
6.23095 9.44348 0.462573 11.3164 0.583244 -0.0209824 -0.0707397 118.582 401 464441
6.05292 9.55856 0.462573 11.3164 0.564507 -0.0209824 -0.0707397 124.394 432 464441
6.05292 9.54971 0.225146 11.3164 0.564926 -0.041974 -0.0707397 125.332 437 464441
6.15551 9.72057 0.458549 11.5082 0.564507 -0.0209824 -0 120.457 411 464441
6.15551 9.71157 0.217098 11.5082 0.564926 -0.041974 -0 121.394 416 464441
5.97447 9.53489 3.11451 11.5082 0.559742 0.211379 -0 121.582 417 464441
5.97447 9.59279 2.87306 11.5082 0.557021 0.189968 -0 123.644 428 464441
9.61045 7.87246 1.74629 12.4672 0.884484 0.0840222 0.565918 120.519 406 464441
9.61045 7.92443 1.22314 12.4672 0.881256 0.041974 0.565918 122.957 419 464441
9.61045 7.93737 0.961572 12.4672 0.880455 0.0209824 0.565918 123.332 421 464441
9.41431 8.10598 1.74629 12.4672 0.859935 0.0840222 0.565918 121.644 412 464441
9.46259 7.81526 0.957548 12.2754 0.880455 0.0209824 0.495178 121.457 411 464441
9.46259 7.81526 0.957548 12.2754 0.880455 0.0209824 0.424438 120.707 407 464441
9.46259 7.81526 0.957548 12.2754 0.880455 0.0209824 0.565918 119.394 400 464441
9.26948 7.98127 1.73019 12.2754 0.859935 0.0840222 0.565918 119.394 400 464441
9.61045 7.94168 0.7 12.4672 0.880188 0 0.495178 120.144 404 464441
9.61045 7.93737 0.961572 12.4672 0.880455 0.0209824 0.495178 123.519 422 464441
9.61045 7.94168 0.7 12.4672 0.880188 0 0.424438 121.457 411 464441
9.61045 7.72772 -1.13101 12.4672 0.893563 -0.147399 0.424438 120.519 406 464441
9.61045 7.90282 1.48472 12.4672 0.882596 0.0629841 0.424438 120.519 406 464441
9.61045 7.93737 0.961572 12.4672 0.880455 0.0209824 0.424438 123.144 420 464441
9.41431 8.13547 1.48472 12.4672 0.858139 0.0629841 0.424438 119.394 400 464441
9.61045 7.78506 2.26943 12.4672 0.88995 0.12622 0.353699 122.207 415 464441
9.61045 7.83325 2.00786 12.4672 0.88693 0.105098 0.353699 120.144 404 464441
9.61045 7.90282 1.48472 12.4672 0.882596 0.0629841 0.353699 119.957 403 464441
9.41431 8.02113 2.26943 12.4672 0.865134 0.12622 0.353699 122.207 415 464441
9.41431 8.06791 2.00786 12.4672 0.862262 0.105098 0.353699 120.332 405 464441
1.39404 12.5708 0.168807 12.659 0.110444 -0.041974 -0 121.082 409 464441
6.15551 11.4954 0.426355 13.0426 0.491624 -0.0209824 -0 139.519 502 464441
5.95033 11.6029 0.426355 13.0426 0.473858 -0.0209824 -0 137.832 493 464441
6.24604 11.6645 0.422331 13.2344 0.491624 -0.0209824 -0 143.644 524 464441
6.24604 11.6545 0.144662 13.2344 0.491978 -0.041974 -0 140.457 507 464441
6.03783 11.7736 0.422331 13.2344 0.473858 -0.0209824 -0 141.957 515 464441
6.03783 11.7637 0.144662 13.2344 0.474198 -0.041974 -0 138.394 496 464441
6.33656 11.8335 0.418307 13.4262 0.491624 -0.0209824 0.0707397 145.332 533 464441
6.33656 11.8234 0.136614 13.4262 0.491978 -0.041974 0.0707397 141.582 513 464441
6.12534 11.9442 0.418307 13.4262 0.473858 -0.0209824 0.0707397 143.457 523 464441
6.33656 11.8335 0.418307 13.4262 0.491624 -0.0209824 -0 153.207 575 464441
6.33656 11.8234 0.136614 13.4262 0.491978 -0.041974 -0 149.269 554 464441
6.12534 11.9442 0.418307 13.4262 0.473858 -0.0209824 -0 151.144 564 464441
6.33656 11.8335 0.418307 13.4262 0.491624 -0.0209824 -0.0707397 146.269 538 464441
6.33656 11.8234 0.136614 13.4262 0.491978 -0.041974 -0.0707397 142.332 517 464441
6.12534 11.9442 0.418307 13.4262 0.473858 -0.0209824 -0.0707397 144.207 527 464441
6.42708 12.0026 0.414283 13.618 0.491624 -0.0209824 -0 140.894 504 464441
6.42708 11.8382 2.70002 13.618 0.497384 0.147399 -0 139.019 494 464441
6.21284 12.1148 0.414283 13.618 0.473858 -0.0209824 -0 138.832 493 464441
6.21284 11.9007 2.98574 13.618 0.481138 0.168645 -0 137.894 488 464441
6.21284 11.952 2.70002 13.618 0.479374 0.147399 -0 142.019 510 464441
6.5176 12.1716 0.410259 13.8098 0.491624 -0.0209824 -0 138.082 489 464441
6.1193 13.6519 0.7 14.9606 0.421388 0 -0 131.582 449 464441
-7.15126 13.2981 -0.571643 15.1524 -0.493402 -0.0840222 -0 126.207 415 464441
-7.38963 13.2284 0.7 15.1524 -0.509437 0 -0 128.457 427 464441
-7.38963 13.2245 0.382089 15.1524 -0.50956 -0.0209824 -0 128.269 426 464441
-7.38963 13.1671 -0.571643 15.1524 -0.511416 -0.0840222 -0 130.332 437 464441
6.82538 15.2271 0.7 16.6869 0.421388 0 0.0707397 145.207 511 464441
6.56286 15.3421 0.7 16.6869 0.404213 0 0.0707397 149.519 534 464441
6.56286 15.3381 1.0501 16.6869 0.404307 0.0209824 0.0707397 149.519 534 464441
6.82538 15.2271 0.7 16.6869 0.421388 0 -0 152.894 552 464441
6.56286 15.3421 0.7 16.6869 0.404213 0 -0 156.832 573 464441
6.56286 15.3381 1.0501 16.6869 0.404307 0.0209824 -0 156.832 573 464441
6.82538 15.2271 0.7 16.6869 0.421388 0 -0.0707397 145.582 513 464441
6.56286 15.3421 0.7 16.6869 0.404213 0 -0.0707397 149.707 535 464441
6.56286 15.3381 1.0501 16.6869 0.404307 0.0209824 -0.0707397 149.707 535 464441
6.6383 15.5184 0.7 16.8787 0.404213 0 0.0707397 149.332 533 464441
6.6383 15.5144 1.05413 16.8787 0.404307 0.0209824 0.0707397 149.144 532 464441
6.6383 15.5184 0.7 16.8787 0.404213 0 -0 157.394 576 464441
6.6383 15.5144 1.05413 16.8787 0.404307 0.0209824 -0 157.207 575 464441
6.6383 15.5184 0.7 16.8787 0.404213 0 -0.0707397 150.644 540 464441
6.6383 15.5144 1.05413 16.8787 0.404307 0.0209824 -0.0707397 150.269 538 464441
-7.3323 15.6276 0.7 17.2623 -0.438696 0 -0 130.957 435 464441
-7.3323 15.6234 0.337823 17.2623 -0.438799 -0.0209824 -0 135.269 458 464441
-7.3323 15.6108 -0.0243536 17.2623 -0.439109 -0.041974 -0 132.082 441 464441
-7.60387 15.4931 0.337823 17.2623 -0.456253 -0.0209824 -0 132.644 444 464441
6.73486 16.5174 0.7 17.8377 0.387164 0 0.0707397 148.269 522 464441
6.73486 16.5132 0.325751 17.8377 0.387253 -0.0209824 0.0707397 148.457 523 464441
6.45424 16.6291 0.7 17.8377 0.370232 0 0.0707397 145.644 508 464441
6.45424 16.6248 0.325751 17.8377 0.370317 -0.0209824 0.0707397 145.832 509 464441
6.73486 16.5174 0.7 17.8377 0.387164 0 -0 155.957 563 464441
6.73486 16.5132 0.325751 17.8377 0.387253 -0.0209824 -0 156.144 564 464441
6.45424 16.6291 0.7 17.8377 0.370232 0 -0 152.957 547 464441
6.45424 16.6248 0.325751 17.8377 0.370317 -0.0209824 -0 153.144 548 464441
6.73486 16.5174 0.7 17.8377 0.387164 0 -0.0707397 148.644 524 464441
6.73486 16.5132 0.325751 17.8377 0.387253 -0.0209824 -0.0707397 149.019 526 464441
6.45424 16.6291 0.7 17.8377 0.370232 0 -0.0707397 145.832 509 464441
6.45424 16.6248 0.325751 17.8377 0.370317 -0.0209824 -0.0707397 146.019 510 464441
6.80727 16.695 0.7 18.0295 0.387164 0 0.0707397 142.269 490 464441
6.80727 16.6907 0.321726 18.0295 0.387253 -0.0209824 0.0707397 142.457 491 464441
6.80727 16.695 0.7 18.0295 0.387164 0 -0 150.144 532 464441
6.80727 16.6907 0.321726 18.0295 0.387253 -0.0209824 -0 150.519 534 464441
6.52364 16.8079 0.7 18.0295 0.370232 0 -0 147.144 516 464441
6.52364 16.8036 0.321726 18.0295 0.370317 -0.0209824 -0 147.332 517 464441
6.80727 16.695 0.7 18.0295 0.387164 0 -0.0707397 143.957 499 464441
6.80727 16.6907 0.321726 18.0295 0.387253 -0.0209824 -0.0707397 144.519 502 464441
6.87969 16.8726 0.7 18.2213 0.387164 0 -0 146.269 506 464441
6.87969 16.8683 0.317702 18.2213 0.387253 -0.0209824 -0 145.332 501 464441
6.59304 16.9867 0.7 18.2213 0.370232 0 -0 146.269 506 464441
6.59304 16.9824 0.317702 18.2213 0.370317 -0.0209824 -0 145.332 501 464441
3.04758 19.1309 0.7 19.3721 0.157974 0 0.0707397 137.332 453 464441
2.74282 19.1769 0.7 19.3721 0.142064 0 0.0707397 138.269 458 464441
6.46329 18.4654 0.7 19.5639 0.336693 0 -0 152.894 536 464441
6.46329 18.4609 0.289533 19.5639 0.336771 -0.0209824 -0 152.144 532 464441
6.15551 18.5703 0.7 19.5639 0.320073 0 -0 152.144 532 464441
6.15551 18.5658 0.289533 19.5639 0.320146 -0.0209824 -0 151.019 526 464441
7.14824 18.1871 3.60144 19.7557 0.37449 0.147399 -0 143.332 485 464441
5.90507 18.8525 0.7 19.7557 0.303544 0 -0 151.207 527 464441
6.27621 18.9344 0.7 19.9475 0.320073 0 0.0707397 159.269 570 464441
6.27621 18.9298 0.281485 19.9475 0.320146 -0.0209824 0.0707397 155.144 548 464441
6.27621 18.9298 1.11852 19.9475 0.320146 0.0209824 0.0707397 155.519 550 464441
5.9624 19.0356 0.7 19.9475 0.303544 0 0.0707397 158.707 567 464441
5.9624 19.031 0.281485 19.9475 0.303613 -0.0209824 0.0707397 154.582 545 464441
5.9624 19.031 1.11852 19.9475 0.303613 0.0209824 0.0707397 154.582 545 464441
6.27621 18.9344 0.7 19.9475 0.320073 0 -0 166.957 611 464441
6.27621 18.9298 0.281485 19.9475 0.320146 -0.0209824 -0 162.832 589 464441
6.27621 18.9298 1.11852 19.9475 0.320146 0.0209824 -0 163.207 591 464441
5.9624 19.0356 0.7 19.9475 0.303544 0 -0 166.207 607 464441
6.27621 18.9344 0.7 19.9475 0.320073 0 -0.0707397 160.207 575 464441
6.27621 18.9298 0.281485 19.9475 0.320146 -0.0209824 -0.0707397 156.082 553 464441
6.27621 18.9298 1.11852 19.9475 0.320146 0.0209824 -0.0707397 156.082 553 464441
5.9624 19.0356 0.7 19.9475 0.303544 0 -0.0707397 159.269 570 464441
6.33656 19.1165 0.7 20.1393 0.320073 0 0.0707397 152.707 535 464441
6.01973 19.2186 0.7 20.1393 0.303544 0 0.0707397 151.394 528 464441
6.33656 19.1165 0.7 20.1393 0.320073 0 -0 161.144 580 464441
6.33656 19.1118 0.27746 20.1393 0.320146 -0.0209824 -0 156.832 557 464441
6.33656 19.1118 1.12254 20.1393 0.320146 0.0209824 -0 157.394 560 464441
6.01973 19.2186 0.7 20.1393 0.303544 0 -0 160.582 577 464441
6.33656 19.1165 0.7 20.1393 0.320073 0 -0.0707397 154.582 545 464441
6.01973 19.2186 0.7 20.1393 0.303544 0 -0.0707397 154.582 545 464441
6.39691 19.2985 0.7 20.3311 0.320073 0 -0 152.707 535 464441
6.07706 19.4016 0.7 20.3311 0.303544 0 -0 151.582 529 464441
1.93718 20.4268 1.13059 20.5229 0.0945525 0.0209824 -0 148.832 509 464441
1.61431 20.4593 0.7 20.5229 0.0787404 0 -0 151.082 521 464441
1.61431 20.4548 1.13059 20.5229 0.0787578 0.0209824 -0 151.457 523 464441
1.95528 20.6222 0.7 20.7147 0.0945316 0 0.0707397 152.582 529 464441
1.95528 20.6177 1.13461 20.7147 0.0945525 0.0209824 0.0707397 155.207 543 464441
1.6294 20.6505 0.7 20.7147 0.0787404 0 0.0707397 155.207 543 464441
1.6294 20.646 1.13461 20.7147 0.0787578 0.0209824 0.0707397 156.332 549 464441
1.95528 20.6177 1.13461 20.7147 0.0945525 0.0209824 -0 162.707 583 464441
1.6294 20.6505 0.7 20.7147 0.0787404 0 -0 162.707 583 464441
1.6294 20.646 1.13461 20.7147 0.0787578 0.0209824 -0 164.019 590 464441
1.95528 20.6177 1.13461 20.7147 0.0945525 0.0209824 -0.0707397 155.957 547 464441
1.6294 20.6505 0.7 20.7147 0.0787404 0 -0.0707397 156.144 548 464441
1.6294 20.646 1.13461 20.7147 0.0787578 0.0209824 -0.0707397 157.457 555 464441
4.93346 20.3161 0.7 20.9065 0.238224 0 0.0707397 146.582 497 464441
4.93346 20.3114 1.13864 20.9065 0.238277 0.0209824 0.0707397 148.082 505 464441
4.60457 20.3743 1.57727 20.9065 0.222265 0.041974 0.0707397 145.457 491 464441
4.60457 20.3884 1.13864 20.9065 0.222116 0.0209824 0.0707397 146.582 497 464441
4.93346 20.3114 1.13864 20.9065 0.238277 0.0209824 -0 156.144 548 464441
4.60457 20.3884 1.13864 20.9065 0.222116 0.0209824 -0 154.832 541 464441
1.64449 20.8371 1.13864 20.9065 0.0787578 0.0209824 -0 155.394 544 464441
4.93346 20.3114 1.13864 20.9065 0.238277 0.0209824 -0.0707397 149.957 515 464441
4.60457 20.3884 1.13864 20.9065 0.222116 0.0209824 -0.0707397 148.457 507 464441
1.97338 20.8086 1.13864 20.9065 0.0945525 0.0209824 -0.0707397 149.019 510 464441
1.64449 20.8417 0.7 20.9065 0.0787404 0 -0.0707397 149.207 511 464441
1.64449 20.8371 1.13864 20.9065 0.0787578 0.0209824 -0.0707397 150.332 517 464441
1.99149 21.0041 0.7 21.0983 0.0945316 0 -0 148.082 505 464441
1.99149 20.9995 1.14266 21.0983 0.0945525 0.0209824 -0 152.019 526 464441
1.65957 21.0283 1.14266 21.0983 0.0787578 0.0209824 -0 151.457 523 464441
3.68426 20.9499 1.59337 21.2901 0.17408 0.041974 -0 144.894 488 464441
3.68426 20.9642 1.14668 21.2901 0.173964 0.0209824 -0 143.582 481 464441
3.71745 21.1386 1.60142 21.4819 0.17408 0.041974 0.0707397 146.582 497 464441
3.71745 21.153 1.15071 21.4819 0.173964 0.0209824 0.0707397 147.894 504 464441
3.3795 21.2097 1.15071 21.4819 0.158009 0.0209824 0.0707397 141.707 471 464441
3.71745 21.1386 1.60142 21.4819 0.17408 0.041974 -0 154.269 538 464441
3.71745 21.153 1.15071 21.4819 0.173964 0.0209824 -0 155.957 547 464441
4.0554 21.0909 1.15071 21.4819 0.189964 0.0209824 -0.0707397 145.457 491 464441
3.71745 21.1386 1.60142 21.4819 0.17408 0.041974 -0.0707397 147.519 502 464441
3.71745 21.153 1.15071 21.4819 0.173964 0.0209824 -0.0707397 149.207 511 464441
5.15977 21.2431 1.15876 21.8655 0.238277 0.0209824 0.0707397 148.832 509 464441
4.81578 21.3089 1.61751 21.8655 0.222265 0.041974 0.0707397 148.644 508 464441
4.81578 21.3237 1.15876 21.8655 0.222116 0.0209824 0.0707397 153.894 536 464441
4.4718 21.3985 1.15876 21.8655 0.206013 0.0209824 0.0707397 149.207 511 464441
5.15977 21.2431 1.15876 21.8655 0.238277 0.0209824 -0 156.332 549 464441
4.81578 21.3089 1.61751 21.8655 0.222265 0.041974 -0 156.519 550 464441
4.81578 21.3237 1.15876 21.8655 0.222116 0.0209824 -0 161.394 576 464441
4.4718 21.3985 1.15876 21.8655 0.206013 0.0209824 -0 156.519 550 464441
5.15977 21.2431 1.15876 21.8655 0.238277 0.0209824 -0.0707397 148.832 509 464441
4.81578 21.3089 1.61751 21.8655 0.222265 0.041974 -0.0707397 149.582 513 464441
4.81578 21.3237 1.15876 21.8655 0.222116 0.0209824 -0.0707397 154.457 539 464441
4.4718 21.3985 1.15876 21.8655 0.206013 0.0209824 -0.0707397 149.957 515 464441
4.85803 21.5107 1.16278 22.0573 0.222116 0.0209824 0.0707397 148.707 503 464441
5.20503 21.4294 1.16278 22.0573 0.238277 0.0209824 -0 153.019 526 464441
4.85803 21.4958 1.62556 22.0573 0.222265 0.041974 -0 151.707 519 464441
4.85803 21.5107 1.16278 22.0573 0.222116 0.0209824 -0 157.519 550 464441
4.51103 21.5862 1.16278 22.0573 0.206013 0.0209824 -0 152.269 522 464441
5.20503 21.4294 1.16278 22.0573 0.238277 0.0209824 -0.0707397 147.019 494 464441
4.85803 21.5107 1.16278 22.0573 0.222116 0.0209824 -0.0707397 151.519 518 464441
4.51103 21.5862 1.16278 22.0573 0.206013 0.0209824 -0.0707397 146.269 490 464441
8.05045 20.7206 1.63361 22.2491 0.370574 0.041974 -0 141.019 462 464441
8.05045 20.7364 1.16681 22.2491 0.370317 0.0209824 -0 142.332 469 464441
4.90027 21.6978 1.16681 22.2491 0.222116 0.0209824 -0 146.832 493 464441
2.80015 22.0722 0.7 22.2491 0.126189 0 -0 141.957 467 464441
2.80015 22.0673 1.16681 22.2491 0.126217 0.0209824 -0 141.582 465 464441
8.05045 20.7364 1.16681 22.2491 0.370317 0.0209824 -0.0707397 135.957 435 464441
1.79536 22.7538 0.7 22.8246 0.0787404 0 0.0707397 151.957 515 464441
1.79536 22.7488 1.17888 22.8246 0.0787578 0.0209824 0.0707397 148.207 495 464441
1.43629 22.7793 0.7 22.8246 0.0629689 0 0.0707397 151.394 512 464441
1.43629 22.7743 1.17888 22.8246 0.0629827 0.0209824 0.0707397 147.644 492 464441
1.79536 22.7538 0.7 22.8246 0.0787404 0 -0 159.082 553 464441
1.79536 22.7488 1.17888 22.8246 0.0787578 0.0209824 -0 155.519 534 464441
1.43629 22.7793 0.7 22.8246 0.0629689 0 -0 159.269 554 464441
1.43629 22.7743 1.17888 22.8246 0.0629827 0.0209824 -0 155.707 535 464441
1.79536 22.7538 0.7 22.8246 0.0787404 0 -0.0707397 151.957 515 464441
1.79536 22.7488 1.17888 22.8246 0.0787578 0.0209824 -0.0707397 148.582 497 464441
1.43629 22.7793 0.7 22.8246 0.0629689 0 -0.0707397 152.894 520 464441
1.43629 22.7743 1.17888 22.8246 0.0629827 0.0209824 -0.0707397 149.707 503 464441
1.81044 22.945 0.7 23.0164 0.0787404 0 0.0707397 151.019 510 464441
1.81044 22.94 1.1829 23.0164 0.0787578 0.0209824 0.0707397 147.082 489 464441
1.44836 22.9707 0.7 23.0164 0.0629689 0 0.0707397 150.457 507 464441
1.44836 22.9657 1.1829 23.0164 0.0629827 0.0209824 0.0707397 146.707 487 464441
1.81044 22.945 0.7 23.0164 0.0787404 0 -0 158.894 552 464441
1.81044 22.94 1.1829 23.0164 0.0787578 0.0209824 -0 155.332 533 464441
1.44836 22.9707 0.7 23.0164 0.0629689 0 -0 159.457 555 464441
1.44836 22.9657 1.1829 23.0164 0.0629827 0.0209824 -0 155.894 536 464441
1.81044 22.945 0.7 23.0164 0.0787404 0 -0.0707397 152.519 518 464441
1.44836 22.9707 0.7 23.0164 0.0629689 0 -0.0707397 154.019 526 464441
1.44836 22.9657 1.1829 23.0164 0.0629827 0.0209824 -0.0707397 150.832 509 464441
-14.8456 18.3352 0.7 23.5918 -0.680617 0 0.0707397 138.082 441 464441
-14.8456 18.3285 0.205025 23.5918 -0.680795 -0.0209824 0.0707397 136.394 432 464441
-15.2168 18.0283 0.7 23.5918 -0.701029 0 0.0707397 134.519 422 464441
-14.8456 18.3352 0.7 23.5918 -0.680617 0 -0 145.019 478 464441
-14.8456 18.3285 0.205025 23.5918 -0.680795 -0.0209824 -0 143.144 468 464441
-13.7322 19.1833 0.7 23.5918 -0.621281 0 -0.0707397 133.582 417 464441
-13.7322 19.1769 1.19497 23.5918 -0.621438 0.0209824 -0.0707397 133.582 417 464441
-14.1034 18.9056 1.19497 23.5918 -0.640929 0.0209824 -0.0707397 134.332 421 464441
-14.8456 18.3352 0.7 23.5918 -0.680617 0 -0.0707397 137.894 440 464441
-14.8456 18.3285 0.205025 23.5918 -0.680795 -0.0209824 -0.0707397 136.019 430 464441
-15.2168 18.0283 0.7 23.5918 -0.701029 0 -0.0707397 134.894 424 464441
-7.10901 22.6908 0.201001 23.7836 -0.303613 -0.0209824 0.0707397 136.019 430 464441
-14.5922 18.781 0.7 23.7836 -0.660537 0 0.0707397 138.082 441 464441
-14.9663 18.4842 0.7 23.7836 -0.680617 0 0.0707397 138.832 445 464441
-14.9663 18.4775 0.201001 23.7836 -0.680795 -0.0209824 0.0707397 136.207 431 464441
-14.5922 18.781 0.7 23.7836 -0.660537 0 -0 145.207 479 464441
-14.9663 18.4842 0.7 23.7836 -0.680617 0 -0 146.144 484 464441
-14.5922 18.781 0.7 23.7836 -0.660537 0 -0.0707397 138.457 443 464441
-14.9663 18.4842 0.7 23.7836 -0.680617 0 -0.0707397 139.957 451 464441
-14.9663 18.4775 0.201001 23.7836 -0.680795 -0.0209824 -0.0707397 137.144 436 464441
-13.7956 20.0759 0.7 24.359 -0.602065 0 -0 138.707 439 464441
-13.7956 20.0694 1.21107 24.359 -0.602216 0.0209824 -0 139.082 441 464441
1.14963 24.3318 0.7 24.359 0.047213 0 -0 141.894 456 464441
1.14963 24.3265 0.188928 24.359 0.0472234 -0.0209824 -0 139.457 443 464441
0.766422 24.3469 0.7 24.359 0.0314688 0 -0 139.269 442 464441
10.0419 22.4031 0.7 24.5508 0.421388 0 -0 136.644 428 464441
9.65571 22.5723 0.7 24.5508 0.404213 0 -0 136.644 428 464441
9.48673 23.2664 0.7 25.1262 0.387164 0 -0 134.019 414 464441
9.09145 23.4237 0.7 25.1262 0.370232 0 -0 134.957 419 464441
11.1523 22.7046 1.76239 25.318 0.456578 0.041974 -0 139.269 442 464441
11.1523 22.7232 1.23119 25.318 0.456253 0.0209824 -0 139.082 441 464441
10.754 22.8959 1.76239 25.318 0.439109 0.041974 -0 137.582 433 464441
10.754 22.9144 1.23119 25.318 0.438799 0.0209824 -0 137.582 433 464441
-16.294 20.124 0.7 25.8934 -0.680617 0 -0 141.019 446 464441
-16.294 20.1166 0.156735 25.8934 -0.680795 -0.0209824 -0 138.394 432 464441
-16.7014 19.7872 0.7 25.8934 -0.701029 0 -0 142.144 452 464441
-16.7014 19.7797 0.156735 25.8934 -0.701215 -0.0209824 -0 140.269 442 464441
-16.7014 19.7797 1.24327 25.8934 -0.701215 0.0209824 -0 138.207 431 464441
-16.7014 19.7872 0.7 25.8934 -0.701029 0 -0.0707397 135.394 416 464441
-16.4147 20.273 0.7 26.0852 -0.680617 0 0.0707397 141.957 451 464441
-16.4147 20.2656 0.152711 26.0852 -0.680795 -0.0209824 0.0707397 139.144 436 464441
-16.8251 19.9338 0.7 26.0852 -0.701029 0 0.0707397 142.332 453 464441
-16.8251 19.9263 0.152711 26.0852 -0.701215 -0.0209824 0.0707397 140.082 441 464441
-16.4147 20.273 0.7 26.0852 -0.680617 0 -0 149.644 492 464441
-16.4147 20.2656 0.152711 26.0852 -0.680795 -0.0209824 -0 147.207 479 464441
-16.8251 19.9338 0.7 26.0852 -0.701029 0 -0 150.207 495 464441
-16.8251 19.9263 0.152711 26.0852 -0.701215 -0.0209824 -0 148.144 484 464441
-16.4147 20.273 0.7 26.0852 -0.680617 0 -0.0707397 143.082 457 464441
-16.4147 20.2656 0.152711 26.0852 -0.680795 -0.0209824 -0.0707397 140.644 444 464441
-16.8251 19.9338 0.7 26.0852 -0.701029 0 -0.0707397 143.457 459 464441
-16.8251 19.9263 0.152711 26.0852 -0.701215 -0.0209824 -0.0707397 141.394 448 464441
6.71072 25.583 4.05617 26.6606 0.256532 0.12622 -0 136.144 420 464441
6.2913 25.6894 4.05617 26.6606 0.240172 0.12622 -0 138.207 431 464441
6.2913 25.8835 1.81872 26.6606 0.238438 0.041974 -0 137.082 425 464441
6.2913 25.9016 1.25936 26.6606 0.238277 0.0209824 -0 135.957 419 464441
5.87188 25.9819 1.81872 26.6606 0.222265 0.041974 -0 136.144 420 464441
5.87188 25.9999 1.25936 26.6606 0.222116 0.0209824 -0 136.144 420 464441
6.75899 25.7671 4.08032 26.8524 0.256532 0.12622 -0 140.457 443 464441
6.75899 25.8347 3.51693 26.8524 0.255889 0.105098 -0 141.957 451 464441
6.33656 25.8742 4.08032 26.8524 0.240172 0.12622 -0 140.644 444 464441
6.33656 25.9416 3.51693 26.8524 0.239572 0.105098 -0 142.707 455 464441
6.75899 25.8347 3.51693 26.8524 0.255889 0.105098 -0.0707397 134.832 413 464441
6.33656 25.9416 3.51693 26.8524 0.239572 0.105098 -0.0707397 136.144 420 464441
12.5132 24.4071 0.7 27.4278 0.473746 0 -0 133.394 400 464441
-15.9651 22.3025 0.7 27.4278 -0.621281 0 -0 136.394 416 464441
-15.9651 22.2951 0.124541 27.4278 -0.621438 -0.0209824 -0 133.957 403 464441
-16.3966 21.9872 0.7 27.4278 -0.640765 0 -0 136.207 415 464441
-16.3966 21.9797 0.124541 27.4278 -0.640929 -0.0209824 -0 134.707 407 464441
10.4282 25.5753 0.7 27.6196 0.387164 0 0.0707397 136.582 417 464441
10.4282 25.5753 0.7 27.6196 0.387164 0 -0 143.519 454 464441
6.5176 26.8146 1.85897 27.6196 0.238438 0.041974 -0 143.707 455 464441
6.5176 26.8334 1.27948 27.6196 0.238277 0.0209824 -0 143.332 453 464441
6.0831 26.9165 1.85897 27.6196 0.222265 0.041974 -0 142.957 451 464441
10.8627 25.3938 0.7 27.6196 0.404213 0 -0.0707397 136.207 415 464441
10.4282 25.5753 0.7 27.6196 0.387164 0 -0.0707397 136.957 419 464441
-16.4117 22.9263 0.7 28.195 -0.621281 0 -0 138.644 428 464441
11.089 25.9229 0.7 28.195 0.404213 0 -0 139.394 432 464441
10.6454 26.1081 0.7 28.195 0.387164 0 -0 140.894 440 464441
6.65339 26.1171 8.98178 28.195 0.249446 0.298128 -0 141.082 441 464441
6.20983 26.2261 8.98178 28.195 0.232498 0.298128 -0 140.519 438 464441
10.6454 26.1081 0.7 28.195 0.387164 0 -0.0707397 134.519 406 464441
-16.0768 23.3955 0.7 28.3868 -0.602065 0 -0 140.519 438 464441
-16.5233 23.0823 0.7 28.3868 -0.621281 0 -0 140.519 438 464441
-19.6494 20.487 0.7 28.3868 -0.764533 0 -0 140.707 439 464441
-19.6494 20.4783 0.10442 28.3868 -0.764744 -0.0209824 -0 139.957 435 464441
-7.14522 27.4664 0.10442 28.3868 -0.254503 -0.0209824 -0.0707397 130.207 383 464441
-16.4026 23.8698 0.7 28.9622 -0.602065 0 -0 138.144 420 464441
-17.7695 22.8704 0.7 28.9622 -0.660537 0 -0 131.582 385 464441
2.73377 28.8265 1.30765 28.9622 0.0945525 0.0209824 -0 135.332 405 464441
-16.0526 24.3366 0.7 29.1541 -0.583099 0 -0 146.019 462 464441
-16.0526 24.329 1.31168 29.1541 -0.583244 0.0209824 -0 143.582 449 464441
-16.5113 24.0278 0.7 29.1541 -0.602065 0 -0 141.894 440 464441
-16.5113 24.0201 1.31168 29.1541 -0.602216 0.0209824 -0 141.332 437 464441
-16.0526 24.3366 0.7 29.1541 -0.583099 0 -0.0707397 139.457 427 464441
-15.9017 25.1192 0.7 29.7295 -0.564368 0 -0 140.957 435 464441
-16.3694 24.817 0.7 29.7295 -0.583099 0 -0 143.207 447 464441
-16.3694 24.8091 0.076251 29.7295 -0.583244 -0.0209824 -0 141.144 436 464441
3.74159 29.4865 1.32375 29.7295 0.126217 0.0209824 -0 141.332 437 464441
3.27389 29.5421 1.32375 29.7295 0.110371 0.0209824 -0 142.082 441 464441
8.9436 28.5534 0.7 29.9213 0.303544 0 -0 140.207 431 464441
3.35838 30.3112 0.7 30.4967 0.110346 0 -0 141.957 435 464441
3.35838 30.3044 1.33985 30.4967 0.110371 0.0209824 -0 142.707 439 464441
2.87861 30.3605 0.7 30.4967 0.0945316 0 -0 142.707 439 464441
2.87861 30.3538 1.33985 30.4967 0.0945525 0.0209824 -0 144.394 448 464441
2.39884 30.3954 1.33985 30.4967 0.0787578 0.0209824 -0 141.019 430 464441
-6.75899 29.928 0.0561301 30.6885 -0.222116 -0.0209824 0.0707397 135.957 403 464441
-7.24178 29.8148 0.0561301 30.6885 -0.238277 -0.0209824 0.0707397 138.207 415 464441
6.27621 30.0398 0.7 30.6885 0.205967 0 -0 153.394 496 464441
6.27621 30.0329 1.34387 30.6885 0.206013 0.0209824 -0 153.582 497 464441
5.79342 30.1298 1.34387 30.6885 0.189964 0.0209824 -0 150.957 483 464441
-7.24178 29.8148 0.0561301 30.6885 -0.238277 -0.0209824 -0.0707397 138.207 415 464441
6.84348 30.3091 0.7 31.0721 0.222066 0 0.0707397 155.082 505 464441
6.35466 30.4153 0.7 31.0721 0.205967 0 0.0707397 159.207 527 464441
6.35466 30.4083 1.35192 31.0721 0.206013 0.0209824 0.0707397 159.207 527 464441
6.84348 30.3091 0.7 31.0721 0.222066 0 -0 162.957 547 464441
6.35466 30.4153 0.7 31.0721 0.205967 0 -0 166.894 568 464441
6.35466 30.4083 1.35192 31.0721 0.206013 0.0209824 -0 166.894 568 464441
6.84348 30.3091 0.7 31.0721 0.222066 0 -0.0707397 156.207 511 464441
6.35466 30.4153 0.7 31.0721 0.205967 0 -0.0707397 160.332 533 464441
6.35466 30.4083 1.35192 31.0721 0.206013 0.0209824 -0.0707397 160.332 533 464441
6.88573 30.4962 0.7 31.2639 0.222066 0 -0 153.394 496 464441
6.39389 30.6031 0.7 31.2639 0.205967 0 -0 157.707 519 464441
6.39389 30.5961 1.35594 31.2639 0.206013 0.0209824 -0 156.957 515 464441
6.39389 30.6031 0.7 31.2639 0.205967 0 -0.0707397 151.894 488 464441
6.39389 30.5961 1.35594 31.2639 0.206013 0.0209824 -0.0707397 151.144 484 464441
6.43311 30.7908 0.7 31.4557 0.205967 0 -0 151.894 488 464441
6.43311 30.7838 1.35997 31.4557 0.206013 0.0209824 -0 152.832 493 464441
4.03126 31.5982 4.0602 32.0311 0.126893 0.105098 -0 139.707 423 464441
3.02344 31.6321 4.73223 32.0311 0.0952919 0.12622 -0 140.082 425 464441
3.02344 31.7106 4.0602 32.0311 0.0950577 0.105098 -0 141.394 432 464441
4.0554 31.7875 4.08032 32.2229 0.126893 0.105098 0.0707397 135.207 399 464441
3.04155 31.9004 4.08032 32.2229 0.0950577 0.105098 -0 146.269 458 464441
2.53462 31.9447 4.08032 32.2229 0.0791782 0.105098 -0 147.957 467 464441
1.52077 32.187 0.7 32.2229 0.047213 0 -0 146.269 458 464441
1.52077 32.1799 0.0239366 32.2229 0.0472234 -0.0209824 -0 147.207 463 464441
4.0554 31.7875 4.08032 32.2229 0.126893 0.105098 -0.0707397 135.207 399 464441
3.04155 31.9004 4.08032 32.2229 0.0950577 0.105098 -0.0707397 139.144 420 464441
1.53888 32.5702 0.7 32.6065 0.047213 0 0.0707397 154.144 500 464441
1.53888 32.563 0.0158883 32.6065 0.0472234 -0.0209824 0.0707397 154.519 502 464441
1.53888 32.5702 0.7 32.6065 0.047213 0 -0 160.894 536 464441
1.53888 32.563 0.0158883 32.6065 0.0472234 -0.0209824 -0 161.269 538 464441
1.53888 32.5702 0.7 32.6065 0.047213 0 -0.0707397 153.582 497 464441
1.53888 32.563 0.0158883 32.6065 0.0472234 -0.0209824 -0.0707397 153.957 499 464441
1.54793 32.7618 0.7 32.7983 0.047213 0 0.0707397 145.957 451 464441
1.54793 32.7545 0.0118641 32.7983 0.0472234 -0.0209824 0.0707397 146.519 454 464441
1.54793 32.7618 0.7 32.7983 0.047213 0 -0 153.644 492 464441
1.54793 32.7545 0.0118641 32.7983 0.0472234 -0.0209824 -0 154.207 495 464441
1.03195 32.7821 0.7 32.7983 0.0314688 0 -0 150.269 474 464441
1.03195 32.7748 0.0118641 32.7983 0.0314757 -0.0209824 -0 150.082 473 464441
1.54793 32.7618 0.7 32.7983 0.047213 0 -0.0707397 146.707 455 464441
1.54793 32.7545 0.0118641 32.7983 0.0472234 -0.0209824 -0.0707397 147.269 458 464441
-6.74692 32.2854 0.00783986 32.9901 -0.206013 -0.0209824 0.0707397 138.082 409 464441
-7.26592 32.18 0.7 32.9901 -0.222066 0 0.0707397 137.332 405 464441
-7.26592 32.1726 0.00783986 32.9901 -0.222116 -0.0209824 0.0707397 141.644 428 464441
-7.26592 32.1502 -0.68432 32.9901 -0.222265 -0.041974 0.0707397 135.832 397 464441
-7.78491 32.051 0.00783986 32.9901 -0.238277 -0.0209824 0.0707397 135.832 397 464441
-6.74692 32.2854 0.00783986 32.9901 -0.206013 -0.0209824 -0 145.957 451 464441
-7.26592 32.18 0.7 32.9901 -0.222066 0 -0 145.019 446 464441
-7.26592 32.1726 0.00783986 32.9901 -0.222116 -0.0209824 -0 149.144 468 464441
1.55698 32.9534 0.7 32.9901 0.047213 0 -0 146.707 455 464441
1.55698 32.9461 0.00783986 32.9901 0.0472234 -0.0209824 -0 146.894 456 464441
-6.74692 32.2854 0.00783986 32.9901 -0.206013 -0.0209824 -0.0707397 139.019 414 464441
-7.26592 32.18 0.7 32.9901 -0.222066 0 -0.0707397 137.894 408 464441
-7.26592 32.1726 0.00783986 32.9901 -0.222116 -0.0209824 -0.0707397 142.207 431 464441
-7.26592 32.1502 -0.68432 32.9901 -0.222265 -0.041974 -0.0707397 136.394 400 464441
-7.78491 32.051 0.00783986 32.9901 -0.238277 -0.0209824 -0.0707397 136.394 400 464441
4.22437 33.1119 4.22116 33.5655 0.126893 0.105098 0.0707397 133.019 382 464441
3.69633 33.175 4.22116 33.5655 0.110961 0.105098 0.0707397 136.582 401 464441
3.69633 33.2422 3.51693 33.5655 0.110739 0.0840222 0.0707397 132.457 379 464441
3.16828 33.2296 4.22116 33.5655 0.0950577 0.105098 0.0707397 135.832 397 464441
3.16828 33.2967 3.51693 33.5655 0.0948673 0.0840222 0.0707397 132.832 381 464441
3.69633 33.175 4.22116 33.5655 0.110961 0.105098 -0 144.082 441 464441
10.0329 31.8369 4.22116 33.5655 0.305283 0.105098 -0.0707397 136.019 398 464441
5.28046 32.96 4.22116 33.5655 0.158858 0.105098 -0.0707397 137.332 405 464441
5.28046 33.0277 3.51693 33.5655 0.158538 0.0840222 -0.0707397 136.207 399 464441
4.75242 33.0403 4.22116 33.5655 0.142857 0.105098 -0.0707397 136.582 401 464441
3.69633 33.175 4.22116 33.5655 0.110961 0.105098 -0.0707397 136.957 403 464441
-16.463 29.4708 0.7 33.7573 -0.509437 0 0.0707397 130.394 368 464441
-16.463 29.4623 1.40826 33.7573 -0.50956 0.0209824 0.0707397 132.082 377 464441
-16.994 29.1678 0.7 33.7573 -0.52755 0 0.0707397 131.707 375 464441
-16.994 29.1592 1.40826 33.7573 -0.527678 0.0209824 0.0707397 133.019 382 464441
-16.463 29.4623 1.40826 33.7573 -0.50956 0.0209824 -0 139.019 414 464441
-16.994 29.1678 0.7 33.7573 -0.52755 0 -0 138.644 412 464441
-16.994 29.1592 1.40826 33.7573 -0.527678 0.0209824 -0 139.957 419 464441
-16.463 29.4623 1.40826 33.7573 -0.50956 0.0209824 -0.0707397 131.332 373 464441
-16.994 29.1678 0.7 33.7573 -0.52755 0 -0.0707397 131.332 373 464441
-16.994 29.1592 1.40826 33.7573 -0.527678 0.0209824 -0.0707397 132.644 380 464441
10.2622 32.5646 4.30165 34.3327 0.305283 0.105098 -0 136.457 395 464441
4.86104 33.7109 5.02198 34.3327 0.143211 0.12622 -0 134.019 382 464441
4.86104 33.7955 4.30165 34.3327 0.142857 0.105098 -0 134.207 383 464441
3.78081 34.1239 0.7 34.3327 0.110346 0 -0 133.832 381 464441
3.78081 34.1163 1.42033 34.3327 0.110371 0.0209824 -0 134.957 387 464441
-16.5656 30.9362 1.43643 35.0999 -0.491624 0.0209824 0.0707397 142.269 426 464441
-17.1178 30.6341 1.43643 35.0999 -0.50956 0.0209824 0.0707397 145.082 441 464441
5.52186 34.5375 3.6457 35.0999 0.158538 0.0840222 0.0707397 142.269 426 464441
-17.1178 30.6341 1.43643 35.0999 -0.50956 0.0209824 -0 152.582 481 464441
-17.1178 30.6341 1.43643 35.0999 -0.50956 0.0209824 -0.0707397 145.644 444 464441
5.52186 34.5375 3.6457 35.0999 0.158538 0.0840222 -0.0707397 144.707 439 464441
5.55203 34.6551 4.40225 35.2917 0.158858 0.105098 0.0707397 137.582 401 464441
5.55203 34.7262 3.6618 35.2917 0.158538 0.0840222 0.0707397 136.082 393 464441
4.99683 34.6526 5.1427 35.2917 0.143211 0.12622 0.0707397 138.144 404 464441
4.99683 34.7395 4.40225 35.2917 0.142857 0.105098 0.0707397 139.644 412 464441
4.99683 34.8104 3.6618 35.2917 0.14257 0.0840222 0.0707397 137.019 398 464441
5.55203 34.6551 4.40225 35.2917 0.158858 0.105098 -0 145.269 442 464441
4.99683 34.7395 4.40225 35.2917 0.142857 0.105098 -0 147.519 454 464441
4.99683 34.8104 3.6618 35.2917 0.14257 0.0840222 -0 145.457 443 464441
5.55203 34.6551 4.40225 35.2917 0.158858 0.105098 -0.0707397 140.394 416 464441
5.55203 34.7262 3.6618 35.2917 0.158538 0.0840222 -0.0707397 139.269 410 464441
4.99683 34.7395 4.40225 35.2917 0.142857 0.105098 -0.0707397 141.894 424 464441
4.99683 34.8104 3.6618 35.2917 0.14257 0.0840222 -0.0707397 139.832 413 464441
6.77106 35.0934 3.71009 35.8672 0.190602 0.0840222 0.0707397 139.457 411 464441
6.77106 35.0934 3.71009 35.8672 0.190602 0.0840222 -0 146.207 447 464441
6.20681 35.1976 3.71009 35.8672 0.174548 0.0840222 -0 145.457 443 464441
6.77106 35.0934 3.71009 35.8672 0.190602 0.0840222 -0.0707397 138.894 408 464441
6.20681 35.1976 3.71009 35.8672 0.174548 0.0840222 -0.0707397 139.082 409 464441
5.64255 35.2924 3.71009 35.8672 0.158538 0.0840222 -0.0707397 136.269 394 464441
5.67273 35.4085 4.48274 36.059 0.158858 0.105098 0.0707397 135.332 389 464441
5.67273 35.4811 3.72619 36.059 0.158538 0.0840222 0.0707397 138.519 406 464441
7.37455 35.1668 3.72619 36.059 0.206706 0.0840222 -0 144.332 437 464441
6.80727 35.281 3.72619 36.059 0.190602 0.0840222 -0 145.082 441 464441
6.24 35.3858 3.72619 36.059 0.174548 0.0840222 -0 144.332 437 464441
5.67273 35.4811 3.72619 36.059 0.158538 0.0840222 -0 146.019 446 464441
5.67273 35.4085 4.48274 36.059 0.158858 0.105098 -0.0707397 137.207 399 464441
5.67273 35.4811 3.72619 36.059 0.158538 0.0840222 -0.0707397 139.832 413 464441
1.72897 36.5935 0.7 36.6344 0.047213 0 0.0707397 145.519 438 464441
1.72897 36.5855 -0.0686197 36.6344 0.0472234 -0.0209824 0.0707397 147.207 447 464441
1.15265 36.6162 0.7 36.6344 0.0314688 0 0.0707397 142.332 421 464441
1.15265 36.6082 -0.0686197 36.6344 0.0314757 -0.0209824 0.0707397 143.832 429 464441
1.72897 36.5935 0.7 36.6344 0.047213 0 -0 150.207 463 464441
1.72897 36.5855 -0.0686197 36.6344 0.0472234 -0.0209824 -0 152.644 476 464441
1.15265 36.6082 -0.0686197 36.6344 0.0314757 -0.0209824 -0 148.707 455 464441
4.6106 36.1393 4.5431 36.6344 0.126893 0.105098 -0.0707397 138.207 399 464441
4.6106 36.2128 3.77448 36.6344 0.126638 0.0840222 -0.0707397 138.394 400 464441
1.72897 36.5855 -0.0686197 36.6344 0.0472234 -0.0209824 -0.0707397 143.269 426 464441
1.73803 36.7851 0.7 36.8262 0.047213 0 0.0707397 148.894 456 464441
1.73803 36.777 -0.0726438 36.8262 0.0472234 -0.0209824 0.0707397 150.957 467 464441
1.15868 36.8079 0.7 36.8262 0.0314688 0 0.0707397 146.269 442 464441
1.15868 36.7998 -0.0726438 36.8262 0.0314757 -0.0209824 0.0707397 147.394 448 464441
2.31737 36.7451 -0.0726438 36.8262 0.0629827 -0.0209824 -0 152.082 473 464441
1.73803 36.7851 0.7 36.8262 0.047213 0 -0 154.519 486 464441
1.73803 36.777 -0.0726438 36.8262 0.0472234 -0.0209824 -0 157.144 500 464441
1.15868 36.7998 -0.0726438 36.8262 0.0314757 -0.0209824 -0 153.207 479 464441
2.31737 36.7451 -0.0726438 36.8262 0.0629827 -0.0209824 -0.0707397 144.207 431 464441
1.73803 36.7851 0.7 36.8262 0.047213 0 -0.0707397 144.582 433 464441
1.73803 36.777 -0.0726438 36.8262 0.0472234 -0.0209824 -0.0707397 148.519 454 464441
1.73803 36.7527 -0.845288 36.8262 0.0472546 -0.041974 -0.0707397 144.207 431 464441
1.15868 36.7998 -0.0726438 36.8262 0.0314757 -0.0209824 -0.0707397 144.019 430 464441
-15.2983 34.1298 0.7 37.4016 -0.421388 0 0.0707397 147.582 449 464441
-15.8867 33.8599 0.7 37.4016 -0.438696 0 0.0707397 150.394 464 464441
-15.2983 34.1298 0.7 37.4016 -0.421388 0 -0 154.144 484 464441
-15.8867 33.8599 0.7 37.4016 -0.438696 0 -0 157.144 500 464441
-15.8867 33.8508 -0.0847164 37.4016 -0.438799 -0.0209824 -0 151.894 472 464441
-15.8867 33.8508 1.48472 37.4016 -0.438799 0.0209824 -0 152.644 476 464441
-15.8867 33.8599 0.7 37.4016 -0.438696 0 -0.0707397 150.207 463 464441
-15.3767 34.3048 0.7 37.5934 -0.421388 0 0.0707397 154.894 488 464441
-15.9681 34.0335 0.7 37.5934 -0.438696 0 0.0707397 156.207 495 464441
-15.9681 34.0244 -0.0887406 37.5934 -0.438799 -0.0209824 0.0707397 151.894 472 464441
-15.9681 34.0244 1.48874 37.5934 -0.438799 0.0209824 0.0707397 151.894 472 464441
-15.3767 34.3048 0.7 37.5934 -0.421388 0 -0 162.207 527 464441
-15.9681 34.0335 0.7 37.5934 -0.438696 0 -0 163.519 534 464441
-15.9681 34.0244 -0.0887406 37.5934 -0.438799 -0.0209824 -0 159.207 511 464441
-15.9681 34.0244 1.48874 37.5934 -0.438799 0.0209824 -0 159.207 511 464441
-15.3767 34.3048 0.7 37.5934 -0.421388 0 -0.0707397 154.707 487 464441
-15.9681 34.0335 0.7 37.5934 -0.438696 0 -0.0707397 156.394 496 464441
-15.9681 34.0244 -0.0887406 37.5934 -0.438799 -0.0209824 -0.0707397 151.894 472 464441
-15.9681 34.0244 1.48874 37.5934 -0.438799 0.0209824 -0.0707397 152.082 473 464441
6.00464 37.4802 4.70407 38.1688 0.158858 0.105098 0.0707397 133.519 374 464441
6.00464 37.5572 3.90325 38.1688 0.158538 0.0840222 0.0707397 133.519 374 464441
6.00464 37.4802 4.70407 38.1688 0.158858 0.105098 -0 140.457 411 464441
6.00464 37.5572 3.90325 38.1688 0.158538 0.0840222 -0 139.894 408 464441
6.00464 37.4802 4.70407 38.1688 0.158858 0.105098 -0.0707397 133.707 375 464441
6.00464 37.5572 3.90325 38.1688 0.158538 0.0840222 -0.0707397 133.332 373 464441
6.03482 37.6686 4.72419 38.3606 0.158858 0.105098 0.0707397 133.144 372 464441
6.03482 37.7459 3.91935 38.3606 0.158538 0.0840222 0.0707397 132.394 368 464441
5.43133 37.9656 1.50484 38.3606 0.142095 0.0209824 0.0707397 130.894 360 464441
4.82785 38.0471 1.50484 38.3606 0.126217 0.0209824 0.0707397 130.707 359 464441
6.03482 37.6686 4.72419 38.3606 0.158858 0.105098 -0.0707397 135.019 382 464441
6.03482 37.7459 3.91935 38.3606 0.158538 0.0840222 -0.0707397 134.082 377 464441
5.43133 37.7603 4.72419 38.3606 0.142857 0.105098 -0.0707397 131.832 365 464441
4.82785 38.0556 0.7 38.3606 0.126189 0 -0.0707397 131.082 361 464441
4.82785 38.0471 1.50484 38.3606 0.126217 0.0209824 -0.0707397 132.957 371 464441
5.5128 38.5351 1.51691 38.936 0.142095 0.0209824 0.0707397 130.019 350 464441
5.5128 38.5438 0.7 38.936 0.142064 0 -0.0707397 129.269 346 464441
5.5128 38.5351 1.51691 38.936 0.142095 0.0209824 -0.0707397 130.207 351 464441
6.15551 38.6406 0.7 39.1278 0.157974 0 0.0707397 131.894 360 464441
6.15551 38.6319 1.52093 39.1278 0.158009 0.0209824 0.0707397 134.332 373 464441
5.53996 38.7336 0.7 39.1278 0.142064 0 0.0707397 131.144 356 464441
5.53996 38.7249 1.52093 39.1278 0.142095 0.0209824 0.0707397 133.957 371 464441
-15.3888 35.9652 -0.120934 39.1278 -0.404307 -0.0209824 -0 142.019 414 464441
6.15551 38.6319 1.52093 39.1278 0.158009 0.0209824 -0 140.707 407 464441
5.53996 38.7249 1.52093 39.1278 0.142095 0.0209824 -0 140.332 405 464441
6.15551 38.6406 0.7 39.1278 0.157974 0 -0.0707397 132.082 361 464441
6.15551 38.6319 1.52093 39.1278 0.158009 0.0209824 -0.0707397 134.519 374 464441
5.53996 38.7336 0.7 39.1278 0.142064 0 -0.0707397 132.269 362 464441
5.53996 38.7249 1.52093 39.1278 0.142095 0.0209824 -0.0707397 134.519 374 464441
19.9873 34.3053 0.7 39.7032 0.52755 0 -0.0707397 128.519 342 464441
19.9873 34.2952 1.53301 39.7032 0.527678 0.0209824 -0.0707397 129.644 348 464441
-6.90383 39.2931 0.7 39.895 -0.173925 0 0.0707397 135.269 378 464441
-6.90383 39.2842 1.53703 39.895 -0.173964 0.0209824 0.0707397 132.832 365 464441
-7.53145 39.1777 0.7 39.895 -0.189921 0 0.0707397 132.269 362 464441
-6.90383 39.2931 0.7 39.895 -0.173925 0 -0.0707397 134.332 373 464441
-6.90383 39.2842 1.53703 39.895 -0.173964 0.0209824 -0.0707397 131.332 357 464441
-7.53145 39.1777 0.7 39.895 -0.189921 0 -0.0707397 130.957 355 464441
-20.0839 34.471 0.7 39.895 -0.52755 0 -0.0707397 130.582 353 464441
6.27621 39.3627 2.37406 39.895 0.158115 0.041974 -0.0707397 131.144 356 464441
6.27621 39.3894 1.53703 39.895 0.158009 0.0209824 -0.0707397 132.082 361 464441
-20.3735 34.9682 0.7 40.4704 -0.52755 0 0.0707397 128.707 343 464441
-20.3735 34.9682 0.7 40.4704 -0.52755 0 -0.0707397 128.707 343 464441
-20.3735 34.9579 -0.149103 40.4704 -0.527678 -0.0209824 -0.0707397 128.519 342 464441
6.36673 39.9304 2.39821 40.4704 0.158115 0.041974 -0.0707397 132.082 361 464441
6.36673 39.9575 1.5491 40.4704 0.158009 0.0209824 -0.0707397 130.957 355 464441
-15.3526 37.6429 1.55313 40.6622 -0.387253 0.0209824 0.0707397 137.707 391 464441
-15.9923 37.3756 1.55313 40.6622 -0.404307 0.0209824 0.0707397 139.207 399 464441
-15.3526 37.6429 1.55313 40.6622 -0.387253 0.0209824 -0 144.269 426 464441
-15.9923 37.3854 0.7 40.6622 -0.404213 0 -0 144.457 427 464441
-15.9923 37.3756 1.55313 40.6622 -0.404307 0.0209824 -0 146.332 437 464441
-15.9923 37.3756 1.55313 40.6622 -0.404307 0.0209824 -0.0707397 139.394 400 464441
-19.4623 36.191 -2.7608 41.2376 -0.493402 -0.0840222 0.0707397 133.457 363 464441
-19.4623 36.0978 -3.626 41.2376 -0.494479 -0.105098 0.0707397 132.332 357 464441
-20.7598 35.6206 1.5652 41.2376 -0.527678 0.0209824 0.0707397 130.082 345 464441
-19.4623 36.191 -2.7608 41.2376 -0.493402 -0.0840222 -0.0707397 132.332 357 464441
-19.4623 36.0978 -3.626 41.2376 -0.494479 -0.105098 -0.0707397 130.457 347 464441
-19.4623 35.9835 5.8912 41.2376 -0.495804 0.12622 -0.0707397 129.707 343 464441
-19.4623 36.0978 5.026 41.2376 -0.494479 0.105098 -0.0707397 131.019 350 464441
-20.111 36.0012 0.7 41.2376 -0.509437 0 -0.0707397 131.207 351 464441
-20.111 35.9908 1.5652 41.2376 -0.50956 0.0209824 -0.0707397 132.144 356 464441
-19.5528 36.3593 4.1769 41.4294 -0.493402 0.0840222 0.0707397 132.519 358 464441
-19.5528 36.4319 3.30767 41.4294 -0.49257 0.0629841 0.0707397 129.894 344 464441
-20.8563 35.6276 4.1769 41.4294 -0.529614 0.0840222 0.0707397 131.019 350 464441
6.5176 40.9043 1.56922 41.4294 0.158009 0.0209824 0.0707397 131.582 353 464441
5.86584 41.0029 1.56922 41.4294 0.142095 0.0209824 0.0707397 130.269 346 464441
-19.5528 36.3593 -2.7769 41.4294 -0.493402 -0.0840222 -0.0707397 130.269 346 464441
-19.5528 36.2657 5.04612 41.4294 -0.494479 0.105098 -0.0707397 132.519 358 464441
-19.5528 36.3593 4.1769 41.4294 -0.493402 0.0840222 -0.0707397 134.019 366 464441
-20.8563 35.6276 4.1769 41.4294 -0.529614 0.0840222 -0.0707397 132.332 357 464441
-20.8563 35.7017 3.30767 41.4294 -0.528708 0.0629841 -0.0707397 130.832 349 464441
31.719 27.5375 0.7 42.0049 0.855848 0 0.0707397 129.894 344 464441
32.3798 26.7573 0.7 42.0049 0.880188 0 -0.0707397 131.207 351 464441
31.719 27.5375 0.7 42.0049 0.855848 0 -0.0707397 132.332 357 464441
31.719 27.5234 -0.181297 42.0049 0.856101 -0.0209824 -0.0707397 129.894 344 464441
-6.6383 41.6618 1.58532 42.1967 -0.158009 0.0209824 0.0707397 138.707 391 464441
-7.30213 41.5506 1.58532 42.1967 -0.173964 0.0209824 0.0707397 138.332 389 464441
-6.6383 41.6618 1.58532 42.1967 -0.158009 0.0209824 -0 146.207 431 464441
-7.30213 41.5506 1.58532 42.1967 -0.173964 0.0209824 -0 146.207 431 464441
-6.6383 41.6618 1.58532 42.1967 -0.158009 0.0209824 -0.0707397 139.082 393 464441
-7.30213 41.5506 1.58532 42.1967 -0.173964 0.0209824 -0.0707397 139.457 395 464441
28.9339 31.5004 0.7 42.7721 0.742956 0 0.0707397 139.832 397 464441
28.9339 31.4876 1.59739 42.7721 0.743158 0.0209824 0.0707397 138.707 391 464441
28.261 32.1055 0.7 42.7721 0.721799 0 0.0707397 142.832 413 464441
28.261 32.0929 1.59739 42.7721 0.721993 0.0209824 0.0707397 141.519 406 464441
28.9339 31.5004 0.7 42.7721 0.742956 0 -0 147.332 437 464441
28.9339 31.4876 1.59739 42.7721 0.743158 0.0209824 -0 146.019 430 464441
28.261 32.1055 0.7 42.7721 0.721799 0 -0 150.144 452 464441
28.261 32.0929 1.59739 42.7721 0.721993 0.0209824 -0 148.457 443 464441
28.9339 31.5004 0.7 42.7721 0.742956 0 -0.0707397 140.019 398 464441
28.9339 31.4876 1.59739 42.7721 0.743158 0.0209824 -0.0707397 138.894 392 464441
28.261 32.1055 0.7 42.7721 0.721799 0 -0.0707397 142.644 412 464441
28.261 32.0929 1.59739 42.7721 0.721993 0.0209824 -0.0707397 141.144 404 464441
29.0637 31.6417 0.7 42.9639 0.742956 0 0.0707397 136.269 378 464441
29.0637 31.6288 1.60142 42.9639 0.743158 0.0209824 0.0707397 135.144 372 464441
28.3878 32.2495 0.7 42.9639 0.721799 0 0.0707397 138.894 392 464441
28.3878 32.2369 1.60142 42.9639 0.721993 0.0209824 0.0707397 137.582 385 464441
29.0637 31.6417 0.7 42.9639 0.742956 0 -0 144.144 420 464441
29.0637 31.6288 1.60142 42.9639 0.743158 0.0209824 -0 143.019 414 464441
28.3878 32.2495 0.7 42.9639 0.721799 0 -0 146.957 435 464441
28.3878 32.2369 1.60142 42.9639 0.721993 0.0209824 -0 145.082 425 464441
29.0637 31.6417 0.7 42.9639 0.742956 0 -0.0707397 137.207 383 464441
29.0637 31.6288 1.60142 42.9639 0.743158 0.0209824 -0.0707397 136.082 377 464441
28.3878 32.2495 0.7 42.9639 0.721799 0 -0.0707397 140.019 398 464441
28.3878 32.2369 1.60142 42.9639 0.721993 0.0209824 -0.0707397 138.332 389 464441
6.84952 42.9874 1.61349 43.5393 0.158009 0.0209824 0.0707397 136.707 375 464441
6.16457 43.0619 2.52698 43.5393 0.14219 0.041974 0.0707397 136.519 374 464441
6.16457 43.091 1.61349 43.5393 0.142095 0.0209824 0.0707397 138.394 384 464441
6.84952 42.9874 1.61349 43.5393 0.158009 0.0209824 -0 143.082 409 464441
6.16457 43.0619 2.52698 43.5393 0.14219 0.041974 -0 143.082 409 464441
6.16457 43.091 1.61349 43.5393 0.142095 0.0209824 -0 145.519 422 464441
6.84952 42.9874 1.61349 43.5393 0.158009 0.0209824 -0.0707397 137.457 379 464441
6.16457 43.0619 2.52698 43.5393 0.14219 0.041974 -0.0707397 137.082 377 464441
6.16457 43.091 1.61349 43.5393 0.142095 0.0209824 -0.0707397 139.707 391 464441
28.2067 33.4184 0.7 43.7311 0.701029 0 0.0707397 136.332 373 464441
28.2067 33.4058 1.61751 43.7311 0.701215 0.0209824 0.0707397 136.144 372 464441
4.81578 43.4651 0.7 43.7311 0.110346 0 0.0707397 134.457 363 464441
-24.0789 36.32 4.37006 43.7311 -0.585436 0.0840222 -0.0707397 130.707 343 464441
6.87969 43.1865 0.7 43.7311 0.157974 0 -0.0707397 132.207 351 464441
6.87969 43.1768 1.61751 43.7311 0.158009 0.0209824 -0.0707397 132.957 355 464441
6.19172 43.2808 1.61751 43.7311 0.142095 0.0209824 -0.0707397 133.519 358 464441
5.50375 43.3737 1.61751 43.7311 0.126217 0.0209824 -0.0707397 132.957 355 464441
-16.0315 41.3044 0.7 44.3065 -0.370232 0 0.0707397 137.269 378 464441
-16.0315 41.294 -0.229587 44.3065 -0.370317 -0.0209824 0.0707397 135.207 367 464441
-16.7285 41.0271 0.7 44.3065 -0.387164 0 0.0707397 134.082 361 464441
6.27319 43.8207 2.55917 44.3065 0.14219 0.041974 0.0707397 133.519 358 464441
-16.0315 41.3044 0.7 44.3065 -0.370232 0 -0 144.957 419 464441
-16.0315 41.294 -0.229587 44.3065 -0.370317 -0.0209824 -0 142.894 408 464441
6.27319 43.8207 2.55917 44.3065 0.14219 0.041974 -0 141.957 403 464441
-16.0315 41.3044 0.7 44.3065 -0.370232 0 -0.0707397 137.832 381 464441
-16.0315 41.294 -0.229587 44.3065 -0.370317 -0.0209824 -0.0707397 135.957 371 464441
6.27319 43.8207 2.55917 44.3065 0.14219 0.041974 -0.0707397 136.707 375 464441
6.27319 43.8503 1.62959 44.3065 0.142095 0.0209824 -0.0707397 136.332 373 464441
6.30035 44.0401 1.63361 44.4983 0.142095 0.0209824 0.0707397 131.644 348 464441
-16.1009 41.4832 0.7 44.4983 -0.370232 0 -0 138.582 385 464441
7.00039 43.9343 1.63361 44.4983 0.158009 0.0209824 -0 138.019 382 464441
6.30035 44.05 0.7 44.4983 0.142064 0 -0 138.582 385 464441
6.30035 44.0401 1.63361 44.4983 0.142095 0.0209824 -0 139.707 391 464441
-16.1009 41.4832 0.7 44.4983 -0.370232 0 -0.0707397 132.207 351 464441
7.00039 43.9343 1.63361 44.4983 0.158009 0.0209824 -0.0707397 132.019 350 464441
6.30035 44.05 0.7 44.4983 0.142064 0 -0.0707397 132.019 350 464441
6.30035 44.0401 1.63361 44.4983 0.142095 0.0209824 -0.0707397 132.394 352 464441
0 45.0638 -0.245684 45.0737 0 -0.0209824 0.0707397 145.144 420 464441
-2.83636 44.9844 0.7 45.0737 -0.0629689 0 0.0707397 137.644 380 464441
-4.96364 44.7996 0.7 45.0737 -0.110346 0 0.0707397 138.582 385 464441
-4.96364 44.7896 1.64568 45.0737 -0.110371 0.0209824 0.0707397 137.457 379 464441
0 45.0737 0.7 45.0737 0 0 -0 151.707 455 464441
0 45.0638 -0.245684 45.0737 0 -0.0209824 -0 153.582 465 464441
-0.709091 45.0582 -0.245684 45.0737 -0.0157359 -0.0209824 -0 150.394 448 464441
0 45.0737 0.7 45.0737 0 0 -0.0707397 145.707 423 464441
0 45.0638 -0.245684 45.0737 0 -0.0209824 -0.0707397 147.394 432 464441
-3.56054 45.1253 0.7 45.2655 -0.0787404 0 0.0707397 142.894 408 464441
-3.56054 45.1153 -0.249708 45.2655 -0.0787578 -0.0209824 0.0707397 142.519 406 464441
-4.27265 45.0634 0.7 45.2655 -0.0945316 0 0.0707397 141.394 400 464441
-4.27265 45.0534 -0.249708 45.2655 -0.0945525 -0.0209824 0.0707397 141.394 400 464441
-3.56054 45.1253 0.7 45.2655 -0.0787404 0 -0 150.207 447 464441
-3.56054 45.1153 -0.249708 45.2655 -0.0787578 -0.0209824 -0 149.269 442 464441
-4.27265 45.0634 0.7 45.2655 -0.0945316 0 -0 148.707 439 464441
-4.27265 45.0534 -0.249708 45.2655 -0.0945525 -0.0209824 -0 148.519 438 464441
-3.56054 45.1253 0.7 45.2655 -0.0787404 0 -0.0707397 142.519 406 464441
-3.56054 45.1153 -0.249708 45.2655 -0.0787578 -0.0209824 -0.0707397 141.582 401 464441
-4.27265 45.0634 0.7 45.2655 -0.0945316 0 -0.0707397 141.582 401 464441
-4.27265 45.0534 -0.249708 45.2655 -0.0945525 -0.0209824 -0.0707397 141.394 400 464441
34.6157 30.0523 0.7 45.8409 0.855848 0 0.0707397 142.894 408 464441
-10.9985 45.2918 0.7 46.6081 -0.238224 0 -0 141.082 393 464441
-10.9985 45.2918 0.7 46.6081 -0.238224 0 -0.0707397 135.269 362 464441
-10.9985 45.2813 1.67788 46.6081 -0.238277 0.0209824 -0.0707397 134.332 357 464441
-21.2637 41.475 0.7 46.6081 -0.473746 0 -0.0707397 133.582 353 464441
-11.78 45.2931 0.7 46.7999 -0.254446 0 -0 139.582 385 464441
-12.5162 45.0952 0.7 46.7999 -0.270736 0 -0 139.019 382 464441
-21.3512 41.6341 -0.281902 46.7999 -0.473858 -0.0209824 -0.0707397 131.894 344 464441
-21.6137 42.1577 0.7 47.3753 -0.473746 0 -0 136.957 371 464441
-14.9663 45.1513 0.7 47.5671 -0.320073 0 0.0707397 132.457 347 464441
-15.7147 44.8963 0.7 47.5671 -0.336693 0 0.0707397 132.269 346 464441
-14.9663 45.1513 0.7 47.5671 -0.320073 0 -0.0707397 132.644 348 464441
-15.7147 44.8963 0.7 47.5671 -0.336693 0 -0.0707397 133.207 351 464441
23.4785 42.0294 0.7 48.1425 0.509437 0 0.0707397 132.644 348 464441
23.4785 42.0294 0.7 48.1425 0.509437 0 -0.0707397 133.207 351 464441
25.0928 41.3106 0.7 48.3344 0.545856 0 -0.0707397 131.707 343 464441
-23.8526 42.6868 -0.326168 48.9098 -0.50956 -0.0209824 -0 134.207 351 464441
-23.8526 42.6498 -1.35234 48.9098 -0.50993 -0.041974 -0 134.582 353 464441
10.0027 47.865 1.72617 48.9098 0.206013 0.0209824 -0 135.332 357 464441
9.23327 48.0303 0.7 48.9098 0.189921 0 -0 134.019 350 464441
9.23327 48.0194 1.72617 48.9098 0.189964 0.0209824 -0 137.957 371 464441
10.0419 48.0637 0.7 49.1016 0.205967 0 0.0707397 137.207 367 464441
10.0419 48.0527 1.73019 49.1016 0.206013 0.0209824 0.0707397 137.394 368 464441
9.26948 48.2077 1.73019 49.1016 0.189964 0.0209824 0.0707397 138.707 375 464441
4.63474 48.8823 0.7 49.1016 0.0945316 0 0.0707397 139.082 377 464441
4.63474 48.8715 1.73019 49.1016 0.0945525 0.0209824 0.0707397 137.207 367 464441
9.26948 48.2077 1.73019 49.1016 0.189964 0.0209824 -0 146.019 414 464441
4.63474 48.8823 0.7 49.1016 0.0945316 0 -0 145.832 413 464441
10.0419 48.0637 0.7 49.1016 0.205967 0 -0.0707397 137.207 367 464441
10.0419 48.0527 1.73019 49.1016 0.206013 0.0209824 -0.0707397 137.207 367 464441
9.26948 48.1746 2.76038 49.1016 0.190091 0.041974 -0.0707397 135.894 360 464441
9.26948 48.2077 1.73019 49.1016 0.189964 0.0209824 -0.0707397 138.332 373 464441
4.63474 48.8823 0.7 49.1016 0.0945316 0 -0.0707397 138.144 372 464441
4.63474 48.8715 1.73019 49.1016 0.0945525 0.0209824 -0.0707397 136.082 361 464441
29.6973 39.8093 1.74226 49.677 0.640929 0.0209824 -0 132.707 343 464441
35.3037 35.0812 3.83887 49.8688 0.788559 0.0629841 -0 133.644 348 464441
34.5191 35.8535 3.83887 49.8688 0.76644 0.0629841 -0 133.457 347 464441
-25.1048 43.0888 0.7 49.8688 -0.52755 0 -0 135.144 356 464441
-28.2429 41.1003 0.7 49.8688 -0.602065 0 -0 134.394 352 464441
-29.0275 40.55 0.7 49.8688 -0.621281 0 -0 134.394 352 464441
21.1822 45.1465 0.7 49.8688 0.438696 0 -0 134.019 350 464441
-24.6009 44.026 1.75836 50.4442 -0.50956 0.0209824 -0 135.144 356 464441
21.4266 45.6552 1.75836 50.4442 0.438799 0.0209824 -0 134.957 355 464441
20.633 46.0193 1.75836 50.4442 0.421486 0.0209824 -0 134.019 350 464441
6.44518 50.8042 0.7 51.2114 0.126189 0 -0 133.269 346 464441
6.44518 50.7018 3.92337 51.2114 0.126441 0.0629841 -0 133.082 345 464441
6.44518 50.7928 1.77446 51.2114 0.126217 0.0209824 -0 133.082 345 464441
32.3466 39.9498 0.7 51.4032 0.680617 0 -0 133.082 345 464441
25.8773 44.4146 0.7 51.4032 0.52755 0 -0 133.082 345 464441
25.0686 44.876 0.7 51.4032 0.509437 0 -0 133.269 346 464441
6.46932 50.9831 1.77848 51.4032 0.126217 0.0209824 -0 133.457 347 464441
19.6252 48.1313 0.7 51.9786 0.387164 0 0.0707397 133.894 344 464441
19.6252 48.119 1.79055 51.9786 0.387253 0.0209824 0.0707397 134.832 349 464441
20.4429 47.7773 1.79055 51.9786 0.404307 0.0209824 -0 138.957 371 464441
19.6252 48.1313 0.7 51.9786 0.387164 0 -0 141.957 387 464441
19.6252 48.119 1.79055 51.9786 0.387253 0.0209824 -0 143.082 393 464441
18.8075 48.4444 1.79055 51.9786 0.370317 0.0209824 -0 138.957 371 464441
19.6252 48.1313 0.7 51.9786 0.387164 0 -0.0707397 135.207 351 464441
19.6252 48.119 1.79055 51.9786 0.387253 0.0209824 -0.0707397 136.519 358 464441
19.6976 48.3089 0.7 52.1704 0.387164 0 -0 140.082 377 464441
19.6976 48.2965 1.79458 52.1704 0.387253 0.0209824 -0 141.019 382 464441
18.8769 48.6355 0.7 52.1704 0.370232 0 -0 136.519 358 464441
18.8769 48.6232 1.79458 52.1704 0.370317 0.0209824 -0 136.519 358 464441
19.6976 48.2965 1.79458 52.1704 0.387253 0.0209824 -0.0707397 134.457 347 464441
0 52.7458 0.7 52.7458 0 0 0.0707397 146.644 412 464441
0 52.7342 1.80665 52.7458 0 0.0209824 0.0707397 145.144 404 464441
-0.829787 52.7393 0.7 52.7458 -0.0157325 0 0.0707397 143.644 396 464441
-0.829787 52.7277 1.80665 52.7458 -0.0157359 0.0209824 0.0707397 145.707 407 464441
0 52.7458 0.7 52.7458 0 0 -0 155.082 457 464441
0 52.7342 1.80665 52.7458 0 0.0209824 -0 153.582 449 464441
-0.829787 52.7393 0.7 52.7458 -0.0157325 0 -0 154.332 453 464441
-0.829787 52.7277 1.80665 52.7458 -0.0157359 0.0209824 -0 154.519 454 464441
0 52.7458 0.7 52.7458 0 0 -0.0707397 149.457 427 464441
0 52.7342 1.80665 52.7458 0 0.0209824 -0.0707397 147.207 415 464441
-0.829787 52.7393 0.7 52.7458 -0.0157325 0 -0.0707397 149.269 426 464441
-0.829787 52.7277 1.80665 52.7458 -0.0157359 0.0209824 -0.0707397 148.707 423 464441
35.8106 38.9871 0.7 52.9376 0.742956 0 -0 133.519 342 464441
33.3122 41.1423 0.7 52.9376 0.680617 0 -0 134.269 346 464441
33.3122 41.1273 1.81068 52.9376 0.680795 0.0209824 -0 133.707 343 464441
4.16402 52.7736 0.7 52.9376 0.0787404 0 -0 136.144 356 464441
3.33122 52.8327 0.7 52.9376 0.0629689 0 -0 136.332 357 464441
-2.52557 53.4534 0.7 53.513 -0.047213 0 0.0707397 147.957 419 464441
-2.52557 53.4416 -0.422748 53.513 -0.0472234 -0.0209824 0.0707397 146.269 410 464441
-3.36743 53.407 0.7 53.513 -0.0629689 0 0.0707397 147.957 419 464441
-3.36743 53.3952 -0.422748 53.513 -0.0629827 -0.0209824 0.0707397 144.582 401 464441
-2.52557 53.4534 0.7 53.513 -0.047213 0 -0 155.457 459 464441
-2.52557 53.4416 -0.422748 53.513 -0.0472234 -0.0209824 -0 153.394 448 464441
-3.36743 53.407 0.7 53.513 -0.0629689 0 -0 154.894 456 464441
-2.52557 53.4534 0.7 53.513 -0.047213 0 -0.0707397 147.957 419 464441
-2.52557 53.4416 -0.422748 53.513 -0.0472234 -0.0209824 -0.0707397 146.082 409 464441
-3.36743 53.407 0.7 53.513 -0.0629689 0 -0.0707397 147.957 419 464441
-3.36743 53.3952 -0.422748 53.513 -0.0629827 -0.0209824 -0.0707397 144.957 403 464441
-3.3795 53.5984 0.7 53.7048 -0.0629689 0 0.0707397 142.519 390 464441
-3.3795 53.5866 -0.426772 53.7048 -0.0629827 -0.0209824 0.0707397 142.144 388 464441
-3.3795 53.5866 1.82677 53.7048 -0.0629827 0.0209824 0.0707397 141.582 385 464441
-4.22437 53.5384 0.7 53.7048 -0.0787404 0 0.0707397 144.582 401 464441
-4.22437 53.5266 -0.426772 53.7048 -0.0787578 -0.0209824 0.0707397 145.144 404 464441
-4.22437 53.5266 -0.426772 53.7048 -0.0787578 -0.0209824 -0 151.707 439 464441
-3.3795 53.5984 0.7 53.7048 -0.0629689 0 -0.0707397 143.269 394 464441
-3.3795 53.5866 -0.426772 53.7048 -0.0629827 -0.0209824 -0.0707397 142.332 389 464441
-3.3795 53.5866 1.82677 53.7048 -0.0629827 0.0209824 -0.0707397 142.519 390 464441
-4.22437 53.5384 0.7 53.7048 -0.0787404 0 -0.0707397 145.144 404 464441
-4.22437 53.5266 -0.426772 53.7048 -0.0787578 -0.0209824 -0.0707397 144.207 399 464441
-9.39319 53.4613 0.7 54.2802 -0.173925 0 0.0707397 149.082 425 464441
-6.83141 53.8486 0.7 54.2802 -0.126189 0 -0.0707397 149.832 429 464441
-9.39319 53.4613 0.7 54.2802 -0.173925 0 -0.0707397 149.832 429 464441
-12.8542 52.9337 0.7 54.472 -0.238224 0 0.0707397 141.019 382 464441
-13.7111 52.7182 0.7 54.472 -0.254446 0 0.0707397 140.269 378 464441
-41.1333 35.7107 0.7 54.472 -0.855848 0 0.0707397 140.832 381 464441
0 55.0353 1.85494 55.0475 0 0.0209824 0.0707397 137.332 357 464441
0.865996 55.0285 1.85494 55.0475 0.0157359 0.0209824 0.0707397 136.394 352 464441
0 55.0475 0.7 55.0475 0 0 -0.0707397 136.582 353 464441
0 55.0353 1.85494 55.0475 0 0.0209824 -0.0707397 138.832 365 464441
-0.865996 55.0285 1.85494 55.0475 -0.0157359 0.0209824 -0.0707397 137.332 357 464441
-12.9899 53.4928 0.7 55.0475 -0.238224 0 -0.0707397 136.207 351 464441
0.865996 55.0406 0.7 55.0475 0.0157325 0 -0.0707397 136.957 355 464441
0.865996 55.0285 1.85494 55.0475 0.0157359 0.0209824 -0.0707397 138.644 364 464441
0 55.1906 -1.61793 55.2393 0 -0.041974 0.0707397 134.707 343 464441
-0.869014 55.1838 -1.61793 55.2393 -0.0157463 -0.041974 0.0707397 138.644 364 464441
-0.869014 55.1838 -1.61793 55.2393 -0.0157463 -0.041974 -0 145.207 399 464441
-0.869014 55.2203 1.85897 55.2393 -0.0157359 0.0209824 -0 144.832 397 464441
0 55.1906 -1.61793 55.2393 0 -0.041974 -0.0707397 134.707 343 464441
0 55.2271 1.85897 55.2393 0 0.0209824 -0.0707397 134.519 342 464441
-0.869014 55.1838 -1.61793 55.2393 -0.0157463 -0.041974 -0.0707397 138.269 362 464441
-0.869014 55.1838 3.01793 55.2393 -0.0157463 0.041974 -0.0707397 136.582 353 464441
-0.869014 55.2203 1.85897 55.2393 -0.0157359 0.0209824 -0.0707397 138.644 364 464441
-4.40542 55.7835 -1.65013 56.0065 -0.07881 -0.041974 0.0707397 138.832 365 464441
-12.4619 55.1925 0.7 56.5819 -0.222066 0 0.0707397 134.894 344 464441
-12.4619 55.1925 0.7 56.5819 -0.222066 0 -0.0707397 134.894 344 464441
-18.6928 53.4049 0.7 56.5819 -0.336693 0 -0.0707397 135.269 346 464441
-19.6494 53.2649 0.7 56.7737 -0.353411 0 0.0707397 142.394 384 464441
-19.6494 53.2516 -0.491159 56.7737 -0.353492 -0.0209824 0.0707397 139.957 371 464441
-20.5425 52.9269 0.7 56.7737 -0.370232 0 0.0707397 142.582 385 464441
-20.5425 52.9135 -0.491159 56.7737 -0.370317 -0.0209824 0.0707397 138.082 361 464441
-19.6494 53.2649 0.7 56.7737 -0.353411 0 -0 149.707 423 464441
-19.6494 53.2516 -0.491159 56.7737 -0.353492 -0.0209824 -0 147.644 412 464441
-20.5425 52.9269 0.7 56.7737 -0.370232 0 -0 149.707 423 464441
-19.6494 53.2649 0.7 56.7737 -0.353411 0 -0.0707397 142.957 387 464441
-19.6494 53.2516 -0.491159 56.7737 -0.353492 -0.0209824 -0.0707397 141.082 377 464441
-20.5425 52.9269 0.7 56.7737 -0.370232 0 -0.0707397 143.144 388 464441
-20.5425 52.9135 -0.491159 56.7737 -0.370317 -0.0209824 -0.0707397 139.207 367 464441
-19.8485 53.8048 0.7 57.3491 -0.353411 0 0.0707397 134.332 341 464441
-16.2397 54.9491 -1.70646 57.3491 -0.287361 -0.041974 -0 140.519 374 464441
-18.9463 54.1291 0.7 57.3491 -0.336693 0 -0 138.644 364 464441
-19.8485 53.8048 0.7 57.3491 -0.353411 0 -0 141.644 380 464441
-19.8485 53.8048 0.7 57.3491 -0.353411 0 -0.0707397 134.144 340 464441
-15.3888 55.3923 -1.71451 57.5409 -0.270981 -0.041974 0.0707397 140.144 372 464441
-16.294 55.1328 -1.71451 57.5409 -0.287361 -0.041974 0.0707397 145.207 399 464441
-17.1992 54.8572 -1.71451 57.5409 -0.303821 -0.041974 0.0707397 141.457 379 464441
-15.3888 55.3923 -1.71451 57.5409 -0.270981 -0.041974 -0 148.582 417 464441
-16.294 55.1328 -1.71451 57.5409 -0.287361 -0.041974 -0 153.269 442 464441
-17.1992 54.8572 -1.71451 57.5409 -0.303821 -0.041974 -0 149.144 420 464441
-16.294 55.1328 -1.71451 57.5409 -0.287361 -0.041974 -0.0707397 146.332 405 464441
-17.1992 54.8572 -1.71451 57.5409 -0.303821 -0.041974 -0.0707397 142.207 383 464441
-11.8856 56.8356 3.13866 58.1163 -0.206151 0.041974 -0 134.332 341 464441
-15.5427 55.9994 0.7 58.1163 -0.270736 0 -0 138.269 362 464441
-15.5427 55.9861 1.91933 58.1163 -0.270797 0.0209824 -0 137.519 358 464441
27.4282 51.2367 0.7 58.1163 0.491506 0 -0 136.582 353 464441
27.4282 51.2222 1.91933 58.1163 0.491624 0.0209824 -0 136.207 351 464441
0 58.3081 0.7 58.3081 0 0 -0 138.269 362 464441
0 58.2953 -0.523353 58.3081 0 -0.0209824 -0 136.207 351 464441
-0.917292 58.3009 0.7 58.3081 -0.0157325 0 -0 136.582 353 464441
-0.917292 58.2881 -0.523353 58.3081 -0.0157359 -0.0209824 -0 135.832 349 464441
-12.0817 57.7735 3.1789 59.0753 -0.206151 0.041974 -0 138.332 357 464441
-13.0111 57.5714 3.1789 59.0753 -0.222265 0.041974 -0 136.832 349 464441
7.43489 58.6056 0.7 59.0753 0.126189 0 -0 135.707 343 464441
7.43489 58.5925 1.93945 59.0753 0.126217 0.0209824 -0 135.707 343 464441
-20.6451 55.9082 3.20304 59.6507 -0.353736 0.041974 -0 135.519 342 464441
30.0292 51.48 3.20304 59.6507 0.528064 0.041974 -0 135.144 340 464441
30.0292 51.5256 1.95152 59.6507 0.527678 0.0209824 -0 137.207 351 464441
29.0908 52.0762 0.7 59.6507 0.509437 0 -0 135.144 340 464441
29.0908 52.0612 1.95152 59.6507 0.50956 0.0209824 -0 137.957 355 464441
31.0672 51.131 1.95555 59.8425 0.54599 0.0209824 -0 139.269 362 464441
-19.0097 57.2934 3.23524 60.4179 -0.320366 0.041974 -0 135.894 344 464441
30.4155 52.1421 3.23524 60.4179 0.528064 0.041974 -0 137.019 350 464441
30.4155 52.1883 1.96762 60.4179 0.527678 0.0209824 -0 137.957 355 464441
29.465 52.685 3.23524 60.4179 0.50993 0.041974 -0 136.832 349 464441
29.465 52.7308 1.96762 60.4179 0.50956 0.0209824 -0 137.582 353 464441
30.512 52.3694 0.7 60.6097 0.52755 0 -0 137.207 351 464441
30.512 52.354 1.97164 60.6097 0.527678 0.0209824 -0 140.207 367 464441
29.5585 52.9135 0.7 60.6097 0.509437 0 -0 139.269 362 464441
29.5585 52.8982 1.97164 60.6097 0.50956 0.0209824 -0 140.957 371 464441
29.5585 52.8982 1.97164 60.6097 0.50956 0.0209824 -0.0707397 134.957 339 464441
-20.277 57.9308 0.7 61.377 -0.336693 0 -0 135.519 342 464441
-23.1737 56.8341 0.7 61.377 -0.387164 0 -0 136.644 348 464441
33.2398 52.4425 3.30767 62.1442 0.564926 0.041974 -0 136.144 340 464441
33.2398 52.4911 2.00384 62.1442 0.564507 0.0209824 -0 138.582 353 464441
-6.99133 63.0866 -0.632006 63.4868 -0.110371 -0.0209824 -0 137.457 347 464441
37.4008 52.2471 0.7 64.254 0.621281 0 -0 137.457 347 464441
37.4008 52.1775 3.39621 64.254 0.621912 0.041974 -0 136.894 344 464441
37.4008 52.2297 2.0481 64.254 0.621438 0.0209824 -0 140.832 365 464441
36.3899 52.9561 0.7 64.254 0.602065 0 -0 136.519 342 464441
36.3899 52.8874 3.39621 64.254 0.60267 0.041974 -0 136.707 343 464441
36.3899 52.9389 2.0481 64.254 0.602216 0.0209824 -0 140.082 361 464441
-9.23327 64.5561 0.7 65.213 -0.142064 0 -0 135.957 339 464441
41.8816 51.7072 2.09639 66.5556 0.680795 0.0209824 -0 137.332 341 464441
13.7684 65.8848 2.11249 67.3228 0.206013 0.0209824 -0 137.519 342 464441
12.7093 66.0519 3.52498 67.3228 0.190091 0.041974 -0 138.457 347 464441
12.7093 66.0972 2.11249 67.3228 0.189964 0.0209824 -0 139.582 353 464441
-2.1846 69.383 2.15676 69.4327 -0.0314757 0.0209824 -0 136.957 339 464441
-13.3611 69.4392 3.66985 70.7753 -0.190091 0.041974 -0 141.707 359 464441
-13.3611 69.4868 2.18492 70.7753 -0.189964 0.0209824 -0 142.269 362 464441
-14.4745 69.2157 3.66985 70.7753 -0.206151 0.041974 -0 139.269 346 464441
-13.3973 69.6274 3.6779 70.9671 -0.190091 0.041974 -0 143.582 369 464441
-13.3973 69.6751 2.18895 70.9671 -0.189964 0.0209824 -0 143.582 369 464441
-14.5137 69.4033 3.6779 70.9671 -0.206151 0.041974 -0 142.082 361 464441
-14.5137 69.4512 2.18895 70.9671 -0.206013 0.0209824 -0 141.332 357 464441
-10.2924 71.9448 2.22517 72.6933 -0.142095 0.0209824 -0 138.519 342 464441
24.1423 68.9056 3.76643 73.0769 0.337002 0.041974 -0 138.894 344 464441
24.2057 69.0009 5.31172 73.2687 0.337389 0.0629841 -0 141.332 357 464441
24.2057 69.0865 3.77448 73.2687 0.337002 0.041974 -0 145.457 379 464441
24.2057 69.1378 2.23724 73.2687 0.336771 0.0209824 -0 139.644 348 464441
23.053 69.4796 3.77448 73.2687 0.320366 0.041974 -0 142.082 361 464441
-19.8002 71.3222 2.25334 74.0359 -0.270797 0.0209824 -0 140.582 353 464441
