1.52983 1.91185 0.22917 2.49344 0.67485 -0.189968 -0 92.5192 390 464542
1.43629 2.22362 0.249291 2.68524 0.573504 -0.168645 -0 98.3317 421 464542
1.09834 2.40854 0.249291 2.68524 0.427848 -0.168645 -0 97.2067 415 464542
1.26731 2.53734 0.217098 2.87704 0.463219 -0.168645 -0 105.519 438 464542
1.22205 2.55945 0.217098 2.87704 0.445458 -0.168645 -0 104.957 435 464542
0.995745 2.644 0.156735 2.87704 0.360177 -0.189968 -0.0707397 97.4567 395 464542
0.995745 2.63088 0.096372 2.87704 0.361822 -0.211379 -0.0707397 97.0817 393 464542
1.30352 2.74145 0.249291 3.06885 0.443845 -0.147399 -0 101.582 417 464542
1.15868 2.80573 0.249291 3.06885 0.391638 -0.147399 -0 102.332 421 464542
1.06213 2.84369 0.249291 3.06885 0.357458 -0.147399 -0 97.8317 397 464542
0.917292 2.87064 0.120517 3.06885 0.309288 -0.189968 -0 99.1442 404 464542
0.917292 2.85689 0.0561301 3.06885 0.310683 -0.211379 -0 98.5817 401 464542
1.12851 3.03147 0.289533 3.26065 0.356371 -0.12622 0.0707397 99.8942 408 464542
1.12851 3.02142 0.221122 3.26065 0.357458 -0.147399 0.0707397 102.332 421 464542
1.07721 3.04009 0.221122 3.26065 0.340533 -0.147399 0.0707397 98.5817 401 464542
1.12851 3.02142 0.221122 3.26065 0.357458 -0.147399 -0 109.457 459 464542
1.12851 3.03147 0.289533 3.26065 0.356371 -0.12622 -0.0707397 99.7067 407 464542
1.12851 3.02142 0.221122 3.26065 0.357458 -0.147399 -0.0707397 102.144 420 464542
1.07721 3.04009 0.221122 3.26065 0.340533 -0.147399 -0.0707397 98.2067 399 464542
1.79234 2.91857 0.265388 3.45245 0.550734 -0.12622 -0 103.269 426 464542
1.79234 2.90686 0.192952 3.45245 0.552528 -0.147399 -0 102.332 421 464542
1.30352 3.16724 0.265388 3.45245 0.390435 -0.12622 -0 104.582 433 464542
1.24921 3.18905 0.265388 3.45245 0.373346 -0.12622 -0 102.707 423 464542
1.71992 3.17994 0.241243 3.64426 0.495804 -0.12622 0.0707397 100.457 395 464542
1.66259 3.21029 0.241243 3.64426 0.477861 -0.12622 0.0707397 98.3942 384 464542
1.4906 3.29367 0.241243 3.64426 0.424985 -0.12622 0.0707397 100.082 393 464542
1.43327 3.31902 0.241243 3.64426 0.407646 -0.12622 0.0707397 101.207 399 464542
1.08928 3.45658 0.317702 3.64426 0.305283 -0.105098 0.0707397 99.3317 389 464542
1.08928 3.44726 0.241243 3.64426 0.306057 -0.12622 0.0707397 99.8942 392 464542
1.71992 3.17994 0.241243 3.64426 0.495804 -0.12622 -0.0707397 100.082 393 464542
1.66259 3.21029 0.241243 3.64426 0.477861 -0.12622 -0.0707397 98.0192 382 464542
1.54793 3.26712 0.241243 3.64426 0.442461 -0.12622 -0.0707397 96.3317 373 464542
1.4906 3.29367 0.241243 3.64426 0.424985 -0.12622 -0.0707397 98.9567 387 464542
1.43327 3.31902 0.241243 3.64426 0.407646 -0.12622 -0.0707397 99.5192 390 464542
1.14662 3.6385 0.297581 3.83606 0.305283 -0.105098 0.0707397 102.332 405 464542
1.14662 3.6287 0.217098 3.83606 0.306057 -0.12622 0.0707397 102.332 405 464542
1.08627 3.65697 0.297581 3.83606 0.288739 -0.105098 0.0707397 102.519 406 464542
1.08627 3.64722 0.217098 3.83606 0.289469 -0.12622 0.0707397 101.957 403 464542
1.14662 3.6385 0.297581 3.83606 0.305283 -0.105098 -0.0707397 102.894 408 464542
1.52077 3.70572 0.27746 4.02786 0.389427 -0.105098 0.0707397 105.144 420 464542
1.52077 3.69511 0.192952 4.02786 0.390435 -0.12622 0.0707397 104.207 415 464542
1.45741 3.7311 0.27746 4.02786 0.372386 -0.105098 0.0707397 103.644 412 464542
1.52077 3.70572 0.27746 4.02786 0.389427 -0.105098 -0.0707397 104.207 415 464542
1.59319 3.88219 0.257339 4.21967 0.389427 -0.105098 0.0707397 108.144 436 464542
1.19489 4.02267 0.257339 4.21967 0.288739 -0.105098 0.0707397 108.894 440 464542
1.12851 4.04179 0.257339 4.21967 0.272276 -0.105098 0.0707397 107.582 433 464542
1.59319 3.88219 0.257339 4.21967 0.389427 -0.105098 -0 115.457 475 464542
1.19489 4.02267 0.257339 4.21967 0.288739 -0.105098 -0 115.832 477 464542
1.12851 4.04179 0.257339 4.21967 0.272276 -0.105098 -0 114.894 472 464542
1.59319 3.88219 0.257339 4.21967 0.389427 -0.105098 -0.0707397 108.332 437 464542
1.19489 4.02267 0.257339 4.21967 0.288739 -0.105098 -0.0707397 108.332 437 464542
1.12851 4.04179 0.257339 4.21967 0.272276 -0.105098 -0.0707397 107.582 433 464542
1.66561 4.05865 0.237219 4.41147 0.389427 -0.105098 0.0707397 106.082 409 464542
1.31861 4.18428 0.237219 4.41147 0.305283 -0.105098 0.0707397 105.894 408 464542
1.24921 4.20552 0.237219 4.41147 0.288739 -0.105098 0.0707397 106.082 409 464542
1.66561 4.05865 0.237219 4.41147 0.389427 -0.105098 -0.0707397 107.582 417 464542
1.44836 4.35237 0.313678 4.60327 0.321247 -0.0840222 0.0707397 110.957 435 464542
1.44836 4.34272 0.217098 4.60327 0.321913 -0.105098 0.0707397 110.957 435 464542
1.44836 4.35237 0.313678 4.60327 0.321247 -0.0840222 -0 118.457 475 464542
1.44836 4.34272 0.217098 4.60327 0.321913 -0.105098 -0 118.644 476 464542
1.44836 4.35237 0.313678 4.60327 0.321247 -0.0840222 -0.0707397 111.707 439 464542
1.44836 4.34272 0.217098 4.60327 0.321913 -0.105098 -0.0707397 111.707 439 464542
1.73501 4.45203 0.297581 4.79507 0.371606 -0.0840222 0.0707397 107.019 414 464542
1.20696 4.62321 0.297581 4.79507 0.255367 -0.0840222 0.0707397 108.707 423 464542
1.20696 4.61334 0.196977 4.79507 0.255889 -0.105098 0.0707397 108.332 421 464542
1.13153 4.64225 0.297581 4.79507 0.239084 -0.0840222 0.0707397 108.519 422 464542
1.13153 4.63242 0.196977 4.79507 0.239572 -0.105098 0.0707397 108.144 420 464542
1.20696 4.62321 0.297581 4.79507 0.255367 -0.0840222 -0 116.394 464 464542
1.20696 4.61334 0.196977 4.79507 0.255889 -0.105098 -0 116.394 464 464542
1.13153 4.64225 0.297581 4.79507 0.239084 -0.0840222 -0 116.394 464 464542
1.13153 4.63242 0.196977 4.79507 0.239572 -0.105098 -0 116.394 464 464542
1.20696 4.62321 0.297581 4.79507 0.255367 -0.0840222 -0.0707397 109.832 429 464542
1.20696 4.61334 0.196977 4.79507 0.255889 -0.105098 -0.0707397 109.832 429 464542
1.13153 4.64225 0.297581 4.79507 0.239084 -0.0840222 -0.0707397 110.019 430 464542
1.13153 4.63242 0.196977 4.79507 0.239572 -0.105098 -0.0707397 110.207 431 464542
1.56905 4.71507 0.281485 4.98688 0.321247 -0.0840222 0.0707397 105.894 408 464542
1.56905 4.70461 0.176856 4.98688 0.321913 -0.105098 0.0707397 104.207 399 464542
1.41215 4.76441 0.281485 4.98688 0.288146 -0.0840222 0.0707397 105.707 407 464542
1.33369 4.78697 0.281485 4.98688 0.271719 -0.0840222 0.0707397 107.957 419 464542
1.33369 4.77666 0.176856 4.98688 0.272276 -0.105098 0.0707397 104.582 401 464542
1.33369 4.78697 0.281485 4.98688 0.271719 -0.0840222 -0 115.082 457 464542
1.80441 4.63011 0.281485 4.98688 0.371606 -0.0840222 -0.0707397 103.082 393 464542
1.56905 4.71507 0.281485 4.98688 0.321247 -0.0840222 -0.0707397 104.582 401 464542
1.41215 4.76441 0.281485 4.98688 0.288146 -0.0840222 -0.0707397 104.582 401 464542
1.33369 4.78697 0.281485 4.98688 0.271719 -0.0840222 -0.0707397 107.957 419 464542
1.33369 4.77666 0.176856 4.98688 0.272276 -0.105098 -0.0707397 104.019 398 464542
1.25524 4.80813 0.281485 4.98688 0.255367 -0.0840222 -0.0707397 104.582 401 464542
1.46646 4.94766 0.265388 5.17868 0.288146 -0.0840222 0.0707397 112.394 432 464542
1.46646 4.93691 0.156735 5.17868 0.288739 -0.105098 0.0707397 108.269 410 464542
1.38499 4.97108 0.265388 5.17868 0.271719 -0.0840222 0.0707397 110.707 423 464542
1.46646 4.94766 0.265388 5.17868 0.288146 -0.0840222 -0 119.519 470 464542
1.38499 4.97108 0.265388 5.17868 0.271719 -0.0840222 -0 118.019 462 464542
1.46646 4.94766 0.265388 5.17868 0.288146 -0.0840222 -0.0707397 112.582 433 464542
1.46646 4.93691 0.156735 5.17868 0.288739 -0.105098 -0.0707397 108.644 412 464542
1.38499 4.97108 0.265388 5.17868 0.271719 -0.0840222 -0.0707397 111.269 426 464542
1.60526 5.1138 0.361968 5.37048 0.304167 -0.0629841 0.0707397 106.207 399 464542
1.60526 5.1051 0.249291 5.37048 0.304653 -0.0840222 0.0707397 108.644 412 464542
1.52077 5.13091 0.249291 5.37048 0.288146 -0.0840222 0.0707397 107.332 405 464542
1.18282 5.21918 0.249291 5.37048 0.222865 -0.0840222 0.0707397 106.582 401 464542
1.60526 5.1051 0.249291 5.37048 0.304653 -0.0840222 -0 115.394 448 464542
1.52077 5.13091 0.249291 5.37048 0.288146 -0.0840222 -0 114.644 444 464542
1.60526 5.1051 0.249291 5.37048 0.304653 -0.0840222 -0.0707397 108.457 411 464542
1.52077 5.13091 0.249291 5.37048 0.288146 -0.0840222 -0.0707397 108.082 409 464542
1.52077 5.11976 0.136614 5.37048 0.288739 -0.105098 -0.0707397 104.519 390 464542
1.18282 5.21918 0.249291 5.37048 0.222865 -0.0840222 -0.0707397 106.957 403 464542
1.22507 5.41439 0.349896 5.56229 0.222515 -0.0629841 0.0707397 108.082 409 464542
1.22507 5.40558 0.233194 5.56229 0.222865 -0.0840222 0.0707397 110.519 422 464542
1.13756 5.43345 0.349896 5.56229 0.206382 -0.0629841 0.0707397 107.894 408 464542
1.13756 5.42467 0.233194 5.56229 0.206706 -0.0840222 0.0707397 110.519 422 464542
1.22507 5.40558 0.233194 5.56229 0.222865 -0.0840222 -0 116.894 456 464542
1.13756 5.42467 0.233194 5.56229 0.206706 -0.0840222 -0 117.269 458 464542
1.22507 5.41439 0.349896 5.56229 0.222515 -0.0629841 -0.0707397 106.582 401 464542
1.22507 5.40558 0.233194 5.56229 0.222865 -0.0840222 -0.0707397 109.394 416 464542
1.13756 5.42467 0.233194 5.56229 0.206706 -0.0840222 -0.0707397 109.957 419 464542
1.35783 5.57069 0.217098 5.75409 0.239084 -0.0840222 0.0707397 109.582 417 464542
1.26731 5.6011 0.337823 5.75409 0.222515 -0.0629841 0.0707397 110.332 421 464542
1.26731 5.59198 0.217098 5.75409 0.222865 -0.0840222 0.0707397 113.332 437 464542
1.17679 5.61173 0.217098 5.75409 0.206706 -0.0840222 0.0707397 108.644 412 464542
1.35783 5.57069 0.217098 5.75409 0.239084 -0.0840222 -0 116.707 455 464542
1.26731 5.6011 0.337823 5.75409 0.222515 -0.0629841 -0 117.832 461 464542
1.26731 5.59198 0.217098 5.75409 0.222865 -0.0840222 -0 120.644 476 464542
1.17679 5.61173 0.217098 5.75409 0.206706 -0.0840222 -0 116.144 452 464542
1.35783 5.57069 0.217098 5.75409 0.239084 -0.0840222 -0.0707397 109.957 419 464542
1.26731 5.6011 0.337823 5.75409 0.222515 -0.0629841 -0.0707397 110.332 421 464542
1.26731 5.59198 0.217098 5.75409 0.222865 -0.0840222 -0.0707397 113.707 439 464542
1.17679 5.61173 0.217098 5.75409 0.206706 -0.0840222 -0.0707397 109.394 416 464542
1.21602 5.80817 0.325751 5.94589 0.206382 -0.0629841 -0 112.519 422 464542
1.21602 5.79879 0.201001 5.94589 0.206706 -0.0840222 -0 113.832 429 464542
1.15868 6.01494 0.313678 6.1377 0.190303 -0.0629841 0.0707397 114.207 431 464542
1.15868 6.00528 0.184904 6.1377 0.190602 -0.0840222 0.0707397 113.082 425 464542
1.06213 6.03274 0.313678 6.1377 0.174275 -0.0629841 0.0707397 111.019 414 464542
1.15868 6.01494 0.313678 6.1377 0.190303 -0.0629841 -0 121.332 469 464542
1.15868 6.00528 0.184904 6.1377 0.190602 -0.0840222 -0 120.582 465 464542
1.06213 6.03274 0.313678 6.1377 0.174275 -0.0629841 -0 118.519 454 464542
1.15868 6.01494 0.313678 6.1377 0.190303 -0.0629841 -0.0707397 113.832 429 464542
1.15868 6.00528 0.184904 6.1377 0.190602 -0.0840222 -0.0707397 113.082 425 464542
1.06213 6.03274 0.313678 6.1377 0.174275 -0.0629841 -0.0707397 111.957 419 464542
1.19489 6.20291 0.301606 6.3295 0.190303 -0.0629841 0.0707397 110.082 409 464542
1.19489 6.19295 0.168807 6.3295 0.190602 -0.0840222 0.0707397 109.332 405 464542
1.09532 6.22126 0.301606 6.3295 0.174275 -0.0629841 0.0707397 109.144 404 464542
1.09532 6.21133 0.168807 6.3295 0.174548 -0.0840222 0.0707397 107.457 395 464542
1.19489 6.20291 0.301606 6.3295 0.190303 -0.0629841 -0 118.144 452 464542
1.19489 6.19295 0.168807 6.3295 0.190602 -0.0840222 -0 117.957 451 464542
1.09532 6.22126 0.301606 6.3295 0.174275 -0.0629841 -0 117.957 451 464542
2.09106 5.96081 0.301606 6.3295 0.337389 -0.0629841 -0.0707397 111.582 417 464542
2.09106 5.95045 0.168807 6.3295 0.337933 -0.0840222 -0.0707397 111.207 415 464542
1.19489 6.20291 0.301606 6.3295 0.190303 -0.0629841 -0.0707397 111.207 415 464542
1.19489 6.19295 0.168807 6.3295 0.190602 -0.0840222 -0.0707397 111.394 416 464542
1.09532 6.22126 0.301606 6.3295 0.174275 -0.0629841 -0.0707397 111.394 416 464542
1.09532 6.21133 0.168807 6.3295 0.174548 -0.0840222 -0.0707397 109.894 408 464542
2.15443 6.14144 0.289533 6.5213 0.337389 -0.0629841 0.0707397 107.269 394 464542
2.15443 6.13076 0.152711 6.5213 0.337933 -0.0840222 0.0707397 107.457 395 464542
1.74406 6.27034 0.289533 6.5213 0.271288 -0.0629841 0.0707397 114.207 431 464542
1.84665 6.24089 0.289533 6.5213 0.287687 -0.0629841 -0 120.207 463 464542
1.74406 6.27034 0.289533 6.5213 0.271288 -0.0629841 -0 122.082 473 464542
1.74406 6.25988 0.152711 6.5213 0.271719 -0.0840222 -0 119.269 458 464542
1.64147 6.29797 0.289533 6.5213 0.254962 -0.0629841 -0 118.894 456 464542
2.15443 6.14144 0.289533 6.5213 0.337389 -0.0629841 -0.0707397 109.144 404 464542
1.84665 6.24089 0.289533 6.5213 0.287687 -0.0629841 -0.0707397 113.832 429 464542
1.74406 6.27034 0.289533 6.5213 0.271288 -0.0629841 -0.0707397 115.144 436 464542
1.79536 6.46857 0.7 6.7131 0.270736 0 0.0707397 120.519 454 464542
1.68975 6.49696 0.7 6.7131 0.254446 0 0.0707397 122.394 464 464542
1.79536 6.46857 0.7 6.7131 0.270736 0 -0 127.644 492 464542
1.68975 6.49696 0.7 6.7131 0.254446 0 -0 129.144 500 464542
1.68975 6.49544 0.840847 6.7131 0.254503 0.0209824 -0 125.207 479 464542
1.79536 6.46857 0.7 6.7131 0.270736 0 -0.0707397 120.332 453 464542
1.68975 6.49696 0.7 6.7131 0.254446 0 -0.0707397 122.019 462 464542
1.95528 6.60801 0.265388 6.90491 0.287687 -0.0629841 0.0707397 121.269 458 464542
1.84665 6.65339 0.7 6.90491 0.270736 0 0.0707397 123.332 469 464542
1.84665 6.63918 0.265388 6.90491 0.271288 -0.0629841 0.0707397 120.332 453 464542
1.73803 6.68259 0.7 6.90491 0.254446 0 0.0707397 124.082 473 464542
1.84665 6.65339 0.7 6.90491 0.270736 0 -0 131.207 511 464542
1.73803 6.68259 0.7 6.90491 0.254446 0 -0 131.957 515 464542
1.95528 6.60801 0.265388 6.90491 0.287687 -0.0629841 -0.0707397 122.394 464 464542
1.84665 6.65339 0.7 6.90491 0.270736 0 -0.0707397 124.457 475 464542
1.73803 6.68259 0.7 6.90491 0.254446 0 -0.0707397 125.394 480 464542
1.67466 6.88986 0.40221 7.09671 0.238438 -0.041974 -0 121.269 458 464542
1.67466 6.88181 0.253315 7.09671 0.238706 -0.0629841 -0 125.394 480 464542
1.56302 6.90802 0.253315 7.09671 0.222515 -0.0629841 -0 123.894 472 464542
1.37594 7.14274 0.241243 7.28851 0.190303 -0.0629841 -0 119.394 448 464542
1.88286 7.23947 0.7 7.48032 0.254446 0 -0 122.332 453 464542
1.88286 7.23266 0.386113 7.48032 0.254675 -0.041974 -0 122.707 455 464542
1.76518 7.26228 0.386113 7.48032 0.238438 -0.041974 -0 124.394 464 464542
1.41215 7.33071 0.22917 7.48032 0.190303 -0.0629841 -0 119.144 436 464542
2.84542 7.32366 0.370017 7.86392 0.370574 -0.041974 0.0707397 110.707 391 464542
2.84542 7.31436 0.205025 7.86392 0.371003 -0.0629841 0.0707397 113.144 404 464542
2.47427 7.45723 0.370017 7.86392 0.320366 -0.041974 0.0707397 114.832 413 464542
2.47427 7.4481 0.205025 7.86392 0.320732 -0.0629841 0.0707397 115.582 417 464542
1.85571 7.64005 0.535008 7.86392 0.238277 -0.0209824 -0 126.457 475 464542
1.85571 7.63471 0.370017 7.86392 0.238438 -0.041974 -0 126.644 476 464542
1.73199 7.66904 0.535008 7.86392 0.222116 -0.0209824 -0 124.019 462 464542
1.73199 7.66372 0.370017 7.86392 0.222265 -0.041974 -0 124.394 464 464542
2.84542 7.32366 0.370017 7.86392 0.370574 -0.041974 -0.0707397 109.957 387 464542
2.84542 7.31436 0.205025 7.86392 0.371003 -0.0629841 -0.0707397 112.207 399 464542
2.47427 7.4481 0.205025 7.86392 0.320732 -0.0629841 -0.0707397 114.832 413 464542
1.90097 7.8264 0.530984 8.05573 0.238277 -0.0209824 0.0707397 126.644 476 464542
1.90097 7.82092 0.361968 8.05573 0.238438 -0.041974 0.0707397 131.332 501 464542
1.90097 7.81178 0.192952 8.05573 0.238706 -0.0629841 0.0707397 127.957 483 464542
1.77424 7.85064 0.361968 8.05573 0.222265 -0.041974 0.0707397 127.582 481 464542
1.90097 7.8264 0.530984 8.05573 0.238277 -0.0209824 -0 133.957 515 464542
1.90097 7.82092 0.361968 8.05573 0.238438 -0.041974 -0 138.832 541 464542
1.90097 7.81178 0.192952 8.05573 0.238706 -0.0629841 -0 135.457 523 464542
1.77424 7.85064 0.361968 8.05573 0.222265 -0.041974 -0 135.269 522 464542
1.90097 7.8264 0.530984 8.05573 0.238277 -0.0209824 -0.0707397 127.019 478 464542
1.90097 7.82092 0.361968 8.05573 0.238438 -0.041974 -0.0707397 131.707 503 464542
1.90097 7.81178 0.192952 8.05573 0.238706 -0.0629841 -0.0707397 128.332 485 464542
1.77424 7.85064 0.361968 8.05573 0.222265 -0.041974 -0.0707397 128.144 484 464542
1.94623 8.00713 0.35392 8.24753 0.238438 -0.041974 0.0707397 123.519 454 464542
1.94623 8.00713 0.35392 8.24753 0.238438 -0.041974 -0 131.582 497 464542
1.94623 7.99778 0.18088 8.24753 0.238706 -0.0629841 -0 129.894 488 464542
1.81648 8.03756 0.35392 8.24753 0.222265 -0.041974 -0 127.832 477 464542
1.81648 8.02824 0.18088 8.24753 0.222515 -0.0629841 -0 126.519 470 464542
1.94623 8.00713 0.35392 8.24753 0.238438 -0.041974 -0.0707397 125.207 463 464542
1.94623 7.99778 0.18088 8.24753 0.238706 -0.0629841 -0.0707397 123.707 455 464542
1.99149 8.19334 0.345872 8.43933 0.238438 -0.041974 -0 125.207 463 464542
1.32766 8.32672 0.345872 8.43933 0.158115 -0.041974 -0 117.144 420 464542
2.4441 8.26993 0.337823 8.63113 0.287361 -0.041974 -0 118.457 427 464542
1.6294 8.4682 0.337823 8.63113 0.190091 -0.041974 -0 121.269 442 464542
1.49362 8.4932 0.337823 8.63113 0.17408 -0.041974 -0 119.394 432 464542
4.68 7.69546 0.321726 9.01474 0.546391 -0.041974 -0 116.332 405 464542
3.12 8.44914 0.321726 9.01474 0.353736 -0.041974 -0 117.832 413 464542
2.97818 8.50017 0.321726 9.01474 0.337002 -0.041974 -0 118.019 414 464542
4.77957 7.85919 0.313678 9.20654 0.546391 -0.041974 -0 115.582 401 464542
3.76573 8.39229 0.313678 9.20654 0.421783 -0.041974 -0 116.519 406 464542
3.62089 8.45579 0.313678 9.20654 0.40459 -0.041974 -0 119.519 422 464542
3.62089 8.44475 0.120517 9.20654 0.405063 -0.0629841 -0 115.957 403 464542
3.47605 8.51635 0.313678 9.20654 0.387523 -0.041974 -0 115.957 403 464542
0.627621 9.89885 -0.346289 9.97375 0.0633187 -0.105098 2.05145 123.707 439 464542
0.627621 9.87449 -0.555546 9.97375 0.0634745 -0.12622 2.05145 122.957 435 464542
0.470716 9.96264 0.7 9.97375 0.047213 0 2.05145 122.582 433 464542
0.470716 9.90755 -0.346289 9.97375 0.0474751 -0.105098 2.05145 124.269 442 464542
0.470716 9.88321 -0.555546 9.97375 0.0475919 -0.12622 2.05145 122.957 435 464542
0.627621 9.89885 -0.346289 9.97375 0.0633187 -0.105098 2.12219 117.519 406 464542
0.627621 9.87449 -0.555546 9.97375 0.0634745 -0.12622 2.12219 116.394 400 464542
0.470716 9.90755 -0.346289 9.97375 0.0474751 -0.105098 2.12219 117.144 404 464542
0.470716 9.88321 -0.555546 9.97375 0.0475919 -0.12622 2.12219 116.019 398 464542
0.639691 10.0892 -0.366409 10.1656 0.0633187 -0.105098 2.05145 120.144 420 464542
0.639691 10.0644 -0.579691 10.1656 0.0634745 -0.12622 2.05145 118.832 413 464542
0.479768 10.1542 0.7 10.1656 0.047213 0 2.05145 117.519 406 464542
0.479768 10.0981 -0.366409 10.1656 0.0474751 -0.105098 2.05145 120.707 423 464542
0.479768 10.0733 -0.579691 10.1656 0.0475919 -0.12622 2.05145 119.207 415 464542
0.627621 9.95399 0.7 9.97375 0.0629689 0 1.98071 119.957 419 464542
0.627621 9.89885 -0.346289 9.97375 0.0633187 -0.105098 1.98071 120.894 424 464542
0.627621 9.87449 -0.555546 9.97375 0.0634745 -0.12622 1.98071 120.894 424 464542
0.470716 9.96264 0.7 9.97375 0.047213 0 1.98071 120.894 424 464542
0.470716 9.90755 -0.346289 9.97375 0.0474751 -0.105098 1.98071 122.207 431 464542
0.470716 9.88321 -0.555546 9.97375 0.0475919 -0.12622 1.98071 121.082 425 464542
0.627621 9.95399 0.7 9.97375 0.0629689 0 1.83923 118.269 410 464542
0.470716 9.96264 0.7 9.97375 0.047213 0 1.83923 121.457 427 464542
0.470716 9.90755 -0.346289 9.97375 0.0474751 -0.105098 1.83923 119.394 416 464542
0.470716 9.88321 -0.555546 9.97375 0.0475919 -0.12622 1.83923 119.582 417 464542
0.627621 9.89885 -0.346289 9.97375 0.0633187 -0.105098 1.90997 124.457 443 464542
0.627621 9.87449 -0.555546 9.97375 0.0634745 -0.12622 1.90997 123.707 439 464542
0.470716 9.90755 -0.346289 9.97375 0.0474751 -0.105098 1.90997 125.394 448 464542
0.470716 9.88321 -0.555546 9.97375 0.0475919 -0.12622 1.90997 124.457 443 464542
0.639691 10.0892 -0.366409 10.1656 0.0633187 -0.105098 1.90997 121.832 429 464542
0.479768 10.0981 -0.366409 10.1656 0.0474751 -0.105098 1.90997 122.582 433 464542
0.470716 9.96044 0.909258 9.97375 0.0472234 0.0209824 1.69775 116.019 398 464542
0.31381 9.96882 0.7 9.97375 0.0314688 0 1.69775 115.269 394 464542
0.31381 9.96662 0.909258 9.97375 0.0314757 0.0209824 1.69775 116.394 400 464542
0.470716 9.96264 0.7 9.97375 0.047213 0 1.62701 116.394 400 464542
0.470716 9.96044 0.909258 9.97375 0.0472234 0.0209824 1.62701 118.457 411 464542
0.31381 9.96882 0.7 9.97375 0.0314688 0 1.62701 116.957 403 464542
0.31381 9.96662 0.909258 9.97375 0.0314757 0.0209824 1.62701 119.207 415 464542
0.639691 10.0892 -0.366409 10.1656 0.0633187 -0.105098 1.83923 117.519 406 464542
0.639691 10.0644 -0.579691 10.1656 0.0634745 -0.12622 1.83923 118.269 410 464542
0.479768 10.1542 0.7 10.1656 0.047213 0 1.83923 116.957 403 464542
0.479768 10.0981 -0.366409 10.1656 0.0474751 -0.105098 1.83923 118.082 409 464542
0.479768 10.0733 -0.579691 10.1656 0.0475919 -0.12622 1.83923 118.269 410 464542
0.470716 9.96264 0.7 9.97375 0.047213 0 1.76849 117.519 406 464542
0.31381 9.96882 0.7 9.97375 0.0314688 0 1.76849 116.207 399 464542
0.627621 9.89885 1.74629 9.97375 0.0633187 0.105098 1.27332 116.394 400 464542
0.470716 9.96044 0.909258 9.97375 0.0472234 0.0209824 1.27332 116.394 400 464542
0.31381 9.96882 0.7 9.97375 0.0314688 0 1.27332 117.519 406 464542
0.31381 9.96662 0.909258 9.97375 0.0314757 0.0209824 1.27332 119.957 419 464542
0.627621 9.87449 1.95555 9.97375 0.0634745 0.12622 1.20258 116.019 398 464542
0.627621 9.89885 1.74629 9.97375 0.0633187 0.105098 1.20258 118.832 413 464542
0.470716 9.90755 1.74629 9.97375 0.0474751 0.105098 1.20258 116.394 400 464542
0.470716 9.96044 0.909258 9.97375 0.0472234 0.0209824 1.20258 116.207 399 464542
0.31381 9.96662 0.909258 9.97375 0.0314757 0.0209824 1.20258 117.707 407 464542
0.31381 9.96882 0.7 9.97375 0.0314688 0 1.34406 115.082 393 464542
0.479768 10.152 0.913282 10.1656 0.0472234 0.0209824 1.20258 116.019 398 464542
0.319845 10.1583 0.913282 10.1656 0.0314757 0.0209824 1.20258 115.644 396 464542
0.615551 9.68459 1.9314 9.78195 0.0634745 0.12622 1.20258 116.019 398 464542
0.615551 9.70848 1.72617 9.78195 0.0633187 0.105098 1.20258 120.144 420 464542
0.615551 9.72799 1.52093 9.78195 0.0631921 0.0840222 1.20258 116.019 398 464542
0.461663 9.71702 1.72617 9.78195 0.0474751 0.105098 1.20258 117.707 407 464542
0.461663 9.7365 1.52093 9.78195 0.0473802 0.0840222 1.20258 115.082 393 464542
0.479768 10.1542 0.7 10.1656 0.047213 0 1.98071 117.332 405 464542
0.479768 10.0981 -0.366409 10.1656 0.0474751 -0.105098 1.98071 115.082 393 464542
0.479768 10.1542 0.7 10.1656 0.047213 0 1.27332 115.082 393 464542
0.479768 10.152 0.913282 10.1656 0.0472234 0.0209824 1.27332 115.457 395 464542
0.319845 10.1583 0.913282 10.1656 0.0314757 0.0209824 1.27332 116.207 399 464542
0.639691 10.0644 -0.579691 10.1656 0.0634745 -0.12622 0.990356 116.207 399 464542
0.639691 10.1364 1.12656 10.1656 0.0630244 0.041974 0.990356 119.394 416 464542
0.639691 10.1432 0.913282 10.1656 0.0629827 0.0209824 0.990356 118.269 410 464542
0.479768 10.1453 1.12656 10.1656 0.0472546 0.041974 0.990356 119.207 415 464542
0.479768 10.152 0.913282 10.1656 0.0472234 0.0209824 0.990356 115.269 394 464542
0 10.3551 0.917306 10.3574 0 0.0209824 1.20258 114.707 391 464542
0.32588 10.3431 1.13461 10.3574 0.0314966 0.041974 1.20258 116.582 401 464542
0.32588 10.35 0.917306 10.3574 0.0314757 0.0209824 1.20258 117.144 404 464542
0.16294 10.347 1.13461 10.3574 0.0157463 0.041974 1.20258 117.707 407 464542
0.16294 10.3538 0.917306 10.3574 0.0157359 0.0209824 1.20258 118.082 409 464542
0.615551 9.68459 1.9314 9.78195 0.0634745 0.12622 1.13184 120.894 424 464542
0.615551 9.70848 1.72617 9.78195 0.0633187 0.105098 1.13184 123.894 440 464542
0.615551 9.75393 1.11047 9.78195 0.0630244 0.041974 1.13184 121.457 427 464542
0.461663 9.71702 1.72617 9.78195 0.0474751 0.105098 1.13184 120.894 424 464542
0.627621 9.87449 1.95555 9.97375 0.0634745 0.12622 1.13184 122.957 435 464542
0.627621 9.89885 1.74629 9.97375 0.0633187 0.105098 1.13184 126.144 452 464542
0.470716 9.90755 1.74629 9.97375 0.0474751 0.105098 1.13184 122.957 435 464542
0.615551 9.70848 1.72617 9.78195 0.0633187 0.105098 1.0611 123.519 438 464542
0.615551 9.74313 1.3157 9.78195 0.0630941 0.0629841 1.0611 123.144 436 464542
0.615551 9.75393 1.11047 9.78195 0.0630244 0.041974 1.0611 127.457 459 464542
0.461663 9.76243 1.11047 9.78195 0.0472546 0.041974 1.0611 125.582 449 464542
0.627621 9.89885 1.74629 9.97375 0.0633187 0.105098 1.0611 128.394 464 464542
0.627621 9.94519 1.11852 9.97375 0.0630244 0.041974 1.0611 125.019 446 464542
0.470716 9.90755 1.74629 9.97375 0.0474751 0.105098 1.0611 125.957 451 464542
0.319845 10.1583 0.913282 10.1656 0.0314757 0.0209824 1.13184 116.019 398 464542
0.627621 9.93417 1.32777 9.97375 0.0630941 0.0629841 0.990356 127.082 457 464542
0.627621 9.94519 1.11852 9.97375 0.0630244 0.041974 0.990356 126.894 456 464542
0.470716 9.94284 1.32777 9.97375 0.0473068 0.0629841 0.990356 128.207 463 464542
0.470716 9.95385 1.11852 9.97375 0.0472546 0.041974 0.990356 126.707 455 464542
0.639691 10.0892 -0.366409 10.1656 0.0633187 -0.105098 0.919617 116.957 403 464542
0 10.1297 1.55313 10.1656 0 0.0840222 0.848877 121.082 425 464542
0 10.1454 1.33985 10.1656 0 0.0629841 0.848877 117.894 408 464542
0.159923 10.1284 1.55313 10.1656 0.0157882 0.0840222 0.848877 122.019 430 464542
0.159923 10.1441 1.33985 10.1656 0.0157637 0.0629841 0.848877 118.644 412 464542
0.627621 9.7742 -1.18332 9.97375 0.064124 -0.189968 0.848877 127.457 459 464542
0.627621 9.73155 -1.39258 9.97375 0.0644042 -0.211379 0.848877 125.019 446 464542
0.470716 9.78301 -1.18332 9.97375 0.0480785 -0.189968 0.848877 126.144 452 464542
0 10.1297 1.55313 10.1656 0 0.0840222 0.778137 124.832 445 464542
0.159923 10.1082 1.76641 10.1656 0.0158198 0.105098 0.778137 121.457 427 464542
0.159923 10.1284 1.55313 10.1656 0.0157882 0.0840222 0.778137 126.332 453 464542
0.159923 10.1441 1.33985 10.1656 0.0157637 0.0629841 0.778137 122.582 433 464542
0.156905 9.93733 1.53703 9.97375 0.0157882 0.0840222 0.778137 114.894 392 464542
0.627621 9.7742 -1.18332 9.97375 0.064124 -0.189968 0.919617 131.957 483 464542
0.627621 9.73155 -1.39258 9.97375 0.0644042 -0.211379 0.919617 130.457 475 464542
0.627621 9.93417 1.32777 9.97375 0.0630941 0.0629841 0.919617 129.894 472 464542
0.470716 9.78301 -1.18332 9.97375 0.0480785 -0.189968 0.919617 129.707 471 464542
0.627621 9.95399 0.7 9.97375 0.0629689 0 0.636658 117.332 405 464542
0.470716 9.96264 0.7 9.97375 0.047213 0 0.636658 115.457 395 464542
0.470716 9.96264 0.7 9.97375 0.047213 0 0.565918 116.394 400 464542
0.470716 9.96044 0.490742 9.97375 0.0472234 -0.0209824 0.565918 115.082 393 464542
0 10.1297 1.55313 10.1656 0 0.0840222 0.636658 114.707 391 464542
0.639691 10.1454 0.7 10.1656 0.0629689 0 0.636658 116.582 401 464542
0.639691 10.1432 0.486718 10.1656 0.0629827 -0.0209824 0.636658 115.269 394 464542
0.479768 10.1542 0.7 10.1656 0.047213 0 0.636658 115.832 397 464542
0.159923 10.1284 1.55313 10.1656 0.0157882 0.0840222 0.636658 118.082 409 464542
0.159923 10.1441 1.33985 10.1656 0.0157637 0.0629841 0.636658 115.457 395 464542
0.639691 10.1454 0.7 10.1656 0.0629689 0 0.565918 116.582 401 464542
0.479768 10.1542 0.7 10.1656 0.047213 0 0.565918 116.582 401 464542
0.319845 10.1246 1.55313 10.1656 0.0315803 0.0840222 0.565918 119.207 415 464542
0.159923 10.1284 1.55313 10.1656 0.0157882 0.0840222 0.565918 119.207 415 464542
0 10.1297 1.55313 10.1656 0 0.0840222 0.707397 120.519 422 464542
0 10.1454 1.33985 10.1656 0 0.0629841 0.707397 119.957 419 464542
0.159923 10.1284 1.55313 10.1656 0.0157882 0.0840222 0.707397 122.394 432 464542
0.159923 10.1441 1.33985 10.1656 0.0157637 0.0629841 0.707397 120.144 420 464542
0.615551 9.74313 1.3157 9.78195 0.0630941 0.0629841 0.990356 127.832 461 464542
0.615551 9.75393 1.11047 9.78195 0.0630244 0.041974 0.990356 130.644 476 464542
0.615551 9.76041 0.905234 9.78195 0.0629827 0.0209824 0.990356 128.394 464 464542
0.461663 9.75163 1.3157 9.78195 0.0473068 0.0629841 0.990356 127.832 461 464542
0.461663 9.76243 1.11047 9.78195 0.0472546 0.041974 0.990356 129.707 471 464542
0.461663 9.7689 0.905234 9.78195 0.0472234 0.0209824 0.990356 127.457 459 464542
0 10.3208 1.56922 10.3574 0 0.0840222 0.778137 116.582 401 464542
0.16294 10.2989 1.78653 10.3574 0.0158198 0.105098 0.778137 114.519 390 464542
0.16294 10.3195 1.56922 10.3574 0.0157882 0.0840222 0.778137 118.644 412 464542
0.16294 10.3355 1.35192 10.3574 0.0157637 0.0629841 0.778137 114.519 390 464542
0.784526 9.94285 0.7 9.97375 0.0787404 0 0.495178 122.207 431 464542
0.627621 9.95399 0.7 9.97375 0.0629689 0 0.495178 124.269 442 464542
0.627621 9.95179 0.490742 9.97375 0.0629827 -0.0209824 0.495178 120.519 422 464542
0.784526 9.94285 0.7 9.97375 0.0787404 0 0.424438 123.332 437 464542
0.627621 9.95399 0.7 9.97375 0.0629689 0 0.424438 125.582 449 464542
0.627621 9.95179 0.490742 9.97375 0.0629827 -0.0209824 0.424438 122.582 433 464542
0.784526 9.94065 0.490742 9.97375 0.0787578 -0.0209824 0.353699 124.644 444 464542
0.627621 9.95399 0.7 9.97375 0.0629689 0 0.353699 123.707 439 464542
0.627621 9.95179 0.490742 9.97375 0.0629827 -0.0209824 0.353699 126.707 455 464542
0.615551 9.58624 -1.1471 9.78195 0.064124 -0.189968 0.919617 128.207 463 464542
0.615551 9.74313 1.3157 9.78195 0.0630941 0.0629841 0.919617 128.582 465 464542
0.799613 10.1341 0.7 10.1656 0.0787404 0 0.495178 116.582 401 464542
0.639691 10.1454 0.7 10.1656 0.0629689 0 0.495178 118.269 410 464542
0.639691 10.0644 1.97969 10.1656 0.0634745 0.12622 0.495178 115.832 397 464542
0.319845 10.1246 1.55313 10.1656 0.0315803 0.0840222 0.495178 117.144 404 464542
0.159923 10.1284 1.55313 10.1656 0.0157882 0.0840222 0.495178 113.957 387 464542
0.799613 10.1318 0.486718 10.1656 0.0787578 -0.0209824 0.353699 116.957 403 464542
0.639691 10.1432 0.486718 10.1656 0.0629827 -0.0209824 0.353699 117.707 407 464542
0.784526 9.94065 0.490742 9.97375 0.0787578 -0.0209824 0.212219 117.332 405 464542
0.784526 9.93404 0.281485 9.97375 0.07881 -0.041974 0.212219 118.082 409 464542
0.627621 9.95179 0.490742 9.97375 0.0629827 -0.0209824 0.212219 121.082 425 464542
0.627621 9.94519 0.281485 9.97375 0.0630244 -0.041974 0.212219 120.894 424 464542
0.615551 9.58624 -1.1471 9.78195 0.064124 -0.189968 0.848877 124.644 444 464542
0.615551 9.5444 -1.35234 9.78195 0.0644042 -0.211379 0.848877 122.207 431 464542
0.615551 9.72799 1.52093 9.78195 0.0631921 0.0840222 0.848877 122.957 435 464542
0.461663 9.59488 -1.1471 9.78195 0.0480785 -0.189968 0.848877 123.707 439 464542
0.48882 10.3092 1.56922 10.3574 0.0473802 0.0840222 1.0611 115.644 396 464542
0.8147 10.323 0.482694 10.3574 0.0787578 -0.0209824 0.282959 116.582 401 464542
0.65176 10.3345 0.482694 10.3574 0.0629827 -0.0209824 0.282959 117.707 407 464542
0.65176 10.3345 0.482694 10.3574 0.0629827 -0.0209824 0.353699 116.957 403 464542
0.799613 10.1341 0.7 10.1656 0.0787404 0 0.424438 117.144 404 464542
0.639691 10.1454 0.7 10.1656 0.0629689 0 0.424438 118.644 412 464542
0.784526 9.94065 0.490742 9.97375 0.0787578 -0.0209824 0.282959 126.519 454 464542
0.627621 9.95179 0.490742 9.97375 0.0629827 -0.0209824 0.282959 129.144 468 464542
0.627621 9.94519 0.281485 9.97375 0.0630244 -0.041974 0.282959 125.394 448 464542
0.799613 10.1318 0.486718 10.1656 0.0787578 -0.0209824 0.282959 116.394 400 464542
0.639691 10.1454 0.7 10.1656 0.0629689 0 0.282959 116.207 399 464542
0.639691 10.1432 0.486718 10.1656 0.0629827 -0.0209824 0.282959 118.457 411 464542
0.319845 10.1246 1.55313 10.1656 0.0315803 0.0840222 0.282959 116.394 400 464542
0.159923 10.1284 1.55313 10.1656 0.0157882 0.0840222 0.282959 116.019 398 464542
0.784526 9.94065 0.490742 9.97375 0.0787578 -0.0209824 0.141479 118.832 413 464542
0.784526 9.93404 0.281485 9.97375 0.07881 -0.041974 0.141479 118.644 412 464542
0.627621 9.95179 0.490742 9.97375 0.0629827 -0.0209824 0.141479 118.832 413 464542
0.627621 9.94519 0.281485 9.97375 0.0630244 -0.041974 0.141479 118.269 410 464542
0.769439 9.74948 0.494766 9.78195 0.0787578 -0.0209824 0.282959 116.207 399 464542
0.615551 9.76257 0.7 9.78195 0.0629689 0 0.282959 115.457 395 464542
0.615551 9.76041 0.494766 9.78195 0.0629827 -0.0209824 0.282959 118.644 412 464542
3.8472 8.9913 0.494766 9.78195 0.404307 -0.0209824 -0 119.582 417 464542
3.8472 8.98427 0.289533 9.78195 0.40459 -0.041974 -0 120.519 422 464542
3.69331 9.0556 0.494766 9.78195 0.387253 -0.0209824 -0 118.082 409 464542
3.69331 9.04862 0.289533 9.78195 0.387523 -0.041974 -0 119.019 414 464542
0.615551 9.76257 0.7 9.78195 0.0629689 0 0.353699 117.332 405 464542
0.615551 9.76041 0.494766 9.78195 0.0629827 -0.0209824 0.353699 117.332 405 464542
0.784526 9.93404 0.281485 9.97375 0.07881 -0.041974 0.0707397 120.894 424 464542
0.784526 9.92301 0.0722269 9.97375 0.0788972 -0.0629841 0.0707397 120.144 420 464542
0.627621 9.94519 0.281485 9.97375 0.0630244 -0.041974 0.0707397 122.582 433 464542
0.627621 9.93417 0.0722269 9.97375 0.0630941 -0.0629841 0.0707397 122.957 435 464542
0.784526 9.93404 0.281485 9.97375 0.07881 -0.041974 -0 121.644 428 464542
0.784526 9.92301 0.0722269 9.97375 0.0788972 -0.0629841 -0 121.832 429 464542
0.627621 9.94519 0.281485 9.97375 0.0630244 -0.041974 -0 123.144 436 464542
0.627621 9.93417 0.0722269 9.97375 0.0630941 -0.0629841 -0 125.582 449 464542
0.627621 9.93417 0.0722269 9.97375 0.0630941 -0.0629841 -0.0707397 115.832 397 464542
0.799613 10.1251 0.273436 10.1656 0.07881 -0.041974 0.0707397 118.832 413 464542
0.799613 10.1138 0.0601543 10.1656 0.0788972 -0.0629841 0.0707397 118.269 410 464542
0.639691 10.1364 0.273436 10.1656 0.0630244 -0.041974 0.0707397 119.957 419 464542
0.639691 10.1252 0.0601543 10.1656 0.0630941 -0.0629841 0.0707397 119.957 419 464542
0.799613 10.1251 0.273436 10.1656 0.07881 -0.041974 -0 119.957 419 464542
0.799613 10.1138 0.0601543 10.1656 0.0788972 -0.0629841 -0 119.582 417 464542
0.639691 10.1364 0.273436 10.1656 0.0630244 -0.041974 -0 121.832 429 464542
0.639691 10.1252 0.0601543 10.1656 0.0630941 -0.0629841 -0 122.394 432 464542
0.799613 10.1318 0.486718 10.1656 0.0787578 -0.0209824 0.141479 116.582 401 464542
0.799613 10.1251 0.273436 10.1656 0.07881 -0.041974 0.141479 116.207 399 464542
-2.4441 10.0555 0.265388 10.3574 -0.238438 -0.041974 0.0707397 114.519 390 464542
7.98406 6.58337 0.265388 10.3574 0.881256 -0.041974 0.0707397 116.582 401 464542
-2.28116 10.0937 0.265388 10.3574 -0.222265 -0.041974 -0 120.332 421 464542
-2.4441 10.0555 0.265388 10.3574 -0.238438 -0.041974 -0 120.894 424 464542
7.98406 6.59412 0.482694 10.3574 0.880455 -0.0209824 -0 119.957 419 464542
7.98406 6.58337 0.265388 10.3574 0.881256 -0.041974 -0 123.519 438 464542
-2.4441 10.0555 0.265388 10.3574 -0.238438 -0.041974 -0.0707397 113.957 387 464542
7.98406 6.58337 0.265388 10.3574 0.881256 -0.041974 -0.0707397 116.394 400 464542
-2.3234 10.2877 0.47867 10.5492 -0.222116 -0.0209824 -0 119.644 412 464542
-2.3234 10.2806 0.257339 10.5492 -0.222265 -0.041974 -0 121.707 423 464542
-2.48936 10.2417 0.257339 10.5492 -0.238438 -0.041974 -0 121.707 423 464542
8.13192 6.71624 0.47867 10.5492 0.880455 -0.0209824 -0 121.332 421 464542
8.13192 6.70529 0.257339 10.5492 0.881256 -0.041974 -0 124.332 437 464542
8.13192 6.70529 0.257339 10.5492 0.881256 -0.041974 -0.0707397 117.582 401 464542
5.84774 9.22599 0.241243 10.9328 0.564926 -0.041974 -0 118.144 404 464542
5.95033 9.39655 0.466597 11.1246 0.564507 -0.0209824 -0 121.894 424 464542
5.95033 9.38785 0.233194 11.1246 0.564926 -0.041974 -0 122.644 428 464542
6.05292 9.55856 0.462573 11.3164 0.564507 -0.0209824 0.0707397 123.644 428 464542
6.05292 9.54971 0.225146 11.3164 0.564926 -0.041974 0.0707397 124.957 435 464542
6.05292 9.55856 0.462573 11.3164 0.564507 -0.0209824 -0 131.332 469 464542
6.05292 9.54971 0.225146 11.3164 0.564926 -0.041974 -0 132.269 474 464542
6.05292 9.55856 0.462573 11.3164 0.564507 -0.0209824 -0.0707397 124.207 431 464542
6.05292 9.54971 0.225146 11.3164 0.564926 -0.041974 -0.0707397 125.144 436 464542
6.15551 9.72057 0.458549 11.5082 0.564507 -0.0209824 -0 120.269 410 464542
6.15551 9.71157 0.217098 11.5082 0.564926 -0.041974 -0 121.207 415 464542
5.97447 9.53489 3.11451 11.5082 0.559742 0.211379 -0 121.582 417 464542
5.97447 9.59279 2.87306 11.5082 0.557021 0.189968 -0 123.457 427 464542
1.39404 12.5708 0.168807 12.659 0.110444 -0.041974 -0 119.582 401 464542
6.15551 11.4954 0.426355 13.0426 0.491624 -0.0209824 -0 139.519 502 464542
5.95033 11.6029 0.426355 13.0426 0.473858 -0.0209824 -0 137.832 493 464542
6.24604 11.6645 0.422331 13.2344 0.491624 -0.0209824 -0 143.644 524 464542
6.24604 11.6545 0.144662 13.2344 0.491978 -0.041974 -0 140.269 506 464542
6.03783 11.7736 0.422331 13.2344 0.473858 -0.0209824 -0 141.957 515 464542
6.03783 11.7637 0.144662 13.2344 0.474198 -0.041974 -0 138.207 495 464542
6.33656 11.8335 0.418307 13.4262 0.491624 -0.0209824 0.0707397 145.519 534 464542
6.33656 11.8234 0.136614 13.4262 0.491978 -0.041974 0.0707397 141.582 513 464542
6.12534 11.9442 0.418307 13.4262 0.473858 -0.0209824 0.0707397 143.644 524 464542
6.33656 11.8335 0.418307 13.4262 0.491624 -0.0209824 -0 153.207 575 464542
6.33656 11.8234 0.136614 13.4262 0.491978 -0.041974 -0 149.082 553 464542
6.12534 11.9442 0.418307 13.4262 0.473858 -0.0209824 -0 151.144 564 464542
6.33656 11.8335 0.418307 13.4262 0.491624 -0.0209824 -0.0707397 145.894 536 464542
6.33656 11.8234 0.136614 13.4262 0.491978 -0.041974 -0.0707397 142.144 516 464542
6.12534 11.9442 0.418307 13.4262 0.473858 -0.0209824 -0.0707397 144.207 527 464542
6.42708 12.0026 0.414283 13.618 0.491624 -0.0209824 -0 140.894 504 464542
6.42708 11.8382 2.70002 13.618 0.497384 0.147399 -0 139.019 494 464542
6.21284 12.1148 0.414283 13.618 0.473858 -0.0209824 -0 138.832 493 464542
6.21284 11.9007 2.98574 13.618 0.481138 0.168645 -0 138.082 489 464542
6.21284 11.952 2.70002 13.618 0.479374 0.147399 -0 142.019 510 464542
6.5176 12.1716 0.410259 13.8098 0.491624 -0.0209824 -0 138.082 489 464542
6.1193 13.6519 0.7 14.9606 0.421388 0 -0 131.582 449 464542
-7.15126 13.2981 -0.571643 15.1524 -0.493402 -0.0840222 -0 126.207 415 464542
-7.38963 13.2284 0.7 15.1524 -0.509437 0 -0 128.644 428 464542
-7.38963 13.2245 0.382089 15.1524 -0.50956 -0.0209824 -0 128.457 427 464542
-7.38963 13.1671 -0.571643 15.1524 -0.511416 -0.0840222 -0 130.332 437 464542
6.82538 15.2271 0.7 16.6869 0.421388 0 0.0707397 145.394 512 464542
6.56286 15.3421 0.7 16.6869 0.404213 0 0.0707397 149.519 534 464542
6.56286 15.3381 1.0501 16.6869 0.404307 0.0209824 0.0707397 149.707 535 464542
6.82538 15.2271 0.7 16.6869 0.421388 0 -0 152.894 552 464542
6.56286 15.3421 0.7 16.6869 0.404213 0 -0 156.644 572 464542
6.56286 15.3381 1.0501 16.6869 0.404307 0.0209824 -0 156.832 573 464542
6.82538 15.2271 0.7 16.6869 0.421388 0 -0.0707397 145.394 512 464542
6.56286 15.3421 0.7 16.6869 0.404213 0 -0.0707397 149.519 534 464542
6.56286 15.3381 1.0501 16.6869 0.404307 0.0209824 -0.0707397 149.519 534 464542
6.6383 15.5184 0.7 16.8787 0.404213 0 0.0707397 149.519 534 464542
6.6383 15.5144 1.05413 16.8787 0.404307 0.0209824 0.0707397 149.332 533 464542
6.6383 15.5184 0.7 16.8787 0.404213 0 -0 157.394 576 464542
6.6383 15.5144 1.05413 16.8787 0.404307 0.0209824 -0 157.207 575 464542
6.6383 15.5184 0.7 16.8787 0.404213 0 -0.0707397 150.457 539 464542
6.6383 15.5144 1.05413 16.8787 0.404307 0.0209824 -0.0707397 150.082 537 464542
-7.3323 15.6276 0.7 17.2623 -0.438696 0 -0 130.957 435 464542
-7.3323 15.6234 0.337823 17.2623 -0.438799 -0.0209824 -0 135.457 459 464542
-7.3323 15.6108 -0.0243536 17.2623 -0.439109 -0.041974 -0 132.082 441 464542
-7.60387 15.4931 0.337823 17.2623 -0.456253 -0.0209824 -0 132.832 445 464542
6.73486 16.5174 0.7 17.8377 0.387164 0 0.0707397 148.457 523 464542
6.73486 16.5132 0.325751 17.8377 0.387253 -0.0209824 0.0707397 148.644 524 464542
6.45424 16.6291 0.7 17.8377 0.370232 0 0.0707397 145.832 509 464542
6.45424 16.6248 0.325751 17.8377 0.370317 -0.0209824 0.0707397 146.019 510 464542
6.73486 16.5174 0.7 17.8377 0.387164 0 -0 155.957 563 464542
6.73486 16.5132 0.325751 17.8377 0.387253 -0.0209824 -0 156.144 564 464542
6.45424 16.6291 0.7 17.8377 0.370232 0 -0 152.957 547 464542
6.45424 16.6248 0.325751 17.8377 0.370317 -0.0209824 -0 153.144 548 464542
6.73486 16.5174 0.7 17.8377 0.387164 0 -0.0707397 148.457 523 464542
6.73486 16.5132 0.325751 17.8377 0.387253 -0.0209824 -0.0707397 148.832 525 464542
6.45424 16.6291 0.7 17.8377 0.370232 0 -0.0707397 145.457 507 464542
6.45424 16.6248 0.325751 17.8377 0.370317 -0.0209824 -0.0707397 145.832 509 464542
6.80727 16.695 0.7 18.0295 0.387164 0 0.0707397 142.269 490 464542
6.80727 16.6907 0.321726 18.0295 0.387253 -0.0209824 0.0707397 142.457 491 464542
6.80727 16.695 0.7 18.0295 0.387164 0 -0 150.144 532 464542
6.80727 16.6907 0.321726 18.0295 0.387253 -0.0209824 -0 150.519 534 464542
6.52364 16.8079 0.7 18.0295 0.370232 0 -0 147.144 516 464542
6.52364 16.8036 0.321726 18.0295 0.370317 -0.0209824 -0 147.332 517 464542
6.80727 16.695 0.7 18.0295 0.387164 0 -0.0707397 143.582 497 464542
6.80727 16.6907 0.321726 18.0295 0.387253 -0.0209824 -0.0707397 144.144 500 464542
6.87969 16.8726 0.7 18.2213 0.387164 0 -0 146.269 506 464542
6.87969 16.8683 0.317702 18.2213 0.387253 -0.0209824 -0 145.332 501 464542
6.59304 16.9867 0.7 18.2213 0.370232 0 -0 146.269 506 464542
6.59304 16.9824 0.317702 18.2213 0.370317 -0.0209824 -0 145.332 501 464542
3.04758 19.1309 0.7 19.3721 0.157974 0 0.0707397 137.707 455 464542
2.74282 19.1769 0.7 19.3721 0.142064 0 0.0707397 138.269 458 464542
6.46329 18.4654 0.7 19.5639 0.336693 0 -0 152.894 536 464542
6.46329 18.4609 0.289533 19.5639 0.336771 -0.0209824 -0 152.144 532 464542
6.15551 18.5703 0.7 19.5639 0.320073 0 -0 152.144 532 464542
6.15551 18.5658 0.289533 19.5639 0.320146 -0.0209824 -0 151.019 526 464542
7.14824 18.1871 3.60144 19.7557 0.37449 0.147399 -0 143.332 485 464542
5.90507 18.8525 0.7 19.7557 0.303544 0 -0 151.207 527 464542
6.27621 18.9344 0.7 19.9475 0.320073 0 0.0707397 159.457 571 464542
6.27621 18.9298 0.281485 19.9475 0.320146 -0.0209824 0.0707397 155.332 549 464542
6.27621 18.9298 1.11852 19.9475 0.320146 0.0209824 0.0707397 155.707 551 464542
5.9624 19.0356 0.7 19.9475 0.303544 0 0.0707397 158.894 568 464542
5.9624 19.031 1.11852 19.9475 0.303613 0.0209824 0.0707397 154.957 547 464542
6.27621 18.9344 0.7 19.9475 0.320073 0 -0 166.957 611 464542
6.27621 18.9298 0.281485 19.9475 0.320146 -0.0209824 -0 162.832 589 464542
6.27621 18.9298 1.11852 19.9475 0.320146 0.0209824 -0 163.207 591 464542
5.9624 19.0356 0.7 19.9475 0.303544 0 -0 166.207 607 464542
6.27621 18.9344 0.7 19.9475 0.320073 0 -0.0707397 159.832 573 464542
6.27621 18.9298 0.281485 19.9475 0.320146 -0.0209824 -0.0707397 155.894 552 464542
6.27621 18.9298 1.11852 19.9475 0.320146 0.0209824 -0.0707397 155.894 552 464542
5.9624 19.0356 0.7 19.9475 0.303544 0 -0.0707397 159.082 569 464542
6.33656 19.1165 0.7 20.1393 0.320073 0 0.0707397 152.894 536 464542
6.01973 19.2186 0.7 20.1393 0.303544 0 0.0707397 151.582 529 464542
6.33656 19.1165 0.7 20.1393 0.320073 0 -0 161.144 580 464542
6.33656 19.1118 0.27746 20.1393 0.320146 -0.0209824 -0 156.644 556 464542
6.33656 19.1118 1.12254 20.1393 0.320146 0.0209824 -0 157.394 560 464542
6.01973 19.2186 0.7 20.1393 0.303544 0 -0 160.582 577 464542
6.01973 19.214 1.12254 20.1393 0.303613 0.0209824 -0 156.644 556 464542
6.33656 19.1165 0.7 20.1393 0.320073 0 -0.0707397 154.582 545 464542
6.01973 19.2186 0.7 20.1393 0.303544 0 -0.0707397 154.394 544 464542
6.39691 19.2985 0.7 20.3311 0.320073 0 -0 152.707 535 464542
6.07706 19.4016 0.7 20.3311 0.303544 0 -0 151.394 528 464542
7.42584 19.1275 1.13059 20.5229 0.370317 0.0209824 -0 143.582 481 464542
1.93718 20.4268 1.13059 20.5229 0.0945525 0.0209824 -0 147.519 502 464542
1.61431 20.4548 1.13059 20.5229 0.0787578 0.0209824 -0 147.894 504 464542
1.95528 20.6222 0.7 20.7147 0.0945316 0 0.0707397 151.644 524 464542
1.95528 20.6177 1.13461 20.7147 0.0945525 0.0209824 0.0707397 155.019 542 464542
1.6294 20.6505 0.7 20.7147 0.0787404 0 0.0707397 152.019 526 464542
1.6294 20.646 1.13461 20.7147 0.0787578 0.0209824 0.0707397 155.207 543 464542
1.95528 20.6177 1.13461 20.7147 0.0945525 0.0209824 -0 161.957 579 464542
1.6294 20.646 1.13461 20.7147 0.0787578 0.0209824 -0 161.957 579 464542
1.95528 20.6222 0.7 20.7147 0.0945316 0 -0.0707397 150.519 518 464542
1.95528 20.6177 1.13461 20.7147 0.0945525 0.0209824 -0.0707397 154.269 538 464542
1.6294 20.6505 0.7 20.7147 0.0787404 0 -0.0707397 150.332 517 464542
1.6294 20.646 1.13461 20.7147 0.0787578 0.0209824 -0.0707397 154.269 538 464542
4.93346 20.3161 0.7 20.9065 0.238224 0 0.0707397 146.582 497 464542
4.93346 20.2971 1.57727 20.9065 0.238438 0.041974 0.0707397 145.082 489 464542
4.93346 20.3114 1.13864 20.9065 0.238277 0.0209824 0.0707397 148.082 505 464542
4.60457 20.3743 1.57727 20.9065 0.222265 0.041974 0.0707397 145.644 492 464542
4.60457 20.3884 1.13864 20.9065 0.222116 0.0209824 0.0707397 146.582 497 464542
4.93346 20.3161 0.7 20.9065 0.238224 0 -0 154.269 538 464542
4.93346 20.3114 1.13864 20.9065 0.238277 0.0209824 -0 156.144 548 464542
4.60457 20.3884 1.13864 20.9065 0.222116 0.0209824 -0 154.832 541 464542
4.93346 20.3161 0.7 20.9065 0.238224 0 -0.0707397 147.894 504 464542
4.93346 20.3114 1.13864 20.9065 0.238277 0.0209824 -0.0707397 149.957 515 464542
4.60457 20.3743 1.57727 20.9065 0.222265 0.041974 -0.0707397 147.332 501 464542
4.60457 20.3884 1.13864 20.9065 0.222116 0.0209824 -0.0707397 148.457 507 464542
1.97338 20.8086 1.13864 20.9065 0.0945525 0.0209824 -0.0707397 147.144 500 464542
1.64449 20.8371 1.13864 20.9065 0.0787578 0.0209824 -0.0707397 147.332 501 464542
1.99149 21.0041 0.7 21.0983 0.0945316 0 -0 147.519 502 464542
1.99149 20.9995 1.14266 21.0983 0.0945525 0.0209824 -0 151.457 523 464542
1.65957 21.0283 1.14266 21.0983 0.0787578 0.0209824 -0 150.707 519 464542
3.68426 20.9499 1.59337 21.2901 0.17408 0.041974 -0 145.082 489 464542
3.68426 20.9642 1.14668 21.2901 0.173964 0.0209824 -0 143.957 483 464542
3.71745 21.1386 1.60142 21.4819 0.17408 0.041974 0.0707397 146.582 497 464542
3.71745 21.153 1.15071 21.4819 0.173964 0.0209824 0.0707397 147.894 504 464542
3.3795 21.2097 1.15071 21.4819 0.158009 0.0209824 0.0707397 141.707 471 464542
3.71745 21.1386 1.60142 21.4819 0.17408 0.041974 -0 154.269 538 464542
3.71745 21.153 1.15071 21.4819 0.173964 0.0209824 -0 155.957 547 464542
3.71745 21.1386 1.60142 21.4819 0.17408 0.041974 -0.0707397 147.519 502 464542
3.71745 21.153 1.15071 21.4819 0.173964 0.0209824 -0.0707397 149.019 510 464542
3.3795 21.2097 1.15071 21.4819 0.158009 0.0209824 -0.0707397 143.394 480 464542
5.15977 21.2431 1.15876 21.8655 0.238277 0.0209824 0.0707397 149.207 511 464542
4.81578 21.3089 1.61751 21.8655 0.222265 0.041974 0.0707397 149.019 510 464542
4.81578 21.3237 1.15876 21.8655 0.222116 0.0209824 0.0707397 153.894 536 464542
4.4718 21.3985 1.15876 21.8655 0.206013 0.0209824 0.0707397 149.207 511 464542
5.15977 21.2431 1.15876 21.8655 0.238277 0.0209824 -0 156.332 549 464542
4.81578 21.3089 1.61751 21.8655 0.222265 0.041974 -0 156.707 551 464542
4.81578 21.3237 1.15876 21.8655 0.222116 0.0209824 -0 161.394 576 464542
4.4718 21.3985 1.15876 21.8655 0.206013 0.0209824 -0 156.519 550 464542
5.15977 21.2431 1.15876 21.8655 0.238277 0.0209824 -0.0707397 148.832 509 464542
4.81578 21.3089 1.61751 21.8655 0.222265 0.041974 -0.0707397 149.582 513 464542
4.81578 21.3237 1.15876 21.8655 0.222116 0.0209824 -0.0707397 154.457 539 464542
4.4718 21.3985 1.15876 21.8655 0.206013 0.0209824 -0.0707397 149.957 515 464542
4.85803 21.5107 1.16278 22.0573 0.222116 0.0209824 0.0707397 149.082 505 464542
5.20503 21.4294 1.16278 22.0573 0.238277 0.0209824 -0 153.019 526 464542
4.85803 21.4958 1.62556 22.0573 0.222265 0.041974 -0 151.707 519 464542
4.85803 21.5107 1.16278 22.0573 0.222116 0.0209824 -0 157.519 550 464542
4.51103 21.5862 1.16278 22.0573 0.206013 0.0209824 -0 152.082 521 464542
5.20503 21.4294 1.16278 22.0573 0.238277 0.0209824 -0.0707397 146.832 493 464542
4.85803 21.5107 1.16278 22.0573 0.222116 0.0209824 -0.0707397 151.332 517 464542
4.51103 21.5862 1.16278 22.0573 0.206013 0.0209824 -0.0707397 146.082 489 464542
8.05045 20.7364 1.16681 22.2491 0.370317 0.0209824 0.0707397 135.019 430 464542
8.05045 20.7364 1.16681 22.2491 0.370317 0.0209824 -0 142.519 470 464542
4.90027 21.6978 1.16681 22.2491 0.222116 0.0209824 -0 146.832 493 464542
8.05045 20.7364 1.16681 22.2491 0.370317 0.0209824 -0.0707397 135.582 433 464542
1.79536 22.7538 0.7 22.8246 0.0787404 0 0.0707397 140.894 456 464542
1.79536 22.7488 1.17888 22.8246 0.0787578 0.0209824 0.0707397 138.082 441 464542
1.43629 22.7793 0.7 22.8246 0.0629689 0 0.0707397 137.519 438 464542
1.79536 22.7538 0.7 22.8246 0.0787404 0 -0 148.394 496 464542
1.79536 22.7488 1.17888 22.8246 0.0787578 0.0209824 -0 144.832 477 464542
1.43629 22.7793 0.7 22.8246 0.0629689 0 -0 146.144 484 464542
1.43629 22.7743 0.221122 22.8246 0.0629827 -0.0209824 -0 145.207 479 464542
1.79536 22.7538 0.7 22.8246 0.0787404 0 -0.0707397 140.707 455 464542
1.43629 22.7793 0.7 22.8246 0.0629689 0 -0.0707397 140.332 453 464542
1.43629 22.7743 0.221122 22.8246 0.0629827 -0.0209824 -0.0707397 138.832 445 464542
4.70716 22.5092 1.6658 23.0164 0.206151 0.041974 0.0707397 142.019 462 464542
1.81044 22.945 0.7 23.0164 0.0787404 0 0.0707397 138.082 441 464542
1.44836 22.9657 0.217098 23.0164 0.0629827 -0.0209824 0.0707397 137.894 440 464542
4.70716 22.5092 1.6658 23.0164 0.206151 0.041974 -0 149.144 500 464542
4.70716 22.5092 1.6658 23.0164 0.206151 0.041974 -0.0707397 142.019 462 464542
1.81044 22.945 0.7 23.0164 0.0787404 0 -0.0707397 140.894 456 464542
1.44836 22.9707 0.7 23.0164 0.0629689 0 -0.0707397 142.019 462 464542
1.44836 22.9657 0.217098 23.0164 0.0629827 -0.0209824 -0.0707397 142.957 467 464542
1.08627 22.9856 0.217098 23.0164 0.0472234 -0.0209824 -0.0707397 140.144 452 464542
-14.8456 18.3352 0.7 23.5918 -0.680617 0 0.0707397 136.957 435 464542
-14.8456 18.3285 0.205025 23.5918 -0.680795 -0.0209824 0.0707397 135.082 425 464542
-14.8456 18.3352 0.7 23.5918 -0.680617 0 -0 143.707 471 464542
-14.8456 18.3285 0.205025 23.5918 -0.680795 -0.0209824 -0 141.832 461 464542
-14.8456 18.3352 0.7 23.5918 -0.680617 0 -0.0707397 137.144 436 464542
-14.8456 18.3285 0.205025 23.5918 -0.680795 -0.0209824 -0.0707397 134.519 422 464542
-7.10901 22.6908 0.201001 23.7836 -0.303613 -0.0209824 0.0707397 135.644 428 464542
-14.5922 18.781 0.7 23.7836 -0.660537 0 0.0707397 137.707 439 464542
-14.9663 18.4842 0.7 23.7836 -0.680617 0 0.0707397 137.332 437 464542
-14.9663 18.4775 0.201001 23.7836 -0.680795 -0.0209824 0.0707397 134.894 424 464542
-14.5922 18.781 0.7 23.7836 -0.660537 0 -0 145.019 478 464542
-14.9663 18.4842 0.7 23.7836 -0.680617 0 -0 145.019 478 464542
-7.10901 22.6908 0.201001 23.7836 -0.303613 -0.0209824 -0.0707397 136.207 431 464542
-14.5922 18.781 0.7 23.7836 -0.660537 0 -0.0707397 137.894 440 464542
-14.9663 18.4842 0.7 23.7836 -0.680617 0 -0.0707397 138.457 443 464542
-14.9663 18.4775 0.201001 23.7836 -0.680795 -0.0209824 -0.0707397 136.019 430 464542
-13.7956 20.0759 0.7 24.359 -0.602065 0 -0 137.957 435 464542
-13.7956 20.0694 1.21107 24.359 -0.602216 0.0209824 -0 138.332 437 464542
-14.1788 19.8071 0.7 24.359 -0.621281 0 -0 135.707 423 464542
4.21532 23.9424 2.23322 24.359 0.174275 0.0629841 -0 135.144 420 464542
0.383211 24.356 0.7 24.359 0.0157325 0 -0 134.957 419 464542
10.0419 22.4031 0.7 24.5508 0.421388 0 -0 136.832 429 464542
9.65571 22.5723 0.7 24.5508 0.404213 0 -0 137.019 430 464542
6.17965 23.7547 1.2151 24.5508 0.254503 0.0209824 -0 137.582 433 464542
5.79342 23.8519 1.2151 24.5508 0.238277 0.0209824 -0 137.582 433 464542
4.24851 24.1749 1.2151 24.5508 0.173964 0.0209824 -0 134.582 417 464542
-15.9591 18.8435 2.25736 24.7426 -0.702707 0.0629841 -0.141479 134.207 415 464542
10.1988 22.7532 0.7 24.9344 0.421388 0 -0 138.707 439 464542
10.1988 22.7472 0.176856 24.9344 0.421486 -0.0209824 -0 136.644 428 464542
9.80658 22.925 0.7 24.9344 0.404213 0 -0 137.019 430 464542
9.80658 22.919 0.176856 24.9344 0.404307 -0.0209824 -0 135.707 423 464542
3.92263 24.6017 1.74629 24.9344 0.158115 0.041974 -0 134.207 415 464542
9.88201 23.1013 0.7 25.1262 0.404213 0 -0 134.207 415 464542
9.48673 23.2664 0.7 25.1262 0.387164 0 -0 134.394 416 464542
9.09145 23.4237 0.7 25.1262 0.370232 0 -0 135.144 420 464542
11.1523 22.7046 1.76239 25.318 0.456578 0.041974 -0 139.269 442 464542
11.1523 22.7232 1.23119 25.318 0.456253 0.0209824 -0 139.269 442 464542
10.754 22.8959 1.76239 25.318 0.439109 0.041974 -0 137.394 432 464542
10.754 22.9144 1.23119 25.318 0.438799 0.0209824 -0 137.582 433 464542
6.06499 24.6889 4.47469 25.7016 0.240887 0.147399 -0 138.519 438 464542
-16.7014 19.7872 0.7 25.8934 -0.701029 0 0.0707397 135.582 417 464542
-16.294 20.124 0.7 25.8934 -0.680617 0 -0 141.394 448 464542
-16.294 20.1166 0.156735 25.8934 -0.680795 -0.0209824 -0 138.957 435 464542
-16.7014 19.7872 0.7 25.8934 -0.701029 0 -0 142.894 456 464542
-16.7014 19.7797 0.156735 25.8934 -0.701215 -0.0209824 -0 140.832 445 464542
-16.7014 19.7797 1.24327 25.8934 -0.701215 0.0209824 -0 139.519 438 464542
-16.7014 19.7872 0.7 25.8934 -0.701029 0 -0.0707397 136.519 422 464542
-16.4147 20.273 0.7 26.0852 -0.680617 0 0.0707397 141.582 449 464542
-16.4147 20.2656 0.152711 26.0852 -0.680795 -0.0209824 0.0707397 139.144 436 464542
-16.8251 19.9338 0.7 26.0852 -0.701029 0 0.0707397 142.144 452 464542
-16.8251 19.9263 0.152711 26.0852 -0.701215 -0.0209824 0.0707397 140.082 441 464542
-16.4147 20.273 0.7 26.0852 -0.680617 0 -0 150.019 494 464542
-16.4147 20.2656 0.152711 26.0852 -0.680795 -0.0209824 -0 147.207 479 464542
-16.8251 19.9338 0.7 26.0852 -0.701029 0 -0 150.207 495 464542
-16.8251 19.9263 0.152711 26.0852 -0.701215 -0.0209824 -0 148.144 484 464542
-16.4147 20.273 0.7 26.0852 -0.680617 0 -0.0707397 143.644 460 464542
-16.4147 20.2656 0.152711 26.0852 -0.680795 -0.0209824 -0.0707397 140.832 445 464542
-16.8251 19.9338 0.7 26.0852 -0.701029 0 -0.0707397 143.832 461 464542
-16.8251 19.9263 0.152711 26.0852 -0.701215 -0.0209824 -0.0707397 141.582 449 464542
-16.6561 20.5712 0.7 26.4688 -0.680617 0 -0 137.457 427 464542
-17.0725 20.2269 0.7 26.4688 -0.701029 0 -0 136.707 423 464542
3.74762 26.1786 1.81068 26.4688 0.14219 0.041974 -0 138.207 431 464542
3.74762 26.1963 1.25534 26.4688 0.142095 0.0209824 -0 138.394 432 464542
-15.0991 21.9728 0.7 26.6606 -0.602065 0 -0 135.957 419 464542
6.71072 25.583 4.05617 26.6606 0.256532 0.12622 -0 136.519 422 464542
6.2913 25.6894 4.05617 26.6606 0.240172 0.12622 -0 138.582 433 464542
6.2913 25.8835 1.81872 26.6606 0.238438 0.041974 -0 136.332 421 464542
6.75899 25.7671 4.08032 26.8524 0.256532 0.12622 -0 140.832 445 464542
6.75899 25.8347 3.51693 26.8524 0.255889 0.105098 -0 141.957 451 464542
6.33656 25.8742 4.08032 26.8524 0.240172 0.12622 -0 141.207 447 464542
6.33656 25.9416 3.51693 26.8524 0.239572 0.105098 -0 142.894 456 464542
6.75899 25.8347 3.51693 26.8524 0.255889 0.105098 -0.0707397 134.832 413 464542
6.33656 25.9416 3.51693 26.8524 0.239572 0.105098 -0.0707397 136.332 421 464542
3.82909 26.7718 0.7 27.0442 0.142064 0 0.0707397 132.957 403 464542
3.82909 26.7658 1.26741 27.0442 0.142095 0.0209824 0.0707397 133.519 406 464542
3.40364 26.8232 1.26741 27.0442 0.126217 0.0209824 0.0707397 133.707 407 464542
6.42708 26.4607 1.27143 27.236 0.238277 0.0209824 -0 138.582 433 464542
5.99861 26.5426 1.84287 27.236 0.222265 0.041974 -0 138.207 431 464542
5.57014 26.439 4.12861 27.236 0.207642 0.12622 -0 140.457 443 464542
-15.9651 22.3025 0.7 27.4278 -0.621281 0 -0 135.832 413 464542
-15.9651 22.2951 0.124541 27.4278 -0.621438 -0.0209824 -0 133.957 403 464542
-16.3966 21.9872 0.7 27.4278 -0.640765 0 -0 135.832 413 464542
-16.3966 21.9797 0.124541 27.4278 -0.640929 -0.0209824 -0 134.707 407 464542
10.8627 25.3938 0.7 27.6196 0.404213 0 0.0707397 134.332 405 464542
10.4282 25.5753 0.7 27.6196 0.387164 0 0.0707397 136.207 415 464542
10.4282 25.5753 0.7 27.6196 0.387164 0 -0 143.144 452 464542
6.5176 26.8146 1.85897 27.6196 0.238438 0.041974 -0 143.707 455 464542
6.5176 26.8334 1.27948 27.6196 0.238277 0.0209824 -0 143.144 452 464542
10.8627 25.3938 0.7 27.6196 0.404213 0 -0.0707397 135.082 409 464542
-16.3 22.7628 1.28753 28.0032 -0.621438 0.0209824 -0 148.019 478 464542
11.0135 25.7465 0.7 28.0032 0.404213 0 -0 148.582 481 464542
10.573 25.9305 0.7 28.0032 0.387164 0 -0 150.832 493 464542
10.573 25.9239 1.28753 28.0032 0.387253 0.0209824 -0 148.019 478 464542
-16.4117 22.9263 0.7 28.195 -0.621281 0 -0 138.832 429 464542
11.089 25.9229 0.7 28.195 0.404213 0 -0 139.207 431 464542
10.6454 26.1081 0.7 28.195 0.387164 0 -0 140.707 439 464542
6.65339 26.1171 8.98178 28.195 0.249446 0.298128 -0 141.269 442 464542
6.20983 26.2261 8.98178 28.195 0.232498 0.298128 -0 140.332 437 464542
10.6454 26.1081 0.7 28.195 0.387164 0 -0.0707397 134.332 405 464542
-16.0768 23.3955 0.7 28.3868 -0.602065 0 -0 140.707 439 464542
-16.5233 23.0823 0.7 28.3868 -0.621281 0 -0 140.332 437 464542
-19.6494 20.487 0.7 28.3868 -0.764533 0 -0 140.894 440 464542
-7.14522 27.4664 0.10442 28.3868 -0.254503 -0.0209824 -0.0707397 129.832 381 464542
-16.4026 23.8698 0.7 28.9622 -0.602065 0 -0 138.144 420 464542
-17.3139 23.2173 0.7 28.9622 -0.640765 0 -0 131.957 387 464542
-17.7695 22.8704 0.7 28.9622 -0.660537 0 -0 132.144 388 464542
2.73377 28.8329 0.7 28.9622 0.0945316 0 -0 132.332 389 464542
2.73377 28.8265 1.30765 28.9622 0.0945525 0.0209824 -0 134.394 400 464542
-16.0526 24.3366 0.7 29.1541 -0.583099 0 -0 145.832 461 464542
-16.0526 24.329 1.31168 29.1541 -0.583244 0.0209824 -0 143.582 449 464542
-16.5113 24.0278 0.7 29.1541 -0.602065 0 -0 141.707 439 464542
-16.5113 24.0201 1.31168 29.1541 -0.602216 0.0209824 -0 141.144 436 464542
-16.0526 24.3366 0.7 29.1541 -0.583099 0 -0.0707397 139.644 428 464542
-15.6966 24.7951 0.7 29.3459 -0.564368 0 0.0707397 143.207 447 464542
-16.1582 24.4968 0.7 29.3459 -0.583099 0 0.0707397 146.207 463 464542
-16.1582 24.489 0.0842994 29.3459 -0.583244 -0.0209824 0.0707397 141.144 436 464542
-16.1582 24.489 1.3157 29.3459 -0.583244 0.0209824 0.0707397 142.457 443 464542
-15.7991 24.9572 0.7 29.5377 -0.564368 0 -0 146.582 465 464542
-15.7991 24.9495 1.31972 29.5377 -0.564507 0.0209824 -0 146.394 464 464542
-16.2638 24.6569 0.7 29.5377 -0.583099 0 -0 148.457 475 464542
-16.2638 24.6491 1.31972 29.5377 -0.583244 0.0209824 -0 148.457 475 464542
-15.9017 25.1192 0.7 29.7295 -0.564368 0 -0 141.519 438 464542
-16.3694 24.817 0.7 29.7295 -0.583099 0 -0 143.582 449 464542
-16.3694 24.8091 0.076251 29.7295 -0.583244 -0.0209824 -0 141.144 436 464542
-16.3694 24.8091 1.32375 29.7295 -0.583244 0.0209824 -0 140.207 431 464542
3.74159 29.4865 1.32375 29.7295 0.126217 0.0209824 -0 141.144 436 464542
3.27389 29.5421 1.32375 29.7295 0.110371 0.0209824 -0 141.332 437 464542
8.9436 28.5534 0.7 29.9213 0.303544 0 -0 140.207 431 464542
3.33725 30.1138 1.33582 30.3049 0.110371 0.0209824 -0 143.019 446 464542
2.8605 30.1696 0.7 30.3049 0.0945316 0 -0 144.894 456 464542
2.8605 30.1629 1.33582 30.3049 0.0945525 0.0209824 -0 146.582 465 464542
3.35838 30.3112 0.7 30.4967 0.110346 0 -0 141.207 431 464542
3.35838 30.3044 1.33985 30.4967 0.110371 0.0209824 -0 142.519 438 464542
2.87861 30.3605 0.7 30.4967 0.0945316 0 -0 141.582 433 464542
2.87861 30.3538 1.33985 30.4967 0.0945525 0.0209824 -0 143.082 441 464542
-6.75899 29.928 0.0561301 30.6885 -0.222116 -0.0209824 0.0707397 135.582 401 464542
-7.24178 29.8148 0.0561301 30.6885 -0.238277 -0.0209824 0.0707397 137.457 411 464542
6.27621 30.0398 0.7 30.6885 0.205967 0 -0 153.582 497 464542
6.27621 30.0329 1.34387 30.6885 0.206013 0.0209824 -0 153.957 499 464542
5.79342 30.1298 1.34387 30.6885 0.189964 0.0209824 -0 150.957 483 464542
-7.24178 29.8148 0.0561301 30.6885 -0.238277 -0.0209824 -0.0707397 138.582 417 464542
6.84348 30.3091 0.7 31.0721 0.222066 0 0.0707397 154.707 503 464542
6.35466 30.4153 0.7 31.0721 0.205967 0 0.0707397 159.019 526 464542
6.35466 30.4083 1.35192 31.0721 0.206013 0.0209824 0.0707397 159.019 526 464542
5.86584 30.5064 1.35192 31.0721 0.189964 0.0209824 0.0707397 154.332 501 464542
6.84348 30.3091 0.7 31.0721 0.222066 0 -0 162.957 547 464542
6.35466 30.4153 0.7 31.0721 0.205967 0 -0 166.894 568 464542
6.35466 30.4083 1.35192 31.0721 0.206013 0.0209824 -0 166.894 568 464542
6.84348 30.3091 0.7 31.0721 0.222066 0 -0.0707397 156.207 511 464542
6.35466 30.4153 0.7 31.0721 0.205967 0 -0.0707397 160.332 533 464542
6.35466 30.4083 1.35192 31.0721 0.206013 0.0209824 -0.0707397 160.332 533 464542
6.88573 30.4962 0.7 31.2639 0.222066 0 -0 153.394 496 464542
6.39389 30.6031 0.7 31.2639 0.205967 0 -0 157.707 519 464542
6.39389 30.5961 1.35594 31.2639 0.206013 0.0209824 -0 157.144 516 464542
6.39389 30.6031 0.7 31.2639 0.205967 0 -0.0707397 152.082 489 464542
6.39389 30.5961 1.35594 31.2639 0.206013 0.0209824 -0.0707397 151.144 484 464542
6.43311 30.7908 0.7 31.4557 0.205967 0 -0 152.082 489 464542
6.43311 30.7838 1.35997 31.4557 0.206013 0.0209824 -0 152.832 493 464542
4.03126 31.5982 4.0602 32.0311 0.126893 0.105098 -0 138.207 415 464542
3.52735 31.5799 4.73223 32.0311 0.111235 0.12622 -0 134.082 393 464542
3.52735 31.6585 4.0602 32.0311 0.110961 0.105098 -0 137.644 412 464542
4.0554 31.7875 4.08032 32.2229 0.126893 0.105098 0.0707397 134.457 395 464542
4.0554 31.7875 4.08032 32.2229 0.126893 0.105098 -0 141.019 430 464542
1.52077 32.187 0.7 32.2229 0.047213 0 -0 141.957 435 464542
1.52077 32.1799 0.0239366 32.2229 0.0472234 -0.0209824 -0 143.269 442 464542
4.0554 31.7875 4.08032 32.2229 0.126893 0.105098 -0.0707397 133.519 390 464542
4.64379 32.2851 4.14068 32.7983 0.142857 0.105098 0.0707397 138.082 409 464542
4.64379 32.351 3.45254 32.7983 0.14257 0.0840222 0.0707397 134.332 389 464542
4.12781 32.3551 4.14068 32.7983 0.126893 0.105098 0.0707397 134.519 390 464542
3.61184 32.5988 0.7 32.7983 0.110346 0 0.0707397 132.082 377 464542
4.64379 32.2851 4.14068 32.7983 0.142857 0.105098 -0 145.019 446 464542
1.54793 32.7545 0.0118641 32.7983 0.0472234 -0.0209824 -0 146.894 456 464542
4.64379 32.2851 4.14068 32.7983 0.142857 0.105098 -0.0707397 137.519 406 464542
4.12781 32.3551 4.14068 32.7983 0.126893 0.105098 -0.0707397 133.394 384 464542
1.54793 32.7545 0.0118641 32.7983 0.0472234 -0.0209824 -0.0707397 140.519 422 464542
-6.74692 32.2854 0.00783986 32.9901 -0.206013 -0.0209824 0.0707397 137.519 406 464542
-7.26592 32.18 0.7 32.9901 -0.222066 0 0.0707397 137.144 404 464542
-7.26592 32.1726 0.00783986 32.9901 -0.222116 -0.0209824 0.0707397 141.082 425 464542
-6.74692 32.2854 0.00783986 32.9901 -0.206013 -0.0209824 -0 145.582 449 464542
-7.26592 32.18 0.7 32.9901 -0.222066 0 -0 144.832 445 464542
-7.26592 32.1726 0.00783986 32.9901 -0.222116 -0.0209824 -0 149.144 468 464542
-6.74692 32.2854 0.00783986 32.9901 -0.206013 -0.0209824 -0.0707397 139.207 415 464542
-7.26592 32.18 0.7 32.9901 -0.222066 0 -0.0707397 138.269 410 464542
-7.26592 32.1726 0.00783986 32.9901 -0.222116 -0.0209824 -0.0707397 142.394 432 464542
5.28046 32.96 4.22116 33.5655 0.158858 0.105098 0.0707397 136.019 398 464542
4.75242 33.0403 4.22116 33.5655 0.142857 0.105098 0.0707397 134.144 388 464542
4.22437 33.1119 4.22116 33.5655 0.126893 0.105098 0.0707397 134.144 388 464542
3.69633 33.175 4.22116 33.5655 0.110961 0.105098 0.0707397 136.207 399 464542
3.16828 33.2296 4.22116 33.5655 0.0950577 0.105098 0.0707397 133.394 384 464542
5.28046 32.96 4.22116 33.5655 0.158858 0.105098 -0 143.519 438 464542
5.28046 32.96 4.22116 33.5655 0.158858 0.105098 -0.0707397 136.957 403 464542
4.75242 33.0403 4.22116 33.5655 0.142857 0.105098 -0.0707397 136.019 398 464542
4.75242 33.1078 3.51693 33.5655 0.14257 0.0840222 -0.0707397 133.957 387 464542
4.22437 33.1119 4.22116 33.5655 0.126893 0.105098 -0.0707397 133.582 385 464542
3.69633 33.175 4.22116 33.5655 0.110961 0.105098 -0.0707397 134.894 392 464542
3.16828 33.2296 4.22116 33.5655 0.0950577 0.105098 -0.0707397 133.582 385 464542
-16.463 29.4708 0.7 33.7573 -0.509437 0 0.0707397 130.207 367 464542
-16.463 29.4623 1.40826 33.7573 -0.50956 0.0209824 0.0707397 131.144 372 464542
-16.994 29.1678 0.7 33.7573 -0.52755 0 0.0707397 132.082 377 464542
-16.994 29.1592 1.40826 33.7573 -0.527678 0.0209824 0.0707397 132.457 379 464542
-16.463 29.4623 1.40826 33.7573 -0.50956 0.0209824 -0 138.644 412 464542
-16.994 29.1678 0.7 33.7573 -0.52755 0 -0 139.019 414 464542
-16.994 29.1592 1.40826 33.7573 -0.527678 0.0209824 -0 139.957 419 464542
-16.463 29.4623 1.40826 33.7573 -0.50956 0.0209824 -0.0707397 130.394 368 464542
-16.994 29.1678 0.7 33.7573 -0.52755 0 -0.0707397 130.957 371 464542
-16.994 29.1592 1.40826 33.7573 -0.527678 0.0209824 -0.0707397 131.707 375 464542
10.2622 32.5646 4.30165 34.3327 0.305283 0.105098 -0 136.644 396 464542
4.86104 33.7109 5.02198 34.3327 0.143211 0.12622 -0 135.144 388 464542
4.86104 33.7955 4.30165 34.3327 0.142857 0.105098 -0 134.582 385 464542
3.78081 34.1239 0.7 34.3327 0.110346 0 -0 134.582 385 464542
3.78081 34.1163 1.42033 34.3327 0.110371 0.0209824 -0 134.582 385 464542
-16.8371 30.1406 0.7 34.5245 -0.509437 0 -0 137.019 398 464542
-16.8371 30.1319 1.42435 34.5245 -0.50956 0.0209824 -0 137.019 398 464542
-17.3803 29.8307 0.7 34.5245 -0.52755 0 -0 137.582 401 464542
-17.3803 29.8219 1.42435 34.5245 -0.527678 0.0209824 -0 136.832 397 464542
10.3195 32.7465 4.32177 34.5245 0.305283 0.105098 -0 137.957 403 464542
-17.1178 30.6341 1.43643 35.0999 -0.50956 0.0209824 0.0707397 144.894 440 464542
5.52186 34.5375 3.6457 35.0999 0.158538 0.0840222 0.0707397 144.144 436 464542
-17.1178 30.6341 1.43643 35.0999 -0.50956 0.0209824 -0 152.957 483 464542
5.52186 34.5375 3.6457 35.0999 0.158538 0.0840222 -0 151.082 473 464542
-16.5656 30.9362 1.43643 35.0999 -0.491624 0.0209824 -0.0707397 143.957 435 464542
-17.1178 30.6341 1.43643 35.0999 -0.50956 0.0209824 -0.0707397 146.207 447 464542
5.52186 34.5375 3.6457 35.0999 0.158538 0.0840222 -0.0707397 143.957 435 464542
5.55203 34.6551 4.40225 35.2917 0.158858 0.105098 0.0707397 136.832 397 464542
4.99683 34.6526 5.1427 35.2917 0.143211 0.12622 0.0707397 138.707 407 464542
4.99683 34.7395 4.40225 35.2917 0.142857 0.105098 0.0707397 140.394 416 464542
4.99683 34.8104 3.6618 35.2917 0.14257 0.0840222 0.0707397 137.207 399 464542
4.99683 34.7395 4.40225 35.2917 0.142857 0.105098 -0 147.144 452 464542
5.55203 34.6551 4.40225 35.2917 0.158858 0.105098 -0.0707397 138.144 404 464542
4.99683 34.7395 4.40225 35.2917 0.142857 0.105098 -0.0707397 140.207 415 464542
4.99683 34.8104 3.6618 35.2917 0.14257 0.0840222 -0.0707397 138.332 405 464542
6.77106 35.0934 3.71009 35.8672 0.190602 0.0840222 0.0707397 138.894 408 464542
6.77106 35.0934 3.71009 35.8672 0.190602 0.0840222 -0 146.019 446 464542
6.20681 35.1976 3.71009 35.8672 0.174548 0.0840222 -0 145.082 441 464542
6.77106 35.0934 3.71009 35.8672 0.190602 0.0840222 -0.0707397 138.894 408 464542
6.20681 35.1976 3.71009 35.8672 0.174548 0.0840222 -0.0707397 138.707 407 464542
5.64255 35.2924 3.71009 35.8672 0.158538 0.0840222 -0.0707397 134.582 385 464542
5.67273 35.4085 4.48274 36.059 0.158858 0.105098 0.0707397 135.332 389 464542
5.67273 35.4811 3.72619 36.059 0.158538 0.0840222 0.0707397 138.332 405 464542
7.37455 35.1668 3.72619 36.059 0.206706 0.0840222 -0 144.144 436 464542
6.80727 35.281 3.72619 36.059 0.190602 0.0840222 -0 144.519 438 464542
5.67273 35.4811 3.72619 36.059 0.158538 0.0840222 -0 145.082 441 464542
5.67273 35.4085 4.48274 36.059 0.158858 0.105098 -0.0707397 135.144 388 464542
5.67273 35.4811 3.72619 36.059 0.158538 0.0840222 -0.0707397 137.582 401 464542
5.7029 35.6699 3.74229 36.2508 0.158538 0.0840222 0.0707397 139.457 411 464542
1.72897 36.5935 0.7 36.6344 0.047213 0 0.0707397 144.207 431 464542
1.72897 36.5855 1.46862 36.6344 0.0472234 0.0209824 0.0707397 142.707 423 464542
1.15265 36.6162 0.7 36.6344 0.0314688 0 0.0707397 141.394 416 464542
1.15265 36.6082 1.46862 36.6344 0.0314757 0.0209824 0.0707397 139.519 406 464542
1.72897 36.5935 0.7 36.6344 0.047213 0 -0 150.957 467 464542
1.72897 36.5855 1.46862 36.6344 0.0472234 0.0209824 -0 150.207 463 464542
1.15265 36.6162 0.7 36.6344 0.0314688 0 -0 148.332 453 464542
1.15265 36.6082 1.46862 36.6344 0.0314757 0.0209824 -0 148.894 456 464542
1.72897 36.5935 0.7 36.6344 0.047213 0 -0.0707397 144.019 430 464542
1.72897 36.5855 1.46862 36.6344 0.0472234 0.0209824 -0.0707397 144.207 431 464542
1.15265 36.6162 0.7 36.6344 0.0314688 0 -0.0707397 142.144 420 464542
1.15265 36.6082 1.46862 36.6344 0.0314757 0.0209824 -0.0707397 144.207 431 464542
1.73803 36.7851 0.7 36.8262 0.047213 0 0.0707397 146.269 442 464542
1.73803 36.777 1.47264 36.8262 0.0472234 0.0209824 0.0707397 144.957 435 464542
1.73803 36.7851 0.7 36.8262 0.047213 0 -0 152.832 477 464542
1.73803 36.777 1.47264 36.8262 0.0472234 0.0209824 -0 152.269 474 464542
1.15868 36.7998 1.47264 36.8262 0.0314757 0.0209824 -0 150.582 465 464542
1.73803 36.7851 0.7 36.8262 0.047213 0 -0.0707397 145.707 439 464542
1.73803 36.777 1.47264 36.8262 0.0472234 0.0209824 -0.0707397 146.457 443 464542
1.15868 36.7998 1.47264 36.8262 0.0314757 0.0209824 -0.0707397 146.644 444 464542
-15.2983 34.1298 0.7 37.4016 -0.421388 0 0.0707397 147.207 447 464542
-15.8867 33.8599 0.7 37.4016 -0.438696 0 0.0707397 150.019 462 464542
-15.2983 34.1298 0.7 37.4016 -0.421388 0 -0 153.957 483 464542
-15.8867 33.8599 0.7 37.4016 -0.438696 0 -0 156.957 499 464542
-15.8867 33.8508 -0.0847164 37.4016 -0.438799 -0.0209824 -0 151.519 470 464542
-15.8867 33.8508 1.48472 37.4016 -0.438799 0.0209824 -0 152.644 476 464542
-15.8867 33.8599 0.7 37.4016 -0.438696 0 -0.0707397 149.832 461 464542
-15.3767 34.3048 0.7 37.5934 -0.421388 0 0.0707397 155.082 489 464542
-15.9681 34.0335 0.7 37.5934 -0.438696 0 0.0707397 156.394 496 464542
-15.9681 34.0244 -0.0887406 37.5934 -0.438799 -0.0209824 0.0707397 151.894 472 464542
-15.9681 34.0244 1.48874 37.5934 -0.438799 0.0209824 0.0707397 151.894 472 464542
-15.3767 34.3048 0.7 37.5934 -0.421388 0 -0 162.207 527 464542
-15.9681 34.0335 0.7 37.5934 -0.438696 0 -0 163.519 534 464542
-15.9681 34.0244 -0.0887406 37.5934 -0.438799 -0.0209824 -0 159.019 510 464542
-15.9681 34.0244 1.48874 37.5934 -0.438799 0.0209824 -0 159.207 511 464542
-15.3767 34.3048 0.7 37.5934 -0.421388 0 -0.0707397 154.519 486 464542
-15.9681 34.0335 0.7 37.5934 -0.438696 0 -0.0707397 156.394 496 464542
-15.9681 34.0244 -0.0887406 37.5934 -0.438799 -0.0209824 -0.0707397 151.707 471 464542
-15.9681 34.0244 1.48874 37.5934 -0.438799 0.0209824 -0.0707397 152.082 473 464542
-15.4552 34.4798 0.7 37.7852 -0.421388 0 0.0707397 149.644 460 464542
-16.0496 34.2072 0.7 37.7852 -0.438696 0 0.0707397 149.457 459 464542
6.60511 37.4562 3.90325 38.1688 0.174548 0.0840222 -0 138.957 403 464542
6.00464 37.4802 4.70407 38.1688 0.158858 0.105098 -0.0707397 133.144 372 464542
6.00464 37.5572 3.90325 38.1688 0.158538 0.0840222 -0.0707397 132.207 367 464542
5.43133 37.9656 1.50484 38.3606 0.142095 0.0209824 0.0707397 130.519 358 464542
7.24178 37.6364 2.30967 38.3606 0.190091 0.041974 -0 139.894 408 464542
6.03482 37.7459 3.91935 38.3606 0.158538 0.0840222 -0.0707397 130.519 358 464542
5.43133 37.8374 3.91935 38.3606 0.14257 0.0840222 -0.0707397 129.582 353 464542
4.82785 38.0556 0.7 38.3606 0.126189 0 -0.0707397 129.582 353 464542
4.28774 38.6906 1.51691 38.936 0.110371 0.0209824 0.0707397 131.332 357 464542
4.28774 38.6906 1.51691 38.936 0.110371 0.0209824 -0.0707397 130.394 352 464542
6.15551 38.6406 0.7 39.1278 0.157974 0 0.0707397 132.644 364 464542
6.15551 38.6319 1.52093 39.1278 0.158009 0.0209824 0.0707397 136.019 382 464542
5.53996 38.7249 1.52093 39.1278 0.142095 0.0209824 0.0707397 135.082 377 464542
-15.3888 35.9652 -0.120934 39.1278 -0.404307 -0.0209824 -0 142.957 419 464542
6.15551 38.6319 1.52093 39.1278 0.158009 0.0209824 -0 140.707 407 464542
5.53996 38.7249 1.52093 39.1278 0.142095 0.0209824 -0 140.707 407 464542
6.15551 38.6057 2.34187 39.1278 0.158115 0.041974 -0.0707397 131.707 359 464542
6.15551 38.6319 1.52093 39.1278 0.158009 0.0209824 -0.0707397 134.144 372 464542
5.53996 38.7336 0.7 39.1278 0.142064 0 -0.0707397 131.519 358 464542
5.53996 38.6988 2.34187 39.1278 0.14219 0.041974 -0.0707397 132.269 362 464542
5.53996 38.7249 1.52093 39.1278 0.142095 0.0209824 -0.0707397 135.457 379 464542
6.24604 39.1734 2.36601 39.7032 0.158115 0.041974 0.0707397 131.144 356 464542
19.9873 34.3053 0.7 39.7032 0.52755 0 -0.0707397 128.332 341 464542
-20.6119 33.9337 0.7 39.7032 -0.545856 0 -0.0707397 129.269 346 464542
6.24604 39.1734 2.36601 39.7032 0.158115 0.041974 -0.0707397 131.519 358 464542
6.24604 39.2 1.53301 39.7032 0.158009 0.0209824 -0.0707397 130.207 351 464542
-6.90383 39.2931 0.7 39.895 -0.173925 0 0.0707397 134.894 376 464542
-6.90383 39.2842 -0.137031 39.895 -0.173964 -0.0209824 0.0707397 130.207 351 464542
-6.90383 39.2842 1.53703 39.895 -0.173964 0.0209824 0.0707397 132.269 362 464542
-7.53145 39.1777 0.7 39.895 -0.189921 0 0.0707397 132.269 362 464542
6.27621 39.3894 1.53703 39.895 0.158009 0.0209824 0.0707397 130.582 353 464542
-6.90383 39.2931 0.7 39.895 -0.173925 0 -0.0707397 134.894 376 464542
-15.0629 36.9421 0.7 39.895 -0.387164 0 -0.0707397 138.832 397 464542
-20.3735 34.9682 0.7 40.4704 -0.52755 0 0.0707397 128.707 343 464542
-20.3735 34.9579 1.5491 40.4704 -0.527678 0.0209824 0.0707397 128.707 343 464542
-20.3735 34.9682 0.7 40.4704 -0.52755 0 -0.0707397 129.457 347 464542
-20.3735 34.9579 -0.149103 40.4704 -0.527678 -0.0209824 -0.0707397 130.019 350 464542
-20.3735 34.9579 1.5491 40.4704 -0.527678 0.0209824 -0.0707397 129.457 347 464542
6.36673 39.9304 2.39821 40.4704 0.158115 0.041974 -0.0707397 130.207 351 464542
6.36673 39.9575 1.5491 40.4704 0.158009 0.0209824 -0.0707397 130.207 351 464542
-15.3526 37.6429 1.55313 40.6622 -0.387253 0.0209824 0.0707397 139.207 399 464542
-15.9923 37.3756 1.55313 40.6622 -0.404307 0.0209824 0.0707397 140.519 406 464542
-15.3526 37.6526 0.7 40.6622 -0.387164 0 -0 143.144 420 464542
-15.3526 37.6429 1.55313 40.6622 -0.387253 0.0209824 -0 145.019 430 464542
-15.9923 37.3854 0.7 40.6622 -0.404213 0 -0 144.269 426 464542
-15.9923 37.3756 1.55313 40.6622 -0.404307 0.0209824 -0 146.332 437 464542
-19.8304 35.4886 1.55313 40.6622 -0.50956 0.0209824 -0.0707397 130.394 352 464542
-20.4701 35.1236 1.55313 40.6622 -0.527678 0.0209824 -0.0707397 129.832 349 464542
-15.425 37.8205 1.55715 40.854 -0.387253 0.0209824 0.0707397 145.019 430 464542
-16.0677 37.5617 0.7 40.854 -0.404213 0 0.0707397 144.082 425 464542
-16.0677 37.5226 2.4143 40.854 -0.40459 0.041974 0.0707397 142.582 417 464542
-16.0677 37.5519 1.55715 40.854 -0.404307 0.0209824 0.0707397 147.457 443 464542
-19.4623 36.191 -2.7608 41.2376 -0.493402 -0.0840222 0.0707397 131.957 355 464542
-19.4623 36.0978 -3.626 41.2376 -0.494479 -0.105098 0.0707397 129.519 342 464542
-19.4623 36.0978 5.026 41.2376 -0.494479 0.105098 0.0707397 131.207 351 464542
-20.111 35.9908 1.5652 41.2376 -0.50956 0.0209824 0.0707397 132.144 356 464542
-20.7598 35.6206 1.5652 41.2376 -0.527678 0.0209824 0.0707397 130.269 346 464542
-19.4623 36.191 -2.7608 41.2376 -0.493402 -0.0840222 -0.0707397 132.707 359 464542
-19.4623 36.0978 -3.626 41.2376 -0.494479 -0.105098 -0.0707397 130.457 347 464542
-19.4623 36.0978 5.026 41.2376 -0.494479 0.105098 -0.0707397 131.957 355 464542
-19.4623 36.191 4.1608 41.2376 -0.493402 0.0840222 -0.0707397 130.832 349 464542
-19.4623 36.3458 1.5652 41.2376 -0.491624 0.0209824 -0.0707397 131.019 350 464542
-20.111 35.9908 1.5652 41.2376 -0.50956 0.0209824 -0.0707397 133.269 362 464542
-19.5528 36.3593 4.1769 41.4294 -0.493402 0.0840222 0.0707397 134.019 366 464542
-19.5528 36.4319 3.30767 41.4294 -0.49257 0.0629841 0.0707397 130.832 349 464542
-20.8563 35.6276 4.1769 41.4294 -0.529614 0.0840222 0.0707397 131.019 350 464542
-20.8563 35.7017 3.30767 41.4294 -0.528708 0.0629841 0.0707397 129.894 344 464542
6.5176 40.9043 1.56922 41.4294 0.158009 0.0209824 0.0707397 130.457 347 464542
4.56232 41.1775 0.7 41.4294 0.110346 0 0.0707397 129.707 343 464542
-19.5528 36.2657 5.04612 41.4294 -0.494479 0.105098 -0.0707397 132.332 357 464542
-19.5528 36.3593 4.1769 41.4294 -0.493402 0.0840222 -0.0707397 134.394 368 464542
-20.2046 36.0012 4.1769 41.4294 -0.511416 0.0840222 -0.0707397 131.207 351 464542
-20.8563 35.6276 4.1769 41.4294 -0.529614 0.0840222 -0.0707397 132.144 356 464542
31.719 27.5375 0.7 42.0049 0.855848 0 0.0707397 130.269 346 464542
5.94731 41.5723 1.5813 42.0049 0.142095 0.0209824 0.0707397 129.519 342 464542
32.3798 26.7573 0.7 42.0049 0.880188 0 -0.0707397 129.519 342 464542
-6.6383 41.6618 1.58532 42.1967 -0.158009 0.0209824 0.0707397 138.519 390 464542
-7.30213 41.5506 1.58532 42.1967 -0.173964 0.0209824 0.0707397 138.332 389 464542
-6.6383 41.6618 1.58532 42.1967 -0.158009 0.0209824 -0 146.207 431 464542
-7.30213 41.5506 1.58532 42.1967 -0.173964 0.0209824 -0 146.207 431 464542
-6.6383 41.6618 1.58532 42.1967 -0.158009 0.0209824 -0.0707397 138.519 390 464542
-7.30213 41.5506 1.58532 42.1967 -0.173964 0.0209824 -0.0707397 138.519 390 464542
28.9339 31.5004 0.7 42.7721 0.742956 0 0.0707397 141.144 404 464542
28.9339 31.4876 1.59739 42.7721 0.743158 0.0209824 0.0707397 140.207 399 464542
28.261 32.1055 0.7 42.7721 0.721799 0 0.0707397 144.332 421 464542
28.261 32.0929 1.59739 42.7721 0.721993 0.0209824 0.0707397 143.207 415 464542
28.9339 31.5004 0.7 42.7721 0.742956 0 -0 147.707 439 464542
28.9339 31.4876 1.59739 42.7721 0.743158 0.0209824 -0 146.582 433 464542
28.261 32.1055 0.7 42.7721 0.721799 0 -0 150.707 455 464542
28.261 32.0929 1.59739 42.7721 0.721993 0.0209824 -0 149.582 449 464542
28.9339 31.5004 0.7 42.7721 0.742956 0 -0.0707397 139.832 397 464542
28.9339 31.4876 1.59739 42.7721 0.743158 0.0209824 -0.0707397 138.332 389 464542
28.261 32.1055 0.7 42.7721 0.721799 0 -0.0707397 142.457 411 464542
28.261 32.0929 1.59739 42.7721 0.721993 0.0209824 -0.0707397 140.957 403 464542
29.0637 31.6417 0.7 42.9639 0.742956 0 0.0707397 135.332 373 464542
28.3878 32.2495 0.7 42.9639 0.721799 0 0.0707397 138.894 392 464542
28.3878 32.2369 1.60142 42.9639 0.721993 0.0209824 0.0707397 137.582 385 464542
29.0637 31.6417 0.7 42.9639 0.742956 0 -0 143.207 415 464542
28.3878 32.2495 0.7 42.9639 0.721799 0 -0 146.582 433 464542
28.3878 32.2369 1.60142 42.9639 0.721993 0.0209824 -0 144.894 424 464542
29.0637 31.6417 0.7 42.9639 0.742956 0 -0.0707397 135.519 374 464542
28.3878 32.2495 0.7 42.9639 0.721799 0 -0.0707397 138.707 391 464542
28.3878 32.2369 1.60142 42.9639 0.721993 0.0209824 -0.0707397 136.644 380 464542
-20.277 37.7059 -2.90567 42.9639 -0.493402 -0.0840222 -0.0707397 134.957 371 464542
6.84952 42.9874 1.61349 43.5393 0.158009 0.0209824 0.0707397 134.269 362 464542
6.16457 43.0619 2.52698 43.5393 0.14219 0.041974 0.0707397 135.207 367 464542
6.16457 43.091 1.61349 43.5393 0.142095 0.0209824 0.0707397 137.269 378 464542
6.84952 42.9874 1.61349 43.5393 0.158009 0.0209824 -0 141.957 403 464542
6.16457 43.0619 2.52698 43.5393 0.14219 0.041974 -0 142.894 408 464542
6.16457 43.091 1.61349 43.5393 0.142095 0.0209824 -0 144.957 419 464542
6.84952 42.9874 1.61349 43.5393 0.158009 0.0209824 -0.0707397 136.332 373 464542
6.16457 43.0619 2.52698 43.5393 0.14219 0.041974 -0.0707397 137.457 379 464542
6.16457 43.091 1.61349 43.5393 0.142095 0.0209824 -0.0707397 139.144 388 464542
28.8947 32.8253 0.7 43.7311 0.721799 0 0.0707397 135.394 368 464542
28.8947 32.8125 1.61751 43.7311 0.721993 0.0209824 0.0707397 135.582 369 464542
28.2067 33.4184 0.7 43.7311 0.701029 0 0.0707397 138.207 383 464542
28.2067 33.4058 1.61751 43.7311 0.701215 0.0209824 0.0707397 137.832 381 464542
28.2067 33.4184 0.7 43.7311 0.701029 0 -0 143.457 411 464542
6.19172 43.2808 1.61751 43.7311 0.142095 0.0209824 -0.0707397 132.582 353 464542
-16.0315 41.3044 0.7 44.3065 -0.370232 0 0.0707397 138.394 384 464542
-16.0315 41.294 -0.229587 44.3065 -0.370317 -0.0209824 0.0707397 136.519 374 464542
-16.7285 41.0271 0.7 44.3065 -0.387164 0 0.0707397 135.019 366 464542
6.27319 43.8207 2.55917 44.3065 0.14219 0.041974 0.0707397 134.644 364 464542
-16.0315 41.3044 0.7 44.3065 -0.370232 0 -0 145.332 421 464542
-16.0315 41.294 -0.229587 44.3065 -0.370317 -0.0209824 -0 143.644 412 464542
-16.0315 41.3044 0.7 44.3065 -0.370232 0 -0.0707397 138.207 383 464542
-16.0315 41.294 -0.229587 44.3065 -0.370317 -0.0209824 -0.0707397 137.082 377 464542
-16.7285 41.0271 0.7 44.3065 -0.387164 0 -0.0707397 135.019 366 464542
6.30035 44.0401 1.63361 44.4983 0.142095 0.0209824 0.0707397 131.832 349 464542
-16.1009 41.4832 0.7 44.4983 -0.370232 0 -0 139.144 388 464542
7.00039 43.9343 1.63361 44.4983 0.158009 0.0209824 -0 137.644 380 464542
6.30035 44.05 0.7 44.4983 0.142064 0 -0 137.644 380 464542
6.30035 44.0401 1.63361 44.4983 0.142095 0.0209824 -0 138.957 387 464542
-16.1009 41.4832 0.7 44.4983 -0.370232 0 -0.0707397 132.957 355 464542
0 45.0638 -0.245684 45.0737 0 -0.0209824 0.0707397 143.082 409 464542
-2.12727 45.0135 -0.245684 45.0737 -0.0472234 -0.0209824 0.0707397 139.519 390 464542
-2.83636 44.9844 0.7 45.0737 -0.0629689 0 0.0707397 138.394 384 464542
-2.83636 44.9744 -0.245684 45.0737 -0.0629827 -0.0209824 0.0707397 138.207 383 464542
-4.96364 44.7996 0.7 45.0737 -0.110346 0 0.0707397 137.269 378 464542
0 45.0737 0.7 45.0737 0 0 -0 151.144 452 464542
0 45.0638 -0.245684 45.0737 0 -0.0209824 -0 152.269 458 464542
-0.709091 45.0681 0.7 45.0737 -0.0157325 0 -0 150.019 446 464542
-0.709091 45.0582 -0.245684 45.0737 -0.0157359 -0.0209824 -0 149.832 445 464542
0 45.0737 0.7 45.0737 0 0 -0.0707397 144.957 419 464542
0 45.0638 -0.245684 45.0737 0 -0.0209824 -0.0707397 146.457 427 464542
-0.709091 45.0681 0.7 45.0737 -0.0157325 0 -0.0707397 143.644 412 464542
-0.709091 45.0582 -0.245684 45.0737 -0.0157359 -0.0209824 -0.0707397 143.644 412 464542
-3.56054 45.1253 0.7 45.2655 -0.0787404 0 0.0707397 142.707 407 464542
-3.56054 45.1153 -0.249708 45.2655 -0.0787578 -0.0209824 0.0707397 141.957 403 464542
-4.27265 45.0634 0.7 45.2655 -0.0945316 0 0.0707397 142.332 405 464542
-4.27265 45.0534 -0.249708 45.2655 -0.0945525 -0.0209824 0.0707397 141.394 400 464542
-3.56054 45.1253 0.7 45.2655 -0.0787404 0 -0 149.832 445 464542
-3.56054 45.1153 -0.249708 45.2655 -0.0787578 -0.0209824 -0 148.894 440 464542
-4.27265 45.0634 0.7 45.2655 -0.0945316 0 -0 148.894 440 464542
-4.27265 45.0534 -0.249708 45.2655 -0.0945525 -0.0209824 -0 148.519 438 464542
-3.56054 45.1253 0.7 45.2655 -0.0787404 0 -0.0707397 142.519 406 464542
-3.56054 45.1153 -0.249708 45.2655 -0.0787578 -0.0209824 -0.0707397 141.582 401 464542
-4.27265 45.0634 0.7 45.2655 -0.0945316 0 -0.0707397 142.144 404 464542
-4.27265 45.0534 -0.249708 45.2655 -0.0945525 -0.0209824 -0.0707397 141.957 403 464542
-3.57563 45.3165 0.7 45.4573 -0.0787404 0 0.0707397 145.519 422 464542
-3.57563 45.3064 -0.253732 45.4573 -0.0787578 -0.0209824 0.0707397 145.144 420 464542
-4.29075 45.2543 0.7 45.4573 -0.0945316 0 0.0707397 144.019 414 464542
-7.24178 45.4595 0.7 46.0327 -0.157974 0 0.0707397 140.082 393 464542
-10.9985 45.2918 0.7 46.6081 -0.238224 0 0.0707397 133.957 355 464542
-11.7317 45.1075 0.7 46.6081 -0.254446 0 0.0707397 132.832 349 464542
-21.2637 41.475 0.7 46.6081 -0.473746 0 0.0707397 132.832 349 464542
-10.9985 45.2918 0.7 46.6081 -0.238224 0 -0 141.269 394 464542
-10.9985 45.2918 0.7 46.6081 -0.238224 0 -0.0707397 134.332 357 464542
-11.7317 45.1075 0.7 46.6081 -0.254446 0 -0.0707397 133.207 351 464542
-21.2637 41.475 0.7 46.6081 -0.473746 0 -0.0707397 133.582 353 464542
28.7137 36.9562 0.7 46.7999 0.660537 0 0.0707397 132.082 345 464542
-11.78 45.2931 0.7 46.7999 -0.254446 0 -0 140.144 388 464542
-12.5162 45.0952 0.7 46.7999 -0.270736 0 -0 139.582 385 464542
-11.78 45.2931 0.7 46.7999 -0.254446 0 -0.0707397 133.582 353 464542
-12.5162 45.0952 0.7 46.7999 -0.270736 0 -0.0707397 133.582 353 464542
-21.6137 42.1577 0.7 47.3753 -0.473746 0 -0 137.519 374 464542
-14.9663 45.1513 0.7 47.5671 -0.320073 0 -0.0707397 133.207 351 464542
-15.7147 44.8963 0.7 47.5671 -0.336693 0 -0.0707397 133.019 350 464542
7.48317 46.9642 1.698 47.5671 0.158009 0.0209824 -0.0707397 131.519 342 464542
23.4785 42.0294 0.7 48.1425 0.509437 0 -0.0707397 131.707 343 464542
-23.572 42.1968 0.7 48.3344 -0.509437 0 0.0707397 132.644 348 464542
25.0928 41.3106 0.7 48.3344 0.545856 0 0.0707397 133.207 351 464542
25.0928 41.2607 -1.32819 48.3344 0.546391 -0.041974 0.0707397 132.832 349 464542
25.0928 41.2981 1.7141 48.3344 0.54599 0.0209824 0.0707397 131.707 343 464542
25.0928 41.3106 0.7 48.3344 0.545856 0 -0.0707397 134.144 356 464542
25.0928 41.2607 -1.32819 48.3344 0.546391 -0.041974 -0.0707397 132.082 345 464542
-25.3915 41.8024 0.7 48.9098 -0.545856 0 -0 136.269 362 464542
-25.3915 41.7898 1.72617 48.9098 -0.54599 0.0209824 -0 135.144 356 464542
10.0027 47.865 1.72617 48.9098 0.206013 0.0209824 -0 135.707 359 464542
9.23327 48.0194 1.72617 48.9098 0.189964 0.0209824 -0 138.332 373 464542
4.63474 48.8823 0.7 49.1016 0.0945316 0 0.0707397 140.207 383 464542
4.63474 48.8715 1.73019 49.1016 0.0945525 0.0209824 0.0707397 138.332 373 464542
3.86228 48.9494 0.7 49.1016 0.0787404 0 0.0707397 137.957 371 464542
4.63474 48.8823 0.7 49.1016 0.0945316 0 -0 146.394 416 464542
10.0419 48.0527 1.73019 49.1016 0.206013 0.0209824 -0.0707397 137.019 366 464542
9.26948 48.2077 1.73019 49.1016 0.189964 0.0209824 -0.0707397 137.582 369 464542
4.63474 48.8823 0.7 49.1016 0.0945316 0 -0.0707397 138.332 373 464542
4.63474 48.8715 1.73019 49.1016 0.0945525 0.0209824 -0.0707397 136.082 361 464542
3.86228 48.9494 0.7 49.1016 0.0787404 0 -0.0707397 136.082 361 464542
25.7898 42.4581 0.7 49.677 0.545856 0 -0 132.707 343 464542
22.6638 44.2058 0.7 49.677 0.473746 0 -0 135.144 356 464542
22.6638 44.1935 1.74226 49.677 0.473858 0.0209824 -0 134.394 352 464542
21.8822 44.5979 0.7 49.677 0.456145 0 -0 133.644 348 464542
21.8822 44.5857 1.74226 49.677 0.456253 0.0209824 -0 132.894 344 464542
-28.2429 41.1003 0.7 49.8688 -0.602065 0 -0 136.832 365 464542
-28.2429 41.0869 1.74629 49.8688 -0.602216 0.0209824 -0 136.082 361 464542
21.1822 45.1465 0.7 49.8688 0.438696 0 -0 135.519 358 464542
-23.8074 44.4602 1.75836 50.4442 -0.491624 0.0209824 -0 132.519 342 464542
-24.6009 44.0387 0.7 50.4442 -0.509437 0 -0 133.269 346 464542
-24.6009 44.026 1.75836 50.4442 -0.50956 0.0209824 -0 136.269 362 464542
21.4266 45.6552 1.75836 50.4442 0.438799 0.0209824 -0 133.644 348 464542
20.633 46.0193 1.75836 50.4442 0.421486 0.0209824 -0 132.707 343 464542
19.0459 46.6985 1.75836 50.4442 0.387253 0.0209824 -0 133.082 345 464542
-21.5081 45.8411 0.7 50.636 -0.438696 0 -0 132.707 343 464542
-21.5081 45.8288 1.76239 50.636 -0.438799 0.0209824 -0 134.019 350 464542
18.3217 47.1931 1.76239 50.636 0.370317 0.0209824 -0 134.207 351 464542
25.8773 44.4146 0.7 51.4032 0.52755 0 -0 133.832 349 464542
25.0686 44.876 0.7 51.4032 0.509437 0 -0 133.832 349 464542
4.85199 51.1737 0.7 51.4032 0.0945316 0 -0 135.144 356 464542
4.85199 51.1623 1.77848 51.4032 0.0945525 0.0209824 -0 133.082 345 464542
20.4429 47.7773 1.79055 51.9786 0.404307 0.0209824 0.0707397 133.707 343 464542
19.6252 48.1313 0.7 51.9786 0.387164 0 0.0707397 135.957 355 464542
19.6252 48.119 1.79055 51.9786 0.387253 0.0209824 0.0707397 137.082 361 464542
20.4429 47.7773 1.79055 51.9786 0.404307 0.0209824 -0 140.832 381 464542
19.6252 48.1313 0.7 51.9786 0.387164 0 -0 142.707 391 464542
19.6252 48.119 1.79055 51.9786 0.387253 0.0209824 -0 144.582 401 464542
18.8075 48.4444 1.79055 51.9786 0.370317 0.0209824 -0 139.332 373 464542
19.6252 48.1313 0.7 51.9786 0.387164 0 -0.0707397 135.019 350 464542
19.6252 48.119 1.79055 51.9786 0.387253 0.0209824 -0.0707397 136.707 359 464542
19.6976 48.2965 1.79458 52.1704 0.387253 0.0209824 0.0707397 134.269 346 464542
20.5184 47.9536 1.79458 52.1704 0.404307 0.0209824 -0 138.582 369 464542
19.6976 48.3089 0.7 52.1704 0.387164 0 -0 141.582 385 464542
19.6976 48.2965 1.79458 52.1704 0.387253 0.0209824 -0 142.519 390 464542
18.8769 48.6232 1.79458 52.1704 0.370317 0.0209824 -0 137.457 363 464542
19.6976 48.3089 0.7 52.1704 0.387164 0 -0.0707397 135.394 352 464542
19.6976 48.2965 1.79458 52.1704 0.387253 0.0209824 -0.0707397 136.332 357 464542
0 52.7458 0.7 52.7458 0 0 0.0707397 148.144 420 464542
0 52.7342 1.80665 52.7458 0 0.0209824 0.0707397 144.019 398 464542
-0.829787 52.7393 0.7 52.7458 -0.0157325 0 0.0707397 148.144 420 464542
-0.829787 52.7277 1.80665 52.7458 -0.0157359 0.0209824 0.0707397 145.894 408 464542
0 52.7458 0.7 52.7458 0 0 -0 155.832 461 464542
0 52.7342 1.80665 52.7458 0 0.0209824 -0 153.394 448 464542
-0.829787 52.7393 0.7 52.7458 -0.0157325 0 -0 155.832 461 464542
-0.829787 52.7277 1.80665 52.7458 -0.0157359 0.0209824 -0 154.707 455 464542
0 52.7458 0.7 52.7458 0 0 -0.0707397 149.457 427 464542
0 52.7342 1.80665 52.7458 0 0.0209824 -0.0707397 147.582 417 464542
-0.829787 52.7393 0.7 52.7458 -0.0157325 0 -0.0707397 149.457 427 464542
-0.829787 52.7277 1.80665 52.7458 -0.0157359 0.0209824 -0.0707397 148.707 423 464542
1.66561 52.9114 0.7 52.9376 0.0314688 0 -0 141.957 387 464542
1.66561 52.8648 2.92135 52.9376 0.0314966 0.041974 -0 143.457 395 464542
1.66561 52.8998 1.81068 52.9376 0.0314757 0.0209824 -0 144.207 399 464542
0.832805 52.8844 2.92135 52.9376 0.0157463 0.041974 -0 143.457 395 464542
0.832805 52.9194 1.81068 52.9376 0.0157359 0.0209824 -0 143.269 394 464542
1.67164 53.1031 0.7 53.1294 0.0314688 0 0.0707397 147.019 414 464542
-2.52557 53.4534 0.7 53.513 -0.047213 0 0.0707397 148.519 422 464542
-2.52557 53.4416 -0.422748 53.513 -0.0472234 -0.0209824 0.0707397 147.019 414 464542
-3.36743 53.407 0.7 53.513 -0.0629689 0 0.0707397 147.394 416 464542
-2.52557 53.4534 0.7 53.513 -0.047213 0 -0 156.207 463 464542
-2.52557 53.4416 -0.422748 53.513 -0.0472234 -0.0209824 -0 153.957 451 464542
-3.36743 53.407 0.7 53.513 -0.0629689 0 -0 154.894 456 464542
-2.52557 53.4534 0.7 53.513 -0.047213 0 -0.0707397 148.519 422 464542
-2.52557 53.4416 -0.422748 53.513 -0.0472234 -0.0209824 -0.0707397 147.019 414 464542
-3.36743 53.407 0.7 53.513 -0.0629689 0 -0.0707397 147.957 419 464542
-3.3795 53.5866 -0.426772 53.7048 -0.0629827 -0.0209824 0.0707397 141.957 387 464542
-4.22437 53.5384 0.7 53.7048 -0.0787404 0 0.0707397 144.582 401 464542
-4.22437 53.5266 -0.426772 53.7048 -0.0787578 -0.0209824 0.0707397 145.519 406 464542
-4.22437 53.5384 0.7 53.7048 -0.0787404 0 -0 151.519 438 464542
-4.22437 53.5266 -0.426772 53.7048 -0.0787578 -0.0209824 -0 152.082 441 464542
-3.3795 53.5984 0.7 53.7048 -0.0629689 0 -0.0707397 142.519 390 464542
-3.3795 53.5866 -0.426772 53.7048 -0.0629827 -0.0209824 -0.0707397 142.332 389 464542
-3.3795 53.5866 1.82677 53.7048 -0.0629827 0.0209824 -0.0707397 141.957 387 464542
-4.22437 53.5384 0.7 53.7048 -0.0787404 0 -0.0707397 145.519 406 464542
-4.22437 53.5266 -0.426772 53.7048 -0.0787578 -0.0209824 -0.0707397 144.957 403 464542
-5.93524 53.5688 0.7 53.8966 -0.110346 0 0.0707397 150.582 433 464542
-5.93524 53.5569 1.8308 53.8966 -0.110371 0.0209824 0.0707397 148.707 423 464542
-8.47892 53.2255 0.7 53.8966 -0.157974 0 0.0707397 148.519 422 464542
-6.83141 53.8486 0.7 54.2802 -0.126189 0 0.0707397 147.957 419 464542
-9.39319 53.4613 0.7 54.2802 -0.173925 0 0.0707397 148.144 420 464542
-9.39319 53.4613 0.7 54.2802 -0.173925 0 -0 156.394 464 464542
-9.39319 53.4613 0.7 54.2802 -0.173925 0 -0.0707397 150.207 431 464542
-12.8542 52.9337 0.7 54.472 -0.238224 0 0.0707397 140.457 379 464542
-13.7111 52.7182 0.7 54.472 -0.254446 0 0.0707397 140.082 377 464542
-41.1333 35.7107 0.7 54.472 -0.855848 0 0.0707397 140.082 377 464542
-41.1333 35.7107 0.7 54.472 -0.855848 0 -0.0707397 140.832 381 464542
0 55.0353 1.85494 55.0475 0 0.0209824 0.0707397 137.332 357 464542
-0.865996 55.0285 1.85494 55.0475 -0.0157359 0.0209824 0.0707397 136.957 355 464542
1.73199 55.0081 1.85494 55.0475 0.0314757 0.0209824 0.0707397 135.644 348 464542
0.865996 55.0406 0.7 55.0475 0.0157325 0 0.0707397 135.269 346 464542
0.865996 54.9921 -1.60988 55.0475 0.0157463 -0.041974 0.0707397 136.019 350 464542
0.865996 55.0285 1.85494 55.0475 0.0157359 0.0209824 0.0707397 137.144 356 464542
0.865996 55.0285 1.85494 55.0475 0.0157359 0.0209824 -0 146.707 407 464542
0 55.0353 1.85494 55.0475 0 0.0209824 -0.0707397 139.207 367 464542
-0.865996 55.0285 1.85494 55.0475 -0.0157359 0.0209824 -0.0707397 138.082 361 464542
1.73199 55.0081 1.85494 55.0475 0.0314757 0.0209824 -0.0707397 137.519 358 464542
0.865996 55.0406 0.7 55.0475 0.0157325 0 -0.0707397 137.519 358 464542
0.865996 55.0285 1.85494 55.0475 0.0157359 0.0209824 -0.0707397 139.957 371 464542
-0.869014 55.2203 1.85897 55.2393 -0.0157359 0.0209824 -0 144.832 397 464542
0 55.2271 1.85897 55.2393 0 0.0209824 -0.0707397 135.832 349 464542
-0.869014 55.2203 1.85897 55.2393 -0.0157359 0.0209824 -0.0707397 138.832 365 464542
-2.6342 55.7402 1.87104 55.8147 -0.0472234 0.0209824 0.0707397 142.394 384 464542
-2.64325 55.9317 1.87506 56.0065 -0.0472234 0.0209824 0.0707397 136.394 352 464542
-4.40542 55.8329 0.7 56.0065 -0.0787404 0 0.0707397 136.207 351 464542
-4.40542 55.8206 -0.475063 56.0065 -0.0787578 -0.0209824 0.0707397 136.207 351 464542
-4.40542 55.7835 -1.65013 56.0065 -0.07881 -0.041974 0.0707397 138.269 362 464542
-8.81083 55.2966 -0.475063 56.0065 -0.158009 -0.0209824 0.0707397 136.019 350 464542
-4.40542 55.7835 -1.65013 56.0065 -0.07881 -0.041974 -0.0707397 140.894 376 464542
-12.4619 55.1925 0.7 56.5819 -0.222066 0 -0.0707397 134.894 344 464542
-18.6928 53.4049 0.7 56.5819 -0.336693 0 -0.0707397 134.894 344 464542
-19.6494 53.2649 0.7 56.7737 -0.353411 0 0.0707397 141.644 380 464542
-19.6494 53.2516 -0.491159 56.7737 -0.353492 -0.0209824 0.0707397 139.957 371 464542
-20.5425 52.9269 0.7 56.7737 -0.370232 0 0.0707397 140.894 376 464542
-20.5425 52.9135 -0.491159 56.7737 -0.370317 -0.0209824 0.0707397 137.144 356 464542
-19.6494 53.2649 0.7 56.7737 -0.353411 0 -0 149.519 422 464542
-19.6494 53.2516 -0.491159 56.7737 -0.353492 -0.0209824 -0 147.832 413 464542
-20.5425 52.9269 0.7 56.7737 -0.370232 0 -0 149.332 421 464542
-19.6494 53.2649 0.7 56.7737 -0.353411 0 -0.0707397 142.207 383 464542
-19.6494 53.2516 -0.491159 56.7737 -0.353492 -0.0209824 -0.0707397 140.707 375 464542
-20.5425 52.9269 0.7 56.7737 -0.370232 0 -0.0707397 142.207 383 464542
-20.5425 52.9135 -0.491159 56.7737 -0.370317 -0.0209824 -0.0707397 138.832 365 464542
-16.2397 54.9491 -1.70646 57.3491 -0.287361 -0.041974 -0 138.644 364 464542
-18.9463 54.1291 0.7 57.3491 -0.336693 0 -0 139.019 366 464542
-19.8485 53.8048 0.7 57.3491 -0.353411 0 -0 141.457 379 464542
-19.8485 53.8048 0.7 57.3491 -0.353411 0 -0.0707397 135.269 346 464542
-15.3888 55.3923 -1.71451 57.5409 -0.270981 -0.041974 0.0707397 140.707 375 464542
-16.294 55.1328 -1.71451 57.5409 -0.287361 -0.041974 0.0707397 145.957 403 464542
-16.294 55.0667 -2.92177 57.5409 -0.287687 -0.0629841 0.0707397 140.519 374 464542
-17.1992 54.8572 -1.71451 57.5409 -0.303821 -0.041974 0.0707397 142.019 382 464542
-15.3888 55.3923 -1.71451 57.5409 -0.270981 -0.041974 -0 148.582 417 464542
-16.294 55.1328 -1.71451 57.5409 -0.287361 -0.041974 -0 153.457 443 464542
-17.1992 54.8572 -1.71451 57.5409 -0.303821 -0.041974 -0 149.519 422 464542
-15.3888 55.3923 -1.71451 57.5409 -0.270981 -0.041974 -0.0707397 142.019 382 464542
-16.294 55.1328 -1.71451 57.5409 -0.287361 -0.041974 -0.0707397 146.707 407 464542
-17.1992 54.8572 -1.71451 57.5409 -0.303821 -0.041974 -0.0707397 142.957 387 464542
-12.7998 56.5711 4.35799 58.1163 -0.222515 0.0629841 -0 134.332 341 464542
-15.5427 55.9994 0.7 58.1163 -0.270736 0 -0 137.332 357 464542
30.1711 49.6561 1.91933 58.1163 0.54599 0.0209824 -0 136.019 350 464542
29.2568 50.2002 1.91933 58.1163 0.527678 0.0209824 -0 134.332 341 464542
27.4282 51.2367 0.7 58.1163 0.491506 0 -0 135.644 348 464542
27.4282 51.2222 1.91933 58.1163 0.491624 0.0209824 -0 134.707 343 464542
0 58.3081 0.7 58.3081 0 0 -0 138.644 364 464542
-7.43489 58.6056 0.7 59.0753 -0.126189 0 -0 134.957 339 464542
-12.0817 57.7735 3.1789 59.0753 -0.206151 0.041974 -0 136.082 345 464542
-13.0111 57.5714 3.1789 59.0753 -0.222265 0.041974 -0 137.394 352 464542
-13.0111 57.6114 1.93945 59.0753 -0.222116 0.0209824 -0 135.332 341 464542
-13.9404 57.3534 3.1789 59.0753 -0.238438 0.041974 -0 135.144 340 464542
7.43489 58.5925 1.93945 59.0753 0.126217 0.0209824 -0 134.957 339 464542
-20.6451 55.9082 3.20304 59.6507 -0.353736 0.041974 -0 138.332 357 464542
30.0292 51.48 3.20304 59.6507 0.528064 0.041974 -0 135.144 340 464542
30.0292 51.5256 1.95152 59.6507 0.527678 0.0209824 -0 137.582 353 464542
29.0908 52.0762 0.7 59.6507 0.509437 0 -0 135.519 342 464542
29.0908 52.0612 1.95152 59.6507 0.50956 0.0209824 -0 137.582 353 464542
31.0672 51.131 1.95555 59.8425 0.54599 0.0209824 -0 138.707 359 464542
28.2429 52.7436 1.95555 59.8425 0.491624 0.0209824 -0 138.894 360 464542
39.9203 45.3508 0.7 60.4179 0.721799 0 -0 134.957 339 464542
39.9203 45.3331 1.96762 60.4179 0.721993 0.0209824 -0 134.582 337 464542
30.4155 52.1421 3.23524 60.4179 0.528064 0.041974 -0 135.519 342 464542
30.4155 52.1883 1.96762 60.4179 0.527678 0.0209824 -0 138.144 356 464542
29.465 52.685 3.23524 60.4179 0.50993 0.041974 -0 135.332 341 464542
29.465 52.7308 1.96762 60.4179 0.50956 0.0209824 -0 137.394 352 464542
30.512 52.3694 0.7 60.6097 0.52755 0 -0 136.832 349 464542
30.512 52.354 1.97164 60.6097 0.527678 0.0209824 -0 138.894 360 464542
29.5585 52.9135 0.7 60.6097 0.509437 0 -0 138.894 360 464542
29.5585 52.8982 1.97164 60.6097 0.50956 0.0209824 -0 139.269 362 464542
5.77532 60.8984 1.98372 61.1852 0.0945525 0.0209824 -0 135.144 340 464542
-23.1737 56.8341 0.7 61.377 -0.387164 0 -0 136.457 347 464542
33.2398 52.4425 3.30767 62.1442 0.564926 0.041974 -0 138.207 351 464542
33.2398 52.4911 2.00384 62.1442 0.564507 0.0209824 -0 139.894 360 464542
32.2621 53.0495 3.30767 62.1442 0.546391 0.041974 -0 136.519 342 464542
32.2621 53.0976 2.00384 62.1442 0.54599 0.0209824 -0 136.707 343 464542
-6.99133 63.0866 -0.632006 63.4868 -0.110371 -0.0209824 -0 135.957 339 464542
37.4008 52.2471 0.7 64.254 0.621281 0 -0 136.519 342 464542
37.4008 52.1775 3.39621 64.254 0.621912 0.041974 -0 137.457 347 464542
37.4008 52.2297 2.0481 64.254 0.621438 0.0209824 -0 139.894 360 464542
36.3899 52.8874 3.39621 64.254 0.60267 0.041974 -0 138.019 350 464542
36.3899 52.9389 2.0481 64.254 0.602216 0.0209824 -0 138.957 355 464542
-9.23327 64.5561 0.7 65.213 -0.142064 0 -0 136.332 341 464542
-46.3353 48.3105 0.7 66.9392 -0.764533 0 -0 138.832 349 464542
-47.3884 47.2779 0.7 66.9392 -0.786565 0 -0 139.207 351 464542
-47.3884 47.2571 2.10444 66.9392 -0.786786 0.0209824 -0 137.144 340 464542
12.7093 66.0519 3.52498 67.3228 0.190091 0.041974 -0 139.394 352 464542
12.7093 66.0972 2.11249 67.3228 0.189964 0.0209824 -0 140.144 356 464542
11.6502 66.2921 2.11249 67.3228 0.173964 0.0209824 -0 137.707 343 464542
0 68.9883 3.59741 69.0491 0 0.041974 -0 137.144 340 464542
2.17253 69.0149 0.7 69.0491 0.0314688 0 -0 137.894 344 464542
2.17253 68.9997 2.14871 69.0491 0.0314757 0.0209824 -0 139.394 352 464542
-13.3611 69.4392 3.66985 70.7753 -0.190091 0.041974 -0 140.394 352 464542
-13.3611 69.4868 2.18492 70.7753 -0.189964 0.0209824 -0 140.957 355 464542
-14.4745 69.2157 3.66985 70.7753 -0.206151 0.041974 -0 140.019 350 464542
-14.4745 69.2635 2.18492 70.7753 -0.206013 0.0209824 -0 138.332 341 464542
24.1423 68.9056 3.76643 73.0769 0.337002 0.041974 -0 138.707 343 464542
