1.09834 2.40854 0.249291 2.68524 0.427848 -0.168645 -0 97.2067 415 465050
1.26731 2.53734 0.217098 2.87704 0.463219 -0.168645 -0 105.332 437 465050
1.22205 2.55945 0.217098 2.87704 0.445458 -0.168645 -0 104.957 435 465050
0.995745 2.644 0.156735 2.87704 0.360177 -0.189968 -0.0707397 97.6442 396 465050
0.995745 2.63088 0.096372 2.87704 0.361822 -0.211379 -0.0707397 97.4567 395 465050
1.30352 2.74145 0.249291 3.06885 0.443845 -0.147399 -0 102.519 422 465050
1.30352 2.73008 0.184904 3.06885 0.445458 -0.168645 -0 101.207 415 465050
1.15868 2.80573 0.249291 3.06885 0.391638 -0.147399 -0 102.144 420 465050
0.917292 2.87064 0.120517 3.06885 0.309288 -0.189968 -0 99.1442 404 465050
0.917292 2.85689 0.0561301 3.06885 0.310683 -0.211379 -0 98.9567 403 465050
1.12851 3.03147 0.289533 3.26065 0.356371 -0.12622 0.0707397 99.5192 406 465050
1.12851 3.02142 0.221122 3.26065 0.357458 -0.147399 0.0707397 101.957 419 465050
1.07721 3.04009 0.221122 3.26065 0.340533 -0.147399 0.0707397 98.2067 399 465050
1.12851 3.02142 0.221122 3.26065 0.357458 -0.147399 -0 109.457 459 465050
1.12851 3.03147 0.289533 3.26065 0.356371 -0.12622 -0.0707397 100.082 409 465050
1.12851 3.02142 0.221122 3.26065 0.357458 -0.147399 -0.0707397 102.707 423 465050
1.07721 3.05008 0.289533 3.26065 0.339502 -0.12622 -0.0707397 97.2692 394 465050
1.07721 3.04009 0.221122 3.26065 0.340533 -0.147399 -0.0707397 98.9567 403 465050
1.79234 2.91857 0.265388 3.45245 0.550734 -0.12622 -0 103.082 425 465050
1.30352 3.16724 0.265388 3.45245 0.390435 -0.12622 -0 104.582 433 465050
1.24921 3.18905 0.265388 3.45245 0.373346 -0.12622 -0 102.707 423 465050
1.71992 3.17994 0.241243 3.64426 0.495804 -0.12622 0.0707397 99.1442 388 465050
1.43327 3.31902 0.241243 3.64426 0.407646 -0.12622 0.0707397 99.5192 390 465050
1.94925 3.04476 0.241243 3.64426 0.569452 -0.12622 -0.0707397 97.0817 377 465050
1.71992 3.17994 0.241243 3.64426 0.495804 -0.12622 -0.0707397 100.457 395 465050
1.66259 3.21029 0.241243 3.64426 0.477861 -0.12622 -0.0707397 98.5817 385 465050
1.43327 3.31902 0.241243 3.64426 0.407646 -0.12622 -0.0707397 99.8942 392 465050
1.14662 3.6385 0.297581 3.83606 0.305283 -0.105098 0.0707397 102.707 407 465050
1.14662 3.6287 0.217098 3.83606 0.306057 -0.12622 0.0707397 102.519 406 465050
1.08627 3.65697 0.297581 3.83606 0.288739 -0.105098 0.0707397 102.144 404 465050
1.08627 3.64722 0.217098 3.83606 0.289469 -0.12622 0.0707397 101.394 400 465050
1.14662 3.6385 0.297581 3.83606 0.305283 -0.105098 -0.0707397 104.019 414 465050
1.52077 3.70572 0.27746 4.02786 0.389427 -0.105098 0.0707397 104.394 416 465050
1.52077 3.69511 0.192952 4.02786 0.390435 -0.12622 0.0707397 103.832 413 465050
1.59319 3.88219 0.257339 4.21967 0.389427 -0.105098 0.0707397 107.582 433 465050
1.19489 4.02267 0.257339 4.21967 0.288739 -0.105098 0.0707397 107.957 435 465050
1.12851 4.04179 0.257339 4.21967 0.272276 -0.105098 0.0707397 106.644 428 465050
1.59319 3.88219 0.257339 4.21967 0.389427 -0.105098 -0 115.269 474 465050
1.19489 4.02267 0.257339 4.21967 0.288739 -0.105098 -0 116.019 478 465050
1.12851 4.04179 0.257339 4.21967 0.272276 -0.105098 -0 115.082 473 465050
1.59319 3.88219 0.257339 4.21967 0.389427 -0.105098 -0.0707397 108.519 438 465050
1.19489 4.02267 0.257339 4.21967 0.288739 -0.105098 -0.0707397 109.269 442 465050
1.12851 4.04179 0.257339 4.21967 0.272276 -0.105098 -0.0707397 108.519 438 465050
1.73501 4.02947 0.237219 4.41147 0.406588 -0.105098 0.0707397 105.332 405 465050
1.66561 4.05865 0.237219 4.41147 0.389427 -0.105098 0.0707397 105.707 407 465050
1.31861 4.18428 0.237219 4.41147 0.305283 -0.105098 0.0707397 105.144 404 465050
1.66561 4.05865 0.237219 4.41147 0.389427 -0.105098 -0.0707397 108.144 420 465050
1.44836 4.35237 0.313678 4.60327 0.321247 -0.0840222 0.0707397 110.582 433 465050
1.44836 4.34272 0.217098 4.60327 0.321913 -0.105098 0.0707397 110.582 433 465050
1.44836 4.35237 0.313678 4.60327 0.321247 -0.0840222 -0 118.457 475 465050
1.44836 4.34272 0.217098 4.60327 0.321913 -0.105098 -0 118.832 477 465050
1.44836 4.35237 0.313678 4.60327 0.321247 -0.0840222 -0.0707397 111.894 440 465050
1.44836 4.34272 0.217098 4.60327 0.321913 -0.105098 -0.0707397 112.082 441 465050
1.20696 4.62321 0.297581 4.79507 0.255367 -0.0840222 0.0707397 108.707 423 465050
1.20696 4.61334 0.196977 4.79507 0.255889 -0.105098 0.0707397 108.519 422 465050
1.13153 4.64225 0.297581 4.79507 0.239084 -0.0840222 0.0707397 108.519 422 465050
1.13153 4.63242 0.196977 4.79507 0.239572 -0.105098 0.0707397 108.332 421 465050
1.20696 4.62321 0.297581 4.79507 0.255367 -0.0840222 -0 116.582 465 465050
1.20696 4.61334 0.196977 4.79507 0.255889 -0.105098 -0 116.582 465 465050
1.13153 4.64225 0.297581 4.79507 0.239084 -0.0840222 -0 116.394 464 465050
1.13153 4.63242 0.196977 4.79507 0.239572 -0.105098 -0 116.582 465 465050
1.20696 4.62321 0.297581 4.79507 0.255367 -0.0840222 -0.0707397 110.207 431 465050
1.20696 4.61334 0.196977 4.79507 0.255889 -0.105098 -0.0707397 110.207 431 465050
1.13153 4.64225 0.297581 4.79507 0.239084 -0.0840222 -0.0707397 110.019 430 465050
1.13153 4.63242 0.196977 4.79507 0.239572 -0.105098 -0.0707397 110.207 431 465050
1.80441 4.63011 0.281485 4.98688 0.371606 -0.0840222 0.0707397 102.519 390 465050
1.56905 4.71507 0.281485 4.98688 0.321247 -0.0840222 0.0707397 104.394 400 465050
1.41215 4.76441 0.281485 4.98688 0.288146 -0.0840222 0.0707397 105.519 406 465050
1.33369 4.78697 0.281485 4.98688 0.271719 -0.0840222 0.0707397 107.394 416 465050
1.33369 4.77666 0.176856 4.98688 0.272276 -0.105098 0.0707397 104.582 401 465050
1.33369 4.78697 0.281485 4.98688 0.271719 -0.0840222 -0 114.894 456 465050
1.56905 4.71507 0.281485 4.98688 0.321247 -0.0840222 -0.0707397 104.394 400 465050
1.41215 4.76441 0.281485 4.98688 0.288146 -0.0840222 -0.0707397 104.582 401 465050
1.33369 4.78697 0.281485 4.98688 0.271719 -0.0840222 -0.0707397 108.332 421 465050
1.33369 4.77666 0.176856 4.98688 0.272276 -0.105098 -0.0707397 104.207 399 465050
1.25524 4.80813 0.281485 4.98688 0.255367 -0.0840222 -0.0707397 104.957 403 465050
1.46646 4.94766 0.265388 5.17868 0.288146 -0.0840222 0.0707397 111.832 429 465050
1.46646 4.93691 0.156735 5.17868 0.288739 -0.105098 0.0707397 107.707 407 465050
1.38499 4.97108 0.265388 5.17868 0.271719 -0.0840222 0.0707397 109.957 419 465050
1.05911 5.05056 0.265388 5.17868 0.206706 -0.0840222 0.0707397 107.144 404 465050
1.46646 4.94766 0.265388 5.17868 0.288146 -0.0840222 -0 119.144 468 465050
1.38499 4.97108 0.265388 5.17868 0.271719 -0.0840222 -0 117.644 460 465050
1.46646 4.94766 0.265388 5.17868 0.288146 -0.0840222 -0.0707397 112.394 432 465050
1.38499 4.97108 0.265388 5.17868 0.271719 -0.0840222 -0.0707397 111.082 425 465050
1.60526 5.1138 0.361968 5.37048 0.304167 -0.0629841 0.0707397 106.582 401 465050
1.60526 5.1051 0.249291 5.37048 0.304653 -0.0840222 0.0707397 109.207 415 465050
1.52077 5.13091 0.249291 5.37048 0.288146 -0.0840222 0.0707397 107.519 406 465050
1.60526 5.1051 0.249291 5.37048 0.304653 -0.0840222 -0 116.144 452 465050
1.52077 5.13091 0.249291 5.37048 0.288146 -0.0840222 -0 115.019 446 465050
1.60526 5.1051 0.249291 5.37048 0.304653 -0.0840222 -0.0707397 109.394 416 465050
1.52077 5.13091 0.249291 5.37048 0.288146 -0.0840222 -0.0707397 109.019 414 465050
1.18282 5.21918 0.249291 5.37048 0.222865 -0.0840222 -0.0707397 107.332 405 465050
1.22507 5.41439 0.349896 5.56229 0.222515 -0.0629841 0.0707397 107.144 404 465050
1.22507 5.40558 0.233194 5.56229 0.222865 -0.0840222 0.0707397 109.582 417 465050
1.13756 5.43345 0.349896 5.56229 0.206382 -0.0629841 0.0707397 106.957 403 465050
1.13756 5.42467 0.233194 5.56229 0.206706 -0.0840222 0.0707397 109.957 419 465050
1.22507 5.40558 0.233194 5.56229 0.222865 -0.0840222 -0 116.332 453 465050
1.13756 5.42467 0.233194 5.56229 0.206706 -0.0840222 -0 116.707 455 465050
1.66259 5.28743 0.233194 5.56229 0.304653 -0.0840222 -0.0707397 106.019 398 465050
1.22507 5.40558 0.233194 5.56229 0.222865 -0.0840222 -0.0707397 108.832 413 465050
1.13756 5.42467 0.233194 5.56229 0.206706 -0.0840222 -0.0707397 109.394 416 465050
1.35783 5.57069 0.217098 5.75409 0.239084 -0.0840222 0.0707397 109.207 415 465050
1.26731 5.6011 0.337823 5.75409 0.222515 -0.0629841 0.0707397 110.144 420 465050
1.26731 5.59198 0.217098 5.75409 0.222865 -0.0840222 0.0707397 112.957 435 465050
1.17679 5.61173 0.217098 5.75409 0.206706 -0.0840222 0.0707397 108.457 411 465050
1.35783 5.57069 0.217098 5.75409 0.239084 -0.0840222 -0 116.519 454 465050
1.26731 5.6011 0.337823 5.75409 0.222515 -0.0629841 -0 117.644 460 465050
1.26731 5.59198 0.217098 5.75409 0.222865 -0.0840222 -0 120.644 476 465050
1.17679 5.61173 0.217098 5.75409 0.206706 -0.0840222 -0 116.144 452 465050
1.35783 5.57069 0.217098 5.75409 0.239084 -0.0840222 -0.0707397 109.394 416 465050
1.26731 5.6011 0.337823 5.75409 0.222515 -0.0629841 -0.0707397 110.332 421 465050
1.26731 5.59198 0.217098 5.75409 0.222865 -0.0840222 -0.0707397 113.519 438 465050
1.17679 5.61173 0.217098 5.75409 0.206706 -0.0840222 -0.0707397 109.207 415 465050
1.21602 5.80817 0.325751 5.94589 0.206382 -0.0629841 -0 112.519 422 465050
1.21602 5.79879 0.201001 5.94589 0.206706 -0.0840222 -0 114.019 430 465050
1.12248 5.82697 0.325751 5.94589 0.190303 -0.0629841 -0 110.644 412 465050
1.15868 6.01494 0.313678 6.1377 0.190303 -0.0629841 0.0707397 114.582 433 465050
1.15868 6.00528 0.184904 6.1377 0.190602 -0.0840222 0.0707397 114.207 431 465050
1.06213 6.03274 0.313678 6.1377 0.174275 -0.0629841 0.0707397 111.394 416 465050
1.15868 6.01494 0.313678 6.1377 0.190303 -0.0629841 -0 121.894 472 465050
1.15868 6.00528 0.184904 6.1377 0.190602 -0.0840222 -0 121.332 469 465050
1.06213 6.03274 0.313678 6.1377 0.174275 -0.0629841 -0 118.707 455 465050
1.15868 6.01494 0.313678 6.1377 0.190303 -0.0629841 -0.0707397 114.957 435 465050
1.15868 6.00528 0.184904 6.1377 0.190602 -0.0840222 -0.0707397 114.207 431 465050
1.06213 6.03274 0.313678 6.1377 0.174275 -0.0629841 -0.0707397 111.582 417 465050
1.19489 6.20291 0.301606 6.3295 0.190303 -0.0629841 0.0707397 110.644 412 465050
1.19489 6.19295 0.168807 6.3295 0.190602 -0.0840222 0.0707397 109.894 408 465050
1.09532 6.22126 0.301606 6.3295 0.174275 -0.0629841 0.0707397 109.332 405 465050
1.09532 6.21133 0.168807 6.3295 0.174548 -0.0840222 0.0707397 108.207 399 465050
1.19489 6.20291 0.301606 6.3295 0.190303 -0.0629841 -0 118.707 455 465050
1.19489 6.19295 0.168807 6.3295 0.190602 -0.0840222 -0 118.519 454 465050
1.09532 6.22126 0.301606 6.3295 0.174275 -0.0629841 -0 118.144 452 465050
1.09532 6.21133 0.168807 6.3295 0.174548 -0.0840222 -0 117.019 446 465050
1.19489 6.20291 0.301606 6.3295 0.190303 -0.0629841 -0.0707397 112.144 420 465050
1.19489 6.19295 0.168807 6.3295 0.190602 -0.0840222 -0.0707397 112.332 421 465050
1.09532 6.22126 0.301606 6.3295 0.174275 -0.0629841 -0.0707397 111.394 416 465050
1.09532 6.21133 0.168807 6.3295 0.174548 -0.0840222 -0.0707397 110.644 412 465050
1.74406 6.27034 0.289533 6.5213 0.271288 -0.0629841 0.0707397 114.019 430 465050
1.84665 6.24089 0.289533 6.5213 0.287687 -0.0629841 -0 120.019 462 465050
1.74406 6.27034 0.289533 6.5213 0.271288 -0.0629841 -0 122.082 473 465050
1.74406 6.25988 0.152711 6.5213 0.271719 -0.0840222 -0 119.644 460 465050
1.64147 6.29797 0.289533 6.5213 0.254962 -0.0629841 -0 118.707 455 465050
1.84665 6.24089 0.289533 6.5213 0.287687 -0.0629841 -0.0707397 113.457 427 465050
1.74406 6.27034 0.289533 6.5213 0.271288 -0.0629841 -0.0707397 115.144 436 465050
1.79536 6.46857 0.7 6.7131 0.270736 0 0.0707397 120.332 453 465050
1.68975 6.49696 0.7 6.7131 0.254446 0 0.0707397 122.394 464 465050
1.79536 6.46857 0.7 6.7131 0.270736 0 -0 127.644 492 465050
1.68975 6.49696 0.7 6.7131 0.254446 0 -0 129.332 501 465050
1.68975 6.49544 0.559153 6.7131 0.254503 -0.0209824 -0 124.832 477 465050
1.68975 6.49544 0.840847 6.7131 0.254503 0.0209824 -0 125.207 479 465050
1.79536 6.46857 0.7 6.7131 0.270736 0 -0.0707397 120.519 454 465050
1.68975 6.49696 0.7 6.7131 0.254446 0 -0.0707397 122.394 464 465050
1.95528 6.60801 0.265388 6.90491 0.287687 -0.0629841 0.0707397 120.894 456 465050
1.84665 6.65339 0.7 6.90491 0.270736 0 0.0707397 123.144 468 465050
1.84665 6.63918 0.265388 6.90491 0.271288 -0.0629841 0.0707397 120.332 453 465050
1.73803 6.68259 0.7 6.90491 0.254446 0 0.0707397 123.707 471 465050
1.84665 6.65339 0.7 6.90491 0.270736 0 -0 131.207 511 465050
1.73803 6.68259 0.7 6.90491 0.254446 0 -0 131.957 515 465050
1.95528 6.60801 0.265388 6.90491 0.287687 -0.0629841 -0.0707397 122.582 465 465050
1.84665 6.65339 0.7 6.90491 0.270736 0 -0.0707397 124.644 476 465050
1.73803 6.68259 0.7 6.90491 0.254446 0 -0.0707397 125.582 481 465050
1.67466 6.88986 0.40221 7.09671 0.238438 -0.041974 -0 121.082 457 465050
1.67466 6.88181 0.253315 7.09671 0.238706 -0.0629841 -0 125.394 480 465050
1.67466 6.87052 0.10442 7.09671 0.239084 -0.0840222 -0 120.332 453 465050
1.56302 6.90802 0.253315 7.09671 0.222515 -0.0629841 -0 123.894 472 465050
1.83458 7.05384 0.7 7.28851 0.254446 0 -0 120.332 453 465050
1.37594 7.14274 0.241243 7.28851 0.190303 -0.0629841 -0 119.582 449 465050
1.76518 7.26228 0.386113 7.48032 0.238438 -0.041974 -0 124.207 463 465050
1.41215 7.33071 0.22917 7.48032 0.190303 -0.0629841 -0 119.894 440 465050
2.84542 7.32366 0.370017 7.86392 0.370574 -0.041974 0.0707397 109.957 387 465050
2.84542 7.31436 0.205025 7.86392 0.371003 -0.0629841 0.0707397 112.957 403 465050
2.47427 7.45723 0.370017 7.86392 0.320366 -0.041974 0.0707397 114.082 409 465050
2.47427 7.4481 0.205025 7.86392 0.320732 -0.0629841 0.0707397 115.207 415 465050
1.85571 7.64005 0.535008 7.86392 0.238277 -0.0209824 -0 126.457 475 465050
1.85571 7.63471 0.370017 7.86392 0.238438 -0.041974 -0 126.832 477 465050
1.73199 7.66904 0.535008 7.86392 0.222116 -0.0209824 -0 124.019 462 465050
1.73199 7.66372 0.370017 7.86392 0.222265 -0.041974 -0 124.394 464 465050
2.84542 7.32366 0.370017 7.86392 0.370574 -0.041974 -0.0707397 110.707 391 465050
2.84542 7.31436 0.205025 7.86392 0.371003 -0.0629841 -0.0707397 113.144 404 465050
2.47427 7.4481 0.205025 7.86392 0.320732 -0.0629841 -0.0707397 115.207 415 465050
1.90097 7.8264 0.530984 8.05573 0.238277 -0.0209824 0.0707397 126.082 473 465050
1.90097 7.82092 0.361968 8.05573 0.238438 -0.041974 0.0707397 131.144 500 465050
1.90097 7.81178 0.192952 8.05573 0.238706 -0.0629841 0.0707397 127.957 483 465050
1.77424 7.85064 0.361968 8.05573 0.222265 -0.041974 0.0707397 127.394 480 465050
1.90097 7.8264 0.530984 8.05573 0.238277 -0.0209824 -0 133.957 515 465050
1.90097 7.82092 0.361968 8.05573 0.238438 -0.041974 -0 138.832 541 465050
1.90097 7.81178 0.192952 8.05573 0.238706 -0.0629841 -0 135.644 524 465050
1.77424 7.85064 0.361968 8.05573 0.222265 -0.041974 -0 135.269 522 465050
1.90097 7.8264 0.530984 8.05573 0.238277 -0.0209824 -0.0707397 127.019 478 465050
1.90097 7.82092 0.361968 8.05573 0.238438 -0.041974 -0.0707397 131.894 504 465050
1.90097 7.81178 0.192952 8.05573 0.238706 -0.0629841 -0.0707397 128.894 488 465050
1.77424 7.85064 0.361968 8.05573 0.222265 -0.041974 -0.0707397 128.332 485 465050
1.94623 8.00713 0.35392 8.24753 0.238438 -0.041974 0.0707397 123.332 453 465050
1.94623 8.00713 0.35392 8.24753 0.238438 -0.041974 -0 131.582 497 465050
1.94623 7.99778 0.18088 8.24753 0.238706 -0.0629841 -0 130.082 489 465050
1.81648 8.03756 0.35392 8.24753 0.222265 -0.041974 -0 127.644 476 465050
1.94623 8.00713 0.35392 8.24753 0.238438 -0.041974 -0.0707397 125.394 464 465050
1.94623 7.99778 0.18088 8.24753 0.238706 -0.0629841 -0.0707397 124.082 457 465050
1.99149 8.19334 0.345872 8.43933 0.238438 -0.041974 -0 125.207 463 465050
1.32766 8.32672 0.345872 8.43933 0.158115 -0.041974 -0 117.332 421 465050
2.4441 8.26993 0.337823 8.63113 0.287361 -0.041974 -0 118.832 429 465050
1.6294 8.4682 0.337823 8.63113 0.190091 -0.041974 -0 121.269 442 465050
1.49362 8.4932 0.337823 8.63113 0.17408 -0.041974 -0 119.394 432 465050
4.68 7.69546 0.321726 9.01474 0.546391 -0.041974 -0 116.144 404 465050
3.12 8.44914 0.321726 9.01474 0.353736 -0.041974 -0 118.019 414 465050
2.97818 8.50017 0.321726 9.01474 0.337002 -0.041974 -0 118.207 415 465050
4.77957 7.85919 0.313678 9.20654 0.546391 -0.041974 -0 115.019 398 465050
3.76573 8.39229 0.313678 9.20654 0.421783 -0.041974 -0 116.332 405 465050
3.62089 8.45579 0.313678 9.20654 0.40459 -0.041974 -0 119.707 423 465050
3.62089 8.44475 0.120517 9.20654 0.405063 -0.0629841 -0 115.394 400 465050
3.47605 8.51635 0.313678 9.20654 0.387523 -0.041974 -0 116.707 407 465050
1.14058 10.2369 -0.38653 10.3574 0.110961 -0.105098 2.19293 119.957 419 465050
1.14058 10.2115 -0.603836 10.3574 0.111235 -0.12622 2.19293 117.144 404 465050
0.97764 10.2744 -0.169224 10.3574 0.0948673 -0.0840222 2.19293 116.582 401 465050
0.97764 10.2537 -0.38653 10.3574 0.0950577 -0.105098 2.19293 120.519 422 465050
0.97764 10.2284 -0.603836 10.3574 0.0952919 -0.12622 2.19293 117.144 404 465050
1.14058 10.2944 0.7 10.3574 0.110346 0 1.98071 123.144 436 465050
1.14058 10.2921 0.917306 10.3574 0.110371 0.0209824 1.98071 121.269 426 465050
0.97764 10.3111 0.7 10.3574 0.0945316 0 1.98071 122.582 433 465050
0.97764 10.3088 0.917306 10.3574 0.0945525 0.0209824 1.98071 120.894 424 465050
1.14058 10.2944 0.7 10.3574 0.110346 0 1.83923 129.144 468 465050
1.14058 10.2921 0.917306 10.3574 0.110371 0.0209824 1.83923 129.707 471 465050
0.97764 10.3111 0.7 10.3574 0.0945316 0 1.83923 131.019 478 465050
0.97764 10.3088 0.917306 10.3574 0.0945525 0.0209824 1.83923 131.582 481 465050
0.799613 10.1318 0.486718 10.1656 0.0787578 -0.0209824 1.98071 115.457 395 465050
0.799613 10.1251 0.273436 10.1656 0.07881 -0.041974 1.98071 115.082 393 465050
1.14058 10.2944 0.7 10.3574 0.110346 0 1.76849 128.582 465 465050
1.14058 10.2921 0.917306 10.3574 0.110371 0.0209824 1.76849 128.957 467 465050
0.97764 10.3111 0.7 10.3574 0.0945316 0 1.76849 130.457 475 465050
0.97764 10.3088 0.917306 10.3574 0.0945525 0.0209824 1.76849 131.019 478 465050
1.09834 9.91309 0.7 9.97375 0.110346 0 1.83923 115.269 394 465050
1.09834 9.91089 0.909258 9.97375 0.110371 0.0209824 1.83923 115.457 395 465050
0.941431 9.92922 0.7 9.97375 0.0945316 0 1.83923 118.832 413 465050
0.941431 9.92702 0.909258 9.97375 0.0945525 0.0209824 1.83923 117.707 407 465050
1.14058 10.2921 0.917306 10.3574 0.110371 0.0209824 1.55627 120.519 422 465050
0.97764 10.302 1.13461 10.3574 0.0946152 0.041974 1.55627 120.894 424 465050
0.97764 10.3088 0.917306 10.3574 0.0945525 0.0209824 1.55627 122.582 433 465050
1.14058 10.2921 0.917306 10.3574 0.110371 0.0209824 1.41479 127.082 457 465050
0.97764 10.302 1.13461 10.3574 0.0946152 0.041974 1.41479 128.582 465 465050
0.97764 10.3088 0.917306 10.3574 0.0945525 0.0209824 1.41479 130.457 475 465050
1.14058 10.2852 1.13461 10.3574 0.110444 0.041974 1.20258 121.644 428 465050
1.14058 10.2921 0.917306 10.3574 0.110371 0.0209824 1.20258 119.019 414 465050
0.97764 10.2905 1.35192 10.3574 0.09472 0.0629841 1.20258 119.019 414 465050
0.97764 10.302 1.13461 10.3574 0.0946152 0.041974 1.20258 121.832 429 465050
0.97764 10.3088 0.917306 10.3574 0.0945525 0.0209824 1.20258 118.832 413 465050
1.14058 10.2921 0.917306 10.3574 0.110371 0.0209824 1.34406 119.957 419 465050
0.97764 10.3111 0.7 10.3574 0.0945316 0 1.34406 119.582 417 465050
0.97764 10.3088 0.917306 10.3574 0.0945525 0.0209824 1.34406 123.519 438 465050
0.8147 10.323 0.917306 10.3574 0.0787578 0.0209824 1.34406 119.957 419 465050
1.07721 9.72029 0.905234 9.78195 0.110371 0.0209824 1.76849 115.269 394 465050
0.941431 9.9204 1.11852 9.97375 0.0946152 0.041974 1.48553 116.207 399 465050
0.941431 9.92702 0.909258 9.97375 0.0945525 0.0209824 1.48553 117.332 405 465050
0.97764 10.2905 1.35192 10.3574 0.09472 0.0629841 1.13184 130.644 476 465050
0.97764 10.302 1.13461 10.3574 0.0946152 0.041974 1.13184 131.019 478 465050
0.8147 10.3047 1.35192 10.3574 0.0788972 0.0629841 1.13184 127.269 458 465050
1.14058 10.2852 1.13461 10.3574 0.110444 0.041974 0.990356 120.332 421 465050
0.97764 10.2744 1.56922 10.3574 0.0948673 0.0840222 0.990356 117.519 406 465050
0.97764 10.302 1.13461 10.3574 0.0946152 0.041974 0.990356 121.269 426 465050
0.97764 10.3088 0.917306 10.3574 0.0945525 0.0209824 0.990356 117.894 408 465050
0.97764 10.2744 1.56922 10.3574 0.0948673 0.0840222 0.919617 115.269 394 465050
0.8147 10.2886 1.56922 10.3574 0.0790197 0.0840222 0.919617 116.019 398 465050
0.941431 9.92922 0.7 9.97375 0.0945316 0 1.76849 116.207 399 465050
0.941431 9.92702 0.909258 9.97375 0.0945525 0.0209824 0.707397 115.269 394 465050
0.97764 10.2905 1.35192 10.3574 0.09472 0.0629841 0.778137 116.394 400 465050
0.8147 10.2886 1.56922 10.3574 0.0790197 0.0840222 0.778137 117.144 404 465050
0.8147 10.3047 1.35192 10.3574 0.0788972 0.0629841 0.778137 117.332 405 465050
0.941431 9.87394 1.74629 9.97375 0.0950577 0.105098 0.848877 115.269 394 465050
0.48882 10.3253 1.35192 10.3574 0.0473068 0.0629841 0.212219 116.207 399 465050
0.48882 10.3367 1.13461 10.3574 0.0472546 0.041974 0.212219 114.519 390 465050
-7.82112 6.7342 1.56922 10.3574 -0.859935 0.0840222 0.707397 116.957 403 465050
2.4441 10.0273 1.56922 10.3574 0.239084 0.0840222 0.707397 116.957 403 465050
0.97764 10.2744 1.56922 10.3574 0.0948673 0.0840222 0.707397 117.332 405 465050
0.97764 10.2905 1.35192 10.3574 0.09472 0.0629841 0.707397 117.144 404 465050
0.8147 10.2886 1.56922 10.3574 0.0790197 0.0840222 0.707397 119.019 414 465050
0.8147 10.3047 1.35192 10.3574 0.0788972 0.0629841 0.707397 118.832 413 465050
0.48882 10.3253 1.35192 10.3574 0.0473068 0.0629841 0.141479 117.144 404 465050
0.48882 10.3367 1.13461 10.3574 0.0472546 0.041974 0.141479 115.269 394 465050
0.32588 10.3317 1.35192 10.3574 0.0315314 0.0629841 0.141479 115.644 396 465050
0.32588 10.3431 1.13461 10.3574 0.0314966 0.041974 0.141479 114.519 390 465050
1.27938 10.0486 1.55313 10.1656 0.126638 0.0840222 0.636658 117.144 404 465050
1.27938 10.0644 1.33985 10.1656 0.126441 0.0629841 0.636658 116.394 400 465050
0.941431 9.9204 1.11852 9.97375 0.0946152 0.041974 1.41479 116.394 400 465050
0.941431 9.92702 0.909258 9.97375 0.0945525 0.0209824 1.41479 116.394 400 465050
0.923327 9.71879 1.3157 9.78195 0.09472 0.0629841 1.13184 116.582 401 465050
3.8472 8.9913 0.494766 9.78195 0.404307 -0.0209824 -0 119.394 416 465050
3.8472 8.98427 0.289533 9.78195 0.40459 -0.041974 -0 120.519 422 465050
3.69331 9.0556 0.494766 9.78195 0.387253 -0.0209824 -0 118.082 409 465050
3.69331 9.04862 0.289533 9.78195 0.387523 -0.041974 -0 119.019 414 465050
1.07721 9.72029 0.905234 9.78195 0.110371 0.0209824 1.83923 116.207 399 465050
0.941431 9.89388 -0.137031 9.97375 0.0948673 -0.0840222 0.495178 115.082 393 465050
-1.72596 9.82105 0.490742 9.97375 -0.173964 -0.0209824 -0 116.207 399 465050
-1.88286 9.79218 0.490742 9.97375 -0.189964 -0.0209824 -0 114.707 391 465050
-2.03977 9.7607 0.490742 9.97375 -0.206013 -0.0209824 -0 118.832 413 465050
-2.03977 9.75397 0.281485 9.97375 -0.206151 -0.041974 -0 114.519 390 465050
-2.19667 9.72659 0.490742 9.97375 -0.222116 -0.0209824 -0 115.644 396 465050
0.941431 9.74898 -1.18332 9.97375 0.0962687 -0.189968 -0.282959 115.644 396 465050
0.959536 10.1179 0.913282 10.1656 0.0945525 0.0209824 1.76849 116.207 399 465050
3.99807 9.3439 0.486718 10.1656 0.404307 -0.0209824 -0 116.957 403 465050
-2.4441 10.0555 0.265388 10.3574 -0.238438 -0.041974 0.0707397 114.332 389 465050
7.98406 6.58337 0.265388 10.3574 0.881256 -0.041974 0.0707397 116.019 398 465050
-2.28116 10.0937 0.265388 10.3574 -0.222265 -0.041974 -0 120.144 420 465050
-2.4441 10.0555 0.265388 10.3574 -0.238438 -0.041974 -0 120.707 423 465050
7.98406 6.59412 0.482694 10.3574 0.880455 -0.0209824 -0 119.582 417 465050
7.98406 6.58337 0.265388 10.3574 0.881256 -0.041974 -0 123.332 437 465050
7.98406 6.58337 0.265388 10.3574 0.881256 -0.041974 -0.0707397 116.394 400 465050
1.1617 10.4264 -0.406651 10.5492 0.110961 -0.105098 2.19293 118.144 404 465050
0.995745 10.4436 -0.406651 10.5492 0.0950577 -0.105098 2.19293 117.957 403 465050
1.1617 10.4264 -0.406651 10.5492 0.110961 -0.105098 2.12219 120.019 414 465050
0.995745 10.5021 0.7 10.5492 0.0945316 0 2.12219 117.957 403 465050
0.995745 10.4436 -0.406651 10.5492 0.0950577 -0.105098 2.12219 120.582 417 465050
1.1617 10.485 0.7 10.5492 0.110346 0 2.05145 120.582 417 465050
1.1617 10.4264 -0.406651 10.5492 0.110961 -0.105098 2.05145 119.457 411 465050
1.1617 10.4827 0.92133 10.5492 0.110371 0.0209824 2.05145 120.019 414 465050
0.995745 10.5021 0.7 10.5492 0.0945316 0 2.05145 121.144 420 465050
0.995745 10.4436 -0.406651 10.5492 0.0950577 -0.105098 2.05145 119.832 413 465050
0.995745 10.4997 0.92133 10.5492 0.0945525 0.0209824 2.05145 118.332 405 465050
2.48936 10.1913 -0.406651 10.5492 0.239572 -0.105098 1.90997 119.269 410 465050
2.48936 10.1649 -0.627982 10.5492 0.240172 -0.12622 1.90997 119.082 409 465050
2.3234 10.2304 -0.406651 10.5492 0.223319 -0.105098 1.90997 118.332 405 465050
2.3234 10.2041 -0.627982 10.5492 0.223877 -0.12622 1.90997 117.582 401 465050
1.1617 10.485 0.7 10.5492 0.110346 0 1.98071 123.582 433 465050
1.1617 10.4827 0.92133 10.5492 0.110371 0.0209824 1.98071 123.582 433 465050
1.1617 10.485 0.7 10.5492 0.110346 0 1.83923 121.707 423 465050
1.1617 10.4827 0.92133 10.5492 0.110371 0.0209824 1.83923 122.832 429 465050
0.995745 10.5021 0.7 10.5492 0.0945316 0 1.83923 124.332 437 465050
0.995745 10.4997 0.92133 10.5492 0.0945525 0.0209824 1.83923 125.082 441 465050
2.48936 10.2512 0.7 10.5492 0.238224 0 1.69775 121.332 421 465050
2.48936 10.2489 0.92133 10.5492 0.238277 0.0209824 1.69775 119.082 409 465050
2.3234 10.2901 0.7 10.5492 0.222066 0 1.69775 119.457 411 465050
2.3234 10.2877 0.92133 10.5492 0.222116 0.0209824 1.69775 118.144 404 465050
1.1617 10.3699 -0.849312 10.5492 0.111561 -0.147399 1.69775 119.457 411 465050
0.995745 10.3872 -0.849312 10.5492 0.095571 -0.147399 1.69775 118.894 408 465050
1.1617 10.485 0.7 10.5492 0.110346 0 1.76849 122.457 427 465050
1.1617 10.4827 0.92133 10.5492 0.110371 0.0209824 1.76849 122.082 425 465050
0.995745 10.5021 0.7 10.5492 0.0945316 0 1.76849 125.457 443 465050
0.995745 10.4997 0.92133 10.5492 0.0945525 0.0209824 1.76849 125.269 442 465050
1.1617 10.4827 0.92133 10.5492 0.110371 0.0209824 1.41479 126.207 447 465050
0.995745 10.4997 0.92133 10.5492 0.0945525 0.0209824 1.41479 127.332 453 465050
1.1617 10.3699 -0.849312 10.5492 0.111561 -0.147399 1.55627 120.019 414 465050
0.995745 10.5021 0.7 10.5492 0.0945316 0 1.55627 119.082 409 465050
0.995745 10.4647 -0.185321 10.5492 0.0948673 -0.0840222 1.55627 118.707 407 465050
0.995745 10.3872 -0.849312 10.5492 0.095571 -0.147399 1.55627 119.269 410 465050
0.995745 10.4927 1.14266 10.5492 0.0946152 0.041974 1.55627 119.082 409 465050
0.995745 10.4997 0.92133 10.5492 0.0945525 0.0209824 1.55627 119.082 409 465050
1.1617 10.4827 0.92133 10.5492 0.110371 0.0209824 1.48553 122.457 427 465050
0.995745 10.5021 0.7 10.5492 0.0945316 0 1.48553 122.082 425 465050
0.995745 10.4927 1.14266 10.5492 0.0946152 0.041974 1.48553 120.394 416 465050
0.995745 10.4997 0.92133 10.5492 0.0945525 0.0209824 1.48553 125.082 441 465050
1.01385 10.693 0.7 10.741 0.0945316 0 1.83923 118.332 405 465050
1.01385 10.6906 0.925354 10.741 0.0945525 0.0209824 1.83923 117.582 401 465050
1.1617 10.4757 1.14266 10.5492 0.110444 0.041974 1.20258 124.707 439 465050
1.1617 10.4827 0.92133 10.5492 0.110371 0.0209824 1.20258 123.582 433 465050
1.1617 10.4827 0.92133 10.5492 0.110371 0.0209824 1.34406 123.207 431 465050
0.995745 10.4997 0.92133 10.5492 0.0945525 0.0209824 1.34406 123.957 435 465050
2.65532 10.1999 1.14266 10.5492 0.254675 0.041974 1.27332 122.082 425 465050
2.65532 10.2071 0.92133 10.5492 0.254503 0.0209824 1.27332 124.519 438 465050
2.7036 10.3854 1.15071 10.741 0.254675 0.041974 1.27332 120.394 416 465050
2.7036 10.3927 0.925354 10.741 0.254503 0.0209824 1.27332 122.832 429 465050
2.53462 10.4279 1.15071 10.741 0.238438 0.041974 1.27332 117.957 403 465050
2.53462 10.4352 0.925354 10.741 0.238277 0.0209824 1.27332 119.832 413 465050
2.7036 10.3927 0.925354 10.741 0.254503 0.0209824 1.20258 119.457 411 465050
2.7036 10.3854 1.15071 10.741 0.254675 0.041974 1.13184 124.894 440 465050
2.7036 10.3927 0.925354 10.741 0.254503 0.0209824 1.13184 123.582 433 465050
2.53462 10.3766 1.82677 10.741 0.239572 0.105098 1.13184 122.644 428 465050
2.53462 10.4279 1.15071 10.741 0.238438 0.041974 1.13184 124.144 436 465050
2.65532 10.1999 1.14266 10.5492 0.254675 0.041974 1.13184 126.207 447 465050
0.995745 10.4811 1.36399 10.5492 0.09472 0.0629841 1.13184 127.707 455 465050
0.995745 10.4927 1.14266 10.5492 0.0946152 0.041974 1.13184 127.144 452 465050
1.1617 10.464 1.36399 10.5492 0.110567 0.0629841 1.0611 124.707 439 465050
0.995745 10.4811 1.36399 10.5492 0.09472 0.0629841 1.0611 128.082 457 465050
0.995745 10.4927 1.14266 10.5492 0.0946152 0.041974 1.0611 126.957 451 465050
2.7036 10.3339 1.82677 10.741 0.255889 0.105098 1.0611 122.269 426 465050
2.7036 10.356 1.60142 10.741 0.255367 0.0840222 1.0611 122.082 425 465050
2.53462 10.3766 1.82677 10.741 0.239572 0.105098 1.0611 124.144 436 465050
2.53462 10.3986 1.60142 10.741 0.239084 0.0840222 1.0611 123.582 433 465050
2.65532 10.1879 1.36399 10.5492 0.254962 0.0629841 0.919617 123.207 431 465050
2.65532 10.1999 1.14266 10.5492 0.254675 0.041974 0.919617 121.707 423 465050
0.995745 10.4927 1.14266 10.5492 0.0946152 0.041974 0.919617 118.332 405 465050
0.995745 10.4997 0.92133 10.5492 0.0945525 0.0209824 0.919617 118.519 406 465050
2.7036 10.3731 1.37606 10.741 0.254962 0.0629841 0.919617 125.644 444 465050
2.7036 10.3854 1.15071 10.741 0.254675 0.041974 0.919617 123.207 431 465050
2.53462 10.4157 1.37606 10.741 0.238706 0.0629841 0.919617 123.582 433 465050
2.7036 10.3731 1.37606 10.741 0.254962 0.0629841 0.848877 122.832 429 465050
2.7036 10.3854 1.15071 10.741 0.254675 0.041974 0.848877 120.207 415 465050
2.53462 10.4157 1.37606 10.741 0.238706 0.0629841 0.848877 121.894 424 465050
2.53462 10.4279 1.15071 10.741 0.238438 0.041974 0.848877 118.519 406 465050
2.7036 10.3731 1.37606 10.741 0.254962 0.0629841 0.990356 120.582 417 465050
2.7036 10.3854 1.15071 10.741 0.254675 0.041974 0.990356 119.644 412 465050
2.53462 10.4157 1.37606 10.741 0.238706 0.0629841 0.990356 119.832 413 465050
2.53462 10.4279 1.15071 10.741 0.238438 0.041974 0.990356 119.644 412 465050
0.844874 10.6697 1.60142 10.741 0.0790197 0.0840222 0.990356 117.957 403 465050
2.65532 10.1879 1.36399 10.5492 0.254962 0.0629841 0.848877 119.644 412 465050
2.65532 10.1999 1.14266 10.5492 0.254675 0.041974 0.848877 117.394 400 465050
2.75188 10.5808 0.7 10.9328 0.254446 0 0.212219 117.394 400 465050
1.01385 10.6906 0.474646 10.741 0.0945525 -0.0209824 0.282959 121.144 420 465050
0.995745 10.4997 0.47867 10.5492 0.0945525 -0.0209824 0.282959 118.519 406 465050
1.01385 10.6906 0.474646 10.741 0.0945525 -0.0209824 0.212219 119.644 412 465050
1.01385 10.6835 0.249291 10.741 0.0946152 -0.041974 0.212219 117.582 401 465050
1.1617 10.4827 0.47867 10.5492 0.110371 -0.0209824 0.0707397 120.019 414 465050
1.1617 10.4757 0.257339 10.5492 0.110444 -0.041974 0.0707397 120.019 414 465050
0.995745 10.4997 0.47867 10.5492 0.0945525 -0.0209824 0.0707397 123.582 433 465050
0.995745 10.4927 0.257339 10.5492 0.0946152 -0.041974 0.0707397 123.207 431 465050
-2.3234 10.2806 0.257339 10.5492 -0.222265 -0.041974 -0 120.957 419 465050
-2.48936 10.2417 0.257339 10.5492 -0.238438 -0.041974 -0 121.144 420 465050
8.13192 6.71624 0.47867 10.5492 0.880455 -0.0209824 -0 121.332 421 465050
8.13192 6.70529 0.257339 10.5492 0.881256 -0.041974 -0 123.957 435 465050
8.13192 6.70529 0.257339 10.5492 0.881256 -0.041974 -0.0707397 117.394 400 465050
1.18282 10.6733 0.474646 10.741 0.110371 -0.0209824 0.0707397 121.519 422 465050
1.01385 10.6906 0.474646 10.741 0.0945525 -0.0209824 0.0707397 125.832 445 465050
1.01385 10.6835 0.249291 10.741 0.0946152 -0.041974 0.0707397 124.707 439 465050
1.01385 10.6906 0.474646 10.741 0.0945525 -0.0209824 -0 121.707 423 465050
1.01385 10.6835 0.249291 10.741 0.0946152 -0.041974 -0 121.144 420 465050
0.844874 10.7053 0.474646 10.741 0.0787578 -0.0209824 -0 118.332 405 465050
0.844874 10.6982 0.249291 10.741 0.07881 -0.041974 -0 117.957 403 465050
1.01385 10.6906 0.474646 10.741 0.0945525 -0.0209824 0.141479 121.519 422 465050
1.01385 10.6835 0.249291 10.741 0.0946152 -0.041974 0.141479 119.644 412 465050
1.01385 10.6549 -0.201418 10.741 0.0948673 -0.0840222 0.141479 122.082 425 465050
1.01385 10.6335 -0.426772 10.741 0.0950577 -0.105098 0.141479 117.957 403 465050
0.844874 10.7053 0.474646 10.741 0.0787578 -0.0209824 0.141479 117.957 403 465050
0.844874 10.6697 -0.201418 10.741 0.0790197 -0.0840222 0.141479 117.957 403 465050
5.84774 9.22599 0.241243 10.9328 0.564926 -0.041974 -0 118.144 404 465050
5.95033 9.39655 0.466597 11.1246 0.564507 -0.0209824 -0 121.707 423 465050
5.95033 9.38785 0.233194 11.1246 0.564926 -0.041974 -0 123.019 430 465050
5.77532 9.49652 0.233194 11.1246 0.546391 -0.041974 -0 117.957 403 465050
1.05006 11.0749 0.7 11.1246 0.0945316 0 -0 117.394 400 465050
6.05292 9.55856 0.462573 11.3164 0.564507 -0.0209824 0.0707397 123.082 425 465050
6.05292 9.54971 0.225146 11.3164 0.564926 -0.041974 0.0707397 124.394 432 465050
6.05292 9.55856 0.462573 11.3164 0.564507 -0.0209824 -0 131.144 468 465050
6.05292 9.54971 0.225146 11.3164 0.564926 -0.041974 -0 132.269 474 465050
6.05292 9.55856 0.462573 11.3164 0.564507 -0.0209824 -0.0707397 124.207 431 465050
6.05292 9.54971 0.225146 11.3164 0.564926 -0.041974 -0.0707397 125.332 437 465050
6.15551 9.72057 0.458549 11.5082 0.564507 -0.0209824 -0 120.082 409 465050
6.15551 9.71157 0.217098 11.5082 0.564926 -0.041974 -0 121.394 416 465050
5.97447 9.53489 3.11451 11.5082 0.559742 0.211379 -0 121.207 415 465050
5.97447 9.59279 2.87306 11.5082 0.557021 0.189968 -0 123.269 426 465050
9.36 8.50638 1.23119 12.659 0.83314 0.041974 0.636658 119.957 403 465050
9.16085 8.72048 1.23119 12.659 0.81002 0.041974 0.636658 121.457 411 465050
9.16085 8.73261 0.965596 12.659 0.809327 0.0209824 0.636658 119.394 400 465050
9.36 8.50638 1.23119 12.659 0.83314 0.041974 0.707397 120.332 405 465050
9.36 8.51881 0.965596 12.659 0.832413 0.0209824 0.707397 119.957 403 465050
9.16085 8.72048 1.23119 12.659 0.81002 0.041974 0.707397 121.082 409 465050
9.16085 8.73261 0.965596 12.659 0.809327 0.0209824 0.707397 119.957 403 465050
1.39404 12.5708 0.168807 12.659 0.110444 -0.041974 -0 120.894 408 465050
9.50182 8.63526 1.23924 12.8508 0.83314 0.041974 0.707397 121.519 406 465050
9.50182 8.64788 0.96962 12.8508 0.832413 0.0209824 0.707397 121.707 407 465050
9.29965 8.85261 1.23924 12.8508 0.81002 0.041974 0.707397 123.207 415 465050
9.29965 8.86492 0.96962 12.8508 0.809327 0.0209824 0.707397 121.894 408 465050
9.50182 8.63526 1.23924 12.8508 0.83314 0.041974 0.636658 120.582 401 465050
9.50182 8.64788 0.96962 12.8508 0.832413 0.0209824 0.636658 120.394 400 465050
9.29965 8.85261 1.23924 12.8508 0.81002 0.041974 0.636658 123.957 419 465050
9.29965 8.86492 0.96962 12.8508 0.809327 0.0209824 0.636658 122.082 409 465050
9.29965 8.86492 0.430379 12.8508 0.809327 -0.0209824 0.0707397 123.019 414 465050
9.29965 8.86492 0.430379 12.8508 0.809327 -0.0209824 -0 123.582 417 465050
9.64364 8.77695 0.426355 13.0426 0.832413 -0.0209824 0.0707397 120.394 400 465050
9.43845 9.00139 0.7 13.0426 0.809096 0 0.0707397 120.957 403 465050
9.43845 8.99723 0.426355 13.0426 0.809327 -0.0209824 0.0707397 124.707 423 465050
6.15551 11.4954 0.426355 13.0426 0.491624 -0.0209824 -0 139.519 502 465050
5.95033 11.6029 0.426355 13.0426 0.473858 -0.0209824 -0 137.832 493 465050
6.24604 11.6645 0.422331 13.2344 0.491624 -0.0209824 -0 143.644 524 465050
6.24604 11.6545 0.144662 13.2344 0.491978 -0.041974 -0 140.457 507 465050
6.03783 11.7736 0.422331 13.2344 0.473858 -0.0209824 -0 141.957 515 465050
6.03783 11.7637 0.144662 13.2344 0.474198 -0.041974 -0 138.394 496 465050
6.33656 11.8335 0.418307 13.4262 0.491624 -0.0209824 0.0707397 145.144 532 465050
6.33656 11.8234 0.136614 13.4262 0.491978 -0.041974 0.0707397 141.394 512 465050
6.12534 11.9442 0.418307 13.4262 0.473858 -0.0209824 0.0707397 143.269 522 465050
6.33656 11.8335 0.418307 13.4262 0.491624 -0.0209824 -0 153.207 575 465050
6.33656 11.8234 0.136614 13.4262 0.491978 -0.041974 -0 149.269 554 465050
6.12534 11.9442 0.418307 13.4262 0.473858 -0.0209824 -0 151.144 564 465050
6.33656 11.8335 0.418307 13.4262 0.491624 -0.0209824 -0.0707397 146.269 538 465050
6.33656 11.8234 0.136614 13.4262 0.491978 -0.041974 -0.0707397 142.707 519 465050
6.12534 11.9442 0.418307 13.4262 0.473858 -0.0209824 -0.0707397 144.394 528 465050
6.42708 12.0026 0.414283 13.618 0.491624 -0.0209824 -0 140.894 504 465050
6.42708 11.8382 2.70002 13.618 0.497384 0.147399 -0 139.207 495 465050
6.21284 12.1148 0.414283 13.618 0.473858 -0.0209824 -0 138.832 493 465050
6.21284 11.9007 2.98574 13.618 0.481138 0.168645 -0 137.894 488 465050
6.21284 11.952 2.70002 13.618 0.479374 0.147399 -0 142.019 510 465050
6.5176 12.1716 0.410259 13.8098 0.491624 -0.0209824 -0 138.082 489 465050
6.1193 13.6519 0.7 14.9606 0.421388 0 -0 131.582 449 465050
-7.15126 13.2981 -0.571643 15.1524 -0.493402 -0.0840222 -0 126.207 415 465050
-7.38963 13.2284 0.7 15.1524 -0.509437 0 -0 128.644 428 465050
-7.38963 13.2245 0.382089 15.1524 -0.50956 -0.0209824 -0 128.644 428 465050
-7.38963 13.1671 -0.571643 15.1524 -0.511416 -0.0840222 -0 130.332 437 465050
6.82538 15.2271 0.7 16.6869 0.421388 0 0.0707397 145.207 511 465050
6.56286 15.3421 0.7 16.6869 0.404213 0 0.0707397 149.332 533 465050
6.56286 15.3381 1.0501 16.6869 0.404307 0.0209824 0.0707397 149.144 532 465050
6.82538 15.2271 0.7 16.6869 0.421388 0 -0 153.082 553 465050
6.56286 15.3421 0.7 16.6869 0.404213 0 -0 156.832 573 465050
6.56286 15.3381 1.0501 16.6869 0.404307 0.0209824 -0 156.832 573 465050
6.82538 15.2271 0.7 16.6869 0.421388 0 -0.0707397 146.144 516 465050
6.56286 15.3421 0.7 16.6869 0.404213 0 -0.0707397 149.894 536 465050
6.56286 15.3381 1.0501 16.6869 0.404307 0.0209824 -0.0707397 149.894 536 465050
6.6383 15.5184 0.7 16.8787 0.404213 0 0.0707397 149.332 533 465050
6.6383 15.5144 1.05413 16.8787 0.404307 0.0209824 0.0707397 148.957 531 465050
6.6383 15.5184 0.7 16.8787 0.404213 0 -0 157.394 576 465050
6.6383 15.5144 1.05413 16.8787 0.404307 0.0209824 -0 157.207 575 465050
6.6383 15.5184 0.7 16.8787 0.404213 0 -0.0707397 151.019 542 465050
6.6383 15.5144 1.05413 16.8787 0.404307 0.0209824 -0.0707397 150.457 539 465050
-7.3323 15.6276 0.7 17.2623 -0.438696 0 -0 130.582 433 465050
-7.3323 15.6234 0.337823 17.2623 -0.438799 -0.0209824 -0 135.457 459 465050
-7.3323 15.6108 -0.0243536 17.2623 -0.439109 -0.041974 -0 132.269 442 465050
-7.60387 15.4931 0.337823 17.2623 -0.456253 -0.0209824 -0 132.644 444 465050
6.73486 16.5174 0.7 17.8377 0.387164 0 0.0707397 148.082 521 465050
6.73486 16.5132 0.325751 17.8377 0.387253 -0.0209824 0.0707397 148.457 523 465050
6.45424 16.6291 0.7 17.8377 0.370232 0 0.0707397 145.457 507 465050
6.45424 16.6248 0.325751 17.8377 0.370317 -0.0209824 0.0707397 145.832 509 465050
6.73486 16.5174 0.7 17.8377 0.387164 0 -0 155.957 563 465050
6.73486 16.5132 0.325751 17.8377 0.387253 -0.0209824 -0 156.144 564 465050
6.45424 16.6291 0.7 17.8377 0.370232 0 -0 152.957 547 465050
6.45424 16.6248 0.325751 17.8377 0.370317 -0.0209824 -0 153.332 549 465050
6.73486 16.5174 0.7 17.8377 0.387164 0 -0.0707397 148.832 525 465050
6.73486 16.5132 0.325751 17.8377 0.387253 -0.0209824 -0.0707397 149.207 527 465050
6.45424 16.6291 0.7 17.8377 0.370232 0 -0.0707397 145.832 509 465050
6.45424 16.6248 0.325751 17.8377 0.370317 -0.0209824 -0.0707397 146.207 511 465050
6.80727 16.6907 0.321726 18.0295 0.387253 -0.0209824 0.0707397 142.269 490 465050
6.80727 16.695 0.7 18.0295 0.387164 0 -0 150.144 532 465050
6.80727 16.6907 0.321726 18.0295 0.387253 -0.0209824 -0 150.519 534 465050
6.52364 16.8079 0.7 18.0295 0.370232 0 -0 147.144 516 465050
6.52364 16.8036 0.321726 18.0295 0.370317 -0.0209824 -0 147.519 518 465050
6.80727 16.695 0.7 18.0295 0.387164 0 -0.0707397 144.144 500 465050
6.80727 16.6907 0.321726 18.0295 0.387253 -0.0209824 -0.0707397 144.707 503 465050
6.87969 16.8726 0.7 18.2213 0.387164 0 -0 146.269 506 465050
6.87969 16.8683 0.317702 18.2213 0.387253 -0.0209824 -0 145.332 501 465050
6.59304 16.9867 0.7 18.2213 0.370232 0 -0 146.269 506 465050
6.59304 16.9824 0.317702 18.2213 0.370317 -0.0209824 -0 145.519 502 465050
3.04758 19.1309 0.7 19.3721 0.157974 0 0.0707397 137.332 453 465050
2.74282 19.1769 0.7 19.3721 0.142064 0 0.0707397 138.082 457 465050
2.43807 19.2181 0.7 19.3721 0.126189 0 0.0707397 136.207 447 465050
6.46329 18.4654 0.7 19.5639 0.336693 0 -0 152.894 536 465050
6.46329 18.4609 0.289533 19.5639 0.336771 -0.0209824 -0 152.144 532 465050
6.15551 18.5703 0.7 19.5639 0.320073 0 -0 152.144 532 465050
6.15551 18.5658 0.289533 19.5639 0.320146 -0.0209824 -0 151.207 527 465050
7.14824 18.1871 3.60144 19.7557 0.37449 0.147399 -0 143.332 485 465050
5.90507 18.8525 0.7 19.7557 0.303544 0 -0 151.207 527 465050
6.27621 18.9344 0.7 19.9475 0.320073 0 0.0707397 159.082 569 465050
6.27621 18.9298 0.281485 19.9475 0.320146 -0.0209824 0.0707397 155.144 548 465050
6.27621 18.9298 1.11852 19.9475 0.320146 0.0209824 0.0707397 155.332 549 465050
5.9624 19.0356 0.7 19.9475 0.303544 0 0.0707397 158.519 566 465050
6.27621 18.9344 0.7 19.9475 0.320073 0 -0 166.957 611 465050
6.27621 18.9298 0.281485 19.9475 0.320146 -0.0209824 -0 163.019 590 465050
6.27621 18.9298 1.11852 19.9475 0.320146 0.0209824 -0 163.019 590 465050
5.9624 19.0356 0.7 19.9475 0.303544 0 -0 166.207 607 465050
6.27621 18.9344 0.7 19.9475 0.320073 0 -0.0707397 160.207 575 465050
6.27621 18.9298 0.281485 19.9475 0.320146 -0.0209824 -0.0707397 156.269 554 465050
6.27621 18.9298 1.11852 19.9475 0.320146 0.0209824 -0.0707397 156.082 553 465050
5.9624 19.0356 0.7 19.9475 0.303544 0 -0.0707397 159.457 571 465050
6.33656 19.1165 0.7 20.1393 0.320073 0 0.0707397 152.707 535 465050
6.01973 19.2186 0.7 20.1393 0.303544 0 0.0707397 151.394 528 465050
6.33656 19.1165 0.7 20.1393 0.320073 0 -0 161.144 580 465050
6.33656 19.1118 0.27746 20.1393 0.320146 -0.0209824 -0 157.019 558 465050
6.33656 19.1118 1.12254 20.1393 0.320146 0.0209824 -0 157.207 559 465050
6.01973 19.2186 0.7 20.1393 0.303544 0 -0 160.582 577 465050
6.01973 19.214 0.27746 20.1393 0.303613 -0.0209824 -0 156.644 556 465050
6.33656 19.1165 0.7 20.1393 0.320073 0 -0.0707397 154.957 547 465050
6.01973 19.2186 0.7 20.1393 0.303544 0 -0.0707397 154.582 545 465050
6.39691 19.2985 0.7 20.3311 0.320073 0 -0 152.707 535 465050
6.07706 19.4016 0.7 20.3311 0.303544 0 -0 151.582 529 465050
1.29145 20.4822 0.7 20.5229 0.0629689 0 0.0707397 144.519 486 465050
1.29145 20.4822 0.7 20.5229 0.0629689 0 -0 151.644 524 465050
1.29145 20.4777 0.269412 20.5229 0.0629827 -0.0209824 -0 148.082 505 465050
1.29145 20.4777 1.13059 20.5229 0.0629827 0.0209824 -0 148.832 509 465050
0.968588 20.5 0.7 20.5229 0.047213 0 -0 148.082 505 465050
1.29145 20.4822 0.7 20.5229 0.0629689 0 -0.0707397 144.707 487 465050
1.29145 20.4777 1.13059 20.5229 0.0629827 0.0209824 -0.0707397 142.644 476 465050
1.95528 20.6222 0.7 20.7147 0.0945316 0 0.0707397 152.957 531 465050
1.95528 20.6177 0.265388 20.7147 0.0945525 -0.0209824 0.0707397 149.394 512 465050
1.6294 20.6505 0.7 20.7147 0.0787404 0 0.0707397 152.207 527 465050
1.6294 20.646 1.13461 20.7147 0.0787578 0.0209824 0.0707397 149.207 511 465050
1.95528 20.6222 0.7 20.7147 0.0945316 0 -0 158.207 559 465050
1.6294 20.6505 0.7 20.7147 0.0787404 0 -0 158.957 563 465050
4.8882 20.125 1.13461 20.7147 0.238277 0.0209824 -0.0707397 148.644 508 465050
1.95528 20.6222 0.7 20.7147 0.0945316 0 -0.0707397 150.332 517 465050
1.6294 20.6505 0.7 20.7147 0.0787404 0 -0.0707397 151.644 524 465050
4.93346 20.3161 0.7 20.9065 0.238224 0 0.0707397 146.957 499 465050
4.93346 20.3114 1.13864 20.9065 0.238277 0.0209824 0.0707397 148.082 505 465050
4.60457 20.3743 1.57727 20.9065 0.222265 0.041974 0.0707397 145.457 491 465050
4.60457 20.3884 1.13864 20.9065 0.222116 0.0209824 0.0707397 146.394 496 465050
1.97338 20.8132 0.7 20.9065 0.0945316 0 0.0707397 144.894 488 465050
1.64449 20.8417 0.7 20.9065 0.0787404 0 0.0707397 145.644 492 465050
4.93346 20.3161 0.7 20.9065 0.238224 0 -0 154.832 541 465050
4.93346 20.3114 1.13864 20.9065 0.238277 0.0209824 -0 156.332 549 465050
4.60457 20.3884 1.13864 20.9065 0.222116 0.0209824 -0 155.019 542 465050
4.93346 20.3161 0.7 20.9065 0.238224 0 -0.0707397 148.644 508 465050
4.93346 20.3114 1.13864 20.9065 0.238277 0.0209824 -0.0707397 150.332 517 465050
4.60457 20.3743 1.57727 20.9065 0.222265 0.041974 -0.0707397 147.332 501 465050
4.60457 20.3884 1.13864 20.9065 0.222116 0.0209824 -0.0707397 148.832 509 465050
1.64449 20.8417 0.7 20.9065 0.0787404 0 -0.0707397 147.519 502 465050
1.99149 21.0041 0.7 21.0983 0.0945316 0 -0 144.144 484 465050
1.65957 21.033 0.7 21.0983 0.0787404 0 -0 145.082 489 465050
1.65957 21.0283 0.257339 21.0983 0.0787578 -0.0209824 -0 144.144 484 465050
3.68426 20.9499 1.59337 21.2901 0.17408 0.041974 -0 145.082 489 465050
3.68426 20.9642 1.14668 21.2901 0.173964 0.0209824 -0 144.332 485 465050
3.71745 21.153 1.15071 21.4819 0.173964 0.0209824 0.0707397 148.082 505 465050
1.3518 21.4394 0.7 21.4819 0.0629689 0 0.0707397 149.019 510 465050
1.3518 21.4346 1.15071 21.4819 0.0629827 0.0209824 0.0707397 147.707 503 465050
1.01385 21.458 0.7 21.4819 0.047213 0 0.0707397 148.644 508 465050
3.71745 21.153 1.15071 21.4819 0.173964 0.0209824 -0 155.957 547 465050
1.3518 21.4394 0.7 21.4819 0.0629689 0 -0 157.457 555 465050
1.01385 21.458 0.7 21.4819 0.047213 0 -0 156.144 548 465050
3.71745 21.153 1.15071 21.4819 0.173964 0.0209824 -0.0707397 149.207 511 465050
1.3518 21.4394 0.7 21.4819 0.0629689 0 -0.0707397 150.707 519 465050
1.3518 21.4346 0.249291 21.4819 0.0629827 -0.0209824 -0.0707397 149.957 515 465050
1.01385 21.458 0.7 21.4819 0.047213 0 -0.0707397 149.207 511 465050
1.36387 21.6308 0.7 21.6737 0.0629689 0 0.0707397 144.519 486 465050
1.0229 21.6496 0.7 21.6737 0.047213 0 0.0707397 143.957 483 465050
1.36387 21.6308 0.7 21.6737 0.0629689 0 -0 153.519 534 465050
1.36387 21.626 0.245267 21.6737 0.0629827 -0.0209824 -0 152.394 528 465050
1.0229 21.6496 0.7 21.6737 0.047213 0 -0 152.394 528 465050
1.36387 21.6308 0.7 21.6737 0.0629689 0 -0.0707397 147.144 500 465050
1.36387 21.626 0.245267 21.6737 0.0629827 -0.0209824 -0.0707397 147.332 501 465050
5.15977 21.2431 1.15876 21.8655 0.238277 0.0209824 0.0707397 148.832 509 465050
4.81578 21.3089 1.61751 21.8655 0.222265 0.041974 0.0707397 148.644 508 465050
4.81578 21.3237 1.15876 21.8655 0.222116 0.0209824 0.0707397 153.707 535 465050
4.4718 21.3985 1.15876 21.8655 0.206013 0.0209824 0.0707397 149.207 511 465050
5.15977 21.2431 1.15876 21.8655 0.238277 0.0209824 -0 156.332 549 465050
4.81578 21.3089 1.61751 21.8655 0.222265 0.041974 -0 156.332 549 465050
4.81578 21.3237 1.15876 21.8655 0.222116 0.0209824 -0 161.394 576 465050
4.4718 21.3985 1.15876 21.8655 0.206013 0.0209824 -0 156.519 550 465050
5.15977 21.2431 1.15876 21.8655 0.238277 0.0209824 -0.0707397 148.832 509 465050
4.81578 21.3089 1.61751 21.8655 0.222265 0.041974 -0.0707397 149.394 512 465050
4.81578 21.3237 1.15876 21.8655 0.222116 0.0209824 -0.0707397 154.457 539 465050
4.4718 21.3985 1.15876 21.8655 0.206013 0.0209824 -0.0707397 149.957 515 465050
4.85803 21.5107 1.16278 22.0573 0.222116 0.0209824 0.0707397 148.707 503 465050
5.20503 21.4294 1.16278 22.0573 0.238277 0.0209824 -0 153.019 526 465050
4.85803 21.4958 1.62556 22.0573 0.222265 0.041974 -0 151.519 518 465050
4.85803 21.5107 1.16278 22.0573 0.222116 0.0209824 -0 157.519 550 465050
4.51103 21.5862 1.16278 22.0573 0.206013 0.0209824 -0 152.269 522 465050
5.20503 21.4294 1.16278 22.0573 0.238277 0.0209824 -0.0707397 146.644 492 465050
4.85803 21.5107 1.16278 22.0573 0.222116 0.0209824 -0.0707397 151.332 517 465050
4.51103 21.5862 1.16278 22.0573 0.206013 0.0209824 -0.0707397 146.269 490 465050
8.05045 20.7206 1.63361 22.2491 0.370574 0.041974 -0 141.207 463 465050
8.05045 20.7364 1.16681 22.2491 0.370317 0.0209824 -0 142.519 470 465050
4.90027 21.6978 1.16681 22.2491 0.222116 0.0209824 -0 146.832 493 465050
2.80015 22.0722 0.7 22.2491 0.126189 0 -0 141.207 463 465050
2.80015 22.0673 1.16681 22.2491 0.126217 0.0209824 -0 141.019 462 465050
8.05045 20.7364 1.16681 22.2491 0.370317 0.0209824 -0.0707397 136.144 436 465050
1.79536 22.7538 0.7 22.8246 0.0787404 0 0.0707397 152.144 516 465050
1.43629 22.7793 0.7 22.8246 0.0629689 0 0.0707397 154.394 528 465050
1.43629 22.7743 1.17888 22.8246 0.0629827 0.0209824 0.0707397 150.644 508 465050
1.07721 22.7991 0.7 22.8246 0.047213 0 0.0707397 152.332 517 465050
1.79536 22.7538 0.7 22.8246 0.0787404 0 -0 160.207 559 465050
1.43629 22.7793 0.7 22.8246 0.0629689 0 -0 162.457 571 465050
1.43629 22.7743 1.17888 22.8246 0.0629827 0.0209824 -0 158.707 551 465050
1.07721 22.7991 0.7 22.8246 0.047213 0 -0 159.644 556 465050
1.79536 22.7538 0.7 22.8246 0.0787404 0 -0.0707397 152.894 520 465050
1.43629 22.7793 0.7 22.8246 0.0629689 0 -0.0707397 155.332 533 465050
1.43629 22.7743 1.17888 22.8246 0.0629827 0.0209824 -0.0707397 152.144 516 465050
1.07721 22.7991 0.7 22.8246 0.047213 0 -0.0707397 152.519 518 465050
1.81044 22.945 0.7 23.0164 0.0787404 0 0.0707397 151.957 515 465050
1.44836 22.9707 0.7 23.0164 0.0629689 0 0.0707397 155.332 533 465050
1.44836 22.9657 1.1829 23.0164 0.0629827 0.0209824 0.0707397 151.582 513 465050
1.08627 22.9907 0.7 23.0164 0.047213 0 0.0707397 154.019 526 465050
1.08627 22.9856 1.1829 23.0164 0.0472234 0.0209824 0.0707397 151.207 511 465050
1.81044 22.945 0.7 23.0164 0.0787404 0 -0 160.394 560 465050
1.44836 22.9707 0.7 23.0164 0.0629689 0 -0 163.582 577 465050
1.44836 22.9657 1.1829 23.0164 0.0629827 0.0209824 -0 160.207 559 465050
1.08627 22.9907 0.7 23.0164 0.047213 0 -0 161.894 568 465050
1.08627 22.9856 1.1829 23.0164 0.0472234 0.0209824 -0 159.269 554 465050
1.81044 22.945 0.7 23.0164 0.0787404 0 -0.0707397 153.644 524 465050
1.44836 22.9707 0.7 23.0164 0.0629689 0 -0.0707397 157.207 543 465050
1.44836 22.9657 1.1829 23.0164 0.0629827 0.0209824 -0.0707397 153.832 525 465050
1.08627 22.9907 0.7 23.0164 0.047213 0 -0.0707397 155.144 532 465050
-14.1034 18.9056 1.19497 23.5918 -0.640929 0.0209824 -0 138.082 441 465050
-14.8456 18.3352 0.7 23.5918 -0.680617 0 -0 137.332 437 465050
-14.8456 18.3285 0.205025 23.5918 -0.680795 -0.0209824 -0 136.582 433 465050
8.53625 21.9933 0.7 23.5918 0.370232 0 -0 136.957 435 465050
8.53625 21.9877 1.19497 23.5918 0.370317 0.0209824 -0 138.457 443 465050
-7.10901 22.6963 0.7 23.7836 -0.303544 0 0.0707397 133.394 416 465050
-7.10901 22.6908 0.201001 23.7836 -0.303613 -0.0209824 0.0707397 136.019 430 465050
-7.48317 22.5701 0.201001 23.7836 -0.320146 -0.0209824 0.0707397 134.894 424 465050
-7.10901 22.6908 0.201001 23.7836 -0.303613 -0.0209824 -0 143.332 469 465050
-7.48317 22.5701 0.201001 23.7836 -0.320146 -0.0209824 -0 142.207 463 465050
-7.10901 22.6963 0.7 23.7836 -0.303544 0 -0.0707397 134.144 420 465050
-7.10901 22.6908 0.201001 23.7836 -0.303613 -0.0209824 -0.0707397 136.394 432 465050
-7.48317 22.5757 0.7 23.7836 -0.320073 0 -0.0707397 133.019 414 465050
-7.48317 22.5701 0.201001 23.7836 -0.320146 -0.0209824 -0.0707397 135.269 426 465050
1.52077 24.1193 0.7 24.1672 0.0629689 0 0.0707397 148.582 497 465050
1.14058 24.1402 0.7 24.1672 0.047213 0 0.0707397 149.144 500 465050
1.52077 24.1193 0.7 24.1672 0.0629689 0 -0 155.707 535 465050
1.52077 24.1139 1.20705 24.1672 0.0629827 0.0209824 -0 153.457 523 465050
1.14058 24.1402 0.7 24.1672 0.047213 0 -0 155.707 535 465050
1.14058 24.1349 1.20705 24.1672 0.0472234 0.0209824 -0 154.019 526 465050
1.52077 24.1193 0.7 24.1672 0.0629689 0 -0.0707397 148.207 495 465050
1.14058 24.1402 0.7 24.1672 0.047213 0 -0.0707397 148.019 494 465050
1.53284 24.3107 0.7 24.359 0.0629689 0 0.0707397 149.957 499 465050
1.53284 24.3053 1.21107 24.359 0.0629827 0.0209824 0.0707397 148.082 489 465050
1.14963 24.3318 0.7 24.359 0.047213 0 0.0707397 150.144 500 465050
1.14963 24.3265 1.21107 24.359 0.0472234 0.0209824 0.0707397 148.457 491 465050
1.53284 24.3107 0.7 24.359 0.0629689 0 -0 157.269 538 465050
1.53284 24.3053 1.21107 24.359 0.0629827 0.0209824 -0 155.394 528 465050
1.14963 24.3318 0.7 24.359 0.047213 0 -0 157.644 540 465050
1.14963 24.3265 1.21107 24.359 0.0472234 0.0209824 -0 155.957 531 465050
1.53284 24.3107 0.7 24.359 0.0629689 0 -0.0707397 150.519 502 465050
1.53284 24.3053 1.21107 24.359 0.0629827 0.0209824 -0.0707397 148.457 491 465050
1.14963 24.3318 0.7 24.359 0.047213 0 -0.0707397 150.707 503 465050
1.14963 24.3265 1.21107 24.359 0.0472234 0.0209824 -0.0707397 148.644 492 465050
10.0419 22.4031 0.7 24.5508 0.421388 0 -0 137.207 431 465050
9.65571 22.5723 0.7 24.5508 0.404213 0 -0 137.394 432 465050
4.24851 24.1749 1.2151 24.5508 0.173964 0.0209824 -0 134.582 417 465050
9.48673 23.2664 0.7 25.1262 0.387164 0 -0 134.019 414 465050
9.09145 23.4237 0.7 25.1262 0.370232 0 -0 134.957 419 465050
11.1523 22.7294 0.7 25.318 0.456145 0 -0 136.269 426 465050
11.1523 22.7046 1.76239 25.318 0.456578 0.041974 -0 139.082 441 465050
11.1523 22.7232 1.23119 25.318 0.456253 0.0209824 -0 139.644 444 465050
10.754 22.8959 1.76239 25.318 0.439109 0.041974 -0 137.207 431 465050
10.754 22.9144 1.23119 25.318 0.438799 0.0209824 -0 137.957 435 465050
-16.7014 19.7872 0.7 25.8934 -0.701029 0 0.0707397 136.144 420 465050
-16.294 20.124 0.7 25.8934 -0.680617 0 -0 140.082 441 465050
-16.294 20.1166 0.156735 25.8934 -0.680795 -0.0209824 -0 138.207 431 465050
-16.7014 19.7872 0.7 25.8934 -0.701029 0 -0 142.144 452 465050
-16.7014 19.7797 0.156735 25.8934 -0.701215 -0.0209824 -0 140.457 443 465050
-16.7014 19.7797 1.24327 25.8934 -0.701215 0.0209824 -0 137.644 428 465050
-16.7014 19.7872 0.7 25.8934 -0.701029 0 -0.0707397 135.207 415 465050
-16.4147 20.273 0.7 26.0852 -0.680617 0 0.0707397 142.332 453 465050
-16.4147 20.2656 0.152711 26.0852 -0.680795 -0.0209824 0.0707397 139.894 440 465050
-16.8251 19.9338 0.7 26.0852 -0.701029 0 0.0707397 142.519 454 465050
-16.8251 19.9263 0.152711 26.0852 -0.701215 -0.0209824 0.0707397 140.644 444 465050
-16.4147 20.273 0.7 26.0852 -0.680617 0 -0 149.832 493 465050
-16.4147 20.2656 0.152711 26.0852 -0.680795 -0.0209824 -0 147.394 480 465050
-16.8251 19.9338 0.7 26.0852 -0.701029 0 -0 150.207 495 465050
-16.8251 19.9263 0.152711 26.0852 -0.701215 -0.0209824 -0 148.144 484 465050
-16.4147 20.273 0.7 26.0852 -0.680617 0 -0.0707397 142.707 455 465050
-16.4147 20.2656 0.152711 26.0852 -0.680795 -0.0209824 -0.0707397 140.457 443 465050
-16.8251 19.9338 0.7 26.0852 -0.701029 0 -0.0707397 142.894 456 465050
-16.8251 19.9263 0.152711 26.0852 -0.701215 -0.0209824 -0.0707397 141.207 447 465050
6.71072 25.583 4.05617 26.6606 0.256532 0.12622 -0 136.707 423 465050
6.2913 25.6894 4.05617 26.6606 0.240172 0.12622 -0 138.582 433 465050
6.2913 25.7563 3.49681 26.6606 0.239572 0.105098 -0 135.582 417 465050
6.2913 25.8835 1.81872 26.6606 0.238438 0.041974 -0 135.957 419 465050
6.75899 25.7671 4.08032 26.8524 0.256532 0.12622 -0 140.832 445 465050
6.75899 25.8347 3.51693 26.8524 0.255889 0.105098 -0 142.144 452 465050
6.33656 25.8742 4.08032 26.8524 0.240172 0.12622 -0 141.019 446 465050
6.33656 25.9416 3.51693 26.8524 0.239572 0.105098 -0 142.894 456 465050
6.75899 25.8347 3.51693 26.8524 0.255889 0.105098 -0.0707397 135.207 415 465050
6.33656 25.9416 3.51693 26.8524 0.239572 0.105098 -0.0707397 136.332 421 465050
-15.5336 22.6051 0.7 27.4278 -0.602065 0 -0 133.582 401 465050
-15.9651 22.3025 0.7 27.4278 -0.621281 0 -0 137.707 423 465050
-15.9651 22.2951 0.124541 27.4278 -0.621438 -0.0209824 -0 134.894 408 465050
-16.3966 21.9872 0.7 27.4278 -0.640765 0 -0 136.957 419 465050
-16.3966 21.9797 0.124541 27.4278 -0.640929 -0.0209824 -0 134.707 407 465050
10.8627 25.3938 0.7 27.6196 0.404213 0 0.0707397 134.332 405 465050
10.4282 25.5753 0.7 27.6196 0.387164 0 0.0707397 136.582 417 465050
10.4282 25.5753 0.7 27.6196 0.387164 0 -0 143.332 453 465050
6.5176 26.8146 1.85897 27.6196 0.238438 0.041974 -0 143.707 455 465050
6.5176 26.8334 1.27948 27.6196 0.238277 0.0209824 -0 143.332 453 465050
6.0831 26.9165 1.85897 27.6196 0.222265 0.041974 -0 143.144 452 465050
10.8627 25.3938 0.7 27.6196 0.404213 0 -0.0707397 135.269 410 465050
10.4282 25.5753 0.7 27.6196 0.387164 0 -0.0707397 136.207 415 465050
11.089 25.9229 0.7 28.195 0.404213 0 -0 139.394 432 465050
10.6454 26.1081 0.7 28.195 0.387164 0 -0 140.707 439 465050
6.65339 26.1171 8.98178 28.195 0.249446 0.298128 -0 141.644 444 465050
6.20983 26.2261 8.98178 28.195 0.232498 0.298128 -0 140.894 440 465050
-16.0768 23.3955 0.7 28.3868 -0.602065 0 -0 140.332 437 465050
-16.5233 23.0823 0.7 28.3868 -0.621281 0 -0 140.519 438 465050
-19.6494 20.487 0.7 28.3868 -0.764533 0 -0 140.519 438 465050
-19.6494 20.4783 0.10442 28.3868 -0.764744 -0.0209824 -0 140.144 436 465050
-16.4026 23.8698 0.7 28.9622 -0.602065 0 -0 138.707 423 465050
-16.0526 24.3366 0.7 29.1541 -0.583099 0 -0 145.832 461 465050
-16.0526 24.329 0.0883236 29.1541 -0.583244 -0.0209824 -0 140.582 433 465050
-16.0526 24.329 1.31168 29.1541 -0.583244 0.0209824 -0 143.582 449 465050
-16.5113 24.0278 0.7 29.1541 -0.602065 0 -0 142.082 441 465050
-16.5113 24.0201 1.31168 29.1541 -0.602216 0.0209824 -0 141.332 437 465050
-15.9017 25.1192 0.7 29.7295 -0.564368 0 -0 141.519 438 465050
-16.3694 24.817 0.7 29.7295 -0.583099 0 -0 143.394 448 465050
-16.3694 24.8091 0.076251 29.7295 -0.583244 -0.0209824 -0 141.519 438 465050
3.27389 29.5421 1.32375 29.7295 0.110371 0.0209824 -0 141.519 438 465050
8.9436 28.5534 0.7 29.9213 0.303544 0 -0 139.457 427 465050
-6.75899 29.928 0.0561301 30.6885 -0.222116 -0.0209824 0.0707397 135.582 401 465050
-7.24178 29.8148 0.0561301 30.6885 -0.238277 -0.0209824 0.0707397 137.457 411 465050
6.27621 30.0398 0.7 30.6885 0.205967 0 -0 153.582 497 465050
6.27621 30.0329 1.34387 30.6885 0.206013 0.0209824 -0 153.957 499 465050
5.79342 30.1367 0.7 30.6885 0.189921 0 -0 150.582 481 465050
5.79342 30.1298 1.34387 30.6885 0.189964 0.0209824 -0 150.957 483 465050
-7.24178 29.8148 0.0561301 30.6885 -0.238277 -0.0209824 -0.0707397 138.019 414 465050
6.84348 30.3091 0.7 31.0721 0.222066 0 0.0707397 155.082 505 465050
6.35466 30.4153 0.7 31.0721 0.205967 0 0.0707397 159.207 527 465050
6.35466 30.4083 1.35192 31.0721 0.206013 0.0209824 0.0707397 159.207 527 465050
6.84348 30.3091 0.7 31.0721 0.222066 0 -0 162.957 547 465050
6.35466 30.4153 0.7 31.0721 0.205967 0 -0 166.894 568 465050
6.35466 30.4083 1.35192 31.0721 0.206013 0.0209824 -0 166.894 568 465050
6.84348 30.3091 0.7 31.0721 0.222066 0 -0.0707397 156.207 511 465050
6.35466 30.4153 0.7 31.0721 0.205967 0 -0.0707397 160.519 534 465050
6.35466 30.4083 1.35192 31.0721 0.206013 0.0209824 -0.0707397 160.519 534 465050
5.86584 30.5064 1.35192 31.0721 0.189964 0.0209824 -0.0707397 156.207 511 465050
6.88573 30.4962 0.7 31.2639 0.222066 0 -0 153.207 495 465050
6.39389 30.6031 0.7 31.2639 0.205967 0 -0 157.707 519 465050
6.39389 30.5961 1.35594 31.2639 0.206013 0.0209824 -0 157.144 516 465050
5.90205 30.6947 1.35594 31.2639 0.189964 0.0209824 -0 152.644 492 465050
6.39389 30.6031 0.7 31.2639 0.205967 0 -0.0707397 152.269 490 465050
6.39389 30.5961 1.35594 31.2639 0.206013 0.0209824 -0.0707397 151.707 487 465050
6.43311 30.7908 0.7 31.4557 0.205967 0 -0 152.082 489 465050
6.43311 30.7838 1.35997 31.4557 0.206013 0.0209824 -0 152.457 491 465050
1.48456 31.4206 0.7 31.4557 0.047213 0 -0 151.894 488 465050
4.03126 31.5982 4.0602 32.0311 0.126893 0.105098 -0 140.832 429 465050
1.52077 32.187 0.7 32.2229 0.047213 0 -0 154.894 504 465050
1.52077 32.1799 0.0239366 32.2229 0.0472234 -0.0209824 -0 153.582 497 465050
1.01385 32.2069 0.7 32.2229 0.0314688 0 -0 151.894 488 465050
1.53888 32.5702 0.7 32.6065 0.047213 0 0.0707397 159.394 528 465050
1.53888 32.563 0.0158883 32.6065 0.0472234 -0.0209824 0.0707397 159.582 529 465050
1.02592 32.5904 0.7 32.6065 0.0314688 0 0.0707397 155.644 508 465050
1.02592 32.5832 0.0158883 32.6065 0.0314757 -0.0209824 0.0707397 155.269 506 465050
1.53888 32.5702 0.7 32.6065 0.047213 0 -0 167.832 573 465050
1.53888 32.563 0.0158883 32.6065 0.0472234 -0.0209824 -0 167.269 570 465050
1.02592 32.5904 0.7 32.6065 0.0314688 0 -0 164.269 554 465050
1.02592 32.5832 0.0158883 32.6065 0.0314757 -0.0209824 -0 163.519 550 465050
1.53888 32.5702 0.7 32.6065 0.047213 0 -0.0707397 161.082 537 465050
1.53888 32.563 0.0158883 32.6065 0.0472234 -0.0209824 -0.0707397 160.519 534 465050
1.02592 32.5904 0.7 32.6065 0.0314688 0 -0.0707397 158.082 521 465050
1.02592 32.5832 0.0158883 32.6065 0.0314757 -0.0209824 -0.0707397 157.144 516 465050
1.54793 32.7618 0.7 32.7983 0.047213 0 -0 157.582 513 465050
1.54793 32.7545 0.0118641 32.7983 0.0472234 -0.0209824 -0 159.082 521 465050
1.03195 32.7748 0.0118641 32.7983 0.0314757 -0.0209824 -0 155.144 500 465050
1.54793 32.7545 0.0118641 32.7983 0.0472234 -0.0209824 -0.0707397 153.269 490 465050
-6.74692 32.2854 0.00783986 32.9901 -0.206013 -0.0209824 0.0707397 138.082 409 465050
-7.26592 32.18 0.7 32.9901 -0.222066 0 0.0707397 137.332 405 465050
-7.26592 32.1726 0.00783986 32.9901 -0.222116 -0.0209824 0.0707397 141.644 428 465050
-22.8357 23.5563 4.1608 32.9901 -0.769868 0.105098 0.0707397 137.332 405 465050
-7.26592 32.1726 0.00783986 32.9901 -0.222116 -0.0209824 -0 149.144 468 465050
1.55698 32.9534 0.7 32.9901 0.047213 0 -0 153.457 491 465050
1.55698 32.9461 0.00783986 32.9901 0.0472234 -0.0209824 -0 152.894 488 465050
-6.74692 32.2854 0.00783986 32.9901 -0.206013 -0.0209824 -0.0707397 139.582 417 465050
-7.26592 32.18 0.7 32.9901 -0.222066 0 -0.0707397 137.894 408 465050
-7.26592 32.1726 0.00783986 32.9901 -0.222116 -0.0209824 -0.0707397 142.394 432 465050
-22.8357 23.5563 4.1608 32.9901 -0.769868 0.105098 -0.0707397 137.894 408 465050
-23.3547 23.0418 4.1608 32.9901 -0.792142 0.105098 -0.0707397 137.519 406 465050
5.28046 32.96 4.22116 33.5655 0.158858 0.105098 0.0707397 136.207 399 465050
10.0329 31.8369 4.22116 33.5655 0.305283 0.105098 -0 141.644 428 465050
5.28046 32.96 4.22116 33.5655 0.158858 0.105098 -0 143.894 440 465050
5.28046 33.0277 3.51693 33.5655 0.158538 0.0840222 -0 143.144 436 465050
4.75242 33.0403 4.22116 33.5655 0.142857 0.105098 -0 143.144 436 465050
4.75242 33.1078 3.51693 33.5655 0.14257 0.0840222 -0 142.207 431 465050
10.0329 31.8369 4.22116 33.5655 0.305283 0.105098 -0.0707397 135.269 394 465050
5.28046 32.96 4.22116 33.5655 0.158858 0.105098 -0.0707397 137.332 405 465050
5.28046 33.0277 3.51693 33.5655 0.158538 0.0840222 -0.0707397 136.582 401 465050
4.75242 33.0403 4.22116 33.5655 0.142857 0.105098 -0.0707397 136.957 403 465050
4.75242 33.1078 3.51693 33.5655 0.14257 0.0840222 -0.0707397 136.019 398 465050
-16.463 29.4623 1.40826 33.7573 -0.50956 0.0209824 0.0707397 133.207 383 465050
-16.994 29.1678 0.7 33.7573 -0.52755 0 0.0707397 133.582 385 465050
-16.994 29.1592 1.40826 33.7573 -0.527678 0.0209824 0.0707397 134.144 388 465050
-16.463 29.4708 0.7 33.7573 -0.509437 0 -0 138.269 410 465050
-16.463 29.4623 1.40826 33.7573 -0.50956 0.0209824 -0 139.582 417 465050
-16.994 29.1678 0.7 33.7573 -0.52755 0 -0 140.144 420 465050
-16.994 29.1592 1.40826 33.7573 -0.527678 0.0209824 -0 140.707 423 465050
-16.994 29.1592 1.40826 33.7573 -0.527678 0.0209824 -0.0707397 133.019 382 465050
10.2622 32.5646 4.30165 34.3327 0.305283 0.105098 -0 136.457 395 465050
4.86104 33.7109 5.02198 34.3327 0.143211 0.12622 -0 135.332 389 465050
4.86104 33.7955 4.30165 34.3327 0.142857 0.105098 -0 135.519 390 465050
-15.7509 30.7222 0.7 34.5245 -0.473746 0 -0 139.644 412 465050
19.0097 28.8106 -0.0243536 34.5245 0.583244 -0.0209824 -0 140.207 415 465050
-16.5656 30.9362 1.43643 35.0999 -0.491624 0.0209824 0.0707397 143.582 433 465050
-17.1178 30.6341 1.43643 35.0999 -0.50956 0.0209824 0.0707397 145.457 443 465050
5.52186 34.5375 3.6457 35.0999 0.158538 0.0840222 0.0707397 143.207 431 465050
-17.1178 30.6341 1.43643 35.0999 -0.50956 0.0209824 -0 152.957 483 465050
5.52186 34.5375 3.6457 35.0999 0.158538 0.0840222 -0 150.894 472 465050
-16.5656 30.9362 1.43643 35.0999 -0.491624 0.0209824 -0.0707397 143.394 432 465050
-17.1178 30.6341 1.43643 35.0999 -0.50956 0.0209824 -0.0707397 145.644 444 465050
5.52186 34.5375 3.6457 35.0999 0.158538 0.0840222 -0.0707397 144.519 438 465050
5.55203 34.6551 4.40225 35.2917 0.158858 0.105098 0.0707397 138.332 405 465050
4.99683 34.6526 5.1427 35.2917 0.143211 0.12622 0.0707397 138.144 404 465050
4.99683 34.7395 4.40225 35.2917 0.142857 0.105098 0.0707397 140.207 415 465050
4.99683 34.8104 3.6618 35.2917 0.14257 0.0840222 0.0707397 137.582 401 465050
4.99683 34.7395 4.40225 35.2917 0.142857 0.105098 -0 147.519 454 465050
5.55203 34.6551 4.40225 35.2917 0.158858 0.105098 -0.0707397 140.019 414 465050
5.55203 34.7262 3.6618 35.2917 0.158538 0.0840222 -0.0707397 139.082 409 465050
4.99683 34.6526 5.1427 35.2917 0.143211 0.12622 -0.0707397 137.957 403 465050
4.99683 34.7395 4.40225 35.2917 0.142857 0.105098 -0.0707397 141.144 420 465050
4.99683 34.8104 3.6618 35.2917 0.14257 0.0840222 -0.0707397 139.457 411 465050
-17.4919 31.3127 0.7 35.8672 -0.509437 0 0.0707397 138.332 405 465050
-18.0562 30.9908 0.7 35.8672 -0.52755 0 0.0707397 137.394 400 465050
6.77106 35.0934 3.71009 35.8672 0.190602 0.0840222 0.0707397 138.707 407 465050
6.77106 35.0934 3.71009 35.8672 0.190602 0.0840222 -0 146.207 447 465050
6.20681 35.1976 3.71009 35.8672 0.174548 0.0840222 -0 145.457 443 465050
6.77106 35.0934 3.71009 35.8672 0.190602 0.0840222 -0.0707397 139.269 410 465050
6.20681 35.1976 3.71009 35.8672 0.174548 0.0840222 -0.0707397 139.644 412 465050
5.64255 35.2924 3.71009 35.8672 0.158538 0.0840222 -0.0707397 136.644 396 465050
5.67273 35.4811 3.72619 36.059 0.158538 0.0840222 0.0707397 135.332 389 465050
7.37455 35.1668 3.72619 36.059 0.206706 0.0840222 -0 144.519 438 465050
6.80727 35.281 3.72619 36.059 0.190602 0.0840222 -0 145.457 443 465050
5.67273 35.4811 3.72619 36.059 0.158538 0.0840222 -0 144.894 440 465050
6.80727 35.281 3.72619 36.059 0.190602 0.0840222 -0.0707397 139.082 409 465050
5.67273 35.4085 4.48274 36.059 0.158858 0.105098 -0.0707397 137.582 401 465050
5.67273 35.4811 3.72619 36.059 0.158538 0.0840222 -0.0707397 140.207 415 465050
1.72897 36.5855 1.46862 36.6344 0.0472234 0.0209824 0.0707397 153.582 481 465050
1.15265 36.6082 1.46862 36.6344 0.0314757 0.0209824 0.0707397 154.332 485 465050
1.72897 36.5855 1.46862 36.6344 0.0472234 0.0209824 -0 160.894 520 465050
1.15265 36.6082 1.46862 36.6344 0.0314757 0.0209824 -0 161.082 521 465050
1.72897 36.5855 1.46862 36.6344 0.0472234 0.0209824 -0.0707397 153.957 483 465050
1.15265 36.6082 1.46862 36.6344 0.0314757 0.0209824 -0.0707397 153.957 483 465050
1.73803 36.777 -0.0726438 36.8262 0.0472234 -0.0209824 0.0707397 152.832 477 465050
1.73803 36.777 1.47264 36.8262 0.0472234 0.0209824 0.0707397 156.019 494 465050
1.15868 36.7998 1.47264 36.8262 0.0314757 0.0209824 0.0707397 156.019 494 465050
1.73803 36.777 -0.0726438 36.8262 0.0472234 -0.0209824 -0 160.144 516 465050
1.73803 36.777 1.47264 36.8262 0.0472234 0.0209824 -0 163.707 535 465050
1.15868 36.7998 1.47264 36.8262 0.0314757 0.0209824 -0 163.519 534 465050
1.73803 36.777 -0.0726438 36.8262 0.0472234 -0.0209824 -0.0707397 153.207 479 465050
1.73803 36.777 1.47264 36.8262 0.0472234 0.0209824 -0.0707397 157.144 500 465050
1.15868 36.7998 1.47264 36.8262 0.0314757 0.0209824 -0.0707397 156.582 497 465050
-15.8867 33.8599 0.7 37.4016 -0.438696 0 0.0707397 148.707 455 465050
-15.2983 34.1298 0.7 37.4016 -0.421388 0 -0 153.582 481 465050
-15.8867 33.8599 0.7 37.4016 -0.438696 0 -0 156.957 499 465050
-15.8867 33.8508 -0.0847164 37.4016 -0.438799 -0.0209824 -0 151.707 471 465050
-15.8867 33.8508 1.48472 37.4016 -0.438799 0.0209824 -0 152.457 475 465050
-15.8867 33.8599 0.7 37.4016 -0.438696 0 -0.0707397 150.582 465 465050
-15.3767 34.3048 0.7 37.5934 -0.421388 0 0.0707397 153.957 483 465050
-15.9681 34.0335 0.7 37.5934 -0.438696 0 0.0707397 155.082 489 465050
-15.9681 34.0244 -0.0887406 37.5934 -0.438799 -0.0209824 0.0707397 150.582 465 465050
-15.9681 34.0244 1.48874 37.5934 -0.438799 0.0209824 0.0707397 150.957 467 465050
-15.3767 34.3048 0.7 37.5934 -0.421388 0 -0 162.019 526 465050
-15.9681 34.0335 0.7 37.5934 -0.438696 0 -0 163.332 533 465050
-15.9681 34.0244 -0.0887406 37.5934 -0.438799 -0.0209824 -0 159.207 511 465050
-15.9681 34.0244 1.48874 37.5934 -0.438799 0.0209824 -0 159.019 510 465050
-15.3767 34.3048 0.7 37.5934 -0.421388 0 -0.0707397 155.457 491 465050
-15.9681 34.0335 0.7 37.5934 -0.438696 0 -0.0707397 156.957 499 465050
-15.9681 34.0244 -0.0887406 37.5934 -0.438799 -0.0209824 -0.0707397 152.644 476 465050
-15.9681 34.0244 1.48874 37.5934 -0.438799 0.0209824 -0.0707397 152.269 474 465050
7.20557 37.4482 2.30163 38.1688 0.190091 0.041974 -0 137.082 393 465050
6.60511 37.4562 3.90325 38.1688 0.174548 0.0840222 -0 137.269 394 465050
6.00464 37.4802 4.70407 38.1688 0.158858 0.105098 -0 138.207 399 465050
6.00464 37.5572 3.90325 38.1688 0.158538 0.0840222 -0 138.207 399 465050
6.60511 37.3791 4.70407 38.1688 0.1749 0.105098 -0.0707397 136.144 388 465050
6.60511 37.4562 3.90325 38.1688 0.174548 0.0840222 -0.0707397 136.332 389 465050
6.00464 37.4802 4.70407 38.1688 0.158858 0.105098 -0.0707397 138.582 401 465050
6.00464 37.5572 3.90325 38.1688 0.158538 0.0840222 -0.0707397 138.207 399 465050
24.7427 29.3144 0.7 38.3606 0.701029 0 -0 141.019 414 465050
7.24178 37.6364 2.30967 38.3606 0.190091 0.041974 -0 139.894 408 465050
6.6383 37.7475 2.30967 38.3606 0.17408 0.041974 -0 138.957 403 465050
6.03482 37.6686 4.72419 38.3606 0.158858 0.105098 -0.0707397 135.582 385 465050
6.03482 37.7459 3.91935 38.3606 0.158538 0.0840222 -0.0707397 135.957 387 465050
24.5014 30.2494 1.51691 38.936 0.680795 0.0209824 -0 139.957 403 465050
-15.3888 35.9652 -0.120934 39.1278 -0.404307 -0.0209824 -0 142.394 416 465050
-15.6151 36.5036 0.7 39.7032 -0.404213 0 0.0707397 138.269 394 465050
-15.6151 36.5036 0.7 39.7032 -0.404213 0 -0 142.207 415 465050
-15.6151 36.4941 -0.133007 39.7032 -0.404307 -0.0209824 -0 141.832 413 465050
-6.90383 39.2931 0.7 39.895 -0.173925 0 0.0707397 134.519 374 465050
-15.0629 36.9421 0.7 39.895 -0.387164 0 0.0707397 138.269 394 465050
-15.6905 36.68 0.7 39.895 -0.404213 0 0.0707397 138.644 396 465050
-6.90383 39.2931 0.7 39.895 -0.173925 0 -0.0707397 134.707 375 465050
6.27621 39.2557 4.04812 39.895 0.158538 0.0840222 -0.0707397 133.207 367 465050
-16.5535 36.9204 -0.149103 40.4704 -0.421486 -0.0209824 -0 137.894 392 465050
8.91342 39.3944 3.24731 40.4704 0.222515 0.0629841 -0 137.519 390 465050
8.27675 39.6059 1.5491 40.4704 0.206013 0.0209824 -0 137.144 388 465050
-15.3526 37.6429 1.55313 40.6622 -0.387253 0.0209824 0.0707397 139.207 399 465050
-15.9923 37.3756 1.55313 40.6622 -0.404307 0.0209824 0.0707397 140.144 404 465050
-15.3526 37.6526 0.7 40.6622 -0.387164 0 -0 142.582 417 465050
-15.3526 37.6429 1.55313 40.6622 -0.387253 0.0209824 -0 145.207 431 465050
-15.9923 37.3854 0.7 40.6622 -0.404213 0 -0 144.082 425 465050
-15.9923 37.3756 1.55313 40.6622 -0.404307 0.0209824 -0 146.332 437 465050
-19.4623 36.191 -2.7608 41.2376 -0.493402 -0.0840222 -0 138.707 391 465050
-20.111 35.9908 1.5652 41.2376 -0.50956 0.0209824 -0 139.644 396 465050
-20.7598 35.6206 1.5652 41.2376 -0.527678 0.0209824 -0 138.519 390 465050
-19.5528 36.3593 4.1769 41.4294 -0.493402 0.0840222 -0 140.957 403 465050
32.3798 26.7573 0.7 42.0049 0.880188 0 -0 137.957 387 465050
32.3798 26.7428 1.5813 42.0049 0.880455 0.0209824 -0 136.832 381 465050
31.719 27.5375 0.7 42.0049 0.855848 0 -0 138.332 389 465050
31.719 27.5234 1.5813 42.0049 0.856101 0.0209824 -0 136.269 378 465050
28.4149 30.9354 0.7 42.0049 0.742956 0 -0 135.519 374 465050
-6.6383 41.6712 0.7 42.1967 -0.157974 0 0.0707397 134.582 369 465050
-6.6383 41.6618 1.58532 42.1967 -0.158009 0.0209824 0.0707397 139.082 393 465050
-7.30213 41.56 0.7 42.1967 -0.173925 0 0.0707397 134.957 371 465050
-7.30213 41.5506 1.58532 42.1967 -0.173964 0.0209824 0.0707397 138.894 392 465050
-15.2681 39.3276 1.58532 42.1967 -0.370317 0.0209824 0.0707397 134.394 368 465050
-6.6383 41.6618 1.58532 42.1967 -0.158009 0.0209824 -0 146.207 431 465050
-7.30213 41.5506 1.58532 42.1967 -0.173964 0.0209824 -0 146.207 431 465050
-6.6383 41.6618 1.58532 42.1967 -0.158009 0.0209824 -0.0707397 138.332 389 465050
-7.30213 41.5506 1.58532 42.1967 -0.173964 0.0209824 -0.0707397 138.894 392 465050
29.2085 30.4407 1.58532 42.1967 0.764744 0.0209824 -0.0707397 136.644 380 465050
28.9339 31.5004 0.7 42.7721 0.742956 0 0.0707397 140.394 400 465050
28.9339 31.4876 1.59739 42.7721 0.743158 0.0209824 0.0707397 139.269 394 465050
28.261 32.1055 0.7 42.7721 0.721799 0 0.0707397 143.582 417 465050
28.261 32.0929 1.59739 42.7721 0.721993 0.0209824 0.0707397 142.269 410 465050
28.9339 31.5004 0.7 42.7721 0.742956 0 -0 147.894 440 465050
28.9339 31.4876 1.59739 42.7721 0.743158 0.0209824 -0 146.957 435 465050
28.261 32.1055 0.7 42.7721 0.721799 0 -0 150.707 455 465050
28.261 32.0929 1.59739 42.7721 0.721993 0.0209824 -0 149.394 448 465050
28.9339 31.5004 0.7 42.7721 0.742956 0 -0.0707397 141.519 406 465050
28.9339 31.4876 1.59739 42.7721 0.743158 0.0209824 -0.0707397 140.957 403 465050
28.261 32.1055 0.7 42.7721 0.721799 0 -0.0707397 144.144 420 465050
28.261 32.0929 1.59739 42.7721 0.721993 0.0209824 -0.0707397 143.207 415 465050
29.0637 31.6417 0.7 42.9639 0.742956 0 0.0707397 137.582 385 465050
29.0637 31.6288 1.60142 42.9639 0.743158 0.0209824 0.0707397 136.832 381 465050
28.3878 32.2495 0.7 42.9639 0.721799 0 0.0707397 140.207 399 465050
28.3878 32.2369 1.60142 42.9639 0.721993 0.0209824 0.0707397 138.894 392 465050
29.0637 31.6417 0.7 42.9639 0.742956 0 -0 144.332 421 465050
29.0637 31.6288 1.60142 42.9639 0.743158 0.0209824 -0 143.394 416 465050
28.3878 32.2495 0.7 42.9639 0.721799 0 -0 146.957 435 465050
28.3878 32.2369 1.60142 42.9639 0.721993 0.0209824 -0 145.644 428 465050
29.0637 31.6417 0.7 42.9639 0.742956 0 -0.0707397 137.207 383 465050
29.0637 31.6288 1.60142 42.9639 0.743158 0.0209824 -0.0707397 136.832 381 465050
28.3878 32.2495 0.7 42.9639 0.721799 0 -0.0707397 139.082 393 465050
28.3878 32.2369 1.60142 42.9639 0.721993 0.0209824 -0.0707397 138.144 388 465050
6.84952 42.9874 1.61349 43.5393 0.158009 0.0209824 0.0707397 132.582 353 465050
6.16457 43.0619 2.52698 43.5393 0.14219 0.041974 0.0707397 135.957 371 465050
6.16457 43.091 1.61349 43.5393 0.142095 0.0209824 0.0707397 137.269 378 465050
5.47961 43.1834 1.61349 43.5393 0.126217 0.0209824 0.0707397 132.582 353 465050
6.84952 42.9874 1.61349 43.5393 0.158009 0.0209824 -0 141.394 400 465050
6.16457 43.0619 2.52698 43.5393 0.14219 0.041974 -0 143.082 409 465050
6.16457 43.091 1.61349 43.5393 0.142095 0.0209824 -0 145.144 420 465050
6.84952 42.9874 1.61349 43.5393 0.158009 0.0209824 -0.0707397 135.957 371 465050
6.16457 43.0619 2.52698 43.5393 0.14219 0.041974 -0.0707397 136.894 376 465050
6.16457 43.091 1.61349 43.5393 0.142095 0.0209824 -0.0707397 139.144 388 465050
6.19172 43.2808 1.61751 43.7311 0.142095 0.0209824 0.0707397 132.207 351 465050
5.50375 43.3834 0.7 43.7311 0.126189 0 0.0707397 131.082 345 465050
5.50375 43.3445 2.53503 43.7311 0.126301 0.041974 0.0707397 132.019 350 465050
5.50375 43.3737 1.61751 43.7311 0.126217 0.0209824 0.0707397 131.644 348 465050
4.81578 43.4264 2.53503 43.7311 0.110444 0.041974 0.0707397 133.332 357 465050
28.2067 33.4184 0.7 43.7311 0.701029 0 -0.0707397 137.832 381 465050
28.2067 33.4058 1.61751 43.7311 0.701215 0.0209824 -0.0707397 137.082 377 465050
6.19172 43.2808 1.61751 43.7311 0.142095 0.0209824 -0.0707397 134.457 363 465050
5.50375 43.3737 1.61751 43.7311 0.126217 0.0209824 -0.0707397 133.519 358 465050
-16.0315 41.3044 0.7 44.3065 -0.370232 0 0.0707397 138.394 384 465050
-16.0315 41.294 -0.229587 44.3065 -0.370317 -0.0209824 0.0707397 136.519 374 465050
-16.7285 41.0271 0.7 44.3065 -0.387164 0 0.0707397 134.644 364 465050
-16.0315 41.3044 0.7 44.3065 -0.370232 0 -0 145.332 421 465050
-16.0315 41.294 -0.229587 44.3065 -0.370317 -0.0209824 -0 143.457 411 465050
6.27319 43.8503 1.62959 44.3065 0.142095 0.0209824 -0 142.707 407 465050
-16.0315 41.3044 0.7 44.3065 -0.370232 0 -0.0707397 138.582 385 465050
-16.0315 41.294 -0.229587 44.3065 -0.370317 -0.0209824 -0.0707397 137.082 377 465050
6.27319 43.8207 2.55917 44.3065 0.14219 0.041974 -0.0707397 136.332 373 465050
6.27319 43.8503 1.62959 44.3065 0.142095 0.0209824 -0.0707397 137.269 378 465050
-16.1009 41.4832 0.7 44.4983 -0.370232 0 0.0707397 132.957 355 465050
-16.1009 41.4832 0.7 44.4983 -0.370232 0 -0 139.332 389 465050
-16.1009 41.4727 -0.233611 44.4983 -0.370317 -0.0209824 -0 136.894 376 465050
7.00039 43.9343 1.63361 44.4983 0.158009 0.0209824 -0 138.019 382 465050
6.30035 44.0401 1.63361 44.4983 0.142095 0.0209824 -0 137.269 378 465050
-16.1009 41.4832 0.7 44.4983 -0.370232 0 -0.0707397 133.707 359 465050
-16.1009 41.4727 1.63361 44.4983 -0.370317 0.0209824 -0.0707397 132.019 350 465050
0 45.0638 -0.245684 45.0737 0 -0.0209824 0.0707397 144.207 415 465050
-2.83636 44.9844 0.7 45.0737 -0.0629689 0 0.0707397 137.457 379 465050
-2.83636 44.9744 -0.245684 45.0737 -0.0629827 -0.0209824 0.0707397 137.832 381 465050
-4.96364 44.7996 0.7 45.0737 -0.110346 0 0.0707397 138.207 383 465050
0 45.0737 0.7 45.0737 0 0 -0 150.582 449 465050
0 45.0638 -0.245684 45.0737 0 -0.0209824 -0 152.832 461 465050
-0.709091 45.0681 0.7 45.0737 -0.0157325 0 -0 149.832 445 465050
-0.709091 45.0582 -0.245684 45.0737 -0.0157359 -0.0209824 -0 150.019 446 465050
0 45.0737 0.7 45.0737 0 0 -0.0707397 144.207 415 465050
0 45.0638 -0.245684 45.0737 0 -0.0209824 -0.0707397 146.644 428 465050
-0.709091 45.0582 -0.245684 45.0737 -0.0157359 -0.0209824 -0.0707397 143.832 413 465050
-3.56054 45.1253 0.7 45.2655 -0.0787404 0 0.0707397 143.082 409 465050
-3.56054 45.1153 -0.249708 45.2655 -0.0787578 -0.0209824 0.0707397 142.707 407 465050
-4.27265 45.0634 0.7 45.2655 -0.0945316 0 0.0707397 142.332 405 465050
-4.27265 45.0534 -0.249708 45.2655 -0.0945525 -0.0209824 0.0707397 142.144 404 465050
-3.56054 45.1253 0.7 45.2655 -0.0787404 0 -0 150.207 447 465050
-3.56054 45.1153 -0.249708 45.2655 -0.0787578 -0.0209824 -0 149.457 443 465050
-4.27265 45.0634 0.7 45.2655 -0.0945316 0 -0 148.707 439 465050
-4.27265 45.0534 -0.249708 45.2655 -0.0945525 -0.0209824 -0 148.707 439 465050
-3.56054 45.1253 0.7 45.2655 -0.0787404 0 -0.0707397 142.519 406 465050
-3.56054 45.1153 -0.249708 45.2655 -0.0787578 -0.0209824 -0.0707397 141.582 401 465050
-4.27265 45.0634 0.7 45.2655 -0.0945316 0 -0.0707397 141.394 400 465050
-4.27265 45.0534 -0.249708 45.2655 -0.0945525 -0.0209824 -0.0707397 141.394 400 465050
34.6157 30.0523 0.7 45.8409 0.855848 0 0.0707397 142.332 405 465050
-20.5304 41.8428 0.7 46.6081 -0.456145 0 0.0707397 133.019 350 465050
-21.2637 41.475 0.7 46.6081 -0.473746 0 0.0707397 133.582 353 465050
-10.9985 45.2918 0.7 46.6081 -0.238224 0 -0 140.144 388 465050
-21.2637 41.475 0.7 46.6081 -0.473746 0 -0 139.207 383 465050
-11.78 45.2931 0.7 46.7999 -0.254446 0 -0 140.332 389 465050
-12.5162 45.0952 0.7 46.7999 -0.270736 0 -0 139.582 385 465050
-15.7147 44.8963 0.7 47.5671 -0.336693 0 0.0707397 133.019 350 465050
-14.9663 45.1513 0.7 47.5671 -0.320073 0 -0 139.957 387 465050
-15.7147 44.8963 0.7 47.5671 -0.336693 0 -0 140.332 389 465050
-14.9663 45.1513 0.7 47.5671 -0.320073 0 -0.0707397 133.394 352 465050
-15.7147 44.8963 0.7 47.5671 -0.336693 0 -0.0707397 133.207 351 465050
25.0928 41.3106 0.7 48.3344 0.545856 0 0.0707397 132.457 347 465050
-23.572 42.148 -1.32819 48.3344 -0.50993 -0.041974 -0.0707397 131.707 343 465050
25.0928 41.3106 0.7 48.3344 0.545856 0 -0.0707397 134.144 356 465050
25.0928 41.2607 -1.32819 48.3344 0.546391 -0.041974 -0.0707397 133.582 353 465050
25.0928 41.1984 -2.34229 48.3344 0.547063 -0.0629841 -0.0707397 131.894 344 465050
25.0928 41.2981 1.7141 48.3344 0.54599 0.0209824 -0.0707397 131.707 343 465050
10.0027 47.832 2.75234 48.9098 0.206151 0.041974 -0 134.207 351 465050
10.0027 47.865 1.72617 48.9098 0.206013 0.0209824 -0 136.832 365 465050
9.23327 48.0303 0.7 48.9098 0.189921 0 -0 136.457 363 465050
9.23327 48.0194 1.72617 48.9098 0.189964 0.0209824 -0 138.707 375 465050
10.8144 47.8848 1.73019 49.1016 0.222116 0.0209824 0.0707397 135.519 358 465050
9.26948 48.2187 0.7 49.1016 0.189921 0 0.0707397 137.394 368 465050
9.26948 48.2077 1.73019 49.1016 0.189964 0.0209824 0.0707397 138.332 373 465050
8.49702 48.3608 0.7 49.1016 0.173925 0 0.0707397 135.144 356 465050
8.49702 48.3498 1.73019 49.1016 0.173964 0.0209824 0.0707397 136.269 362 465050
9.26948 48.2187 0.7 49.1016 0.189921 0 -0 143.957 403 465050
9.26948 48.2077 1.73019 49.1016 0.189964 0.0209824 -0 144.894 408 465050
10.8144 47.8958 0.7 49.1016 0.222066 0 -0.0707397 135.332 357 465050
10.8144 47.8848 1.73019 49.1016 0.222116 0.0209824 -0.0707397 134.957 355 465050
9.26948 48.2187 0.7 49.1016 0.189921 0 -0.0707397 136.269 362 465050
9.26948 48.2077 1.73019 49.1016 0.189964 0.0209824 -0.0707397 137.957 371 465050
8.49702 48.3608 0.7 49.1016 0.173925 0 -0.0707397 134.394 352 465050
8.49702 48.3498 1.73019 49.1016 0.173964 0.0209824 -0.0707397 135.332 357 465050
-25.0083 42.9104 1.74226 49.677 -0.527678 0.0209824 -0 132.707 343 465050
22.6638 44.2058 0.7 49.677 0.473746 0 -0 132.894 344 465050
-28.2429 41.1003 0.7 49.8688 -0.602065 0 -0 135.894 360 465050
21.9667 44.7701 0.7 49.8688 0.456145 0 -0 134.394 352 465050
21.1822 45.1465 0.7 49.8688 0.438696 0 -0 134.207 351 465050
-24.6009 44.026 1.75836 50.4442 -0.50956 0.0209824 -0 134.582 353 465050
21.4266 45.6552 1.75836 50.4442 0.438799 0.0209824 -0 134.582 353 465050
20.633 46.0193 1.75836 50.4442 0.421486 0.0209824 -0 134.957 355 465050
7.93578 49.8048 1.75836 50.4442 0.158009 0.0209824 -0 133.082 345 465050
-21.5081 45.8288 1.76239 50.636 -0.438799 0.0209824 -0 133.832 349 465050
32.3466 39.9498 0.7 51.4032 0.680617 0 -0 133.457 347 465050
32.3466 39.9352 1.77848 51.4032 0.680795 0.0209824 -0 133.644 348 465050
25.8773 44.4146 0.7 51.4032 0.52755 0 -0 135.707 359 465050
25.8773 44.4015 1.77848 51.4032 0.527678 0.0209824 -0 134.019 350 465050
25.0686 44.876 0.7 51.4032 0.509437 0 -0 135.519 358 465050
25.0686 44.863 1.77848 51.4032 0.50956 0.0209824 -0 134.207 351 465050
19.6252 48.1313 0.7 51.9786 0.387164 0 0.0707397 133.894 344 465050
19.6252 48.119 1.79055 51.9786 0.387253 0.0209824 0.0707397 135.582 353 465050
20.4429 47.7773 1.79055 51.9786 0.404307 0.0209824 -0 139.144 372 465050
19.6252 48.1313 0.7 51.9786 0.387164 0 -0 141.582 385 465050
19.6252 48.119 1.79055 51.9786 0.387253 0.0209824 -0 143.269 394 465050
18.8075 48.4444 1.79055 51.9786 0.370317 0.0209824 -0 138.957 371 465050
19.6252 48.1313 0.7 51.9786 0.387164 0 -0.0707397 134.644 348 465050
19.6252 48.119 1.79055 51.9786 0.387253 0.0209824 -0.0707397 135.957 355 465050
19.6976 48.3089 0.7 52.1704 0.387164 0 -0 139.707 375 465050
19.6976 48.2965 1.79458 52.1704 0.387253 0.0209824 -0 140.644 380 465050
18.8769 48.6232 1.79458 52.1704 0.370317 0.0209824 -0 136.519 358 465050
19.6976 48.3089 0.7 52.1704 0.387164 0 -0.0707397 134.082 345 465050
19.6976 48.2965 1.79458 52.1704 0.387253 0.0209824 -0.0707397 135.019 350 465050
0 52.7458 0.7 52.7458 0 0 0.0707397 148.707 423 465050
0 52.7342 1.80665 52.7458 0 0.0209824 0.0707397 146.457 411 465050
-0.829787 52.7393 0.7 52.7458 -0.0157325 0 0.0707397 147.957 419 465050
-0.829787 52.7277 1.80665 52.7458 -0.0157359 0.0209824 0.0707397 147.207 415 465050
0 52.7458 0.7 52.7458 0 0 -0 155.832 461 465050
0 52.7342 1.80665 52.7458 0 0.0209824 -0 154.519 454 465050
-0.829787 52.7393 0.7 52.7458 -0.0157325 0 -0 155.457 459 465050
-0.829787 52.7277 1.80665 52.7458 -0.0157359 0.0209824 -0 155.082 457 465050
0 52.7458 0.7 52.7458 0 0 -0.0707397 149.082 425 465050
0 52.7342 1.80665 52.7458 0 0.0209824 -0.0707397 147.582 417 465050
-0.829787 52.7393 0.7 52.7458 -0.0157325 0 -0.0707397 148.894 424 465050
-0.829787 52.7277 1.80665 52.7458 -0.0157359 0.0209824 -0.0707397 148.519 422 465050
1.66561 52.8648 2.92135 52.9376 0.0314966 0.041974 -0 145.519 406 465050
1.66561 52.8998 1.81068 52.9376 0.0314757 0.0209824 -0 147.582 417 465050
0.832805 52.8844 2.92135 52.9376 0.0157463 0.041974 -0 144.394 400 465050
0.832805 52.9194 1.81068 52.9376 0.0157359 0.0209824 -0 145.894 408 465050
1.66561 52.8998 1.81068 52.9376 0.0314757 0.0209824 -0.0707397 140.832 381 465050
-2.52557 53.4534 0.7 53.513 -0.047213 0 0.0707397 148.894 424 465050
-2.52557 53.4416 -0.422748 53.513 -0.0472234 -0.0209824 0.0707397 147.207 415 465050
-3.36743 53.407 0.7 53.513 -0.0629689 0 0.0707397 148.332 421 465050
-2.52557 53.4534 0.7 53.513 -0.047213 0 -0 156.582 465 465050
-2.52557 53.4416 -0.422748 53.513 -0.0472234 -0.0209824 -0 154.332 453 465050
-3.36743 53.407 0.7 53.513 -0.0629689 0 -0 155.832 461 465050
-2.52557 53.4534 0.7 53.513 -0.047213 0 -0.0707397 149.082 425 465050
-2.52557 53.4416 -0.422748 53.513 -0.0472234 -0.0209824 -0.0707397 147.394 416 465050
-3.36743 53.407 0.7 53.513 -0.0629689 0 -0.0707397 148.707 423 465050
-4.22437 53.5266 -0.426772 53.7048 -0.0787578 -0.0209824 0.0707397 144.582 401 465050
-4.22437 53.5266 -0.426772 53.7048 -0.0787578 -0.0209824 -0 151.332 437 465050
-3.3795 53.5984 0.7 53.7048 -0.0629689 0 -0.0707397 141.957 387 465050
-3.3795 53.5866 -0.426772 53.7048 -0.0629827 -0.0209824 -0.0707397 141.207 383 465050
-3.3795 53.5866 1.82677 53.7048 -0.0629827 0.0209824 -0.0707397 141.957 387 465050
-4.22437 53.5384 0.7 53.7048 -0.0787404 0 -0.0707397 144.207 399 465050
40.554 35.2077 0.7 53.7048 0.855848 0 -0.0707397 140.457 379 465050
-9.39319 53.4613 0.7 54.2802 -0.173925 0 0.0707397 149.082 425 465050
-9.39319 53.4613 0.7 54.2802 -0.173925 0 -0.0707397 150.207 431 465050
-12.8542 52.9337 0.7 54.472 -0.238224 0 0.0707397 141.019 382 465050
0 55.0353 1.85494 55.0475 0 0.0209824 0.0707397 141.644 380 465050
0.865996 55.0285 1.85494 55.0475 0.0157359 0.0209824 0.0707397 141.644 380 465050
0 55.0353 1.85494 55.0475 0 0.0209824 -0 148.207 415 465050
0.865996 55.0285 1.85494 55.0475 0.0157359 0.0209824 -0 148.582 417 465050
0 55.0353 1.85494 55.0475 0 0.0209824 -0.0707397 140.144 372 465050
0.865996 55.0285 1.85494 55.0475 0.0157359 0.0209824 -0.0707397 141.269 378 465050
0 55.2271 1.85897 55.2393 0 0.0209824 0.0707397 134.707 343 465050
-0.869014 55.2203 1.85897 55.2393 -0.0157359 0.0209824 0.0707397 138.269 362 465050
-0.869014 55.2203 1.85897 55.2393 -0.0157359 0.0209824 -0 145.394 400 465050
0 55.2271 1.85897 55.2393 0 0.0209824 -0.0707397 135.457 347 465050
-0.869014 55.2203 1.85897 55.2393 -0.0157359 0.0209824 -0.0707397 137.894 360 465050
-4.40542 55.7835 -1.65013 56.0065 -0.07881 -0.041974 0.0707397 139.582 369 465050
-4.40542 55.8206 1.87506 56.0065 -0.0787578 0.0209824 0.0707397 137.707 359 465050
-4.40542 55.7835 -1.65013 56.0065 -0.07881 -0.041974 -0.0707397 140.707 375 465050
-18.6928 53.4049 0.7 56.5819 -0.336693 0 -0.0707397 134.519 342 465050
-19.6494 53.2649 0.7 56.7737 -0.353411 0 0.0707397 142.582 385 465050
-19.6494 53.2516 -0.491159 56.7737 -0.353492 -0.0209824 0.0707397 141.082 377 465050
-20.5425 52.9269 0.7 56.7737 -0.370232 0 0.0707397 142.957 387 465050
-20.5425 52.9135 -0.491159 56.7737 -0.370317 -0.0209824 0.0707397 139.582 369 465050
-19.6494 53.2649 0.7 56.7737 -0.353411 0 -0 149.519 422 465050
-19.6494 53.2516 -0.491159 56.7737 -0.353492 -0.0209824 -0 148.019 414 465050
-20.5425 52.9269 0.7 56.7737 -0.370232 0 -0 149.707 423 465050
-20.5425 52.9135 -0.491159 56.7737 -0.370317 -0.0209824 -0 146.144 404 465050
-19.6494 53.2649 0.7 56.7737 -0.353411 0 -0.0707397 142.207 383 465050
-19.6494 53.2516 -0.491159 56.7737 -0.353492 -0.0209824 -0.0707397 140.707 375 465050
-20.5425 52.9269 0.7 56.7737 -0.370232 0 -0.0707397 142.207 383 465050
-20.5425 52.9135 -0.491159 56.7737 -0.370317 -0.0209824 -0.0707397 138.644 364 465050
-19.8485 53.8048 0.7 57.3491 -0.353411 0 0.0707397 135.082 345 465050
-18.9463 54.1291 0.7 57.3491 -0.336693 0 -0 139.019 366 465050
-19.8485 53.8048 0.7 57.3491 -0.353411 0 -0 141.644 380 465050
-15.3888 55.3923 -1.71451 57.5409 -0.270981 -0.041974 0.0707397 141.832 381 465050
-16.294 55.1328 -1.71451 57.5409 -0.287361 -0.041974 0.0707397 146.707 407 465050
-16.294 55.0667 -2.92177 57.5409 -0.287687 -0.0629841 0.0707397 141.832 381 465050
-17.1992 54.8572 -1.71451 57.5409 -0.303821 -0.041974 0.0707397 142.394 384 465050
-15.3888 55.3923 -1.71451 57.5409 -0.270981 -0.041974 -0 149.144 420 465050
-16.294 55.1328 -1.71451 57.5409 -0.287361 -0.041974 -0 153.832 445 465050
-16.294 55.0667 -2.92177 57.5409 -0.287687 -0.0629841 -0 148.582 417 465050
-17.1992 54.8572 -1.71451 57.5409 -0.303821 -0.041974 -0 149.519 422 465050
-15.3888 55.3923 -1.71451 57.5409 -0.270981 -0.041974 -0.0707397 141.644 380 465050
-16.294 55.1328 -1.71451 57.5409 -0.287361 -0.041974 -0.0707397 146.519 406 465050
-17.1992 54.8572 -1.71451 57.5409 -0.303821 -0.041974 -0.0707397 142.207 383 465050
-12.7998 56.6367 3.13866 58.1163 -0.222265 0.041974 -0 135.457 347 465050
30.1711 49.6561 1.91933 58.1163 0.54599 0.0209824 -0 135.269 346 465050
29.2568 50.215 0.7 58.1163 0.52755 0 -0 134.332 341 465050
29.2568 50.2002 1.91933 58.1163 0.527678 0.0209824 -0 136.207 351 465050
27.4282 51.2367 0.7 58.1163 0.491506 0 -0 134.144 340 465050
-12.0425 57.586 3.17085 58.8835 -0.206151 0.041974 -0 137.394 352 465050
-12.9688 57.3844 3.17085 58.8835 -0.222265 0.041974 -0 135.707 343 465050
-27.8809 52.0822 0.7 59.0753 -0.491506 0 -0 135.519 342 465050
-28.8102 51.5739 0.7 59.0753 -0.509437 0 -0 137.019 350 465050
-20.6451 55.9082 3.20304 59.6507 -0.353736 0.041974 -0 135.519 342 465050
-28.1524 52.5746 1.95152 59.6507 -0.491624 0.0209824 -0 135.332 341 465050
30.0292 51.5256 1.95152 59.6507 0.527678 0.0209824 -0 137.207 351 465050
29.0908 52.0762 0.7 59.6507 0.509437 0 -0 135.707 343 465050
29.0908 52.0612 1.95152 59.6507 0.50956 0.0209824 -0 137.394 352 465050
31.0672 51.131 1.95555 59.8425 0.54599 0.0209824 -0 137.582 353 465050
28.2429 52.7436 1.95555 59.8425 0.491624 0.0209824 -0 137.957 355 465050
39.9203 45.3508 0.7 60.4179 0.721799 0 -0 136.832 349 465050
30.4155 52.1421 3.23524 60.4179 0.528064 0.041974 -0 136.644 348 465050
30.4155 52.1883 1.96762 60.4179 0.527678 0.0209824 -0 137.394 352 465050
29.465 52.685 3.23524 60.4179 0.50993 0.041974 -0 136.644 348 465050
29.465 52.7308 1.96762 60.4179 0.50956 0.0209824 -0 138.144 356 465050
30.512 52.3694 0.7 60.6097 0.52755 0 -0 136.457 347 465050
30.512 52.354 1.97164 60.6097 0.527678 0.0209824 -0 139.644 364 465050
29.5585 52.9135 0.7 60.6097 0.509437 0 -0 139.457 363 465050
29.5585 52.8982 1.97164 60.6097 0.50956 0.0209824 -0 140.582 369 465050
30.512 52.354 1.97164 60.6097 0.527678 0.0209824 -0.0707397 134.957 339 465050
29.5585 52.8982 1.97164 60.6097 0.50956 0.0209824 -0.0707397 135.519 342 465050
-23.1737 56.8341 0.7 61.377 -0.387164 0 -0 137.582 353 465050
-23.1737 56.8195 1.98774 61.377 -0.387253 0.0209824 -0 135.707 343 465050
33.2398 52.4425 3.30767 62.1442 0.564926 0.041974 -0 136.707 343 465050
33.2398 52.4911 2.00384 62.1442 0.564507 0.0209824 -0 138.207 351 465050
32.2621 53.0495 3.30767 62.1442 0.546391 0.041974 -0 135.957 339 465050
-6.99133 63.0866 -0.632006 63.4868 -0.110371 -0.0209824 -0 136.332 341 465050
37.4008 52.1775 3.39621 64.254 0.621912 0.041974 -0 137.269 346 465050
37.4008 52.2297 2.0481 64.254 0.621438 0.0209824 -0 139.144 356 465050
36.3899 52.8874 3.39621 64.254 0.60267 0.041974 -0 138.207 351 465050
36.3899 52.9389 2.0481 64.254 0.602216 0.0209824 -0 138.582 353 465050
-9.23327 64.5561 0.7 65.213 -0.142064 0 -0 136.144 340 465050
12.7093 66.0519 3.52498 67.3228 0.190091 0.041974 -0 139.394 352 465050
12.7093 66.0972 2.11249 67.3228 0.189964 0.0209824 -0 139.582 353 465050
2.1665 68.808 2.14468 68.8573 0.0314757 0.0209824 -0 137.144 340 465050
1.08325 68.7881 3.58937 68.8573 0.0157463 0.041974 -0 137.519 342 465050
1.08325 68.8336 2.14468 68.8573 0.0157359 0.0209824 -0 139.207 351 465050
0 69.0339 2.14871 69.0491 0 0.0209824 -0 139.019 350 465050
2.17253 68.9997 2.14871 69.0491 0.0314757 0.0209824 -0 138.082 345 465050
1.08627 68.9797 3.59741 69.0491 0.0157463 0.041974 -0 137.519 342 465050
1.08627 69.0253 2.14871 69.0491 0.0157359 0.0209824 -0 141.082 361 465050
-13.3611 69.4392 3.66985 70.7753 -0.190091 0.041974 -0 144.519 374 465050
-13.3611 69.4868 2.18492 70.7753 -0.189964 0.0209824 -0 143.957 371 465050
-14.4745 69.2157 3.66985 70.7753 -0.206151 0.041974 -0 141.894 360 465050
-14.4745 69.2635 2.18492 70.7753 -0.206013 0.0209824 -0 140.207 351 465050
2.26306 71.8747 2.20907 71.9261 0.0314757 0.0209824 0.0707397 138.707 343 465050
2.26306 71.8905 0.7 71.9261 0.0314688 0 -0 143.957 371 465050
2.26306 71.8747 2.20907 71.9261 0.0314757 0.0209824 -0 146.207 383 465050
1.13153 71.9014 2.20907 71.9261 0.0157359 0.0209824 -0 142.082 361 465050
2.26306 71.8747 2.20907 71.9261 0.0314757 0.0209824 -0.0707397 138.332 341 465050
3.40364 72.0217 2.21309 72.1179 0.0472234 0.0209824 -0 139.457 347 465050
2.26909 72.0822 0.7 72.1179 0.0314688 0 -0 138.894 344 465050
2.26909 72.0187 3.72619 72.1179 0.0314966 0.041974 -0 139.082 345 465050
2.26909 72.0663 2.21309 72.1179 0.0314757 0.0209824 -0 143.957 371 465050
1.13455 72.0931 2.21309 72.1179 0.0157359 0.0209824 -0 140.957 355 465050
2.27513 72.2739 0.7 72.3097 0.0314688 0 -0 138.707 343 465050
2.27513 72.258 2.21712 72.3097 0.0314757 0.0209824 -0 141.519 358 465050
1.13756 72.2849 2.21712 72.3097 0.0157359 0.0209824 -0 139.082 345 465050
-9.14878 72.0992 2.22517 72.6933 -0.126217 0.0209824 -0 139.082 345 465050
-10.2924 71.9448 2.22517 72.6933 -0.142095 0.0209824 -0 139.832 349 465050
24.1423 68.9056 3.76643 73.0769 0.337002 0.041974 -0 138.519 342 465050
