1.52983 1.91185 0.22917 2.49344 0.67485 -0.189968 -0 92.7067 391 465558
1.43629 2.22362 0.249291 2.68524 0.573504 -0.168645 -0 98.3317 421 465558
1.09834 2.40854 0.249291 2.68524 0.427848 -0.168645 -0 97.2067 415 465558
1.26731 2.53734 0.217098 2.87704 0.463219 -0.168645 -0 105.332 437 465558
0.995745 2.644 0.156735 2.87704 0.360177 -0.189968 -0.0707397 97.4567 395 465558
1.30352 2.74145 0.249291 3.06885 0.443845 -0.147399 -0 102.332 421 465558
1.30352 2.73008 0.184904 3.06885 0.445458 -0.168645 -0 101.207 415 465558
1.15868 2.80573 0.249291 3.06885 0.391638 -0.147399 -0 102.519 422 465558
1.15868 2.79463 0.184904 3.06885 0.393039 -0.168645 -0 100.832 413 465558
0.917292 2.87064 0.120517 3.06885 0.309288 -0.189968 -0 99.5192 406 465558
1.12851 3.03147 0.289533 3.26065 0.356371 -0.12622 0.0707397 99.5192 406 465558
1.12851 3.02142 0.221122 3.26065 0.357458 -0.147399 0.0707397 102.144 420 465558
1.07721 3.04009 0.221122 3.26065 0.340533 -0.147399 0.0707397 98.5817 401 465558
1.12851 3.02142 0.221122 3.26065 0.357458 -0.147399 -0 109.457 459 465558
1.12851 3.03147 0.289533 3.26065 0.356371 -0.12622 -0.0707397 99.8942 408 465558
1.12851 3.02142 0.221122 3.26065 0.357458 -0.147399 -0.0707397 102.332 421 465558
1.07721 3.04009 0.221122 3.26065 0.340533 -0.147399 -0.0707397 98.2067 399 465558
1.79234 2.91857 0.265388 3.45245 0.550734 -0.12622 -0 103.082 425 465558
1.30352 3.16724 0.265388 3.45245 0.390435 -0.12622 -0 104.207 431 465558
1.24921 3.18905 0.265388 3.45245 0.373346 -0.12622 -0 102.519 422 465558
1.19489 3.19915 0.192952 3.45245 0.357458 -0.147399 -0 101.957 419 465558
1.71992 3.17994 0.241243 3.64426 0.495804 -0.12622 0.0707397 99.1442 388 465558
1.4906 3.29367 0.241243 3.64426 0.424985 -0.12622 0.0707397 99.1442 388 465558
1.43327 3.31902 0.241243 3.64426 0.407646 -0.12622 0.0707397 100.457 395 465558
1.08928 3.44726 0.241243 3.64426 0.306057 -0.12622 0.0707397 99.3317 389 465558
1.94925 3.04476 0.241243 3.64426 0.569452 -0.12622 -0.0707397 97.2692 378 465558
1.71992 3.17994 0.241243 3.64426 0.495804 -0.12622 -0.0707397 99.7067 391 465558
1.66259 3.21029 0.241243 3.64426 0.477861 -0.12622 -0.0707397 97.8317 381 465558
1.54793 3.26712 0.241243 3.64426 0.442461 -0.12622 -0.0707397 96.5192 374 465558
1.4906 3.29367 0.241243 3.64426 0.424985 -0.12622 -0.0707397 99.1442 388 465558
1.43327 3.31902 0.241243 3.64426 0.407646 -0.12622 -0.0707397 100.082 393 465558
1.14662 3.6385 0.297581 3.83606 0.305283 -0.105098 0.0707397 102.519 406 465558
1.14662 3.6287 0.217098 3.83606 0.306057 -0.12622 0.0707397 102.332 405 465558
1.08627 3.65697 0.297581 3.83606 0.288739 -0.105098 0.0707397 102.332 405 465558
1.08627 3.64722 0.217098 3.83606 0.289469 -0.12622 0.0707397 101.957 403 465558
1.14662 3.6385 0.297581 3.83606 0.305283 -0.105098 -0.0707397 102.707 407 465558
1.14662 3.6287 0.217098 3.83606 0.306057 -0.12622 -0.0707397 101.957 403 465558
1.08627 3.65697 0.297581 3.83606 0.288739 -0.105098 -0.0707397 102.144 404 465558
1.52077 3.70572 0.27746 4.02786 0.389427 -0.105098 0.0707397 104.957 419 465558
1.52077 3.69511 0.192952 4.02786 0.390435 -0.12622 0.0707397 103.832 413 465558
1.45741 3.7311 0.27746 4.02786 0.372386 -0.105098 0.0707397 103.644 412 465558
1.52077 3.70572 0.27746 4.02786 0.389427 -0.105098 -0.0707397 104.207 415 465558
1.59319 3.88219 0.257339 4.21967 0.389427 -0.105098 0.0707397 107.957 435 465558
1.19489 4.02267 0.257339 4.21967 0.288739 -0.105098 0.0707397 108.707 439 465558
1.12851 4.04179 0.257339 4.21967 0.272276 -0.105098 0.0707397 107.957 435 465558
1.59319 3.88219 0.257339 4.21967 0.389427 -0.105098 -0 115.457 475 465558
1.19489 4.02267 0.257339 4.21967 0.288739 -0.105098 -0 116.019 478 465558
1.12851 4.04179 0.257339 4.21967 0.272276 -0.105098 -0 114.894 472 465558
1.59319 3.88219 0.257339 4.21967 0.389427 -0.105098 -0.0707397 108.519 438 465558
1.19489 4.02267 0.257339 4.21967 0.288739 -0.105098 -0.0707397 108.144 436 465558
1.12851 4.04179 0.257339 4.21967 0.272276 -0.105098 -0.0707397 107.582 433 465558
1.66561 4.05865 0.237219 4.41147 0.389427 -0.105098 0.0707397 105.519 406 465558
1.31861 4.18428 0.237219 4.41147 0.305283 -0.105098 0.0707397 105.707 407 465558
1.24921 4.20552 0.237219 4.41147 0.288739 -0.105098 0.0707397 105.894 408 465558
1.66561 4.05865 0.237219 4.41147 0.389427 -0.105098 -0.0707397 107.394 416 465558
1.44836 4.35237 0.313678 4.60327 0.321247 -0.0840222 0.0707397 110.957 435 465558
1.44836 4.34272 0.217098 4.60327 0.321913 -0.105098 0.0707397 111.144 436 465558
1.44836 4.35237 0.313678 4.60327 0.321247 -0.0840222 -0 118.457 475 465558
1.44836 4.34272 0.217098 4.60327 0.321913 -0.105098 -0 119.019 478 465558
1.44836 4.35237 0.313678 4.60327 0.321247 -0.0840222 -0.0707397 112.082 441 465558
1.44836 4.34272 0.217098 4.60327 0.321913 -0.105098 -0.0707397 112.082 441 465558
1.20696 4.62321 0.297581 4.79507 0.255367 -0.0840222 0.0707397 108.707 423 465558
1.20696 4.61334 0.196977 4.79507 0.255889 -0.105098 0.0707397 108.707 423 465558
1.13153 4.64225 0.297581 4.79507 0.239084 -0.0840222 0.0707397 108.894 424 465558
1.13153 4.63242 0.196977 4.79507 0.239572 -0.105098 0.0707397 108.894 424 465558
1.20696 4.62321 0.297581 4.79507 0.255367 -0.0840222 -0 116.582 465 465558
1.20696 4.61334 0.196977 4.79507 0.255889 -0.105098 -0 116.582 465 465558
1.13153 4.64225 0.297581 4.79507 0.239084 -0.0840222 -0 116.582 465 465558
1.13153 4.63242 0.196977 4.79507 0.239572 -0.105098 -0 116.582 465 465558
1.20696 4.62321 0.297581 4.79507 0.255367 -0.0840222 -0.0707397 110.207 431 465558
1.20696 4.61334 0.196977 4.79507 0.255889 -0.105098 -0.0707397 110.207 431 465558
1.13153 4.64225 0.297581 4.79507 0.239084 -0.0840222 -0.0707397 110.207 431 465558
1.13153 4.63242 0.196977 4.79507 0.239572 -0.105098 -0.0707397 110.207 431 465558
1.80441 4.63011 0.281485 4.98688 0.371606 -0.0840222 0.0707397 103.269 394 465558
1.56905 4.71507 0.281485 4.98688 0.321247 -0.0840222 0.0707397 105.332 405 465558
1.56905 4.70461 0.176856 4.98688 0.321913 -0.105098 0.0707397 104.207 399 465558
1.41215 4.76441 0.281485 4.98688 0.288146 -0.0840222 0.0707397 104.957 403 465558
1.33369 4.78697 0.281485 4.98688 0.271719 -0.0840222 0.0707397 107.394 416 465558
1.33369 4.77666 0.176856 4.98688 0.272276 -0.105098 0.0707397 104.582 401 465558
1.33369 4.78697 0.281485 4.98688 0.271719 -0.0840222 -0 114.332 453 465558
1.80441 4.63011 0.281485 4.98688 0.371606 -0.0840222 -0.0707397 102.894 392 465558
1.56905 4.71507 0.281485 4.98688 0.321247 -0.0840222 -0.0707397 105.519 406 465558
1.41215 4.76441 0.281485 4.98688 0.288146 -0.0840222 -0.0707397 102.519 390 465558
1.33369 4.78697 0.281485 4.98688 0.271719 -0.0840222 -0.0707397 106.832 413 465558
1.25524 4.80813 0.281485 4.98688 0.255367 -0.0840222 -0.0707397 104.582 401 465558
1.46646 4.94766 0.265388 5.17868 0.288146 -0.0840222 0.0707397 112.019 430 465558
1.46646 4.93691 0.156735 5.17868 0.288739 -0.105098 0.0707397 108.082 409 465558
1.38499 4.97108 0.265388 5.17868 0.271719 -0.0840222 0.0707397 110.332 421 465558
1.46646 4.94766 0.265388 5.17868 0.288146 -0.0840222 -0 119.332 469 465558
1.38499 4.97108 0.265388 5.17868 0.271719 -0.0840222 -0 117.832 461 465558
1.46646 4.94766 0.265388 5.17868 0.288146 -0.0840222 -0.0707397 112.582 433 465558
1.46646 4.93691 0.156735 5.17868 0.288739 -0.105098 -0.0707397 108.644 412 465558
1.38499 4.97108 0.265388 5.17868 0.271719 -0.0840222 -0.0707397 111.269 426 465558
1.60526 5.1138 0.361968 5.37048 0.304167 -0.0629841 0.0707397 106.957 403 465558
1.60526 5.1051 0.249291 5.37048 0.304653 -0.0840222 0.0707397 109.582 417 465558
1.52077 5.13091 0.249291 5.37048 0.288146 -0.0840222 0.0707397 107.707 407 465558
1.60526 5.1051 0.249291 5.37048 0.304653 -0.0840222 -0 116.519 454 465558
1.52077 5.13091 0.249291 5.37048 0.288146 -0.0840222 -0 115.207 447 465558
1.60526 5.1051 0.249291 5.37048 0.304653 -0.0840222 -0.0707397 109.394 416 465558
1.52077 5.13091 0.249291 5.37048 0.288146 -0.0840222 -0.0707397 109.207 415 465558
1.18282 5.21918 0.249291 5.37048 0.222865 -0.0840222 -0.0707397 107.519 406 465558
1.22507 5.41439 0.349896 5.56229 0.222515 -0.0629841 0.0707397 108.269 410 465558
1.22507 5.40558 0.233194 5.56229 0.222865 -0.0840222 0.0707397 110.707 423 465558
1.13756 5.43345 0.349896 5.56229 0.206382 -0.0629841 0.0707397 108.082 409 465558
1.13756 5.42467 0.233194 5.56229 0.206706 -0.0840222 0.0707397 110.707 423 465558
1.22507 5.40558 0.233194 5.56229 0.222865 -0.0840222 -0 117.269 458 465558
1.13756 5.42467 0.233194 5.56229 0.206706 -0.0840222 -0 117.269 458 465558
1.66259 5.28743 0.233194 5.56229 0.304653 -0.0840222 -0.0707397 106.582 401 465558
1.22507 5.41439 0.349896 5.56229 0.222515 -0.0629841 -0.0707397 106.582 401 465558
1.22507 5.40558 0.233194 5.56229 0.222865 -0.0840222 -0.0707397 109.394 416 465558
1.13756 5.42467 0.233194 5.56229 0.206706 -0.0840222 -0.0707397 109.957 419 465558
1.35783 5.57984 0.337823 5.75409 0.238706 -0.0629841 0.0707397 108.457 411 465558
1.35783 5.57069 0.217098 5.75409 0.239084 -0.0840222 0.0707397 110.332 421 465558
1.26731 5.6011 0.337823 5.75409 0.222515 -0.0629841 0.0707397 110.894 424 465558
1.26731 5.59198 0.217098 5.75409 0.222865 -0.0840222 0.0707397 113.707 439 465558
1.17679 5.61173 0.217098 5.75409 0.206706 -0.0840222 0.0707397 109.019 414 465558
1.35783 5.57069 0.217098 5.75409 0.239084 -0.0840222 -0 117.457 459 465558
1.26731 5.6011 0.337823 5.75409 0.222515 -0.0629841 -0 118.207 463 465558
1.26731 5.59198 0.217098 5.75409 0.222865 -0.0840222 -0 121.207 479 465558
1.17679 5.61173 0.217098 5.75409 0.206706 -0.0840222 -0 116.332 453 465558
1.35783 5.57069 0.217098 5.75409 0.239084 -0.0840222 -0.0707397 110.144 420 465558
1.26731 5.6011 0.337823 5.75409 0.222515 -0.0629841 -0.0707397 110.707 423 465558
1.26731 5.59198 0.217098 5.75409 0.222865 -0.0840222 -0.0707397 114.082 441 465558
1.17679 5.61173 0.217098 5.75409 0.206706 -0.0840222 -0.0707397 109.207 415 465558
1.21602 5.80817 0.325751 5.94589 0.206382 -0.0629841 -0 113.082 425 465558
1.21602 5.79879 0.201001 5.94589 0.206706 -0.0840222 -0 114.394 432 465558
1.15868 6.01494 0.313678 6.1377 0.190303 -0.0629841 0.0707397 114.207 431 465558
1.15868 6.00528 0.184904 6.1377 0.190602 -0.0840222 0.0707397 113.269 426 465558
1.06213 6.03274 0.313678 6.1377 0.174275 -0.0629841 0.0707397 108.394 400 465558
1.25524 5.99553 0.313678 6.1377 0.206382 -0.0629841 -0 116.832 445 465558
1.25524 5.98585 0.184904 6.1377 0.206706 -0.0840222 -0 116.644 444 465558
1.15868 6.01494 0.313678 6.1377 0.190303 -0.0629841 -0 121.332 469 465558
1.15868 6.00528 0.184904 6.1377 0.190602 -0.0840222 -0 120.582 465 465558
1.15868 6.01494 0.313678 6.1377 0.190303 -0.0629841 -0.0707397 114.019 430 465558
1.15868 6.00528 0.184904 6.1377 0.190602 -0.0840222 -0.0707397 112.894 424 465558
1.06213 6.03274 0.313678 6.1377 0.174275 -0.0629841 -0.0707397 108.957 403 465558
2.19064 5.92494 0.301606 6.3295 0.354144 -0.0629841 0.0707397 108.207 399 465558
1.19489 6.20291 0.301606 6.3295 0.190303 -0.0629841 0.0707397 110.832 413 465558
1.19489 6.19295 0.168807 6.3295 0.190602 -0.0840222 0.0707397 109.894 408 465558
1.09532 6.22126 0.301606 6.3295 0.174275 -0.0629841 0.0707397 109.144 404 465558
1.09532 6.21133 0.168807 6.3295 0.174548 -0.0840222 0.0707397 108.394 400 465558
1.19489 6.20291 0.301606 6.3295 0.190303 -0.0629841 -0 118.519 454 465558
1.19489 6.19295 0.168807 6.3295 0.190602 -0.0840222 -0 118.332 453 465558
1.09532 6.22126 0.301606 6.3295 0.174275 -0.0629841 -0 117.394 448 465558
1.19489 6.20291 0.301606 6.3295 0.190303 -0.0629841 -0.0707397 111.582 417 465558
1.19489 6.19295 0.168807 6.3295 0.190602 -0.0840222 -0.0707397 111.957 419 465558
1.09532 6.22126 0.301606 6.3295 0.174275 -0.0629841 -0.0707397 110.457 411 465558
1.09532 6.21133 0.168807 6.3295 0.174548 -0.0840222 -0.0707397 110.082 409 465558
2.15443 6.14144 0.289533 6.5213 0.337389 -0.0629841 0.0707397 107.457 395 465558
2.15443 6.13076 0.152711 6.5213 0.337933 -0.0840222 0.0707397 107.082 393 465558
1.74406 6.27034 0.289533 6.5213 0.271288 -0.0629841 0.0707397 114.394 432 465558
1.84665 6.24089 0.289533 6.5213 0.287687 -0.0629841 -0 120.394 464 465558
1.74406 6.27034 0.289533 6.5213 0.271288 -0.0629841 -0 122.082 473 465558
1.74406 6.25988 0.152711 6.5213 0.271719 -0.0840222 -0 119.644 460 465558
1.64147 6.29797 0.289533 6.5213 0.254962 -0.0629841 -0 119.082 457 465558
1.84665 6.24089 0.289533 6.5213 0.287687 -0.0629841 -0.0707397 113.644 428 465558
1.74406 6.27034 0.289533 6.5213 0.271288 -0.0629841 -0.0707397 115.144 436 465558
1.68975 6.49696 0.7 6.7131 0.254446 0 0.0707397 122.207 463 465558
1.79536 6.46857 0.7 6.7131 0.270736 0 -0 127.457 491 465558
1.68975 6.49696 0.7 6.7131 0.254446 0 -0 129.144 500 465558
1.68975 6.49544 0.559153 6.7131 0.254503 -0.0209824 -0 124.644 476 465558
1.68975 6.49544 0.840847 6.7131 0.254503 0.0209824 -0 125.019 478 465558
1.79536 6.46857 0.7 6.7131 0.270736 0 -0.0707397 120.332 453 465558
1.68975 6.49696 0.7 6.7131 0.254446 0 -0.0707397 122.207 463 465558
1.95528 6.60801 0.265388 6.90491 0.287687 -0.0629841 0.0707397 121.457 459 465558
1.84665 6.65339 0.7 6.90491 0.270736 0 0.0707397 123.144 468 465558
1.84665 6.63918 0.265388 6.90491 0.271288 -0.0629841 0.0707397 120.519 454 465558
1.73803 6.68259 0.7 6.90491 0.254446 0 0.0707397 123.894 472 465558
1.84665 6.65339 0.7 6.90491 0.270736 0 -0 131.019 510 465558
1.73803 6.68259 0.7 6.90491 0.254446 0 -0 131.957 515 465558
1.95528 6.60801 0.265388 6.90491 0.287687 -0.0629841 -0.0707397 122.207 463 465558
1.84665 6.65339 0.7 6.90491 0.270736 0 -0.0707397 124.457 475 465558
1.73803 6.68259 0.7 6.90491 0.254446 0 -0.0707397 125.394 480 465558
1.73803 6.68102 0.555129 6.90491 0.254503 -0.0209824 -0.0707397 121.832 461 465558
1.67466 6.88986 0.40221 7.09671 0.238438 -0.041974 -0 120.894 456 465558
1.67466 6.88181 0.253315 7.09671 0.238706 -0.0629841 -0 125.207 479 465558
1.56302 6.90802 0.253315 7.09671 0.222515 -0.0629841 -0 123.894 472 465558
1.83458 7.05384 0.7 7.28851 0.254446 0 -0 120.707 455 465558
1.37594 7.14274 0.241243 7.28851 0.190303 -0.0629841 -0 119.957 451 465558
1.88286 7.23266 0.386113 7.48032 0.254675 -0.041974 -0 122.894 456 465558
1.76518 7.26228 0.386113 7.48032 0.238438 -0.041974 -0 124.582 465 465558
1.41215 7.33071 0.22917 7.48032 0.190303 -0.0629841 -0 119.332 437 465558
2.84542 7.32366 0.370017 7.86392 0.370574 -0.041974 0.0707397 110.519 390 465558
2.84542 7.31436 0.205025 7.86392 0.371003 -0.0629841 0.0707397 112.957 403 465558
2.47427 7.45723 0.370017 7.86392 0.320366 -0.041974 0.0707397 114.269 410 465558
2.47427 7.4481 0.205025 7.86392 0.320732 -0.0629841 0.0707397 115.207 415 465558
1.85571 7.64005 0.535008 7.86392 0.238277 -0.0209824 -0 126.457 475 465558
1.85571 7.63471 0.370017 7.86392 0.238438 -0.041974 -0 126.644 476 465558
1.73199 7.66904 0.535008 7.86392 0.222116 -0.0209824 -0 124.019 462 465558
1.73199 7.66372 0.370017 7.86392 0.222265 -0.041974 -0 124.394 464 465558
2.84542 7.31436 0.205025 7.86392 0.371003 -0.0629841 -0.0707397 112.207 399 465558
2.47427 7.45723 0.370017 7.86392 0.320366 -0.041974 -0.0707397 114.457 411 465558
2.47427 7.4481 0.205025 7.86392 0.320732 -0.0629841 -0.0707397 115.207 415 465558
1.90097 7.8264 0.530984 8.05573 0.238277 -0.0209824 0.0707397 126.082 473 465558
1.90097 7.82092 0.361968 8.05573 0.238438 -0.041974 0.0707397 131.144 500 465558
1.90097 7.81178 0.192952 8.05573 0.238706 -0.0629841 0.0707397 127.957 483 465558
1.77424 7.85064 0.361968 8.05573 0.222265 -0.041974 0.0707397 127.582 481 465558
1.90097 7.8264 0.530984 8.05573 0.238277 -0.0209824 -0 133.582 513 465558
1.90097 7.82092 0.361968 8.05573 0.238438 -0.041974 -0 138.644 540 465558
1.90097 7.81178 0.192952 8.05573 0.238706 -0.0629841 -0 135.457 523 465558
1.77424 7.85064 0.361968 8.05573 0.222265 -0.041974 -0 135.082 521 465558
1.90097 7.8264 0.530984 8.05573 0.238277 -0.0209824 -0.0707397 126.644 476 465558
1.90097 7.82092 0.361968 8.05573 0.238438 -0.041974 -0.0707397 131.707 503 465558
1.90097 7.81178 0.192952 8.05573 0.238706 -0.0629841 -0.0707397 128.519 486 465558
1.77424 7.85064 0.361968 8.05573 0.222265 -0.041974 -0.0707397 128.144 484 465558
1.94623 8.00713 0.35392 8.24753 0.238438 -0.041974 0.0707397 123.332 453 465558
1.94623 8.00713 0.35392 8.24753 0.238438 -0.041974 -0 131.394 496 465558
1.94623 7.99778 0.18088 8.24753 0.238706 -0.0629841 -0 129.894 488 465558
1.81648 8.03756 0.35392 8.24753 0.222265 -0.041974 -0 127.457 475 465558
1.81648 8.02824 0.18088 8.24753 0.222515 -0.0629841 -0 126.332 469 465558
1.94623 8.00713 0.35392 8.24753 0.238438 -0.041974 -0.0707397 125.207 463 465558
1.94623 7.99778 0.18088 8.24753 0.238706 -0.0629841 -0.0707397 123.707 455 465558
1.99149 8.19334 0.345872 8.43933 0.238438 -0.041974 -0 125.207 463 465558
1.32766 8.32672 0.345872 8.43933 0.158115 -0.041974 -0 116.957 419 465558
2.4441 8.26993 0.337823 8.63113 0.287361 -0.041974 -0 119.019 430 465558
1.6294 8.4682 0.337823 8.63113 0.190091 -0.041974 -0 121.082 441 465558
1.49362 8.4932 0.337823 8.63113 0.17408 -0.041974 -0 119.582 433 465558
4.68 7.69546 0.321726 9.01474 0.546391 -0.041974 -0 115.957 403 465558
3.12 8.44914 0.321726 9.01474 0.353736 -0.041974 -0 117.457 411 465558
2.97818 8.50017 0.321726 9.01474 0.337002 -0.041974 -0 117.457 411 465558
4.77957 7.85919 0.313678 9.20654 0.546391 -0.041974 -0 115.019 398 465558
3.76573 8.39229 0.313678 9.20654 0.421783 -0.041974 -0 116.519 406 465558
3.62089 8.45579 0.313678 9.20654 0.40459 -0.041974 -0 119.332 421 465558
3.62089 8.44475 0.120517 9.20654 0.405063 -0.0629841 -0 115.394 400 465558
3.47605 8.51635 0.313678 9.20654 0.387523 -0.041974 -0 115.394 400 465558
3.8472 8.9913 0.494766 9.78195 0.404307 -0.0209824 -0 119.394 416 465558
3.8472 8.98427 0.289533 9.78195 0.40459 -0.041974 -0 120.707 423 465558
3.69331 9.0556 0.494766 9.78195 0.387253 -0.0209824 -0 118.457 411 465558
3.69331 9.04862 0.289533 9.78195 0.387523 -0.041974 -0 119.394 416 465558
-1.72596 9.82105 0.490742 9.97375 -0.173964 -0.0209824 -0 116.394 400 465558
-2.03977 9.7607 0.490742 9.97375 -0.206013 -0.0209824 -0 119.207 415 465558
-2.19667 9.72659 0.490742 9.97375 -0.222116 -0.0209824 -0 116.394 400 465558
1.37594 10.8361 1.15876 10.9328 0.126301 0.041974 1.48553 122.082 425 465558
1.37594 10.8434 0.929379 10.9328 0.126217 0.0209824 1.48553 125.082 441 465558
1.20395 10.8566 1.15876 10.9328 0.110444 0.041974 1.48553 123.207 431 465558
1.20395 10.8639 0.929379 10.9328 0.110371 0.0209824 1.48553 126.207 447 465558
1.37594 10.8361 1.15876 10.9328 0.126301 0.041974 1.41479 118.894 408 465558
1.37594 10.8434 0.929379 10.9328 0.126217 0.0209824 1.41479 120.582 417 465558
1.20395 10.8566 1.15876 10.9328 0.110444 0.041974 1.41479 120.207 415 465558
1.20395 10.8639 0.929379 10.9328 0.110371 0.0209824 1.41479 122.082 425 465558
1.37594 10.8361 1.15876 10.9328 0.126301 0.041974 1.55627 117.582 401 465558
1.37594 10.8434 0.929379 10.9328 0.126217 0.0209824 1.55627 121.144 420 465558
1.20395 10.8566 1.15876 10.9328 0.110444 0.041974 1.55627 117.394 400 465558
1.20395 10.8639 0.929379 10.9328 0.110371 0.0209824 1.55627 120.019 414 465558
1.37594 10.807 1.61751 10.9328 0.126638 0.0840222 1.27332 118.707 407 465558
1.37594 10.824 1.38814 10.9328 0.126441 0.0629841 1.27332 120.207 415 465558
1.37594 10.8361 1.15876 10.9328 0.126301 0.041974 1.27332 119.082 409 465558
1.37594 10.8434 0.929379 10.9328 0.126217 0.0209824 1.27332 119.644 412 465558
1.20395 10.8566 1.15876 10.9328 0.110444 0.041974 1.27332 120.207 415 465558
1.20395 10.8639 0.929379 10.9328 0.110371 0.0209824 1.27332 122.644 428 465558
1.37594 10.8361 1.15876 10.9328 0.126301 0.041974 1.20258 121.144 420 465558
1.37594 10.8434 0.929379 10.9328 0.126217 0.0209824 1.20258 122.269 426 465558
1.20395 10.8566 1.15876 10.9328 0.110444 0.041974 1.20258 121.894 424 465558
1.20395 10.8639 0.929379 10.9328 0.110371 0.0209824 1.20258 123.582 433 465558
1.37594 10.824 1.38814 10.9328 0.126441 0.0629841 1.34406 117.582 401 465558
1.20395 10.8639 0.929379 10.9328 0.110371 0.0209824 1.34406 117.957 403 465558
1.40008 11.0262 1.16681 11.1246 0.126301 0.041974 1.0611 124.894 440 465558
1.40008 11.0336 0.933403 11.1246 0.126217 0.0209824 1.0611 124.332 437 465558
1.22507 11.0174 1.63361 11.1246 0.110739 0.0840222 1.0611 122.644 428 465558
1.37594 10.8361 1.15876 10.9328 0.126301 0.041974 1.0611 129.957 467 465558
1.37594 10.8434 0.929379 10.9328 0.126217 0.0209824 1.0611 129.394 464 465558
1.20395 10.8566 1.15876 10.9328 0.110444 0.041974 1.0611 127.707 455 465558
1.20395 10.8639 0.929379 10.9328 0.110371 0.0209824 1.0611 126.582 449 465558
1.22507 11.0174 1.63361 11.1246 0.110739 0.0840222 0.919617 127.707 455 465558
1.22507 11.0347 1.40021 11.1246 0.110567 0.0629841 0.919617 128.457 459 465558
1.05006 11.0355 1.63361 11.1246 0.0948673 0.0840222 0.919617 126.019 446 465558
1.05006 11.0527 1.40021 11.1246 0.09472 0.0629841 0.919617 125.832 445 465558
1.22507 11.0174 1.63361 11.1246 0.110739 0.0840222 0.848877 129.394 464 465558
1.22507 11.0347 1.40021 11.1246 0.110567 0.0629841 0.848877 129.957 467 465558
1.05006 11.0355 1.63361 11.1246 0.0948673 0.0840222 0.848877 128.269 458 465558
1.05006 11.0527 1.40021 11.1246 0.09472 0.0629841 0.848877 128.082 457 465558
-2.3234 10.2806 0.257339 10.5492 -0.222265 -0.041974 -0 121.519 422 465558
-2.48936 10.2417 0.257339 10.5492 -0.238438 -0.041974 -0 121.332 421 465558
8.13192 6.71624 0.47867 10.5492 0.880455 -0.0209824 -0 121.519 422 465558
8.13192 6.70529 0.257339 10.5492 0.881256 -0.041974 -0 124.332 437 465558
8.13192 6.70529 0.257339 10.5492 0.881256 -0.041974 -0.0707397 117.582 401 465558
1.18282 10.6375 1.60142 10.741 0.110739 0.0840222 0.848877 117.394 400 465558
1.18282 10.6542 1.37606 10.741 0.110567 0.0629841 0.848877 118.332 405 465558
1.37594 10.807 1.61751 10.9328 0.126638 0.0840222 1.13184 120.957 419 465558
1.37594 10.8361 1.15876 10.9328 0.126301 0.041974 1.13184 121.707 423 465558
1.37594 10.8434 0.929379 10.9328 0.126217 0.0209824 1.13184 122.457 427 465558
1.20395 10.8275 1.61751 10.9328 0.110739 0.0840222 1.13184 122.269 426 465558
1.20395 10.8566 1.15876 10.9328 0.110444 0.041974 1.13184 121.707 423 465558
1.20395 10.8639 0.929379 10.9328 0.110371 0.0209824 1.13184 122.082 425 465558
5.84774 9.22599 0.241243 10.9328 0.564926 -0.041974 -0 118.332 405 465558
1.37594 10.8361 1.15876 10.9328 0.126301 0.041974 0.990356 124.332 437 465558
1.37594 10.8434 0.929379 10.9328 0.126217 0.0209824 0.990356 124.894 440 465558
1.20395 10.8566 1.15876 10.9328 0.110444 0.041974 0.990356 121.519 422 465558
1.20395 10.8639 0.929379 10.9328 0.110371 0.0209824 0.990356 121.332 421 465558
1.05006 11.0527 1.40021 11.1246 0.09472 0.0629841 0.495178 117.394 400 465558
1.05006 11.0651 1.16681 11.1246 0.0946152 0.041974 0.495178 118.894 408 465558
0.875048 11.0803 1.16681 11.1246 0.07881 0.041974 0.495178 118.332 405 465558
5.95033 9.39655 0.466597 11.1246 0.564507 -0.0209824 -0 121.707 423 465558
5.95033 9.38785 0.233194 11.1246 0.564926 -0.041974 -0 122.457 427 465558
1.22507 11.0174 1.63361 11.1246 0.110739 0.0840222 0.778137 120.957 419 465558
1.22507 11.0347 1.40021 11.1246 0.110567 0.0629841 0.778137 122.269 426 465558
1.05006 11.0355 1.63361 11.1246 0.0948673 0.0840222 0.778137 121.332 421 465558
1.05006 11.0527 1.40021 11.1246 0.09472 0.0629841 0.778137 123.394 432 465558
1.24619 11.2074 1.64971 11.3164 0.110739 0.0840222 0.919617 119.894 408 465558
1.24619 11.225 1.41228 11.3164 0.110567 0.0629841 0.919617 119.707 407 465558
1.24619 11.2074 1.64971 11.3164 0.110739 0.0840222 0.848877 120.457 411 465558
1.24619 11.225 1.41228 11.3164 0.110567 0.0629841 0.848877 121.207 415 465558
1.06816 11.2257 1.64971 11.3164 0.0948673 0.0840222 0.848877 120.644 412 465558
1.06816 11.2433 1.41228 11.3164 0.09472 0.0629841 0.848877 120.269 410 465558
1.06816 11.2558 1.17485 11.3164 0.0946152 0.041974 0.495178 119.519 406 465558
6.23095 9.44348 0.462573 11.3164 0.583244 -0.0209824 0.0707397 118.394 400 465558
6.05292 9.55856 0.462573 11.3164 0.564507 -0.0209824 0.0707397 123.644 428 465558
6.05292 9.54971 0.225146 11.3164 0.564926 -0.041974 0.0707397 124.957 435 465558
6.05292 9.55856 0.462573 11.3164 0.564507 -0.0209824 -0 131.332 469 465558
6.05292 9.54971 0.225146 11.3164 0.564926 -0.041974 -0 132.457 475 465558
6.05292 9.55856 0.462573 11.3164 0.564507 -0.0209824 -0.0707397 124.394 432 465558
6.05292 9.54971 0.225146 11.3164 0.564926 -0.041974 -0.0707397 125.519 438 465558
6.15551 9.72057 0.458549 11.5082 0.564507 -0.0209824 -0 120.457 411 465558
6.15551 9.71157 0.217098 11.5082 0.564926 -0.041974 -0 121.394 416 465558
5.97447 9.53489 3.11451 11.5082 0.559742 0.211379 -0 121.394 416 465558
5.97447 9.59279 2.87306 11.5082 0.557021 0.189968 -0 123.457 427 465558
6.15551 11.4954 0.426355 13.0426 0.491624 -0.0209824 -0 139.519 502 465558
5.95033 11.6029 0.426355 13.0426 0.473858 -0.0209824 -0 137.832 493 465558
9.36905 9.24353 -0.688344 13.2344 0.792142 -0.105098 1.13184 122.644 412 465558
6.24604 11.6645 0.422331 13.2344 0.491624 -0.0209824 -0 143.644 524 465558
6.24604 11.6545 0.144662 13.2344 0.491978 -0.041974 -0 140.457 507 465558
6.03783 11.7736 0.422331 13.2344 0.473858 -0.0209824 -0 141.582 513 465558
6.03783 11.7637 0.144662 13.2344 0.474198 -0.041974 -0 138.207 495 465558
9.36905 9.34721 0.7 13.2344 0.786565 0 0.990356 122.644 412 465558
9.36905 9.34309 0.977669 13.2344 0.786786 0.0209824 0.990356 121.519 406 465558
6.33656 11.8335 0.418307 13.4262 0.491624 -0.0209824 0.0707397 145.519 534 465558
6.33656 11.8234 0.136614 13.4262 0.491978 -0.041974 0.0707397 141.582 513 465558
6.12534 11.9442 0.418307 13.4262 0.473858 -0.0209824 0.0707397 143.457 523 465558
6.33656 11.8335 0.418307 13.4262 0.491624 -0.0209824 -0 153.207 575 465558
6.33656 11.8234 0.136614 13.4262 0.491978 -0.041974 -0 149.269 554 465558
6.12534 11.9442 0.418307 13.4262 0.473858 -0.0209824 -0 151.144 564 465558
6.33656 11.8335 0.418307 13.4262 0.491624 -0.0209824 -0.0707397 146.082 537 465558
6.33656 11.8234 0.136614 13.4262 0.491978 -0.041974 -0.0707397 142.332 517 465558
6.12534 11.9442 0.418307 13.4262 0.473858 -0.0209824 -0.0707397 144.207 527 465558
6.42708 12.0026 0.414283 13.618 0.491624 -0.0209824 -0 140.894 504 465558
6.42708 11.8382 2.70002 13.618 0.497384 0.147399 -0 139.019 494 465558
6.21284 12.1148 0.414283 13.618 0.473858 -0.0209824 -0 138.832 493 465558
6.21284 11.9007 2.98574 13.618 0.481138 0.168645 -0 137.894 488 465558
6.21284 11.952 2.70002 13.618 0.479374 0.147399 -0 142.019 510 465558
6.5176 12.1716 0.410259 13.8098 0.491624 -0.0209824 -0 138.269 490 465558
6.1193 13.6519 0.7 14.9606 0.421388 0 -0 131.957 451 465558
5.88395 13.755 0.7 14.9606 0.404213 0 -0 129.332 437 465558
-7.38963 13.2284 0.7 15.1524 -0.509437 0 -0 128.457 427 465558
-7.38963 13.2245 0.382089 15.1524 -0.50956 -0.0209824 -0 128.644 428 465558
-7.38963 13.1671 -0.571643 15.1524 -0.511416 -0.0840222 -0 130.144 436 465558
6.82538 15.2271 0.7 16.6869 0.421388 0 0.0707397 145.394 512 465558
6.56286 15.3421 0.7 16.6869 0.404213 0 0.0707397 149.519 534 465558
6.56286 15.3381 1.0501 16.6869 0.404307 0.0209824 0.0707397 149.332 533 465558
6.82538 15.2271 0.7 16.6869 0.421388 0 -0 152.894 552 465558
6.56286 15.3421 0.7 16.6869 0.404213 0 -0 156.832 573 465558
6.56286 15.3381 1.0501 16.6869 0.404307 0.0209824 -0 156.644 572 465558
6.82538 15.2271 0.7 16.6869 0.421388 0 -0.0707397 145.582 513 465558
6.56286 15.3421 0.7 16.6869 0.404213 0 -0.0707397 149.707 535 465558
6.56286 15.3381 1.0501 16.6869 0.404307 0.0209824 -0.0707397 149.707 535 465558
6.6383 15.5184 0.7 16.8787 0.404213 0 0.0707397 149.332 533 465558
6.6383 15.5144 1.05413 16.8787 0.404307 0.0209824 0.0707397 149.144 532 465558
6.6383 15.5184 0.7 16.8787 0.404213 0 -0 157.394 576 465558
6.6383 15.5144 1.05413 16.8787 0.404307 0.0209824 -0 157.207 575 465558
6.6383 15.5184 0.7 16.8787 0.404213 0 -0.0707397 150.644 540 465558
6.6383 15.5144 1.05413 16.8787 0.404307 0.0209824 -0.0707397 150.269 538 465558
-7.3323 15.6276 0.7 17.2623 -0.438696 0 -0 130.582 433 465558
-7.3323 15.6234 0.337823 17.2623 -0.438799 -0.0209824 -0 135.269 458 465558
-7.3323 15.6108 -0.0243536 17.2623 -0.439109 -0.041974 -0 132.082 441 465558
-7.60387 15.4931 0.337823 17.2623 -0.456253 -0.0209824 -0 132.832 445 465558
6.73486 16.5174 0.7 17.8377 0.387164 0 0.0707397 148.269 522 465558
6.73486 16.5132 0.325751 17.8377 0.387253 -0.0209824 0.0707397 148.644 524 465558
6.45424 16.6291 0.7 17.8377 0.370232 0 0.0707397 145.644 508 465558
6.45424 16.6248 0.325751 17.8377 0.370317 -0.0209824 0.0707397 146.019 510 465558
6.73486 16.5174 0.7 17.8377 0.387164 0 -0 155.582 561 465558
6.73486 16.5132 0.325751 17.8377 0.387253 -0.0209824 -0 156.144 564 465558
6.45424 16.6291 0.7 17.8377 0.370232 0 -0 152.957 547 465558
6.45424 16.6248 0.325751 17.8377 0.370317 -0.0209824 -0 153.144 548 465558
6.73486 16.5174 0.7 17.8377 0.387164 0 -0.0707397 148.644 524 465558
6.73486 16.5132 0.325751 17.8377 0.387253 -0.0209824 -0.0707397 149.019 526 465558
6.45424 16.6291 0.7 17.8377 0.370232 0 -0.0707397 145.644 508 465558
6.45424 16.6248 0.325751 17.8377 0.370317 -0.0209824 -0.0707397 146.019 510 465558
6.80727 16.695 0.7 18.0295 0.387164 0 0.0707397 142.082 489 465558
6.80727 16.6907 0.321726 18.0295 0.387253 -0.0209824 0.0707397 142.457 491 465558
6.80727 16.695 0.7 18.0295 0.387164 0 -0 150.144 532 465558
6.80727 16.6907 0.321726 18.0295 0.387253 -0.0209824 -0 150.519 534 465558
6.52364 16.8079 0.7 18.0295 0.370232 0 -0 147.144 516 465558
6.52364 16.8036 0.321726 18.0295 0.370317 -0.0209824 -0 147.332 517 465558
6.80727 16.695 0.7 18.0295 0.387164 0 -0.0707397 143.957 499 465558
6.80727 16.6907 0.321726 18.0295 0.387253 -0.0209824 -0.0707397 144.332 501 465558
6.87969 16.8726 0.7 18.2213 0.387164 0 -0 146.457 507 465558
6.87969 16.8683 0.317702 18.2213 0.387253 -0.0209824 -0 145.519 502 465558
6.59304 16.9867 0.7 18.2213 0.370232 0 -0 146.269 506 465558
6.59304 16.9824 0.317702 18.2213 0.370317 -0.0209824 -0 145.519 502 465558
-7.3142 17.9336 0.293557 19.3721 -0.387253 -0.0209824 -0 136.394 448 465558
3.04758 19.1309 0.7 19.3721 0.157974 0 -0 140.332 469 465558
3.04758 19.1266 0.293557 19.3721 0.158009 -0.0209824 -0 139.019 462 465558
6.46329 18.4654 0.7 19.5639 0.336693 0 -0 152.707 535 465558
6.46329 18.4609 0.289533 19.5639 0.336771 -0.0209824 -0 152.144 532 465558
6.15551 18.5703 0.7 19.5639 0.320073 0 -0 152.144 532 465558
6.15551 18.5658 0.289533 19.5639 0.320146 -0.0209824 -0 151.019 526 465558
7.14824 18.1871 3.60144 19.7557 0.37449 0.147399 -0 143.332 485 465558
5.90507 18.8525 0.7 19.7557 0.303544 0 -0 151.207 527 465558
6.27621 18.9344 0.7 19.9475 0.320073 0 0.0707397 159.457 571 465558
6.27621 18.9298 0.281485 19.9475 0.320146 -0.0209824 0.0707397 155.332 549 465558
6.27621 18.9298 1.11852 19.9475 0.320146 0.0209824 0.0707397 155.519 550 465558
5.9624 19.0356 0.7 19.9475 0.303544 0 0.0707397 158.894 568 465558
6.27621 18.9344 0.7 19.9475 0.320073 0 -0 166.957 611 465558
6.27621 18.9298 0.281485 19.9475 0.320146 -0.0209824 -0 163.019 590 465558
6.27621 18.9298 1.11852 19.9475 0.320146 0.0209824 -0 163.019 590 465558
5.9624 19.0356 0.7 19.9475 0.303544 0 -0 166.207 607 465558
6.27621 18.9344 0.7 19.9475 0.320073 0 -0.0707397 160.019 574 465558
6.27621 18.9298 0.281485 19.9475 0.320146 -0.0209824 -0.0707397 156.082 553 465558
6.27621 18.9298 1.11852 19.9475 0.320146 0.0209824 -0.0707397 155.894 552 465558
5.9624 19.0356 0.7 19.9475 0.303544 0 -0.0707397 159.269 570 465558
6.33656 19.1165 0.7 20.1393 0.320073 0 0.0707397 152.894 536 465558
6.01973 19.2186 0.7 20.1393 0.303544 0 0.0707397 151.582 529 465558
6.33656 19.1165 0.7 20.1393 0.320073 0 -0 161.144 580 465558
6.33656 19.1118 0.27746 20.1393 0.320146 -0.0209824 -0 157.019 558 465558
6.33656 19.1118 1.12254 20.1393 0.320146 0.0209824 -0 157.207 559 465558
6.01973 19.2186 0.7 20.1393 0.303544 0 -0 160.582 577 465558
6.01973 19.214 0.27746 20.1393 0.303613 -0.0209824 -0 156.644 556 465558
6.33656 19.1165 0.7 20.1393 0.320073 0 -0.0707397 154.582 545 465558
6.01973 19.2186 0.7 20.1393 0.303544 0 -0.0707397 154.394 544 465558
6.39691 19.2985 0.7 20.3311 0.320073 0 -0 152.894 536 465558
6.07706 19.4016 0.7 20.3311 0.303544 0 -0 151.582 529 465558
1.93718 20.4268 1.13059 20.5229 0.0945525 0.0209824 -0 148.644 508 465558
1.61431 20.4548 1.13059 20.5229 0.0787578 0.0209824 -0 149.207 511 465558
1.29145 20.4822 0.7 20.5229 0.0629689 0 -0 150.707 519 465558
1.29145 20.4777 1.13059 20.5229 0.0629827 0.0209824 -0 149.957 515 465558
0.968588 20.5 0.7 20.5229 0.047213 0 -0 147.332 501 465558
1.95528 20.6222 0.7 20.7147 0.0945316 0 0.0707397 153.144 532 465558
1.95528 20.6177 1.13461 20.7147 0.0945525 0.0209824 0.0707397 156.144 548 465558
1.6294 20.6505 0.7 20.7147 0.0787404 0 0.0707397 152.394 528 465558
1.6294 20.646 1.13461 20.7147 0.0787578 0.0209824 0.0707397 155.394 544 465558
1.95528 20.6222 0.7 20.7147 0.0945316 0 -0 159.894 568 465558
1.95528 20.6177 1.13461 20.7147 0.0945525 0.0209824 -0 162.332 581 465558
1.6294 20.6505 0.7 20.7147 0.0787404 0 -0 159.707 567 465558
1.6294 20.646 1.13461 20.7147 0.0787578 0.0209824 -0 162.332 581 465558
1.95528 20.6222 0.7 20.7147 0.0945316 0 -0.0707397 152.582 529 465558
1.95528 20.6177 1.13461 20.7147 0.0945525 0.0209824 -0.0707397 154.832 541 465558
1.6294 20.6505 0.7 20.7147 0.0787404 0 -0.0707397 152.207 527 465558
1.6294 20.646 1.13461 20.7147 0.0787578 0.0209824 -0.0707397 155.019 542 465558
4.93346 20.3161 0.7 20.9065 0.238224 0 0.0707397 146.957 499 465558
4.93346 20.3114 1.13864 20.9065 0.238277 0.0209824 0.0707397 148.082 505 465558
4.60457 20.3743 1.57727 20.9065 0.222265 0.041974 0.0707397 145.457 491 465558
4.60457 20.3884 1.13864 20.9065 0.222116 0.0209824 0.0707397 146.394 496 465558
1.97338 20.8086 1.13864 20.9065 0.0945525 0.0209824 0.0707397 147.332 501 465558
1.31559 20.8651 0.7 20.9065 0.0629689 0 0.0707397 146.019 494 465558
4.93346 20.3114 1.13864 20.9065 0.238277 0.0209824 -0 155.957 547 465558
1.64449 20.8371 1.13864 20.9065 0.0787578 0.0209824 -0 155.582 545 465558
4.93346 20.3161 0.7 20.9065 0.238224 0 -0.0707397 147.519 502 465558
4.93346 20.3114 1.13864 20.9065 0.238277 0.0209824 -0.0707397 149.019 510 465558
4.60457 20.3743 1.57727 20.9065 0.222265 0.041974 -0.0707397 146.394 496 465558
4.60457 20.3884 1.13864 20.9065 0.222116 0.0209824 -0.0707397 147.144 500 465558
1.64449 20.8417 0.7 20.9065 0.0787404 0 -0.0707397 147.894 504 465558
1.64449 20.8371 1.13864 20.9065 0.0787578 0.0209824 -0.0707397 148.832 509 465558
1.99149 21.0041 0.7 21.0983 0.0945316 0 -0 148.082 505 465558
1.99149 20.9995 1.14266 21.0983 0.0945525 0.0209824 -0 151.644 524 465558
1.65957 21.0283 1.14266 21.0983 0.0787578 0.0209824 -0 151.457 523 465558
3.68426 20.9499 1.59337 21.2901 0.17408 0.041974 -0 145.457 491 465558
3.68426 20.9642 1.14668 21.2901 0.173964 0.0209824 -0 144.707 487 465558
-12.7274 17.067 0.7 21.2901 -0.640765 0 -0.0707397 134.582 433 465558
3.71745 21.153 1.15071 21.4819 0.173964 0.0209824 0.0707397 147.894 504 465558
1.3518 21.4394 0.7 21.4819 0.0629689 0 0.0707397 150.707 519 465558
1.3518 21.4346 0.249291 21.4819 0.0629827 -0.0209824 0.0707397 147.894 504 465558
1.3518 21.4346 1.15071 21.4819 0.0629827 0.0209824 0.0707397 149.019 510 465558
1.01385 21.458 0.7 21.4819 0.047213 0 0.0707397 148.082 505 465558
1.3518 21.4394 0.7 21.4819 0.0629689 0 -0 158.394 560 465558
1.3518 21.4346 1.15071 21.4819 0.0629827 0.0209824 -0 156.519 550 465558
3.71745 21.153 1.15071 21.4819 0.173964 0.0209824 -0.0707397 148.832 509 465558
1.3518 21.4394 0.7 21.4819 0.0629689 0 -0.0707397 151.082 521 465558
1.3518 21.4346 0.249291 21.4819 0.0629827 -0.0209824 -0.0707397 148.269 506 465558
1.3518 21.4346 1.15071 21.4819 0.0629827 0.0209824 -0.0707397 149.582 513 465558
1.01385 21.458 0.7 21.4819 0.047213 0 -0.0707397 148.457 507 465558
1.36387 21.6308 0.7 21.6737 0.0629689 0 0.0707397 146.019 494 465558
1.36387 21.6308 0.7 21.6737 0.0629689 0 -0 153.894 536 465558
1.36387 21.6308 0.7 21.6737 0.0629689 0 -0.0707397 147.519 502 465558
5.15977 21.2431 1.15876 21.8655 0.238277 0.0209824 0.0707397 149.394 512 465558
4.81578 21.3089 1.61751 21.8655 0.222265 0.041974 0.0707397 149.582 513 465558
4.81578 21.3237 1.15876 21.8655 0.222116 0.0209824 0.0707397 154.457 539 465558
4.4718 21.3985 1.15876 21.8655 0.206013 0.0209824 0.0707397 149.957 515 465558
5.15977 21.2431 1.15876 21.8655 0.238277 0.0209824 -0 156.332 549 465558
4.81578 21.3089 1.61751 21.8655 0.222265 0.041974 -0 156.332 549 465558
4.81578 21.3237 1.15876 21.8655 0.222116 0.0209824 -0 161.394 576 465558
4.4718 21.3985 1.15876 21.8655 0.206013 0.0209824 -0 156.332 549 465558
5.15977 21.2431 1.15876 21.8655 0.238277 0.0209824 -0.0707397 148.082 505 465558
4.81578 21.3089 1.61751 21.8655 0.222265 0.041974 -0.0707397 148.269 506 465558
4.81578 21.3237 1.15876 21.8655 0.222116 0.0209824 -0.0707397 153.519 534 465558
4.4718 21.3985 1.15876 21.8655 0.206013 0.0209824 -0.0707397 148.832 509 465558
4.85803 21.5107 1.16278 22.0573 0.222116 0.0209824 0.0707397 149.644 508 465558
5.20503 21.4294 1.16278 22.0573 0.238277 0.0209824 -0 153.019 526 465558
4.85803 21.4958 1.62556 22.0573 0.222265 0.041974 -0 151.332 517 465558
4.85803 21.5107 1.16278 22.0573 0.222116 0.0209824 -0 157.519 550 465558
4.51103 21.5862 1.16278 22.0573 0.206013 0.0209824 -0 152.269 522 465558
5.20503 21.4294 1.16278 22.0573 0.238277 0.0209824 -0.0707397 146.457 491 465558
4.85803 21.5107 1.16278 22.0573 0.222116 0.0209824 -0.0707397 150.957 515 465558
8.05045 20.7364 1.16681 22.2491 0.370317 0.0209824 0.0707397 135.019 430 465558
8.05045 20.7206 1.63361 22.2491 0.370574 0.041974 -0 141.019 462 465558
8.05045 20.7364 1.16681 22.2491 0.370317 0.0209824 -0 142.519 470 465558
4.90027 21.6978 1.16681 22.2491 0.222116 0.0209824 -0 146.457 491 465558
1.79536 22.7538 0.7 22.8246 0.0787404 0 0.0707397 152.332 517 465558
1.43629 22.7793 0.7 22.8246 0.0629689 0 0.0707397 154.582 529 465558
1.07721 22.7991 0.7 22.8246 0.047213 0 0.0707397 152.519 518 465558
1.79536 22.7538 0.7 22.8246 0.0787404 0 -0 159.832 557 465558
1.43629 22.7793 0.7 22.8246 0.0629689 0 -0 162.082 569 465558
1.43629 22.7743 1.17888 22.8246 0.0629827 0.0209824 -0 157.957 547 465558
1.07721 22.7991 0.7 22.8246 0.047213 0 -0 159.644 556 465558
1.79536 22.7538 0.7 22.8246 0.0787404 0 -0.0707397 152.144 516 465558
1.43629 22.7793 0.7 22.8246 0.0629689 0 -0.0707397 154.394 528 465558
1.43629 22.7743 1.17888 22.8246 0.0629827 0.0209824 -0.0707397 150.082 505 465558
1.07721 22.7991 0.7 22.8246 0.047213 0 -0.0707397 152.144 516 465558
1.81044 22.945 0.7 23.0164 0.0787404 0 0.0707397 151.394 512 465558
1.44836 22.9707 0.7 23.0164 0.0629689 0 0.0707397 155.144 532 465558
1.44836 22.9657 1.1829 23.0164 0.0629827 0.0209824 0.0707397 151.207 511 465558
1.08627 22.9907 0.7 23.0164 0.047213 0 0.0707397 154.019 526 465558
1.08627 22.9856 1.1829 23.0164 0.0472234 0.0209824 0.0707397 150.832 509 465558
1.81044 22.945 0.7 23.0164 0.0787404 0 -0 159.457 555 465558
1.44836 22.9707 0.7 23.0164 0.0629689 0 -0 163.207 575 465558
1.44836 22.9657 1.1829 23.0164 0.0629827 0.0209824 -0 159.457 555 465558
1.08627 22.9907 0.7 23.0164 0.047213 0 -0 161.707 567 465558
1.08627 22.9856 1.1829 23.0164 0.0472234 0.0209824 -0 158.894 552 465558
1.81044 22.945 0.7 23.0164 0.0787404 0 -0.0707397 152.332 517 465558
1.44836 22.9707 0.7 23.0164 0.0629689 0 -0.0707397 156.269 538 465558
1.44836 22.9657 1.1829 23.0164 0.0629827 0.0209824 -0.0707397 152.519 518 465558
1.08627 22.9907 0.7 23.0164 0.047213 0 -0.0707397 154.957 531 465558
1.08627 22.9856 1.1829 23.0164 0.0472234 0.0209824 -0.0707397 152.144 516 465558
-13.7322 19.1833 0.7 23.5918 -0.621281 0 0.0707397 133.019 414 465558
-14.1034 18.9056 1.19497 23.5918 -0.640929 0.0209824 0.0707397 133.019 414 465558
-14.8456 18.3352 0.7 23.5918 -0.680617 0 0.0707397 138.082 441 465558
-14.8456 18.3285 0.205025 23.5918 -0.680795 -0.0209824 0.0707397 136.582 433 465558
-15.2168 18.0283 0.7 23.5918 -0.701029 0 0.0707397 134.894 424 465558
-14.8456 18.3352 0.7 23.5918 -0.680617 0 -0 145.207 479 465558
-14.8456 18.3285 0.205025 23.5918 -0.680795 -0.0209824 -0 143.332 469 465558
-13.7322 19.1833 0.7 23.5918 -0.621281 0 -0.0707397 133.394 416 465558
-13.7322 19.1769 1.19497 23.5918 -0.621438 0.0209824 -0.0707397 133.582 417 465558
-14.1034 18.9056 1.19497 23.5918 -0.640929 0.0209824 -0.0707397 133.394 416 465558
-14.8456 18.3352 0.7 23.5918 -0.680617 0 -0.0707397 138.269 442 465558
-14.8456 18.3285 0.205025 23.5918 -0.680795 -0.0209824 -0.0707397 136.207 431 465558
-15.2168 18.0283 0.7 23.5918 -0.701029 0 -0.0707397 135.082 425 465558
-7.10901 22.6908 0.201001 23.7836 -0.303613 -0.0209824 0.0707397 135.832 429 465558
-14.5922 18.781 0.7 23.7836 -0.660537 0 0.0707397 136.957 435 465558
-14.9663 18.4842 0.7 23.7836 -0.680617 0 0.0707397 138.644 444 465558
-14.9663 18.4775 0.201001 23.7836 -0.680795 -0.0209824 0.0707397 136.207 431 465558
-14.5922 18.781 0.7 23.7836 -0.660537 0 -0 144.644 476 465558
-14.9663 18.4842 0.7 23.7836 -0.680617 0 -0 146.332 485 465558
-14.9663 18.4775 0.201001 23.7836 -0.680795 -0.0209824 -0 143.707 471 465558
-14.5922 18.781 0.7 23.7836 -0.660537 0 -0.0707397 138.082 441 465558
-14.9663 18.4842 0.7 23.7836 -0.680617 0 -0.0707397 139.582 449 465558
-14.9663 18.4775 0.201001 23.7836 -0.680795 -0.0209824 -0.0707397 136.582 433 465558
1.52077 24.1193 0.7 24.1672 0.0629689 0 0.0707397 148.207 495 465558
1.14058 24.1402 0.7 24.1672 0.047213 0 0.0707397 148.582 497 465558
1.14058 24.1349 1.20705 24.1672 0.0472234 0.0209824 0.0707397 146.707 487 465558
1.52077 24.1193 0.7 24.1672 0.0629689 0 -0 155.707 535 465558
1.52077 24.1139 1.20705 24.1672 0.0629827 0.0209824 -0 153.832 525 465558
1.14058 24.1402 0.7 24.1672 0.047213 0 -0 155.894 536 465558
1.14058 24.1349 1.20705 24.1672 0.0472234 0.0209824 -0 154.207 527 465558
1.52077 24.1193 0.7 24.1672 0.0629689 0 -0.0707397 148.207 495 465558
1.52077 24.1139 1.20705 24.1672 0.0629827 0.0209824 -0.0707397 146.332 485 465558
1.14058 24.1402 0.7 24.1672 0.047213 0 -0.0707397 148.394 496 465558
1.14058 24.1349 1.20705 24.1672 0.0472234 0.0209824 -0.0707397 146.707 487 465558
1.53284 24.3107 0.7 24.359 0.0629689 0 0.0707397 149.207 495 465558
1.53284 24.3053 1.21107 24.359 0.0629827 0.0209824 0.0707397 148.269 490 465558
1.14963 24.3318 0.7 24.359 0.047213 0 0.0707397 149.394 496 465558
1.14963 24.3265 1.21107 24.359 0.0472234 0.0209824 0.0707397 148.082 489 465558
1.53284 24.3107 0.7 24.359 0.0629689 0 -0 157.457 539 465558
1.53284 24.3053 1.21107 24.359 0.0629827 0.0209824 -0 156.332 533 465558
1.14963 24.3318 0.7 24.359 0.047213 0 -0 157.832 541 465558
1.14963 24.3265 1.21107 24.359 0.0472234 0.0209824 -0 156.332 533 465558
1.53284 24.3107 0.7 24.359 0.0629689 0 -0.0707397 150.894 504 465558
1.53284 24.3053 1.21107 24.359 0.0629827 0.0209824 -0.0707397 149.957 499 465558
1.14963 24.3318 0.7 24.359 0.047213 0 -0.0707397 151.269 506 465558
1.14963 24.3265 1.21107 24.359 0.0472234 0.0209824 -0.0707397 149.957 499 465558
10.0419 22.4031 0.7 24.5508 0.421388 0 -0 137.207 431 465558
9.65571 22.5723 0.7 24.5508 0.404213 0 -0 137.019 430 465558
11.0679 22.5572 0.7 25.1262 0.456145 0 -0 134.207 415 465558
9.09145 23.4237 0.7 25.1262 0.370232 0 -0 135.332 421 465558
11.1523 22.7294 0.7 25.318 0.456145 0 -0 136.832 429 465558
11.1523 22.7046 1.76239 25.318 0.456578 0.041974 -0 139.082 441 465558
11.1523 22.7232 1.23119 25.318 0.456253 0.0209824 -0 139.457 443 465558
10.754 22.8959 1.76239 25.318 0.439109 0.041974 -0 137.394 432 465558
10.754 22.9144 1.23119 25.318 0.438799 0.0209824 -0 137.957 435 465558
-16.7014 19.7872 0.7 25.8934 -0.701029 0 0.0707397 135.957 419 465558
-16.294 20.124 0.7 25.8934 -0.680617 0 -0 140.644 444 465558
-16.294 20.1166 0.156735 25.8934 -0.680795 -0.0209824 -0 138.957 435 465558
-16.7014 19.7872 0.7 25.8934 -0.701029 0 -0 142.332 453 465558
-16.7014 19.7797 0.156735 25.8934 -0.701215 -0.0209824 -0 140.457 443 465558
-16.7014 19.7797 1.24327 25.8934 -0.701215 0.0209824 -0 137.832 429 465558
-16.7014 19.7872 0.7 25.8934 -0.701029 0 -0.0707397 135.207 415 465558
-16.4147 20.273 0.7 26.0852 -0.680617 0 0.0707397 142.144 452 465558
-16.4147 20.2656 0.152711 26.0852 -0.680795 -0.0209824 0.0707397 139.894 440 465558
-16.8251 19.9338 0.7 26.0852 -0.701029 0 0.0707397 142.519 454 465558
-16.8251 19.9263 0.152711 26.0852 -0.701215 -0.0209824 0.0707397 140.644 444 465558
-16.4147 20.273 0.7 26.0852 -0.680617 0 -0 149.644 492 465558
-16.4147 20.2656 0.152711 26.0852 -0.680795 -0.0209824 -0 147.394 480 465558
-16.8251 19.9338 0.7 26.0852 -0.701029 0 -0 150.207 495 465558
-16.8251 19.9263 0.152711 26.0852 -0.701215 -0.0209824 -0 148.144 484 465558
-16.4147 20.273 0.7 26.0852 -0.680617 0 -0.0707397 142.707 455 465558
-16.4147 20.2656 0.152711 26.0852 -0.680795 -0.0209824 -0.0707397 140.457 443 465558
-16.8251 19.9338 0.7 26.0852 -0.701029 0 -0.0707397 143.082 457 465558
-16.8251 19.9263 0.152711 26.0852 -0.701215 -0.0209824 -0.0707397 141.207 447 465558
-15.0991 21.9728 0.7 26.6606 -0.602065 0 -0 132.957 403 465558
11.7438 23.9348 0.7 26.6606 0.456145 0 -0 132.957 403 465558
11.3243 24.1295 1.25936 26.6606 0.438799 0.0209824 -0 133.332 405 465558
6.71072 25.583 4.05617 26.6606 0.256532 0.12622 -0 135.957 419 465558
6.2913 25.6894 4.05617 26.6606 0.240172 0.12622 -0 138.207 431 465558
6.75899 25.7671 4.08032 26.8524 0.256532 0.12622 -0 140.644 444 465558
6.75899 25.8347 3.51693 26.8524 0.255889 0.105098 -0 142.144 452 465558
6.33656 25.8742 4.08032 26.8524 0.240172 0.12622 -0 141.019 446 465558
6.33656 25.9416 3.51693 26.8524 0.239572 0.105098 -0 142.894 456 465558
6.75899 25.8347 3.51693 26.8524 0.255889 0.105098 -0.0707397 135.207 415 465558
6.33656 25.9416 3.51693 26.8524 0.239572 0.105098 -0.0707397 136.519 422 465558
12.5132 24.4071 0.7 27.4278 0.473746 0 -0 133.394 400 465558
-15.5336 22.6051 0.7 27.4278 -0.602065 0 -0 134.894 408 465558
-15.9651 22.3025 0.7 27.4278 -0.621281 0 -0 138.269 426 465558
-15.9651 22.2951 0.124541 27.4278 -0.621438 -0.0209824 -0 134.894 408 465558
-16.3966 21.9872 0.7 27.4278 -0.640765 0 -0 136.957 419 465558
10.4282 25.5753 0.7 27.6196 0.387164 0 0.0707397 136.582 417 465558
10.4282 25.5753 0.7 27.6196 0.387164 0 -0 143.519 454 465558
6.5176 26.8146 1.85897 27.6196 0.238438 0.041974 -0 143.519 454 465558
6.5176 26.8334 1.27948 27.6196 0.238277 0.0209824 -0 143.332 453 465558
6.0831 26.9165 1.85897 27.6196 0.222265 0.041974 -0 142.957 451 465558
10.8627 25.3938 0.7 27.6196 0.404213 0 -0.0707397 135.457 411 465558
10.4282 25.5753 0.7 27.6196 0.387164 0 -0.0707397 136.207 415 465558
11.089 25.9229 0.7 28.195 0.404213 0 -0 139.582 433 465558
10.6454 26.1081 0.7 28.195 0.387164 0 -0 140.894 440 465558
6.65339 26.1171 8.98178 28.195 0.249446 0.298128 -0 141.644 444 465558
6.20983 26.2261 8.98178 28.195 0.232498 0.298128 -0 141.269 442 465558
10.6454 26.1081 0.7 28.195 0.387164 0 -0.0707397 134.519 406 465558
-16.0768 23.3955 0.7 28.3868 -0.602065 0 -0 140.144 436 465558
-16.5233 23.0823 0.7 28.3868 -0.621281 0 -0 140.144 436 465558
-19.6494 20.487 0.7 28.3868 -0.764533 0 -0 141.082 441 465558
-19.6494 20.4783 0.10442 28.3868 -0.764744 -0.0209824 -0 140.332 437 465558
-16.4026 23.8698 0.7 28.9622 -0.602065 0 -0 137.957 419 465558
-16.0526 24.3366 0.7 29.1541 -0.583099 0 0.0707397 139.269 426 465558
-16.0526 24.3366 0.7 29.1541 -0.583099 0 -0 146.207 463 465558
-16.0526 24.329 1.31168 29.1541 -0.583244 0.0209824 -0 143.957 451 465558
-16.5113 24.0278 0.7 29.1541 -0.602065 0 -0 142.269 442 465558
-16.5113 24.0201 1.31168 29.1541 -0.602216 0.0209824 -0 141.519 438 465558
-16.0526 24.3366 0.7 29.1541 -0.583099 0 -0.0707397 139.269 426 465558
-15.9017 25.1192 0.7 29.7295 -0.564368 0 -0 141.332 437 465558
-15.9017 25.1115 0.076251 29.7295 -0.564507 -0.0209824 -0 139.269 426 465558
-16.3694 24.817 0.7 29.7295 -0.583099 0 -0 143.394 448 465558
-16.3694 24.8091 0.076251 29.7295 -0.583244 -0.0209824 -0 141.519 438 465558
-16.3694 24.8091 1.32375 29.7295 -0.583244 0.0209824 -0 139.644 428 465558
8.9436 28.5534 0.7 29.9213 0.303544 0 -0 140.019 430 465558
3.35838 30.3044 1.33985 30.4967 0.110371 0.0209824 -0 140.082 425 465558
2.87861 30.3605 0.7 30.4967 0.0945316 0 -0 140.644 428 465558
2.87861 30.3538 1.33985 30.4967 0.0945525 0.0209824 -0 143.457 443 465558
-7.24178 29.8148 0.0561301 30.6885 -0.238277 -0.0209824 0.0707397 138.019 414 465558
6.27621 30.0398 0.7 30.6885 0.205967 0 -0 153.582 497 465558
6.27621 30.0329 1.34387 30.6885 0.206013 0.0209824 -0 153.582 497 465558
5.79342 30.1298 1.34387 30.6885 0.189964 0.0209824 -0 150.582 481 465558
-6.75899 29.928 0.0561301 30.6885 -0.222116 -0.0209824 -0.0707397 136.144 404 465558
-7.24178 29.8148 0.0561301 30.6885 -0.238277 -0.0209824 -0.0707397 137.832 413 465558
6.84348 30.3091 0.7 31.0721 0.222066 0 0.0707397 156.019 510 465558
6.35466 30.4153 0.7 31.0721 0.205967 0 0.0707397 159.957 531 465558
6.35466 30.4083 1.35192 31.0721 0.206013 0.0209824 0.0707397 159.957 531 465558
6.84348 30.3091 0.7 31.0721 0.222066 0 -0 162.957 547 465558
6.35466 30.4153 0.7 31.0721 0.205967 0 -0 166.894 568 465558
6.35466 30.4083 1.35192 31.0721 0.206013 0.0209824 -0 166.707 567 465558
6.84348 30.3091 0.7 31.0721 0.222066 0 -0.0707397 155.832 509 465558
6.84348 30.3021 1.35192 31.0721 0.222116 0.0209824 -0.0707397 154.894 504 465558
6.35466 30.4153 0.7 31.0721 0.205967 0 -0.0707397 159.394 528 465558
6.35466 30.4083 1.35192 31.0721 0.206013 0.0209824 -0.0707397 159.394 528 465558
6.88573 30.4962 0.7 31.2639 0.222066 0 -0 153.394 496 465558
6.39389 30.6031 0.7 31.2639 0.205967 0 -0 157.707 519 465558
6.39389 30.5961 1.35594 31.2639 0.206013 0.0209824 -0 156.957 515 465558
6.39389 30.6031 0.7 31.2639 0.205967 0 -0.0707397 151.144 484 465558
6.92797 30.6762 1.35997 31.4557 0.222116 0.0209824 -0 150.582 481 465558
6.43311 30.7908 0.7 31.4557 0.205967 0 -0 152.082 489 465558
6.43311 30.7838 1.35997 31.4557 0.206013 0.0209824 -0 152.832 493 465558
1.48456 31.4206 0.7 31.4557 0.047213 0 -0 152.832 493 465558
1.52077 32.187 0.7 32.2229 0.047213 0 -0 155.457 507 465558
1.52077 32.1799 0.0239366 32.2229 0.0472234 -0.0209824 -0 153.394 496 465558
1.01385 32.2069 0.7 32.2229 0.0314688 0 -0 152.832 493 465558
1.53888 32.5702 0.7 32.6065 0.047213 0 0.0707397 160.707 535 465558
1.53888 32.563 0.0158883 32.6065 0.0472234 -0.0209824 0.0707397 159.582 529 465558
1.02592 32.5904 0.7 32.6065 0.0314688 0 0.0707397 157.707 519 465558
1.02592 32.5832 0.0158883 32.6065 0.0314757 -0.0209824 0.0707397 156.394 512 465558
1.53888 32.5702 0.7 32.6065 0.047213 0 -0 168.207 575 465558
1.53888 32.563 0.0158883 32.6065 0.0472234 -0.0209824 -0 167.082 569 465558
1.02592 32.5904 0.7 32.6065 0.0314688 0 -0 165.207 559 465558
1.02592 32.5832 0.0158883 32.6065 0.0314757 -0.0209824 -0 163.707 551 465558
1.53888 32.5702 0.7 32.6065 0.047213 0 -0.0707397 160.894 536 465558
1.53888 32.563 0.0158883 32.6065 0.0472234 -0.0209824 -0.0707397 159.957 531 465558
1.02592 32.5904 0.7 32.6065 0.0314688 0 -0.0707397 158.082 521 465558
1.02592 32.5832 0.0158883 32.6065 0.0314757 -0.0209824 -0.0707397 156.957 515 465558
1.54793 32.7618 0.7 32.7983 0.047213 0 -0 158.144 516 465558
1.54793 32.7545 0.0118641 32.7983 0.0472234 -0.0209824 -0 158.707 519 465558
1.03195 32.7821 0.7 32.7983 0.0314688 0 -0 154.582 497 465558
1.03195 32.7748 0.0118641 32.7983 0.0314757 -0.0209824 -0 155.332 501 465558
1.54793 32.7545 0.0118641 32.7983 0.0472234 -0.0209824 -0.0707397 152.707 487 465558
-6.74692 32.2854 0.00783986 32.9901 -0.206013 -0.0209824 0.0707397 138.644 412 465558
-7.26592 32.1726 0.00783986 32.9901 -0.222116 -0.0209824 0.0707397 142.019 430 465558
-22.8357 23.5563 4.1608 32.9901 -0.769868 0.105098 0.0707397 139.019 414 465558
-7.26592 32.1726 0.00783986 32.9901 -0.222116 -0.0209824 -0 149.332 469 465558
1.55698 32.9534 0.7 32.9901 0.047213 0 -0 153.269 490 465558
1.55698 32.9461 0.00783986 32.9901 0.0472234 -0.0209824 -0 152.332 485 465558
-6.74692 32.2854 0.00783986 32.9901 -0.206013 -0.0209824 -0.0707397 139.394 416 465558
-7.26592 32.1726 0.00783986 32.9901 -0.222116 -0.0209824 -0.0707397 142.207 431 465558
-22.8357 23.5563 4.1608 32.9901 -0.769868 0.105098 -0.0707397 138.832 413 465558
5.28046 32.96 4.22116 33.5655 0.158858 0.105098 -0 143.144 436 465558
5.28046 33.0277 3.51693 33.5655 0.158538 0.0840222 -0 142.394 432 465558
3.69633 33.175 4.22116 33.5655 0.110961 0.105098 -0 142.957 435 465558
3.16828 33.2296 4.22116 33.5655 0.0950577 0.105098 -0 142.394 432 465558
5.28046 32.96 4.22116 33.5655 0.158858 0.105098 -0.0707397 137.707 407 465558
5.28046 33.0277 3.51693 33.5655 0.158538 0.0840222 -0.0707397 136.582 401 465558
-16.994 29.1678 0.7 33.7573 -0.52755 0 0.0707397 133.207 383 465558
-16.994 29.1592 1.40826 33.7573 -0.527678 0.0209824 0.0707397 133.582 385 465558
-16.463 29.4708 0.7 33.7573 -0.509437 0 -0 137.707 407 465558
-16.463 29.4623 1.40826 33.7573 -0.50956 0.0209824 -0 139.207 415 465558
-16.994 29.1678 0.7 33.7573 -0.52755 0 -0 139.582 417 465558
-16.994 29.1592 1.40826 33.7573 -0.527678 0.0209824 -0 140.144 420 465558
10.0902 32.2063 1.40826 33.7573 0.303613 0.0209824 -0 137.144 404 465558
-16.994 29.1592 1.40826 33.7573 -0.527678 0.0209824 -0.0707397 132.832 381 465558
10.2622 32.5646 4.30165 34.3327 0.305283 0.105098 -0 135.707 391 465558
-16.5656 30.9362 1.43643 35.0999 -0.491624 0.0209824 0.0707397 142.269 426 465558
-17.1178 30.6075 2.17285 35.0999 -0.50993 0.041974 0.0707397 141.332 421 465558
-17.1178 30.6341 1.43643 35.0999 -0.50956 0.0209824 0.0707397 145.269 442 465558
-17.1178 30.6341 1.43643 35.0999 -0.50956 0.0209824 -0 152.582 481 465558
-16.5656 30.9362 1.43643 35.0999 -0.491624 0.0209824 -0.0707397 142.832 429 465558
-17.1178 30.6341 1.43643 35.0999 -0.50956 0.0209824 -0.0707397 145.269 442 465558
-7.21764 34.5458 0.7 35.2917 -0.205967 0 0.0707397 134.582 385 465558
-7.21764 34.5379 -0.0404503 35.2917 -0.206013 -0.0209824 0.0707397 135.144 388 465558
4.99683 34.6526 5.1427 35.2917 0.143211 0.12622 0.0707397 134.582 385 465558
-7.21764 34.5379 -0.0404503 35.2917 -0.206013 -0.0209824 -0 142.457 427 465558
-7.21764 34.5458 0.7 35.2917 -0.205967 0 -0.0707397 135.332 389 465558
-7.21764 34.5379 -0.0404503 35.2917 -0.206013 -0.0209824 -0.0707397 135.894 392 465558
5.55203 34.568 5.1427 35.2917 0.159252 0.12622 -0.0707397 134.582 385 465558
6.77106 35.0934 3.71009 35.8672 0.190602 0.0840222 0.0707397 139.082 409 465558
6.77106 35.0934 3.71009 35.8672 0.190602 0.0840222 -0 146.394 448 465558
6.20681 35.1976 3.71009 35.8672 0.174548 0.0840222 -0 145.832 445 465558
6.77106 35.0934 3.71009 35.8672 0.190602 0.0840222 -0.0707397 139.832 413 465558
6.20681 35.1976 3.71009 35.8672 0.174548 0.0840222 -0.0707397 139.457 411 465558
6.80727 35.281 3.72619 36.059 0.190602 0.0840222 0.0707397 138.519 406 465558
5.67273 35.4085 4.48274 36.059 0.158858 0.105098 0.0707397 138.144 404 465558
5.67273 35.4811 3.72619 36.059 0.158538 0.0840222 0.0707397 140.957 419 465558
5.10545 35.4947 4.48274 36.059 0.142857 0.105098 0.0707397 136.832 397 465558
5.10545 35.5672 3.72619 36.059 0.14257 0.0840222 0.0707397 138.519 406 465558
6.80727 35.281 3.72619 36.059 0.190602 0.0840222 -0 146.207 447 465558
5.67273 35.4085 4.48274 36.059 0.158858 0.105098 -0 145.644 444 465558
5.67273 35.4811 3.72619 36.059 0.158538 0.0840222 -0 147.894 456 465558
6.80727 35.281 3.72619 36.059 0.190602 0.0840222 -0.0707397 139.832 413 465558
5.67273 35.4085 4.48274 36.059 0.158858 0.105098 -0.0707397 138.519 406 465558
5.67273 35.4811 3.72619 36.059 0.158538 0.0840222 -0.0707397 140.394 416 465558
5.10545 35.5672 3.72619 36.059 0.14257 0.0840222 -0.0707397 136.269 394 465558
1.72897 36.5855 1.46862 36.6344 0.0472234 0.0209824 0.0707397 153.394 480 465558
1.15265 36.6082 1.46862 36.6344 0.0314757 0.0209824 0.0707397 153.582 481 465558
1.72897 36.5855 1.46862 36.6344 0.0472234 0.0209824 -0 160.332 517 465558
1.15265 36.6082 1.46862 36.6344 0.0314757 0.0209824 -0 160.519 518 465558
1.72897 36.5855 1.46862 36.6344 0.0472234 0.0209824 -0.0707397 153.019 478 465558
1.15265 36.6082 1.46862 36.6344 0.0314757 0.0209824 -0.0707397 153.207 479 465558
1.73803 36.777 -0.0726438 36.8262 0.0472234 -0.0209824 0.0707397 152.832 477 465558
1.73803 36.777 1.47264 36.8262 0.0472234 0.0209824 0.0707397 155.644 492 465558
1.15868 36.7998 -0.0726438 36.8262 0.0314757 -0.0209824 0.0707397 151.519 470 465558
1.15868 36.7998 1.47264 36.8262 0.0314757 0.0209824 0.0707397 155.269 490 465558
1.73803 36.777 -0.0726438 36.8262 0.0472234 -0.0209824 -0 160.519 518 465558
1.73803 36.777 1.47264 36.8262 0.0472234 0.0209824 -0 163.144 532 465558
1.15868 36.7998 -0.0726438 36.8262 0.0314757 -0.0209824 -0 159.207 511 465558
1.15868 36.7998 1.47264 36.8262 0.0314757 0.0209824 -0 162.957 531 465558
1.73803 36.777 -0.0726438 36.8262 0.0472234 -0.0209824 -0.0707397 153.957 483 465558
1.73803 36.777 1.47264 36.8262 0.0472234 0.0209824 -0.0707397 156.019 494 465558
1.15868 36.7998 -0.0726438 36.8262 0.0314757 -0.0209824 -0.0707397 152.269 474 465558
1.15868 36.7998 1.47264 36.8262 0.0314757 0.0209824 -0.0707397 156.019 494 465558
-15.2983 34.1298 0.7 37.4016 -0.421388 0 0.0707397 147.582 449 465558
-15.8867 33.8599 0.7 37.4016 -0.438696 0 0.0707397 150.207 463 465558
-15.2983 34.1298 0.7 37.4016 -0.421388 0 -0 154.144 484 465558
-15.8867 33.8599 0.7 37.4016 -0.438696 0 -0 157.144 500 465558
-15.8867 33.8508 -0.0847164 37.4016 -0.438799 -0.0209824 -0 151.894 472 465558
-15.8867 33.8508 1.48472 37.4016 -0.438799 0.0209824 -0 152.644 476 465558
-15.8867 33.8599 0.7 37.4016 -0.438696 0 -0.0707397 150.207 463 465558
-15.3767 34.3048 0.7 37.5934 -0.421388 0 0.0707397 155.457 491 465558
-15.9681 34.0335 0.7 37.5934 -0.438696 0 0.0707397 156.582 497 465558
-15.9681 34.0244 -0.0887406 37.5934 -0.438799 -0.0209824 0.0707397 152.269 474 465558
-15.9681 34.0244 1.48874 37.5934 -0.438799 0.0209824 0.0707397 151.894 472 465558
-15.3767 34.3048 0.7 37.5934 -0.421388 0 -0 162.207 527 465558
-15.9681 34.0335 0.7 37.5934 -0.438696 0 -0 163.519 534 465558
-15.9681 34.0244 -0.0887406 37.5934 -0.438799 -0.0209824 -0 159.207 511 465558
-15.9681 34.0244 1.48874 37.5934 -0.438799 0.0209824 -0 159.207 511 465558
-15.3767 34.3048 0.7 37.5934 -0.421388 0 -0.0707397 154.519 486 465558
-15.9681 34.0335 0.7 37.5934 -0.438696 0 -0.0707397 156.207 495 465558
-15.9681 34.0244 -0.0887406 37.5934 -0.438799 -0.0209824 -0.0707397 151.894 472 465558
-15.9681 34.0244 1.48874 37.5934 -0.438799 0.0209824 -0.0707397 151.894 472 465558
7.20557 37.4482 2.30163 38.1688 0.190091 0.041974 -0 136.332 389 465558
7.20557 37.4739 1.50081 38.1688 0.189964 0.0209824 -0 136.144 388 465558
6.60511 37.3791 4.70407 38.1688 0.1749 0.105098 -0 136.894 392 465558
6.60511 37.4562 3.90325 38.1688 0.174548 0.0840222 -0 138.207 399 465558
6.00464 37.4802 4.70407 38.1688 0.158858 0.105098 -0 139.144 404 465558
6.00464 37.5572 3.90325 38.1688 0.158538 0.0840222 -0 139.144 404 465558
6.03482 37.7459 3.91935 38.3606 0.158538 0.0840222 -0 141.394 416 465558
6.03482 37.7459 3.91935 38.3606 0.158538 0.0840222 -0.0707397 135.394 384 465558
26.339 28.6636 1.51691 38.936 0.743158 0.0209824 -0 135.832 381 465558
25.7264 29.2147 1.51691 38.936 0.721993 0.0209824 -0 135.082 377 465558
7.35041 38.201 2.33382 38.936 0.190091 0.041974 -0 137.519 390 465558
7.35041 38.2272 1.51691 38.936 0.189964 0.0209824 -0 136.207 383 465558
3.6752 38.7622 0.7 38.936 0.0945316 0 -0 134.894 376 465558
3.6752 38.7536 1.51691 38.936 0.0945525 0.0209824 -0 135.457 379 465558
6.15551 38.6319 1.52093 39.1278 0.158009 0.0209824 0.0707397 134.332 373 465558
-15.3888 35.9652 -0.120934 39.1278 -0.404307 -0.0209824 -0 142.582 417 465558
6.15551 38.6319 1.52093 39.1278 0.158009 0.0209824 -0 139.582 401 465558
-13.7413 37.2495 0.7 39.7032 -0.353411 0 -0 139.582 401 465558
-15.6151 36.4941 -0.133007 39.7032 -0.404307 -0.0209824 -0 140.519 406 465558
-6.90383 39.2931 0.7 39.895 -0.173925 0 0.0707397 135.269 378 465558
-6.90383 39.2931 0.7 39.895 -0.173925 0 -0 142.207 415 465558
-15.0629 36.9421 0.7 39.895 -0.387164 0 -0 140.894 408 465558
-6.90383 39.2931 0.7 39.895 -0.173925 0 -0.0707397 134.894 376 465558
8.27675 39.6059 1.5491 40.4704 0.206013 0.0209824 -0 137.894 392 465558
-15.3526 37.6429 1.55313 40.6622 -0.387253 0.0209824 0.0707397 138.457 395 465558
-15.9923 37.3756 1.55313 40.6622 -0.404307 0.0209824 0.0707397 139.582 401 465558
-15.3526 37.6526 0.7 40.6622 -0.387164 0 -0 142.394 416 465558
-15.3526 37.6429 1.55313 40.6622 -0.387253 0.0209824 -0 145.019 430 465558
-15.9923 37.3854 0.7 40.6622 -0.404213 0 -0 144.644 428 465558
-15.9923 37.3756 1.55313 40.6622 -0.404307 0.0209824 -0 146.519 438 465558
-15.9923 37.3756 1.55313 40.6622 -0.404307 0.0209824 -0.0707397 139.582 401 465558
-19.4623 36.191 -2.7608 41.2376 -0.493402 -0.0840222 -0 137.957 387 465558
-19.4623 36.0978 5.026 41.2376 -0.494479 0.105098 -0 137.394 384 465558
-20.111 35.9908 1.5652 41.2376 -0.50956 0.0209824 -0 138.707 391 465558
-20.7598 35.6206 1.5652 41.2376 -0.527678 0.0209824 -0 138.144 388 465558
-18.901 36.7023 4.1769 41.4294 -0.475561 0.0840222 -0 140.207 399 465558
-19.5528 36.3593 4.1769 41.4294 -0.493402 0.0840222 -0 140.582 401 465558
8.47288 40.5445 1.56922 41.4294 0.206013 0.0209824 -0 139.082 393 465558
32.3798 26.7573 0.7 42.0049 0.880188 0 -0 137.394 384 465558
31.719 27.5375 0.7 42.0049 0.855848 0 -0 137.207 383 465558
28.4149 30.9354 0.7 42.0049 0.742956 0 -0 135.894 376 465558
28.4149 30.9228 1.5813 42.0049 0.743158 0.0209824 -0 135.707 375 465558
-6.6383 41.6618 1.58532 42.1967 -0.158009 0.0209824 0.0707397 139.457 395 465558
-7.30213 41.5506 1.58532 42.1967 -0.173964 0.0209824 0.0707397 139.269 394 465558
-15.2681 39.3276 1.58532 42.1967 -0.370317 0.0209824 0.0707397 136.082 377 465558
-6.6383 41.6618 1.58532 42.1967 -0.158009 0.0209824 -0 146.394 432 465558
-7.30213 41.5506 1.58532 42.1967 -0.173964 0.0209824 -0 146.207 431 465558
-6.6383 41.6618 1.58532 42.1967 -0.158009 0.0209824 -0.0707397 138.519 390 465558
-7.30213 41.56 0.7 42.1967 -0.173925 0 -0.0707397 134.207 367 465558
-7.30213 41.5506 1.58532 42.1967 -0.173964 0.0209824 -0.0707397 138.707 391 465558
-15.2681 39.3276 1.58532 42.1967 -0.370317 0.0209824 -0.0707397 135.707 375 465558
28.9339 31.5004 0.7 42.7721 0.742956 0 0.0707397 136.457 379 465558
28.9339 31.4876 1.59739 42.7721 0.743158 0.0209824 0.0707397 135.894 376 465558
28.261 32.1055 0.7 42.7721 0.721799 0 0.0707397 140.207 399 465558
28.261 32.0929 1.59739 42.7721 0.721993 0.0209824 0.0707397 138.894 392 465558
27.5882 32.6855 0.7 42.7721 0.701029 0 0.0707397 135.707 375 465558
28.9339 31.5004 0.7 42.7721 0.742956 0 -0 146.207 431 465558
28.9339 31.4876 1.59739 42.7721 0.743158 0.0209824 -0 145.082 425 465558
28.261 32.1055 0.7 42.7721 0.721799 0 -0 149.582 449 465558
28.261 32.0929 1.59739 42.7721 0.721993 0.0209824 -0 147.894 440 465558
28.9339 31.5004 0.7 42.7721 0.742956 0 -0.0707397 139.457 395 465558
28.9339 31.4876 1.59739 42.7721 0.743158 0.0209824 -0.0707397 138.144 388 465558
28.261 32.1055 0.7 42.7721 0.721799 0 -0.0707397 143.207 415 465558
28.261 32.0929 1.59739 42.7721 0.721993 0.0209824 -0.0707397 141.332 405 465558
28.3878 32.2495 0.7 42.9639 0.721799 0 0.0707397 136.644 380 465558
28.3878 32.2369 1.60142 42.9639 0.721993 0.0209824 0.0707397 134.957 371 465558
29.0637 31.6417 0.7 42.9639 0.742956 0 -0 143.582 417 465558
28.3878 32.2495 0.7 42.9639 0.721799 0 -0 147.144 436 465558
28.3878 32.2369 1.60142 42.9639 0.721993 0.0209824 -0 145.269 426 465558
29.0637 31.6417 0.7 42.9639 0.742956 0 -0.0707397 138.707 391 465558
29.0637 31.6288 1.60142 42.9639 0.743158 0.0209824 -0.0707397 137.394 384 465558
28.3878 32.2495 0.7 42.9639 0.721799 0 -0.0707397 142.269 410 465558
28.3878 32.2369 1.60142 42.9639 0.721993 0.0209824 -0.0707397 140.582 401 465558
-20.5485 38.1125 -3.86745 43.5393 -0.494479 -0.105098 0.0707397 130.707 343 465558
6.84952 42.9874 1.61349 43.5393 0.158009 0.0209824 0.0707397 131.832 349 465558
6.16457 43.091 1.61349 43.5393 0.142095 0.0209824 0.0707397 132.394 352 465558
6.16457 43.1007 0.7 43.5393 0.142064 0 -0.0707397 130.707 343 465558
6.16457 43.091 1.61349 43.5393 0.142095 0.0209824 -0.0707397 132.582 353 465558
28.2067 33.4184 0.7 43.7311 0.701029 0 0.0707397 135.957 371 465558
28.2067 33.4058 1.61751 43.7311 0.701215 0.0209824 0.0707397 135.394 368 465558
28.2067 33.4184 0.7 43.7311 0.701029 0 -0 142.519 406 465558
28.2067 33.4058 1.61751 43.7311 0.701215 0.0209824 -0 141.957 403 465558
28.2067 33.4184 0.7 43.7311 0.701029 0 -0.0707397 134.457 363 465558
-16.0315 41.3044 0.7 44.3065 -0.370232 0 0.0707397 138.582 385 465558
-16.0315 41.294 -0.229587 44.3065 -0.370317 -0.0209824 0.0707397 136.894 376 465558
-16.7285 41.0271 0.7 44.3065 -0.387164 0 0.0707397 135.207 367 465558
-16.0315 41.3044 0.7 44.3065 -0.370232 0 -0 145.332 421 465558
-16.0315 41.294 -0.229587 44.3065 -0.370317 -0.0209824 -0 143.457 411 465558
-16.7285 41.0271 0.7 44.3065 -0.387164 0 -0 141.957 403 465558
-16.0315 41.3044 0.7 44.3065 -0.370232 0 -0.0707397 137.457 379 465558
-16.0315 41.294 -0.229587 44.3065 -0.370317 -0.0209824 -0.0707397 135.957 371 465558
-16.7285 41.0271 0.7 44.3065 -0.387164 0 -0.0707397 134.082 361 465558
-16.1009 41.4832 0.7 44.4983 -0.370232 0 -0 138.957 387 465558
-16.1009 41.4727 -0.233611 44.4983 -0.370317 -0.0209824 -0 135.957 371 465558
-16.1009 41.4727 1.63361 44.4983 -0.370317 0.0209824 -0 136.144 372 465558
-16.8009 41.2047 0.7 44.4983 -0.387164 0 -0 135.019 366 465558
-16.1009 41.4832 0.7 44.4983 -0.370232 0 -0.0707397 132.582 353 465558
0 45.0638 -0.245684 45.0737 0 -0.0209824 0.0707397 144.394 416 465558
-2.83636 44.9844 0.7 45.0737 -0.0629689 0 0.0707397 138.582 385 465558
-2.83636 44.9744 -0.245684 45.0737 -0.0629827 -0.0209824 0.0707397 138.957 387 465558
-4.96364 44.7996 0.7 45.0737 -0.110346 0 0.0707397 138.582 385 465558
0 45.0737 0.7 45.0737 0 0 -0 150.957 451 465558
0 45.0638 -0.245684 45.0737 0 -0.0209824 -0 153.019 462 465558
-0.709091 45.0582 -0.245684 45.0737 -0.0157359 -0.0209824 -0 150.019 446 465558
0 45.0737 0.7 45.0737 0 0 -0.0707397 144.207 415 465558
0 45.0638 -0.245684 45.0737 0 -0.0209824 -0.0707397 146.269 426 465558
-2.12727 45.0135 -0.245684 45.0737 -0.0472234 -0.0209824 -0.0707397 140.082 393 465558
-2.83636 44.9744 -0.245684 45.0737 -0.0629827 -0.0209824 -0.0707397 140.082 393 465558
-3.56054 45.1253 0.7 45.2655 -0.0787404 0 0.0707397 143.082 409 465558
-3.56054 45.1153 -0.249708 45.2655 -0.0787578 -0.0209824 0.0707397 142.519 406 465558
-4.27265 45.0634 0.7 45.2655 -0.0945316 0 0.0707397 142.519 406 465558
-4.27265 45.0534 -0.249708 45.2655 -0.0945525 -0.0209824 0.0707397 142.144 404 465558
-3.56054 45.1253 0.7 45.2655 -0.0787404 0 -0 150.207 447 465558
-3.56054 45.1153 -0.249708 45.2655 -0.0787578 -0.0209824 -0 149.457 443 465558
-4.27265 45.0634 0.7 45.2655 -0.0945316 0 -0 148.894 440 465558
-4.27265 45.0534 -0.249708 45.2655 -0.0945525 -0.0209824 -0 148.707 439 465558
-3.56054 45.1253 0.7 45.2655 -0.0787404 0 -0.0707397 142.144 404 465558
-3.56054 45.1153 -0.249708 45.2655 -0.0787578 -0.0209824 -0.0707397 141.582 401 465558
-4.27265 45.0634 0.7 45.2655 -0.0945316 0 -0.0707397 141.582 401 465558
-4.27265 45.0534 -0.249708 45.2655 -0.0945525 -0.0209824 -0.0707397 141.394 400 465558
34.0364 30.9925 0.7 46.0327 0.832171 0 0.141479 132.582 353 465558
-7.24178 45.4595 0.7 46.0327 -0.157974 0 0.0707397 140.644 396 465558
-10.9985 45.2918 0.7 46.6081 -0.238224 0 0.0707397 134.519 358 465558
-11.7317 45.1075 0.7 46.6081 -0.254446 0 0.0707397 133.582 353 465558
-21.2637 41.475 0.7 46.6081 -0.473746 0 0.0707397 133.207 351 465558
-10.9985 45.2918 0.7 46.6081 -0.238224 0 -0 140.894 392 465558
-10.9985 45.2918 0.7 46.6081 -0.238224 0 -0.0707397 133.582 353 465558
-10.9985 45.2813 1.67788 46.6081 -0.238277 0.0209824 -0.0707397 133.582 353 465558
-21.2637 41.475 0.7 46.6081 -0.473746 0 -0.0707397 133.019 350 465558
-11.78 45.2931 0.7 46.7999 -0.254446 0 -0 140.707 391 465558
-12.5162 45.0952 0.7 46.7999 -0.270736 0 -0 139.957 387 465558
-11.78 45.2931 0.7 46.7999 -0.254446 0 -0.0707397 133.957 355 465558
-12.5162 45.0952 0.7 46.7999 -0.270736 0 -0.0707397 133.582 353 465558
-21.6137 42.1577 0.7 47.3753 -0.473746 0 -0 136.957 371 465558
-14.9663 45.1513 0.7 47.5671 -0.320073 0 0.0707397 133.207 351 465558
-15.7147 44.8963 0.7 47.5671 -0.336693 0 0.0707397 132.832 349 465558
-15.7147 44.8963 0.7 47.5671 -0.336693 0 -0 140.332 389 465558
-14.9663 45.1513 0.7 47.5671 -0.320073 0 -0.0707397 133.957 355 465558
-15.7147 44.8963 0.7 47.5671 -0.336693 0 -0.0707397 134.707 359 465558
32.6966 35.5825 1.7141 48.3344 0.743158 0.0209824 0.0707397 131.707 343 465558
25.0928 41.2607 -1.32819 48.3344 0.546391 -0.041974 0.0707397 132.269 346 465558
32.6966 35.5825 1.7141 48.3344 0.743158 0.0209824 -0.0707397 132.082 345 465558
25.0928 41.3106 0.7 48.3344 0.545856 0 -0.0707397 133.957 355 465558
25.0928 41.2607 -1.32819 48.3344 0.546391 -0.041974 -0.0707397 133.582 353 465558
25.0928 41.1984 -2.34229 48.3344 0.547063 -0.0629841 -0.0707397 132.269 346 465558
25.0928 41.2981 1.7141 48.3344 0.54599 0.0209824 -0.0707397 132.269 346 465558
-23.8526 42.6868 -0.326168 48.9098 -0.50956 -0.0209824 -0 133.644 348 465558
-23.8526 42.6498 -1.35234 48.9098 -0.50993 -0.041974 -0 134.957 355 465558
-25.3915 41.8024 0.7 48.9098 -0.545856 0 -0 133.457 347 465558
10.0027 47.832 2.75234 48.9098 0.206151 0.041974 -0 133.644 348 465558
10.0027 47.865 1.72617 48.9098 0.206013 0.0209824 -0 135.519 358 465558
9.23327 48.0303 0.7 48.9098 0.189921 0 -0 134.207 351 465558
9.23327 48.0194 1.72617 48.9098 0.189964 0.0209824 -0 137.582 369 465558
9.26948 48.2077 1.73019 49.1016 0.189964 0.0209824 0.0707397 136.832 365 465558
4.63474 48.8823 0.7 49.1016 0.0945316 0 0.0707397 140.582 385 465558
4.63474 48.8715 1.73019 49.1016 0.0945525 0.0209824 0.0707397 139.082 377 465558
4.63474 48.8823 0.7 49.1016 0.0945316 0 -0 147.144 420 465558
4.63474 48.8715 1.73019 49.1016 0.0945525 0.0209824 -0 145.457 411 465558
9.26948 48.1746 2.76038 49.1016 0.190091 0.041974 -0.0707397 135.519 358 465558
9.26948 48.2077 1.73019 49.1016 0.189964 0.0209824 -0.0707397 137.957 371 465558
4.63474 48.8823 0.7 49.1016 0.0945316 0 -0.0707397 139.082 377 465558
4.63474 48.8715 1.73019 49.1016 0.0945525 0.0209824 -0.0707397 137.019 366 465558
22.6638 44.2058 0.7 49.677 0.473746 0 -0 133.832 349 465558
22.6638 44.1935 1.74226 49.677 0.473858 0.0209824 -0 132.707 343 465558
21.8822 44.5979 0.7 49.677 0.456145 0 -0 133.269 346 465558
9.37811 48.7392 2.78453 49.677 0.190091 0.041974 -0 132.894 344 465558
-28.2429 41.1003 0.7 49.8688 -0.602065 0 -0 135.707 359 465558
21.1822 45.1465 0.7 49.8688 0.438696 0 -0 135.144 356 465558
-24.6009 44.0387 0.7 50.4442 -0.509437 0 -0 132.519 342 465558
-24.6009 44.026 1.75836 50.4442 -0.50956 0.0209824 -0 134.957 355 465558
21.4266 45.6552 1.75836 50.4442 0.438799 0.0209824 -0 132.894 344 465558
19.0459 46.6985 1.75836 50.4442 0.387253 0.0209824 -0 132.894 344 465558
-23.1013 45.0592 0.7 50.636 -0.473746 0 -0 132.707 343 465558
18.3217 47.1931 1.76239 50.636 0.370317 0.0209824 -0 134.582 353 465558
32.3466 39.9498 0.7 51.4032 0.680617 0 -0 133.832 349 465558
19.6252 48.1313 0.7 51.9786 0.387164 0 0.0707397 134.644 348 465558
19.6252 48.119 1.79055 51.9786 0.387253 0.0209824 0.0707397 136.707 359 465558
20.4429 47.7773 1.79055 51.9786 0.404307 0.0209824 -0 139.707 375 465558
19.6252 48.1313 0.7 51.9786 0.387164 0 -0 142.519 390 465558
19.6252 48.119 1.79055 51.9786 0.387253 0.0209824 -0 144.394 400 465558
18.8075 48.4444 1.79055 51.9786 0.370317 0.0209824 -0 139.707 375 465558
19.6252 48.1313 0.7 51.9786 0.387164 0 -0.0707397 134.082 345 465558
19.6252 48.119 1.79055 51.9786 0.387253 0.0209824 -0.0707397 136.707 359 465558
19.6976 48.3089 0.7 52.1704 0.387164 0 0.0707397 134.832 349 465558
19.6976 48.2965 1.79458 52.1704 0.387253 0.0209824 0.0707397 135.019 350 465558
20.5184 47.9536 1.79458 52.1704 0.404307 0.0209824 -0 138.582 369 465558
19.6976 48.3089 0.7 52.1704 0.387164 0 -0 142.332 389 465558
19.6976 48.2965 1.79458 52.1704 0.387253 0.0209824 -0 143.457 395 465558
18.8769 48.6232 1.79458 52.1704 0.370317 0.0209824 -0 139.332 373 465558
19.6976 48.3089 0.7 52.1704 0.387164 0 -0.0707397 135.394 352 465558
19.6976 48.2965 1.79458 52.1704 0.387253 0.0209824 -0.0707397 136.707 359 465558
0 52.7458 0.7 52.7458 0 0 0.0707397 148.332 421 465558
0 52.7342 1.80665 52.7458 0 0.0209824 0.0707397 146.644 412 465558
-0.829787 52.7393 0.7 52.7458 -0.0157325 0 0.0707397 147.957 419 465558
-0.829787 52.7277 1.80665 52.7458 -0.0157359 0.0209824 0.0707397 147.019 414 465558
0 52.7458 0.7 52.7458 0 0 -0 155.644 460 465558
0 52.7342 1.80665 52.7458 0 0.0209824 -0 154.519 454 465558
-0.829787 52.7393 0.7 52.7458 -0.0157325 0 -0 155.269 458 465558
-0.829787 52.7277 1.80665 52.7458 -0.0157359 0.0209824 -0 154.707 455 465558
0 52.7458 0.7 52.7458 0 0 -0.0707397 148.894 424 465558
0 52.7342 1.80665 52.7458 0 0.0209824 -0.0707397 147.582 417 465558
-0.829787 52.7393 0.7 52.7458 -0.0157325 0 -0.0707397 148.894 424 465558
-0.829787 52.7277 1.80665 52.7458 -0.0157359 0.0209824 -0.0707397 148.332 421 465558
2.49841 52.8786 0.7 52.9376 0.047213 0 0.0707397 138.207 367 465558
1.66561 52.9114 0.7 52.9376 0.0314688 0 -0 145.894 408 465558
1.66561 52.8648 2.92135 52.9376 0.0314966 0.041974 -0 146.832 413 465558
1.66561 52.8998 1.81068 52.9376 0.0314757 0.0209824 -0 148.707 423 465558
0.832805 52.8844 2.92135 52.9376 0.0157463 0.041974 -0 145.894 408 465558
0.832805 52.9194 1.81068 52.9376 0.0157359 0.0209824 -0 146.644 412 465558
2.49841 52.867 1.81068 52.9376 0.0472234 0.0209824 -0.0707397 138.207 367 465558
1.66561 52.8648 2.92135 52.9376 0.0314966 0.041974 -0.0707397 140.644 380 465558
1.66561 52.8998 1.81068 52.9376 0.0314757 0.0209824 -0.0707397 142.144 388 465558
-2.52557 53.4534 0.7 53.513 -0.047213 0 0.0707397 148.707 423 465558
-2.52557 53.4416 -0.422748 53.513 -0.0472234 -0.0209824 0.0707397 147.207 415 465558
-3.36743 53.407 0.7 53.513 -0.0629689 0 0.0707397 148.144 420 465558
-2.52557 53.4534 0.7 53.513 -0.047213 0 -0 156.582 465 465558
-2.52557 53.4416 -0.422748 53.513 -0.0472234 -0.0209824 -0 154.332 453 465558
-3.36743 53.407 0.7 53.513 -0.0629689 0 -0 155.644 460 465558
-2.52557 53.4534 0.7 53.513 -0.047213 0 -0.0707397 149.082 425 465558
-2.52557 53.4416 -0.422748 53.513 -0.0472234 -0.0209824 -0.0707397 147.582 417 465558
-3.36743 53.407 0.7 53.513 -0.0629689 0 -0.0707397 148.144 420 465558
-3.3795 53.5866 -0.426772 53.7048 -0.0629827 -0.0209824 0.0707397 141.582 385 465558
-4.22437 53.5384 0.7 53.7048 -0.0787404 0 0.0707397 144.207 399 465558
-4.22437 53.5266 -0.426772 53.7048 -0.0787578 -0.0209824 0.0707397 144.957 403 465558
-4.22437 53.5384 0.7 53.7048 -0.0787404 0 -0 150.957 435 465558
-4.22437 53.5266 -0.426772 53.7048 -0.0787578 -0.0209824 -0 151.707 439 465558
-3.3795 53.5984 0.7 53.7048 -0.0629689 0 -0.0707397 141.957 387 465558
-4.22437 53.5384 0.7 53.7048 -0.0787404 0 -0.0707397 144.582 401 465558
-4.22437 53.5266 -0.426772 53.7048 -0.0787578 -0.0209824 -0.0707397 143.832 397 465558
40.554 35.2077 0.7 53.7048 0.855848 0 -0.0707397 139.894 376 465558
-9.39319 53.4613 0.7 54.2802 -0.173925 0 0.0707397 148.519 422 465558
-9.39319 53.4613 0.7 54.2802 -0.173925 0 -0.0707397 149.832 429 465558
-12.8542 52.9337 0.7 54.472 -0.238224 0 0.0707397 141.207 383 465558
-41.1333 35.7107 0.7 54.472 -0.855848 0 -0.0707397 142.332 389 465558
0 55.0353 1.85494 55.0475 0 0.0209824 0.0707397 141.082 377 465558
0.865996 55.0285 1.85494 55.0475 0.0157359 0.0209824 0.0707397 140.894 376 465558
0.865996 55.0285 1.85494 55.0475 0.0157359 0.0209824 -0 148.394 416 465558
0 55.0353 1.85494 55.0475 0 0.0209824 -0.0707397 140.332 373 465558
0.865996 55.0406 0.7 55.0475 0.0157325 0 -0.0707397 139.957 371 465558
0.865996 55.0285 1.85494 55.0475 0.0157359 0.0209824 -0.0707397 141.457 379 465558
-0.869014 55.2203 1.85897 55.2393 -0.0157359 0.0209824 0.0707397 138.082 361 465558
-0.869014 55.2203 1.85897 55.2393 -0.0157359 0.0209824 -0 145.582 401 465558
-0.869014 55.2203 1.85897 55.2393 -0.0157359 0.0209824 -0.0707397 138.082 361 465558
-4.40542 55.8329 0.7 56.0065 -0.0787404 0 0.0707397 136.394 352 465558
-4.40542 55.7835 -1.65013 56.0065 -0.07881 -0.041974 0.0707397 139.582 369 465558
-4.40542 55.8206 1.87506 56.0065 -0.0787578 0.0209824 0.0707397 136.582 353 465558
-12.3352 54.6312 0.7 56.0065 -0.222066 0 0.0707397 137.519 358 465558
-4.40542 55.7835 -1.65013 56.0065 -0.07881 -0.041974 -0.0707397 140.144 372 465558
-19.6494 53.2649 0.7 56.7737 -0.353411 0 0.0707397 142.207 383 465558
-19.6494 53.2516 -0.491159 56.7737 -0.353492 -0.0209824 0.0707397 140.519 374 465558
-20.5425 52.9269 0.7 56.7737 -0.370232 0 0.0707397 142.582 385 465558
-20.5425 52.9135 -0.491159 56.7737 -0.370317 -0.0209824 0.0707397 139.019 366 465558
-19.6494 53.2649 0.7 56.7737 -0.353411 0 -0 149.332 421 465558
-19.6494 53.2516 -0.491159 56.7737 -0.353492 -0.0209824 -0 147.644 412 465558
-20.5425 52.9269 0.7 56.7737 -0.370232 0 -0 149.707 423 465558
-20.5425 52.9135 -0.491159 56.7737 -0.370317 -0.0209824 -0 145.957 403 465558
-19.6494 53.2649 0.7 56.7737 -0.353411 0 -0.0707397 142.394 384 465558
-19.6494 53.2516 -0.491159 56.7737 -0.353492 -0.0209824 -0.0707397 140.332 373 465558
-20.5425 52.9269 0.7 56.7737 -0.370232 0 -0.0707397 142.394 384 465558
-20.5425 52.9135 -0.491159 56.7737 -0.370317 -0.0209824 -0.0707397 138.269 362 465558
-16.2397 54.9491 -1.70646 57.3491 -0.287361 -0.041974 -0 139.019 366 465558
-16.2397 54.9886 1.90323 57.3491 -0.287166 0.0209824 -0 138.644 364 465558
-19.8485 53.8048 0.7 57.3491 -0.353411 0 -0 141.269 378 465558
-19.8485 53.8048 0.7 57.3491 -0.353411 0 -0.0707397 134.894 344 465558
-15.3888 55.3923 -1.71451 57.5409 -0.270981 -0.041974 0.0707397 141.082 377 465558
-16.294 55.1328 -1.71451 57.5409 -0.287361 -0.041974 0.0707397 145.582 401 465558
-16.294 55.0667 -2.92177 57.5409 -0.287687 -0.0629841 0.0707397 140.144 372 465558
-17.1992 54.8572 -1.71451 57.5409 -0.303821 -0.041974 0.0707397 141.644 380 465558
-15.3888 55.3923 -1.71451 57.5409 -0.270981 -0.041974 -0 148.394 416 465558
-16.294 55.1328 -1.71451 57.5409 -0.287361 -0.041974 -0 152.894 440 465558
-17.1992 54.8572 -1.71451 57.5409 -0.303821 -0.041974 -0 148.957 419 465558
-15.3888 55.3923 -1.71451 57.5409 -0.270981 -0.041974 -0.0707397 141.082 377 465558
-16.294 55.1328 -1.71451 57.5409 -0.287361 -0.041974 -0.0707397 145.582 401 465558
-17.1992 54.8572 -1.71451 57.5409 -0.303821 -0.041974 -0.0707397 141.644 380 465558
30.1711 49.671 0.7 58.1163 0.545856 0 -0 134.144 340 465558
30.1711 49.6561 1.91933 58.1163 0.54599 0.0209824 -0 134.519 342 465558
29.2568 50.215 0.7 58.1163 0.52755 0 -0 135.082 345 465558
29.2568 50.2002 1.91933 58.1163 0.527678 0.0209824 -0 135.644 348 465558
27.4282 51.2367 0.7 58.1163 0.491506 0 -0 135.269 346 465558
27.4282 51.2222 1.91933 58.1163 0.491624 0.0209824 -0 134.707 343 465558
0 58.3081 0.7 58.3081 0 0 -0 137.332 357 465558
0.917292 58.3009 0.7 58.3081 0.0157325 0 -0 137.519 358 465558
30.6689 50.4298 3.1789 59.0753 0.546391 0.041974 -0 134.957 339 465558
-20.6451 55.9082 3.20304 59.6507 -0.353736 0.041974 -0 137.207 351 465558
30.0292 51.48 3.20304 59.6507 0.528064 0.041974 -0 136.832 349 465558
30.0292 51.5256 1.95152 59.6507 0.527678 0.0209824 -0 138.707 359 465558
29.0908 52.0762 0.7 59.6507 0.509437 0 -0 135.894 344 465558
29.0908 52.016 3.20304 59.6507 0.50993 0.041974 -0 136.269 346 465558
29.0908 52.0612 1.95152 59.6507 0.50956 0.0209824 -0 139.082 361 465558
31.0672 51.131 1.95555 59.8425 0.54599 0.0209824 -0 138.894 360 465558
30.1258 51.6913 1.95555 59.8425 0.527678 0.0209824 -0 139.269 362 465558
-19.0097 57.2934 3.23524 60.4179 -0.320366 0.041974 -0 134.582 337 465558
30.4155 52.1883 1.96762 60.4179 0.527678 0.0209824 -0 136.644 348 465558
29.465 52.685 3.23524 60.4179 0.50993 0.041974 -0 134.582 337 465558
29.465 52.7308 1.96762 60.4179 0.50956 0.0209824 -0 136.457 347 465558
30.512 52.3694 0.7 60.6097 0.52755 0 -0 138.144 356 465558
30.512 52.354 1.97164 60.6097 0.527678 0.0209824 -0 140.394 368 465558
29.5585 52.9135 0.7 60.6097 0.509437 0 -0 140.207 367 465558
29.5585 52.8982 1.97164 60.6097 0.50956 0.0209824 -0 141.144 372 465558
29.5585 52.8982 1.97164 60.6097 0.50956 0.0209824 -0.0707397 134.394 336 465558
-23.1737 56.8341 0.7 61.377 -0.387164 0 -0 135.332 341 465558
33.2398 52.4425 3.30767 62.1442 0.564926 0.041974 -0 137.269 346 465558
33.2398 52.4911 2.00384 62.1442 0.564507 0.0209824 -0 139.144 356 465558
-6.99133 63.0866 -0.632006 63.4868 -0.110371 -0.0209824 -0 136.519 342 465558
37.4008 52.1775 3.39621 64.254 0.621912 0.041974 -0 136.519 342 465558
37.4008 52.2297 2.0481 64.254 0.621438 0.0209824 -0 139.519 358 465558
36.3899 52.8874 3.39621 64.254 0.60267 0.041974 -0 135.957 339 465558
36.3899 52.9389 2.0481 64.254 0.602216 0.0209824 -0 138.582 353 465558
-8.27977 65.2653 0.7 65.7884 -0.126189 0 -0 136.957 339 465558
-46.3353 48.3105 0.7 66.9392 -0.764533 0 -0 138.269 346 465558
-47.3884 47.2779 0.7 66.9392 -0.786565 0 -0 137.144 340 465558
13.7684 65.8393 3.52498 67.3228 0.206151 0.041974 -0 139.019 350 465558
13.7684 65.8848 2.11249 67.3228 0.206013 0.0209824 -0 140.144 356 465558
12.7093 66.0519 3.52498 67.3228 0.190091 0.041974 -0 140.519 358 465558
12.7093 66.0972 2.11249 67.3228 0.189964 0.0209824 -0 141.644 364 465558
2.1665 68.8232 0.7 68.8573 0.0314688 0 -0 136.957 339 465558
2.1665 68.808 2.14468 68.8573 0.0314757 0.0209824 -0 139.582 353 465558
1.08325 68.8336 2.14468 68.8573 0.0157359 0.0209824 -0 138.644 348 465558
2.17253 68.954 3.59741 69.0491 0.0314966 0.041974 -0 138.269 346 465558
2.17253 68.9997 2.14871 69.0491 0.0314757 0.0209824 -0 140.894 360 465558
1.08627 68.9797 3.59741 69.0491 0.0157463 0.041974 -0 136.582 337 465558
1.08627 69.0253 2.14871 69.0491 0.0157359 0.0209824 -0 139.582 353 465558
-13.3611 69.4392 3.66985 70.7753 -0.190091 0.041974 0.0707397 138.707 343 465558
-13.3611 69.4392 3.66985 70.7753 -0.190091 0.041974 -0 144.519 374 465558
-13.3611 69.4868 2.18492 70.7753 -0.189964 0.0209824 -0 143.957 371 465558
-14.4745 69.2157 3.66985 70.7753 -0.206151 0.041974 -0 142.832 365 465558
-14.4745 69.2635 2.18492 70.7753 -0.206013 0.0209824 -0 140.957 355 465558
3.39458 71.8301 2.20907 71.9261 0.0472234 0.0209824 -0 141.144 356 465558
2.26306 71.8905 0.7 71.9261 0.0314688 0 -0 143.582 369 465558
2.26306 71.8747 2.20907 71.9261 0.0314757 0.0209824 -0 145.644 380 465558
1.13153 71.9014 2.20907 71.9261 0.0157359 0.0209824 -0 141.707 359 465558
2.26306 71.8747 2.20907 71.9261 0.0314757 0.0209824 -0.0707397 138.519 342 465558
2.26909 72.0822 0.7 72.1179 0.0314688 0 -0 140.019 350 465558
2.26909 72.0663 2.21309 72.1179 0.0314757 0.0209824 -0 144.707 375 465558
1.13455 72.0931 2.21309 72.1179 0.0157359 0.0209824 -0 143.207 367 465558
2.27513 72.2739 0.7 72.3097 0.0314688 0 -0 138.894 344 465558
2.27513 72.258 2.21712 72.3097 0.0314757 0.0209824 -0 141.332 357 465558
1.13756 72.2849 2.21712 72.3097 0.0157359 0.0209824 -0 139.457 347 465558
0 72.6773 2.22517 72.6933 0 0.0209824 -0 138.519 342 465558
-9.14878 72.0992 2.22517 72.6933 -0.126217 0.0209824 -0 138.707 343 465558
-10.2924 71.9448 2.22517 72.6933 -0.142095 0.0209824 -0 139.457 347 465558
24.1423 68.9056 3.76643 73.0769 0.337002 0.041974 -0 138.707 343 465558
