1.52983 1.91185 0.22917 2.49344 0.67485 -0.189968 -0 92.3317 389 466066
1.43629 2.22362 0.249291 2.68524 0.573504 -0.168645 -0 98.3317 421 466066
1.09834 2.40854 0.249291 2.68524 0.427848 -0.168645 -0 97.2067 415 466066
1.26731 2.53734 0.217098 2.87704 0.463219 -0.168645 -0 105.332 437 466066
1.22205 2.55945 0.217098 2.87704 0.445458 -0.168645 -0 104.582 433 466066
0.995745 2.644 0.156735 2.87704 0.360177 -0.189968 -0.0707397 97.2692 394 466066
1.30352 2.74145 0.249291 3.06885 0.443845 -0.147399 -0 102.332 421 466066
1.30352 2.73008 0.184904 3.06885 0.445458 -0.168645 -0 101.207 415 466066
1.15868 2.80573 0.249291 3.06885 0.391638 -0.147399 -0 102.332 421 466066
0.917292 2.87064 0.120517 3.06885 0.309288 -0.189968 -0 99.1442 404 466066
1.12851 3.03147 0.289533 3.26065 0.356371 -0.12622 0.0707397 100.082 409 466066
1.12851 3.02142 0.221122 3.26065 0.357458 -0.147399 0.0707397 102.332 421 466066
1.07721 3.05008 0.289533 3.26065 0.339502 -0.12622 0.0707397 97.0817 393 466066
1.07721 3.04009 0.221122 3.26065 0.340533 -0.147399 0.0707397 98.3942 400 466066
1.12851 3.02142 0.221122 3.26065 0.357458 -0.147399 -0 109.457 459 466066
1.12851 3.03147 0.289533 3.26065 0.356371 -0.12622 -0.0707397 99.7067 407 466066
1.12851 3.02142 0.221122 3.26065 0.357458 -0.147399 -0.0707397 102.332 421 466066
1.07721 3.04009 0.221122 3.26065 0.340533 -0.147399 -0.0707397 98.9567 403 466066
1.79234 2.91857 0.265388 3.45245 0.550734 -0.12622 -0 103.644 428 466066
1.79234 2.90686 0.192952 3.45245 0.552528 -0.147399 -0 102.707 423 466066
1.30352 3.16724 0.265388 3.45245 0.390435 -0.12622 -0 104.207 431 466066
1.94925 3.04476 0.241243 3.64426 0.569452 -0.12622 0.0707397 97.2692 378 466066
1.71992 3.17994 0.241243 3.64426 0.495804 -0.12622 0.0707397 98.5817 385 466066
1.4906 3.29367 0.241243 3.64426 0.424985 -0.12622 0.0707397 98.5817 385 466066
1.43327 3.31902 0.241243 3.64426 0.407646 -0.12622 0.0707397 99.8942 392 466066
1.08928 3.45658 0.317702 3.64426 0.305283 -0.105098 0.0707397 99.7067 391 466066
1.08928 3.44726 0.241243 3.64426 0.306057 -0.12622 0.0707397 100.832 397 466066
1.94925 3.04476 0.241243 3.64426 0.569452 -0.12622 -0.0707397 97.0817 377 466066
1.71992 3.17994 0.241243 3.64426 0.495804 -0.12622 -0.0707397 98.9567 387 466066
1.4906 3.29367 0.241243 3.64426 0.424985 -0.12622 -0.0707397 99.1442 388 466066
1.43327 3.31902 0.241243 3.64426 0.407646 -0.12622 -0.0707397 100.457 395 466066
1.14662 3.6385 0.297581 3.83606 0.305283 -0.105098 0.0707397 102.519 406 466066
1.14662 3.6287 0.217098 3.83606 0.306057 -0.12622 0.0707397 102.894 408 466066
1.08627 3.65697 0.297581 3.83606 0.288739 -0.105098 0.0707397 102.144 404 466066
1.08627 3.64722 0.217098 3.83606 0.289469 -0.12622 0.0707397 101.957 403 466066
1.14662 3.6385 0.297581 3.83606 0.305283 -0.105098 -0.0707397 102.144 404 466066
1.14662 3.6287 0.217098 3.83606 0.306057 -0.12622 -0.0707397 102.144 404 466066
1.52077 3.70572 0.27746 4.02786 0.389427 -0.105098 0.0707397 104.957 419 466066
1.52077 3.69511 0.192952 4.02786 0.390435 -0.12622 0.0707397 104.207 415 466066
1.45741 3.7311 0.27746 4.02786 0.372386 -0.105098 0.0707397 103.832 413 466066
1.52077 3.70572 0.27746 4.02786 0.389427 -0.105098 -0.0707397 104.019 414 466066
1.59319 3.88219 0.257339 4.21967 0.389427 -0.105098 0.0707397 107.957 435 466066
1.19489 4.02267 0.257339 4.21967 0.288739 -0.105098 0.0707397 108.519 438 466066
1.12851 4.04179 0.257339 4.21967 0.272276 -0.105098 0.0707397 107.582 433 466066
1.59319 3.88219 0.257339 4.21967 0.389427 -0.105098 -0 115.269 474 466066
1.19489 4.02267 0.257339 4.21967 0.288739 -0.105098 -0 115.832 477 466066
1.12851 4.04179 0.257339 4.21967 0.272276 -0.105098 -0 115.082 473 466066
1.59319 3.88219 0.257339 4.21967 0.389427 -0.105098 -0.0707397 108.332 437 466066
1.19489 4.02267 0.257339 4.21967 0.288739 -0.105098 -0.0707397 108.519 438 466066
1.12851 4.04179 0.257339 4.21967 0.272276 -0.105098 -0.0707397 107.957 435 466066
1.66561 4.05865 0.237219 4.41147 0.389427 -0.105098 0.0707397 106.269 410 466066
1.31861 4.18428 0.237219 4.41147 0.305283 -0.105098 0.0707397 105.519 406 466066
1.66561 4.05865 0.237219 4.41147 0.389427 -0.105098 -0.0707397 107.394 416 466066
1.44836 4.35237 0.313678 4.60327 0.321247 -0.0840222 0.0707397 110.957 435 466066
1.44836 4.34272 0.217098 4.60327 0.321913 -0.105098 0.0707397 111.332 437 466066
1.44836 4.35237 0.313678 4.60327 0.321247 -0.0840222 -0 118.457 475 466066
1.44836 4.34272 0.217098 4.60327 0.321913 -0.105098 -0 119.019 478 466066
1.44836 4.35237 0.313678 4.60327 0.321247 -0.0840222 -0.0707397 111.519 438 466066
1.44836 4.34272 0.217098 4.60327 0.321913 -0.105098 -0.0707397 111.894 440 466066
1.73501 4.45203 0.297581 4.79507 0.371606 -0.0840222 0.0707397 107.207 415 466066
1.20696 4.62321 0.297581 4.79507 0.255367 -0.0840222 0.0707397 109.269 426 466066
1.20696 4.61334 0.196977 4.79507 0.255889 -0.105098 0.0707397 108.519 422 466066
1.13153 4.64225 0.297581 4.79507 0.239084 -0.0840222 0.0707397 108.894 424 466066
1.13153 4.63242 0.196977 4.79507 0.239572 -0.105098 0.0707397 108.519 422 466066
1.20696 4.62321 0.297581 4.79507 0.255367 -0.0840222 -0 116.957 467 466066
1.20696 4.61334 0.196977 4.79507 0.255889 -0.105098 -0 116.957 467 466066
1.13153 4.64225 0.297581 4.79507 0.239084 -0.0840222 -0 116.582 465 466066
1.13153 4.63242 0.196977 4.79507 0.239572 -0.105098 -0 116.582 465 466066
1.20696 4.62321 0.297581 4.79507 0.255367 -0.0840222 -0.0707397 110.019 430 466066
1.20696 4.61334 0.196977 4.79507 0.255889 -0.105098 -0.0707397 110.019 430 466066
1.13153 4.64225 0.297581 4.79507 0.239084 -0.0840222 -0.0707397 109.832 429 466066
1.13153 4.63242 0.196977 4.79507 0.239572 -0.105098 -0.0707397 110.207 431 466066
1.56905 4.71507 0.281485 4.98688 0.321247 -0.0840222 0.0707397 105.144 404 466066
1.41215 4.76441 0.281485 4.98688 0.288146 -0.0840222 0.0707397 106.457 411 466066
1.33369 4.78697 0.281485 4.98688 0.271719 -0.0840222 0.0707397 108.707 423 466066
1.33369 4.77666 0.176856 4.98688 0.272276 -0.105098 0.0707397 105.707 407 466066
1.33369 4.78697 0.281485 4.98688 0.271719 -0.0840222 -0 115.832 461 466066
1.56905 4.71507 0.281485 4.98688 0.321247 -0.0840222 -0.0707397 104.207 399 466066
1.41215 4.76441 0.281485 4.98688 0.288146 -0.0840222 -0.0707397 104.957 403 466066
1.33369 4.78697 0.281485 4.98688 0.271719 -0.0840222 -0.0707397 108.519 422 466066
1.33369 4.77666 0.176856 4.98688 0.272276 -0.105098 -0.0707397 104.957 403 466066
1.25524 4.80813 0.281485 4.98688 0.255367 -0.0840222 -0.0707397 105.519 406 466066
1.46646 4.94766 0.265388 5.17868 0.288146 -0.0840222 0.0707397 111.832 429 466066
1.46646 4.93691 0.156735 5.17868 0.288739 -0.105098 0.0707397 107.707 407 466066
1.38499 4.97108 0.265388 5.17868 0.271719 -0.0840222 0.0707397 109.582 417 466066
1.05911 5.05056 0.265388 5.17868 0.206706 -0.0840222 0.0707397 107.144 404 466066
1.46646 4.94766 0.265388 5.17868 0.288146 -0.0840222 -0 118.957 467 466066
1.38499 4.97108 0.265388 5.17868 0.271719 -0.0840222 -0 117.082 457 466066
1.46646 4.94766 0.265388 5.17868 0.288146 -0.0840222 -0.0707397 112.207 431 466066
1.46646 4.93691 0.156735 5.17868 0.288739 -0.105098 -0.0707397 108.644 412 466066
1.38499 4.97108 0.265388 5.17868 0.271719 -0.0840222 -0.0707397 110.707 423 466066
1.60526 5.1138 0.361968 5.37048 0.304167 -0.0629841 0.0707397 106.394 400 466066
1.60526 5.1051 0.249291 5.37048 0.304653 -0.0840222 0.0707397 109.207 415 466066
1.52077 5.13091 0.249291 5.37048 0.288146 -0.0840222 0.0707397 107.332 405 466066
1.60526 5.1051 0.249291 5.37048 0.304653 -0.0840222 -0 115.582 449 466066
1.52077 5.13091 0.249291 5.37048 0.288146 -0.0840222 -0 114.269 442 466066
1.60526 5.1051 0.249291 5.37048 0.304653 -0.0840222 -0.0707397 108.082 409 466066
1.52077 5.13091 0.249291 5.37048 0.288146 -0.0840222 -0.0707397 107.707 407 466066
0.0844874 5.34018 0.136614 5.37048 0.0158198 -0.105098 -0.0707397 103.019 382 466066
1.22507 5.41439 0.349896 5.56229 0.222515 -0.0629841 0.0707397 107.332 405 466066
1.22507 5.40558 0.233194 5.56229 0.222865 -0.0840222 0.0707397 110.332 421 466066
1.13756 5.43345 0.349896 5.56229 0.206382 -0.0629841 0.0707397 107.519 406 466066
1.13756 5.42467 0.233194 5.56229 0.206706 -0.0840222 0.0707397 110.519 422 466066
1.22507 5.40558 0.233194 5.56229 0.222865 -0.0840222 -0 116.519 454 466066
1.13756 5.42467 0.233194 5.56229 0.206706 -0.0840222 -0 117.082 457 466066
1.66259 5.28743 0.233194 5.56229 0.304653 -0.0840222 -0.0707397 105.082 393 466066
1.22507 5.40558 0.233194 5.56229 0.222865 -0.0840222 -0.0707397 108.644 412 466066
1.13756 5.42467 0.233194 5.56229 0.206706 -0.0840222 -0.0707397 109.957 419 466066
1.35783 5.57069 0.217098 5.75409 0.239084 -0.0840222 0.0707397 109.207 415 466066
1.26731 5.6011 0.337823 5.75409 0.222515 -0.0629841 0.0707397 110.144 420 466066
1.26731 5.59198 0.217098 5.75409 0.222865 -0.0840222 0.0707397 113.519 438 466066
1.17679 5.61173 0.217098 5.75409 0.206706 -0.0840222 0.0707397 109.207 415 466066
1.35783 5.57069 0.217098 5.75409 0.239084 -0.0840222 -0 116.519 454 466066
1.26731 5.6011 0.337823 5.75409 0.222515 -0.0629841 -0 117.457 459 466066
1.26731 5.59198 0.217098 5.75409 0.222865 -0.0840222 -0 120.644 476 466066
1.17679 5.61173 0.217098 5.75409 0.206706 -0.0840222 -0 116.144 452 466066
1.35783 5.57069 0.217098 5.75409 0.239084 -0.0840222 -0.0707397 108.832 413 466066
1.26731 5.6011 0.337823 5.75409 0.222515 -0.0629841 -0.0707397 109.582 417 466066
1.26731 5.59198 0.217098 5.75409 0.222865 -0.0840222 -0.0707397 113.144 436 466066
1.17679 5.61173 0.217098 5.75409 0.206706 -0.0840222 -0.0707397 108.644 412 466066
1.21602 5.80817 0.325751 5.94589 0.206382 -0.0629841 -0 113.082 425 466066
1.21602 5.79879 0.201001 5.94589 0.206706 -0.0840222 -0 114.207 431 466066
1.15868 6.01494 0.313678 6.1377 0.190303 -0.0629841 0.0707397 113.832 429 466066
1.15868 6.00528 0.184904 6.1377 0.190602 -0.0840222 0.0707397 112.894 424 466066
1.06213 6.03274 0.313678 6.1377 0.174275 -0.0629841 0.0707397 109.332 405 466066
1.15868 6.01494 0.313678 6.1377 0.190303 -0.0629841 -0 121.144 468 466066
1.15868 6.00528 0.184904 6.1377 0.190602 -0.0840222 -0 120.394 464 466066
1.06213 6.03274 0.313678 6.1377 0.174275 -0.0629841 -0 116.832 445 466066
1.15868 6.01494 0.313678 6.1377 0.190303 -0.0629841 -0.0707397 113.457 427 466066
1.15868 6.00528 0.184904 6.1377 0.190602 -0.0840222 -0.0707397 112.707 423 466066
1.06213 6.03274 0.313678 6.1377 0.174275 -0.0629841 -0.0707397 109.519 406 466066
2.19064 5.92494 0.301606 6.3295 0.354144 -0.0629841 0.0707397 111.019 414 466066
2.19064 5.91452 0.168807 6.3295 0.354717 -0.0840222 0.0707397 109.894 408 466066
1.19489 6.20291 0.301606 6.3295 0.190303 -0.0629841 0.0707397 110.457 411 466066
1.19489 6.19295 0.168807 6.3295 0.190602 -0.0840222 0.0707397 110.082 409 466066
1.09532 6.22126 0.301606 6.3295 0.174275 -0.0629841 0.0707397 109.332 405 466066
2.19064 5.92494 0.301606 6.3295 0.354144 -0.0629841 -0 117.582 449 466066
1.19489 6.20291 0.301606 6.3295 0.190303 -0.0629841 -0 118.332 453 466066
1.19489 6.19295 0.168807 6.3295 0.190602 -0.0840222 -0 118.144 452 466066
1.09532 6.22126 0.301606 6.3295 0.174275 -0.0629841 -0 117.582 449 466066
2.19064 5.92494 0.301606 6.3295 0.354144 -0.0629841 -0.0707397 109.707 407 466066
2.19064 5.91452 0.168807 6.3295 0.354717 -0.0840222 -0.0707397 108.957 403 466066
1.19489 6.20291 0.301606 6.3295 0.190303 -0.0629841 -0.0707397 111.019 414 466066
1.19489 6.19295 0.168807 6.3295 0.190602 -0.0840222 -0.0707397 111.207 415 466066
1.09532 6.22126 0.301606 6.3295 0.174275 -0.0629841 -0.0707397 110.832 413 466066
1.09532 6.21133 0.168807 6.3295 0.174548 -0.0840222 -0.0707397 109.519 406 466066
1.74406 6.27034 0.289533 6.5213 0.271288 -0.0629841 0.0707397 114.207 431 466066
1.84665 6.24089 0.289533 6.5213 0.287687 -0.0629841 -0 119.644 460 466066
1.74406 6.27034 0.289533 6.5213 0.271288 -0.0629841 -0 121.707 471 466066
1.74406 6.25988 0.152711 6.5213 0.271719 -0.0840222 -0 119.269 458 466066
1.64147 6.29797 0.289533 6.5213 0.254962 -0.0629841 -0 118.519 454 466066
1.74406 6.27034 0.289533 6.5213 0.271288 -0.0629841 -0.0707397 114.207 431 466066
1.12851 6.39956 0.152711 6.5213 0.174548 -0.0840222 -0.0707397 105.582 385 466066
1.79536 6.46857 0.7 6.7131 0.270736 0 0.0707397 120.519 454 466066
1.68975 6.49696 0.7 6.7131 0.254446 0 0.0707397 122.394 464 466066
1.79536 6.46857 0.7 6.7131 0.270736 0 -0 127.457 491 466066
1.68975 6.49696 0.7 6.7131 0.254446 0 -0 129.144 500 466066
1.68975 6.49544 0.559153 6.7131 0.254503 -0.0209824 -0 124.644 476 466066
1.68975 6.49544 0.840847 6.7131 0.254503 0.0209824 -0 125.207 479 466066
1.68975 6.49696 0.7 6.7131 0.254446 0 -0.0707397 121.832 461 466066
1.95528 6.60801 0.265388 6.90491 0.287687 -0.0629841 0.0707397 121.082 457 466066
1.84665 6.65339 0.7 6.90491 0.270736 0 0.0707397 123.519 470 466066
1.73803 6.68259 0.7 6.90491 0.254446 0 0.0707397 124.082 473 466066
1.84665 6.65339 0.7 6.90491 0.270736 0 -0 131.019 510 466066
1.73803 6.68259 0.7 6.90491 0.254446 0 -0 131.957 515 466066
1.95528 6.60801 0.265388 6.90491 0.287687 -0.0629841 -0.0707397 121.082 457 466066
1.84665 6.65339 0.7 6.90491 0.270736 0 -0.0707397 124.082 473 466066
1.73803 6.68259 0.7 6.90491 0.254446 0 -0.0707397 125.207 479 466066
1.73803 6.68102 0.555129 6.90491 0.254503 -0.0209824 -0.0707397 121.457 459 466066
1.73803 6.68102 0.844871 6.90491 0.254503 0.0209824 -0.0707397 120.894 456 466066
1.67466 6.88986 0.40221 7.09671 0.238438 -0.041974 -0 121.082 457 466066
1.67466 6.88181 0.253315 7.09671 0.238706 -0.0629841 -0 125.582 481 466066
1.67466 6.87052 0.10442 7.09671 0.239084 -0.0840222 -0 120.332 453 466066
1.56302 6.90802 0.253315 7.09671 0.222515 -0.0629841 -0 123.894 472 466066
1.83458 7.05384 0.7 7.28851 0.254446 0 -0 120.707 455 466066
1.37594 7.14274 0.241243 7.28851 0.190303 -0.0629841 -0 119.957 451 466066
1.88286 7.23266 0.386113 7.48032 0.254675 -0.041974 -0 123.644 460 466066
1.76518 7.26228 0.386113 7.48032 0.238438 -0.041974 -0 124.582 465 466066
1.41215 7.33071 0.22917 7.48032 0.190303 -0.0629841 -0 119.519 438 466066
2.84542 7.32366 0.370017 7.86392 0.370574 -0.041974 0.0707397 109.957 387 466066
2.84542 7.31436 0.205025 7.86392 0.371003 -0.0629841 0.0707397 112.582 401 466066
2.47427 7.45723 0.370017 7.86392 0.320366 -0.041974 0.0707397 114.082 409 466066
2.47427 7.4481 0.205025 7.86392 0.320732 -0.0629841 0.0707397 115.207 415 466066
1.85571 7.64005 0.535008 7.86392 0.238277 -0.0209824 -0 126.457 475 466066
1.85571 7.63471 0.370017 7.86392 0.238438 -0.041974 -0 126.832 477 466066
1.73199 7.66904 0.535008 7.86392 0.222116 -0.0209824 -0 123.832 461 466066
1.73199 7.66372 0.370017 7.86392 0.222265 -0.041974 -0 124.207 463 466066
2.84542 7.32366 0.370017 7.86392 0.370574 -0.041974 -0.0707397 109.957 387 466066
2.84542 7.31436 0.205025 7.86392 0.371003 -0.0629841 -0.0707397 112.207 399 466066
2.47427 7.45723 0.370017 7.86392 0.320366 -0.041974 -0.0707397 113.894 408 466066
2.47427 7.4481 0.205025 7.86392 0.320732 -0.0629841 -0.0707397 115.207 415 466066
1.90097 7.8264 0.530984 8.05573 0.238277 -0.0209824 0.0707397 126.269 474 466066
1.90097 7.82092 0.361968 8.05573 0.238438 -0.041974 0.0707397 131.332 501 466066
1.90097 7.81178 0.192952 8.05573 0.238706 -0.0629841 0.0707397 128.144 484 466066
1.77424 7.85064 0.361968 8.05573 0.222265 -0.041974 0.0707397 127.582 481 466066
1.90097 7.8264 0.530984 8.05573 0.238277 -0.0209824 -0 133.582 513 466066
1.90097 7.82092 0.361968 8.05573 0.238438 -0.041974 -0 138.832 541 466066
1.90097 7.81178 0.192952 8.05573 0.238706 -0.0629841 -0 135.644 524 466066
1.77424 7.85064 0.361968 8.05573 0.222265 -0.041974 -0 135.082 521 466066
1.90097 7.8264 0.530984 8.05573 0.238277 -0.0209824 -0.0707397 126.457 475 466066
1.90097 7.82092 0.361968 8.05573 0.238438 -0.041974 -0.0707397 131.519 502 466066
1.90097 7.81178 0.192952 8.05573 0.238706 -0.0629841 -0.0707397 128.519 486 466066
1.77424 7.85064 0.361968 8.05573 0.222265 -0.041974 -0.0707397 128.144 484 466066
1.94623 8.00713 0.35392 8.24753 0.238438 -0.041974 0.0707397 123.519 454 466066
1.94623 8.00713 0.35392 8.24753 0.238438 -0.041974 -0 131.394 496 466066
1.94623 7.99778 0.18088 8.24753 0.238706 -0.0629841 -0 130.082 489 466066
1.81648 8.03756 0.35392 8.24753 0.222265 -0.041974 -0 127.832 477 466066
1.81648 8.02824 0.18088 8.24753 0.222515 -0.0629841 -0 126.707 471 466066
1.94623 8.00713 0.35392 8.24753 0.238438 -0.041974 -0.0707397 125.019 462 466066
1.94623 7.99778 0.18088 8.24753 0.238706 -0.0629841 -0.0707397 123.707 455 466066
1.99149 8.19334 0.345872 8.43933 0.238438 -0.041974 -0 124.832 461 466066
1.32766 8.32672 0.345872 8.43933 0.158115 -0.041974 -0 117.144 420 466066
1.32766 8.3173 0.168807 8.43933 0.158291 -0.0629841 -0 116.207 415 466066
2.4441 8.26993 0.337823 8.63113 0.287361 -0.041974 -0 118.644 428 466066
1.6294 8.4682 0.337823 8.63113 0.190091 -0.041974 -0 121.269 442 466066
1.49362 8.4932 0.337823 8.63113 0.17408 -0.041974 -0 119.582 433 466066
4.68 7.69546 0.321726 9.01474 0.546391 -0.041974 -0 115.394 400 466066
3.12 8.44914 0.321726 9.01474 0.353736 -0.041974 -0 118.019 414 466066
2.97818 8.50017 0.321726 9.01474 0.337002 -0.041974 -0 118.019 414 466066
4.77957 7.85919 0.313678 9.20654 0.546391 -0.041974 -0 114.832 397 466066
3.76573 8.39229 0.313678 9.20654 0.421783 -0.041974 -0 116.519 406 466066
3.62089 8.45579 0.313678 9.20654 0.40459 -0.041974 -0 119.519 422 466066
3.62089 8.44475 0.120517 9.20654 0.405063 -0.0629841 -0 115.207 399 466066
3.47605 8.51635 0.313678 9.20654 0.387523 -0.041974 -0 116.332 405 466066
3.8472 8.9913 0.494766 9.78195 0.404307 -0.0209824 -0 119.582 417 466066
3.8472 8.98427 0.289533 9.78195 0.40459 -0.041974 -0 120.894 424 466066
3.69331 9.0556 0.494766 9.78195 0.387253 -0.0209824 -0 118.457 411 466066
3.69331 9.04862 0.289533 9.78195 0.387523 -0.041974 -0 119.207 415 466066
-1.72596 9.82105 0.490742 9.97375 -0.173964 -0.0209824 -0 115.832 397 466066
-1.88286 9.79218 0.490742 9.97375 -0.189964 -0.0209824 -0 114.332 389 466066
-2.03977 9.76295 0.7 9.97375 -0.205967 0 -0 114.144 388 466066
-2.03977 9.7607 0.490742 9.97375 -0.206013 -0.0209824 -0 119.207 415 466066
-2.03977 9.75397 0.281485 9.97375 -0.206151 -0.041974 -0 115.269 394 466066
-2.19667 9.72659 0.490742 9.97375 -0.222116 -0.0209824 -0 116.207 399 466066
-2.3234 10.2806 0.257339 10.5492 -0.222265 -0.041974 -0 121.519 422 466066
-2.48936 10.2417 0.257339 10.5492 -0.238438 -0.041974 -0 121.332 421 466066
8.13192 6.71624 0.47867 10.5492 0.880455 -0.0209824 -0 121.332 421 466066
8.13192 6.70529 0.257339 10.5492 0.881256 -0.041974 -0 124.144 436 466066
8.13192 6.70529 0.257339 10.5492 0.881256 -0.041974 -0.0707397 117.394 400 466066
1.81044 11.2385 -0.990158 11.5082 0.159721 -0.147399 1.69775 124.207 431 466066
1.81044 11.3546 1.1829 11.5082 0.158115 0.041974 1.69775 124.394 432 466066
1.81044 11.3623 0.941451 11.5082 0.158009 0.0209824 1.69775 126.082 441 466066
1.84062 11.4258 -1.01833 11.7 0.159721 -0.147399 1.62701 118.582 401 466066
1.84062 11.5439 1.19095 11.7 0.158115 0.041974 1.62701 119.894 408 466066
1.84062 11.5517 0.945475 11.7 0.158009 0.0209824 1.62701 120.082 409 466066
1.81044 11.2722 -0.748707 11.5082 0.159252 -0.12622 1.62701 121.207 415 466066
1.81044 11.2385 -0.990158 11.5082 0.159721 -0.147399 1.62701 121.957 419 466066
1.81044 11.3546 1.1829 11.5082 0.158115 0.041974 1.62701 123.832 429 466066
1.81044 11.3623 0.941451 11.5082 0.158009 0.0209824 1.62701 121.207 415 466066
1.6294 11.382 1.1829 11.5082 0.14219 0.041974 1.62701 120.644 412 466066
1.99149 11.332 0.941451 11.5082 0.173964 0.0209824 1.76849 122.332 421 466066
1.81044 11.3546 1.1829 11.5082 0.158115 0.041974 1.76849 125.519 438 466066
1.81044 11.3623 0.941451 11.5082 0.158009 0.0209824 1.76849 127.207 447 466066
1.6294 11.3897 0.941451 11.5082 0.142095 0.0209824 1.76849 122.332 421 466066
1.84062 11.5439 1.19095 11.7 0.158115 0.041974 1.76849 119.519 406 466066
1.84062 11.5517 0.945475 11.7 0.158009 0.0209824 1.76849 120.457 411 466066
1.81044 11.3623 0.941451 11.5082 0.158009 0.0209824 1.55627 119.144 404 466066
1.81044 11.3238 1.6658 11.5082 0.158538 0.0840222 1.48553 127.207 447 466066
1.81044 11.3418 1.42435 11.5082 0.158291 0.0629841 1.48553 129.269 458 466066
1.81044 11.3546 1.1829 11.5082 0.158115 0.041974 1.48553 126.644 444 466066
1.6294 11.3692 1.42435 11.5082 0.142348 0.0629841 1.48553 129.644 460 466066
1.6294 11.382 1.1829 11.5082 0.14219 0.041974 1.48553 127.582 449 466066
6.23095 9.43452 0.225146 11.3164 0.58368 -0.041974 0.0707397 118.582 401 466066
6.05292 9.55856 0.462573 11.3164 0.564507 -0.0209824 0.0707397 123.644 428 466066
6.05292 9.54971 0.225146 11.3164 0.564926 -0.041974 0.0707397 124.957 435 466066
6.05292 9.55856 0.462573 11.3164 0.564507 -0.0209824 -0 131.144 468 466066
6.05292 9.54971 0.225146 11.3164 0.564926 -0.041974 -0 132.269 474 466066
6.05292 9.55856 0.462573 11.3164 0.564507 -0.0209824 -0.0707397 124.019 430 466066
6.05292 9.54971 0.225146 11.3164 0.564926 -0.041974 -0.0707397 125.144 436 466066
1.81044 11.3418 1.42435 11.5082 0.158291 0.0629841 1.34406 121.207 415 466066
1.6294 11.3512 1.6658 11.5082 0.14257 0.0840222 1.34406 121.394 416 466066
1.6294 11.3692 1.42435 11.5082 0.142348 0.0629841 1.34406 125.332 437 466066
1.6294 11.382 1.1829 11.5082 0.14219 0.041974 1.34406 122.707 423 466066
6.15551 9.72057 0.458549 11.5082 0.564507 -0.0209824 -0 120.269 410 466066
6.15551 9.71157 0.217098 11.5082 0.564926 -0.041974 -0 121.394 416 466066
5.97447 9.53489 3.11451 11.5082 0.559742 0.211379 -0 121.394 416 466066
5.97447 9.59279 2.87306 11.5082 0.557021 0.189968 -0 123.457 427 466066
1.81044 11.3238 1.6658 11.5082 0.158538 0.0840222 1.41479 131.519 470 466066
1.81044 11.3418 1.42435 11.5082 0.158291 0.0629841 1.41479 133.582 481 466066
1.6294 11.3512 1.6658 11.5082 0.14257 0.0840222 1.41479 130.957 467 466066
1.6294 11.3692 1.42435 11.5082 0.142348 0.0629841 1.41479 134.332 485 466066
1.6294 11.382 1.1829 11.5082 0.14219 0.041974 1.41479 130.582 465 466066
1.84062 11.5308 1.43643 11.7 0.158291 0.0629841 1.34406 126.082 441 466066
1.65656 11.5404 1.6819 11.7 0.14257 0.0840222 1.34406 124.019 430 466066
1.65656 11.5587 1.43643 11.7 0.142348 0.0629841 1.34406 127.582 449 466066
1.65656 11.5717 1.19095 11.7 0.14219 0.041974 1.34406 124.957 435 466066
1.84062 11.5125 1.6819 11.7 0.158538 0.0840222 1.48553 126.269 442 466066
1.84062 11.5308 1.43643 11.7 0.158291 0.0629841 1.48553 128.144 452 466066
1.65656 11.5404 1.6819 11.7 0.14257 0.0840222 1.48553 124.957 435 466066
1.65656 11.5587 1.43643 11.7 0.142348 0.0629841 1.48553 128.144 452 466066
1.65656 11.5717 1.19095 11.7 0.14219 0.041974 1.48553 125.519 438 466066
1.84062 11.5125 1.6819 11.7 0.158538 0.0840222 1.41479 131.519 470 466066
1.84062 11.5308 1.43643 11.7 0.158291 0.0629841 1.41479 133.957 483 466066
1.65656 11.5404 1.6819 11.7 0.14257 0.0840222 1.41479 131.144 468 466066
1.65656 11.5587 1.43643 11.7 0.142348 0.0629841 1.41479 134.519 486 466066
1.65656 11.5717 1.19095 11.7 0.14219 0.041974 1.41479 130.957 467 466066
1.39404 12.5708 0.168807 12.659 0.110444 -0.041974 -0 121.082 409 466066
-4.64681 12.5681 1.54508 13.4262 -0.354144 0.0629841 1.0611 120.394 400 466066
-4.64681 12.5838 1.26339 13.4262 -0.353736 0.041974 1.0611 121.332 405 466066
8.87118 10.0425 1.54508 13.4262 0.723549 0.0629841 1.0611 121.519 406 466066
8.87118 10.0622 1.26339 13.4262 0.722575 0.041974 1.0611 122.082 409 466066
6.15551 11.4954 0.426355 13.0426 0.491624 -0.0209824 -0 139.519 502 466066
5.95033 11.6029 0.426355 13.0426 0.473858 -0.0209824 -0 137.832 493 466066
6.24604 11.6645 0.422331 13.2344 0.491624 -0.0209824 -0 143.644 524 466066
6.24604 11.6545 0.144662 13.2344 0.491978 -0.041974 -0 140.457 507 466066
6.03783 11.7736 0.422331 13.2344 0.473858 -0.0209824 -0 141.957 515 466066
6.03783 11.7637 0.144662 13.2344 0.474198 -0.041974 -0 138.394 496 466066
6.33656 11.8335 0.418307 13.4262 0.491624 -0.0209824 0.0707397 145.519 534 466066
6.33656 11.8234 0.136614 13.4262 0.491978 -0.041974 0.0707397 141.957 515 466066
6.12534 11.9442 0.418307 13.4262 0.473858 -0.0209824 0.0707397 143.644 524 466066
6.33656 11.8335 0.418307 13.4262 0.491624 -0.0209824 -0 153.207 575 466066
6.33656 11.8234 0.136614 13.4262 0.491978 -0.041974 -0 149.269 554 466066
6.12534 11.9442 0.418307 13.4262 0.473858 -0.0209824 -0 151.144 564 466066
6.33656 11.8335 0.418307 13.4262 0.491624 -0.0209824 -0.0707397 145.894 536 466066
6.33656 11.8234 0.136614 13.4262 0.491978 -0.041974 -0.0707397 142.332 517 466066
6.12534 11.9442 0.418307 13.4262 0.473858 -0.0209824 -0.0707397 144.207 527 466066
6.42708 12.0026 0.414283 13.618 0.491624 -0.0209824 -0 140.894 504 466066
6.42708 11.8382 2.70002 13.618 0.497384 0.147399 -0 139.019 494 466066
6.21284 12.1148 0.414283 13.618 0.473858 -0.0209824 -0 138.832 493 466066
6.21284 11.9007 2.98574 13.618 0.481138 0.168645 -0 137.707 487 466066
6.21284 11.952 2.70002 13.618 0.479374 0.147399 -0 142.019 510 466066
6.5176 12.1716 0.410259 13.8098 0.491624 -0.0209824 -0 138.269 490 466066
6.1193 13.6519 0.7 14.9606 0.421388 0 -0 131.957 451 466066
5.88395 13.755 0.7 14.9606 0.404213 0 -0 129.332 437 466066
-7.15126 13.2981 -0.571643 15.1524 -0.493402 -0.0840222 -0 126.207 415 466066
-7.38963 13.2284 0.7 15.1524 -0.509437 0 -0 128.269 426 466066
-7.38963 13.2245 0.382089 15.1524 -0.50956 -0.0209824 -0 128.269 426 466066
-7.38963 13.1671 -0.571643 15.1524 -0.511416 -0.0840222 -0 130.332 437 466066
6.82538 15.2271 0.7 16.6869 0.421388 0 0.0707397 145.582 513 466066
6.56286 15.3421 0.7 16.6869 0.404213 0 0.0707397 149.707 535 466066
6.56286 15.3381 1.0501 16.6869 0.404307 0.0209824 0.0707397 149.519 534 466066
6.82538 15.2271 0.7 16.6869 0.421388 0 -0 152.894 552 466066
6.56286 15.3421 0.7 16.6869 0.404213 0 -0 156.832 573 466066
6.56286 15.3381 1.0501 16.6869 0.404307 0.0209824 -0 156.644 572 466066
6.82538 15.2271 0.7 16.6869 0.421388 0 -0.0707397 145.582 513 466066
6.56286 15.3421 0.7 16.6869 0.404213 0 -0.0707397 149.519 534 466066
6.56286 15.3381 1.0501 16.6869 0.404307 0.0209824 -0.0707397 149.519 534 466066
6.6383 15.5184 0.7 16.8787 0.404213 0 0.0707397 149.519 534 466066
6.6383 15.5144 1.05413 16.8787 0.404307 0.0209824 0.0707397 149.332 533 466066
6.6383 15.5184 0.7 16.8787 0.404213 0 -0 157.394 576 466066
6.6383 15.5144 1.05413 16.8787 0.404307 0.0209824 -0 157.207 575 466066
6.6383 15.5184 0.7 16.8787 0.404213 0 -0.0707397 150.457 539 466066
6.6383 15.5144 1.05413 16.8787 0.404307 0.0209824 -0.0707397 150.082 537 466066
-7.3323 15.6276 0.7 17.2623 -0.438696 0 -0 130.582 433 466066
-7.3323 15.6234 0.337823 17.2623 -0.438799 -0.0209824 -0 135.269 458 466066
-7.3323 15.6108 -0.0243536 17.2623 -0.439109 -0.041974 -0 131.894 440 466066
-7.60387 15.4931 0.337823 17.2623 -0.456253 -0.0209824 -0 132.644 444 466066
6.73486 16.5174 0.7 17.8377 0.387164 0 0.0707397 148.457 523 466066
6.73486 16.5132 0.325751 17.8377 0.387253 -0.0209824 0.0707397 148.832 525 466066
6.45424 16.6291 0.7 17.8377 0.370232 0 0.0707397 145.832 509 466066
6.45424 16.6248 0.325751 17.8377 0.370317 -0.0209824 0.0707397 146.207 511 466066
6.73486 16.5174 0.7 17.8377 0.387164 0 -0 155.957 563 466066
6.73486 16.5132 0.325751 17.8377 0.387253 -0.0209824 -0 156.144 564 466066
6.45424 16.6291 0.7 17.8377 0.370232 0 -0 152.957 547 466066
6.45424 16.6248 0.325751 17.8377 0.370317 -0.0209824 -0 153.144 548 466066
6.73486 16.5174 0.7 17.8377 0.387164 0 -0.0707397 148.269 522 466066
6.73486 16.5132 0.325751 17.8377 0.387253 -0.0209824 -0.0707397 148.832 525 466066
6.45424 16.6291 0.7 17.8377 0.370232 0 -0.0707397 145.457 507 466066
6.45424 16.6248 0.325751 17.8377 0.370317 -0.0209824 -0.0707397 145.832 509 466066
6.80727 16.695 0.7 18.0295 0.387164 0 0.0707397 142.269 490 466066
6.80727 16.6907 0.321726 18.0295 0.387253 -0.0209824 0.0707397 142.644 492 466066
6.80727 16.695 0.7 18.0295 0.387164 0 -0 150.144 532 466066
6.80727 16.6907 0.321726 18.0295 0.387253 -0.0209824 -0 150.519 534 466066
6.52364 16.8079 0.7 18.0295 0.370232 0 -0 147.144 516 466066
6.52364 16.8036 0.321726 18.0295 0.370317 -0.0209824 -0 147.332 517 466066
6.80727 16.695 0.7 18.0295 0.387164 0 -0.0707397 143.582 497 466066
6.80727 16.6907 0.321726 18.0295 0.387253 -0.0209824 -0.0707397 144.144 500 466066
6.87969 16.8726 0.7 18.2213 0.387164 0 -0 146.269 506 466066
6.87969 16.8683 0.317702 18.2213 0.387253 -0.0209824 -0 145.332 501 466066
6.59304 16.9867 0.7 18.2213 0.370232 0 -0 146.269 506 466066
6.59304 16.9824 0.317702 18.2213 0.370317 -0.0209824 -0 145.332 501 466066
2.74282 19.1769 0.7 19.3721 0.142064 0 -0 143.332 485 466066
2.74282 19.1726 0.293557 19.3721 0.142095 -0.0209824 -0 140.519 470 466066
2.43807 19.2181 0.7 19.3721 0.126189 0 -0 143.144 484 466066
6.46329 18.4654 0.7 19.5639 0.336693 0 -0 152.707 535 466066
6.46329 18.4609 0.289533 19.5639 0.336771 -0.0209824 -0 152.144 532 466066
6.15551 18.5703 0.7 19.5639 0.320073 0 -0 151.957 531 466066
6.15551 18.5658 0.289533 19.5639 0.320146 -0.0209824 -0 151.019 526 466066
7.14824 18.1871 3.60144 19.7557 0.37449 0.147399 -0 143.332 485 466066
5.90507 18.8525 0.7 19.7557 0.303544 0 -0 151.207 527 466066
6.27621 18.9344 0.7 19.9475 0.320073 0 0.0707397 159.644 572 466066
6.27621 18.9298 0.281485 19.9475 0.320146 -0.0209824 0.0707397 155.519 550 466066
6.27621 18.9298 1.11852 19.9475 0.320146 0.0209824 0.0707397 155.707 551 466066
5.9624 19.0356 0.7 19.9475 0.303544 0 0.0707397 158.894 568 466066
5.9624 19.031 0.281485 19.9475 0.303613 -0.0209824 0.0707397 154.957 547 466066
6.27621 18.9344 0.7 19.9475 0.320073 0 -0 166.957 611 466066
6.27621 18.9298 0.281485 19.9475 0.320146 -0.0209824 -0 163.019 590 466066
6.27621 18.9298 1.11852 19.9475 0.320146 0.0209824 -0 163.019 590 466066
5.9624 19.0356 0.7 19.9475 0.303544 0 -0 166.207 607 466066
6.27621 18.9344 0.7 19.9475 0.320073 0 -0.0707397 159.832 573 466066
6.27621 18.9298 0.281485 19.9475 0.320146 -0.0209824 -0.0707397 155.894 552 466066
6.27621 18.9298 1.11852 19.9475 0.320146 0.0209824 -0.0707397 155.707 551 466066
5.9624 19.0356 0.7 19.9475 0.303544 0 -0.0707397 159.082 569 466066
6.33656 19.1165 0.7 20.1393 0.320073 0 0.0707397 153.082 537 466066
6.01973 19.2186 0.7 20.1393 0.303544 0 0.0707397 151.957 531 466066
6.33656 19.1165 0.7 20.1393 0.320073 0 -0 161.144 580 466066
6.33656 19.1118 0.27746 20.1393 0.320146 -0.0209824 -0 157.019 558 466066
6.33656 19.1118 1.12254 20.1393 0.320146 0.0209824 -0 157.394 560 466066
6.01973 19.2186 0.7 20.1393 0.303544 0 -0 160.582 577 466066
6.33656 19.1165 0.7 20.1393 0.320073 0 -0.0707397 154.394 544 466066
6.01973 19.2186 0.7 20.1393 0.303544 0 -0.0707397 154.207 543 466066
6.39691 19.2985 0.7 20.3311 0.320073 0 -0 152.894 536 466066
6.07706 19.4016 0.7 20.3311 0.303544 0 -0 151.582 529 466066
1.93718 20.4268 1.13059 20.5229 0.0945525 0.0209824 -0 147.144 500 466066
1.61431 20.4548 1.13059 20.5229 0.0787578 0.0209824 -0 148.082 505 466066
1.29145 20.4822 0.7 20.5229 0.0629689 0 -0 150.894 520 466066
1.29145 20.4777 1.13059 20.5229 0.0629827 0.0209824 -0 149.582 513 466066
0.968588 20.5 0.7 20.5229 0.047213 0 -0 148.082 505 466066
1.95528 20.6177 1.13461 20.7147 0.0945525 0.0209824 0.0707397 154.082 537 466066
1.6294 20.6505 0.7 20.7147 0.0787404 0 0.0707397 151.269 522 466066
1.6294 20.646 1.13461 20.7147 0.0787578 0.0209824 0.0707397 153.894 536 466066
1.95528 20.6177 1.13461 20.7147 0.0945525 0.0209824 -0 161.582 577 466066
1.6294 20.6505 0.7 20.7147 0.0787404 0 -0 159.332 565 466066
1.6294 20.646 1.13461 20.7147 0.0787578 0.0209824 -0 161.582 577 466066
1.95528 20.6177 1.13461 20.7147 0.0945525 0.0209824 -0.0707397 154.082 537 466066
1.6294 20.6505 0.7 20.7147 0.0787404 0 -0.0707397 152.019 526 466066
1.6294 20.646 1.13461 20.7147 0.0787578 0.0209824 -0.0707397 154.269 538 466066
4.93346 20.3161 0.7 20.9065 0.238224 0 0.0707397 147.519 502 466066
4.93346 20.2971 1.57727 20.9065 0.238438 0.041974 0.0707397 145.082 489 466066
4.93346 20.3114 1.13864 20.9065 0.238277 0.0209824 0.0707397 148.832 509 466066
4.60457 20.3743 1.57727 20.9065 0.222265 0.041974 0.0707397 146.019 494 466066
4.60457 20.3884 1.13864 20.9065 0.222116 0.0209824 0.0707397 147.144 500 466066
4.93346 20.3114 1.13864 20.9065 0.238277 0.0209824 -0 156.332 549 466066
4.93346 20.3161 0.7 20.9065 0.238224 0 -0.0707397 147.519 502 466066
4.93346 20.3114 1.13864 20.9065 0.238277 0.0209824 -0.0707397 149.582 513 466066
4.60457 20.3743 1.57727 20.9065 0.222265 0.041974 -0.0707397 148.269 506 466066
4.60457 20.3884 1.13864 20.9065 0.222116 0.0209824 -0.0707397 148.644 508 466066
1.64449 20.8417 0.7 20.9065 0.0787404 0 -0.0707397 147.707 503 466066
1.64449 20.8371 1.13864 20.9065 0.0787578 0.0209824 -0.0707397 148.269 506 466066
1.99149 20.9995 1.14266 21.0983 0.0945525 0.0209824 -0 151.082 521 466066
1.65957 21.0283 1.14266 21.0983 0.0787578 0.0209824 -0 150.707 519 466066
3.68426 20.9499 1.59337 21.2901 0.17408 0.041974 -0 144.519 486 466066
3.68426 20.9642 1.14668 21.2901 0.173964 0.0209824 -0 144.332 485 466066
1.67466 21.2242 0.7 21.2901 0.0787404 0 -0 145.269 490 466066
1.67466 21.2195 1.14668 21.2901 0.0787578 0.0209824 -0 145.082 489 466066
-12.7274 17.067 0.7 21.2901 -0.640765 0 -0.0707397 134.019 430 466066
3.71745 21.1386 1.60142 21.4819 0.17408 0.041974 0.0707397 147.519 502 466066
3.71745 21.153 1.15071 21.4819 0.173964 0.0209824 0.0707397 148.082 505 466066
1.3518 21.4394 0.7 21.4819 0.0629689 0 0.0707397 150.707 519 466066
1.3518 21.4346 0.249291 21.4819 0.0629827 -0.0209824 0.0707397 147.894 504 466066
1.3518 21.4346 1.15071 21.4819 0.0629827 0.0209824 0.0707397 149.207 511 466066
1.01385 21.458 0.7 21.4819 0.047213 0 0.0707397 147.894 504 466066
1.3518 21.4394 0.7 21.4819 0.0629689 0 -0 158.207 559 466066
1.3518 21.4346 1.15071 21.4819 0.0629827 0.0209824 -0 156.707 551 466066
3.71745 21.153 1.15071 21.4819 0.173964 0.0209824 -0.0707397 148.082 505 466066
1.3518 21.4394 0.7 21.4819 0.0629689 0 -0.0707397 150.894 520 466066
1.3518 21.4346 0.249291 21.4819 0.0629827 -0.0209824 -0.0707397 148.082 505 466066
1.3518 21.4346 1.15071 21.4819 0.0629827 0.0209824 -0.0707397 149.207 511 466066
1.01385 21.458 0.7 21.4819 0.047213 0 -0.0707397 147.894 504 466066
1.36387 21.6308 0.7 21.6737 0.0629689 0 0.0707397 145.644 492 466066
1.36387 21.6308 0.7 21.6737 0.0629689 0 -0 153.707 535 466066
1.36387 21.6308 0.7 21.6737 0.0629689 0 -0.0707397 147.144 500 466066
5.15977 21.2431 1.15876 21.8655 0.238277 0.0209824 0.0707397 149.957 515 466066
4.81578 21.3089 1.61751 21.8655 0.222265 0.041974 0.0707397 149.957 515 466066
4.81578 21.3237 1.15876 21.8655 0.222116 0.0209824 0.0707397 155.019 542 466066
4.4718 21.3985 1.15876 21.8655 0.206013 0.0209824 0.0707397 150.332 517 466066
5.15977 21.2431 1.15876 21.8655 0.238277 0.0209824 -0 156.144 548 466066
4.81578 21.3089 1.61751 21.8655 0.222265 0.041974 -0 156.144 548 466066
4.81578 21.3237 1.15876 21.8655 0.222116 0.0209824 -0 161.207 575 466066
4.4718 21.3985 1.15876 21.8655 0.206013 0.0209824 -0 156.707 551 466066
5.15977 21.2431 1.15876 21.8655 0.238277 0.0209824 -0.0707397 147.332 501 466066
4.81578 21.3089 1.61751 21.8655 0.222265 0.041974 -0.0707397 147.332 501 466066
4.81578 21.3237 1.15876 21.8655 0.222116 0.0209824 -0.0707397 153.144 532 466066
4.4718 21.3985 1.15876 21.8655 0.206013 0.0209824 -0.0707397 149.019 510 466066
5.20503 21.4294 1.16278 22.0573 0.238277 0.0209824 0.0707397 146.269 490 466066
4.85803 21.5107 1.16278 22.0573 0.222116 0.0209824 0.0707397 150.394 512 466066
5.20503 21.4294 1.16278 22.0573 0.238277 0.0209824 -0 153.019 526 466066
4.85803 21.4958 1.62556 22.0573 0.222265 0.041974 -0 151.519 518 466066
4.85803 21.5107 1.16278 22.0573 0.222116 0.0209824 -0 157.519 550 466066
4.51103 21.5862 1.16278 22.0573 0.206013 0.0209824 -0 152.644 524 466066
5.20503 21.4294 1.16278 22.0573 0.238277 0.0209824 -0.0707397 145.519 486 466066
4.85803 21.5107 1.16278 22.0573 0.222116 0.0209824 -0.0707397 150.207 511 466066
4.51103 21.5862 1.16278 22.0573 0.206013 0.0209824 -0.0707397 145.332 485 466066
8.05045 20.7364 1.16681 22.2491 0.370317 0.0209824 0.0707397 135.394 432 466066
8.05045 20.7364 1.16681 22.2491 0.370317 0.0209824 -0 143.457 475 466066
7.70043 20.8689 1.16681 22.2491 0.353492 0.0209824 -0 143.082 473 466066
4.90027 21.6978 1.16681 22.2491 0.222116 0.0209824 -0 147.019 494 466066
8.05045 20.7206 1.63361 22.2491 0.370574 0.041974 -0.0707397 134.832 429 466066
8.05045 20.7364 1.16681 22.2491 0.370317 0.0209824 -0.0707397 136.332 437 466066
1.79536 22.7538 0.7 22.8246 0.0787404 0 0.0707397 152.332 517 466066
1.43629 22.7793 0.7 22.8246 0.0629689 0 0.0707397 155.144 532 466066
1.43629 22.7743 1.17888 22.8246 0.0629827 0.0209824 0.0707397 151.019 510 466066
1.07721 22.7991 0.7 22.8246 0.047213 0 0.0707397 152.707 519 466066
1.79536 22.7538 0.7 22.8246 0.0787404 0 -0 159.644 556 466066
1.43629 22.7793 0.7 22.8246 0.0629689 0 -0 161.894 568 466066
1.43629 22.7743 1.17888 22.8246 0.0629827 0.0209824 -0 157.957 547 466066
1.07721 22.7991 0.7 22.8246 0.047213 0 -0 159.457 555 466066
1.79536 22.7538 0.7 22.8246 0.0787404 0 -0.0707397 152.144 516 466066
1.43629 22.7793 0.7 22.8246 0.0629689 0 -0.0707397 154.207 527 466066
1.43629 22.7743 1.17888 22.8246 0.0629827 0.0209824 -0.0707397 149.894 504 466066
1.07721 22.7991 0.7 22.8246 0.047213 0 -0.0707397 151.957 515 466066
1.81044 22.945 0.7 23.0164 0.0787404 0 0.0707397 151.582 513 466066
1.44836 22.9707 0.7 23.0164 0.0629689 0 0.0707397 155.707 535 466066
1.44836 22.9657 1.1829 23.0164 0.0629827 0.0209824 0.0707397 151.957 515 466066
1.08627 22.9907 0.7 23.0164 0.047213 0 0.0707397 154.207 527 466066
1.08627 22.9856 1.1829 23.0164 0.0472234 0.0209824 0.0707397 151.207 511 466066
1.81044 22.945 0.7 23.0164 0.0787404 0 -0 159.457 555 466066
1.44836 22.9707 0.7 23.0164 0.0629689 0 -0 163.207 575 466066
1.44836 22.9657 1.1829 23.0164 0.0629827 0.0209824 -0 159.269 554 466066
1.08627 22.9907 0.7 23.0164 0.047213 0 -0 161.519 566 466066
1.81044 22.945 0.7 23.0164 0.0787404 0 -0.0707397 152.519 518 466066
1.44836 22.9707 0.7 23.0164 0.0629689 0 -0.0707397 155.707 535 466066
1.44836 22.9657 1.1829 23.0164 0.0629827 0.0209824 -0.0707397 152.144 516 466066
1.08627 22.9907 0.7 23.0164 0.047213 0 -0.0707397 154.394 528 466066
1.08627 22.9856 1.1829 23.0164 0.0472234 0.0209824 -0.0707397 151.582 513 466066
-14.4745 18.623 0.205025 23.5918 -0.660708 -0.0209824 0.0707397 133.207 415 466066
-14.8456 18.3352 0.7 23.5918 -0.680617 0 0.0707397 137.894 440 466066
-14.8456 18.3285 0.205025 23.5918 -0.680795 -0.0209824 0.0707397 136.394 432 466066
-15.2168 18.0283 0.7 23.5918 -0.701029 0 0.0707397 134.144 420 466066
-14.8456 18.3352 0.7 23.5918 -0.680617 0 -0 145.019 478 466066
-14.8456 18.3285 0.205025 23.5918 -0.680795 -0.0209824 -0 143.144 468 466066
-13.7322 19.1833 0.7 23.5918 -0.621281 0 -0.0707397 133.394 416 466066
-13.7322 19.1769 1.19497 23.5918 -0.621438 0.0209824 -0.0707397 133.207 415 466066
-14.1034 18.9056 1.19497 23.5918 -0.640929 0.0209824 -0.0707397 133.394 416 466066
-14.8456 18.3352 0.7 23.5918 -0.680617 0 -0.0707397 137.707 439 466066
-14.8456 18.3285 0.205025 23.5918 -0.680795 -0.0209824 -0.0707397 135.457 427 466066
-15.2168 18.0283 0.7 23.5918 -0.701029 0 -0.0707397 133.957 419 466066
-7.10901 22.6908 0.201001 23.7836 -0.303613 -0.0209824 0.0707397 136.207 431 466066
-14.5922 18.781 0.7 23.7836 -0.660537 0 0.0707397 138.082 441 466066
-14.9663 18.4842 0.7 23.7836 -0.680617 0 0.0707397 138.832 445 466066
-14.9663 18.4775 0.201001 23.7836 -0.680795 -0.0209824 0.0707397 136.394 432 466066
-14.5922 18.781 0.7 23.7836 -0.660537 0 -0 145.394 480 466066
-14.9663 18.4842 0.7 23.7836 -0.680617 0 -0 146.332 485 466066
-14.9663 18.4775 0.201001 23.7836 -0.680795 -0.0209824 -0 143.707 471 466066
-14.5922 18.781 0.7 23.7836 -0.660537 0 -0.0707397 138.457 443 466066
-14.9663 18.4842 0.7 23.7836 -0.680617 0 -0.0707397 139.957 451 466066
-14.9663 18.4775 0.201001 23.7836 -0.680795 -0.0209824 -0.0707397 136.957 435 466066
1.52077 24.1193 0.7 24.1672 0.0629689 0 0.0707397 148.957 499 466066
1.14058 24.1402 0.7 24.1672 0.047213 0 0.0707397 149.332 501 466066
1.14058 24.1349 1.20705 24.1672 0.0472234 0.0209824 0.0707397 147.269 490 466066
1.52077 24.1193 0.7 24.1672 0.0629689 0 -0 155.707 535 466066
1.52077 24.1139 1.20705 24.1672 0.0629827 0.0209824 -0 154.019 526 466066
1.14058 24.1402 0.7 24.1672 0.047213 0 -0 156.082 537 466066
1.14058 24.1349 1.20705 24.1672 0.0472234 0.0209824 -0 154.394 528 466066
1.52077 24.1193 0.7 24.1672 0.0629689 0 -0.0707397 148.207 495 466066
1.14058 24.1402 0.7 24.1672 0.047213 0 -0.0707397 148.394 496 466066
1.14058 24.1349 1.20705 24.1672 0.0472234 0.0209824 -0.0707397 146.707 487 466066
1.53284 24.3107 0.7 24.359 0.0629689 0 0.0707397 150.144 500 466066
1.53284 24.3053 1.21107 24.359 0.0629827 0.0209824 0.0707397 149.019 494 466066
1.14963 24.3318 0.7 24.359 0.047213 0 0.0707397 150.332 501 466066
1.14963 24.3265 1.21107 24.359 0.0472234 0.0209824 0.0707397 148.832 493 466066
1.53284 24.3107 0.7 24.359 0.0629689 0 -0 157.644 540 466066
1.53284 24.3053 1.21107 24.359 0.0629827 0.0209824 -0 156.519 534 466066
1.14963 24.3318 0.7 24.359 0.047213 0 -0 158.207 543 466066
1.14963 24.3265 1.21107 24.359 0.0472234 0.0209824 -0 156.519 534 466066
1.53284 24.3107 0.7 24.359 0.0629689 0 -0.0707397 150.707 503 466066
1.53284 24.3053 1.21107 24.359 0.0629827 0.0209824 -0.0707397 149.957 499 466066
1.14963 24.3318 0.7 24.359 0.047213 0 -0.0707397 151.269 506 466066
1.14963 24.3265 1.21107 24.359 0.0472234 0.0209824 -0.0707397 149.957 499 466066
10.0419 22.4031 0.7 24.5508 0.421388 0 -0 136.644 428 466066
9.65571 22.5723 0.7 24.5508 0.404213 0 -0 136.644 428 466066
-15.4159 19.8412 0.7 25.1262 -0.660537 0 -0 134.019 414 466066
9.48673 23.2664 0.7 25.1262 0.387164 0 -0 134.582 417 466066
9.48673 23.2605 1.22717 25.1262 0.387253 0.0209824 -0 134.394 416 466066
9.09145 23.4237 0.7 25.1262 0.370232 0 -0 135.894 424 466066
11.1523 22.7294 0.7 25.318 0.456145 0 -0 136.644 428 466066
11.1523 22.7046 1.76239 25.318 0.456578 0.041974 -0 139.269 442 466066
11.1523 22.7232 1.23119 25.318 0.456253 0.0209824 -0 139.832 445 466066
10.754 22.8959 1.76239 25.318 0.439109 0.041974 -0 137.394 432 466066
10.754 22.9144 1.23119 25.318 0.438799 0.0209824 -0 138.144 436 466066
-16.7014 19.7872 0.7 25.8934 -0.701029 0 0.0707397 135.582 417 466066
-16.294 20.124 0.7 25.8934 -0.680617 0 -0 140.082 441 466066
-16.294 20.1166 0.156735 25.8934 -0.680795 -0.0209824 -0 138.394 432 466066
-16.7014 19.7872 0.7 25.8934 -0.701029 0 -0 141.957 451 466066
-16.7014 19.7797 0.156735 25.8934 -0.701215 -0.0209824 -0 140.269 442 466066
-16.7014 19.7797 1.24327 25.8934 -0.701215 0.0209824 -0 137.457 427 466066
-16.7014 19.7872 0.7 25.8934 -0.701029 0 -0.0707397 135.207 415 466066
-16.4147 20.273 0.7 26.0852 -0.680617 0 0.0707397 142.332 453 466066
-16.4147 20.2656 0.152711 26.0852 -0.680795 -0.0209824 0.0707397 139.707 439 466066
-16.8251 19.9338 0.7 26.0852 -0.701029 0 0.0707397 142.519 454 466066
-16.8251 19.9263 0.152711 26.0852 -0.701215 -0.0209824 0.0707397 140.457 443 466066
-16.4147 20.273 0.7 26.0852 -0.680617 0 -0 149.457 491 466066
-16.4147 20.2656 0.152711 26.0852 -0.680795 -0.0209824 -0 147.207 479 466066
-16.8251 19.9338 0.7 26.0852 -0.701029 0 -0 150.019 494 466066
-16.8251 19.9263 0.152711 26.0852 -0.701215 -0.0209824 -0 147.957 483 466066
-16.4147 20.273 0.7 26.0852 -0.680617 0 -0.0707397 142.519 454 466066
-16.4147 20.2656 0.152711 26.0852 -0.680795 -0.0209824 -0.0707397 140.082 441 466066
-16.8251 19.9338 0.7 26.0852 -0.701029 0 -0.0707397 142.894 456 466066
-16.8251 19.9263 0.152711 26.0852 -0.701215 -0.0209824 -0.0707397 141.019 446 466066
6.71072 25.583 4.05617 26.6606 0.256532 0.12622 -0 136.144 420 466066
6.2913 25.6894 4.05617 26.6606 0.240172 0.12622 -0 138.207 431 466066
6.2913 25.8835 1.81872 26.6606 0.238438 0.041974 -0 136.332 421 466066
6.75899 25.8347 3.51693 26.8524 0.255889 0.105098 0.0707397 134.269 410 466066
6.75899 25.7671 4.08032 26.8524 0.256532 0.12622 -0 140.457 443 466066
6.75899 25.8347 3.51693 26.8524 0.255889 0.105098 -0 141.957 451 466066
6.33656 25.8742 4.08032 26.8524 0.240172 0.12622 -0 140.644 444 466066
6.33656 25.9416 3.51693 26.8524 0.239572 0.105098 -0 142.707 455 466066
6.75899 25.8347 3.51693 26.8524 0.255889 0.105098 -0.0707397 134.457 411 466066
6.33656 25.9416 3.51693 26.8524 0.239572 0.105098 -0.0707397 135.957 419 466066
-15.9651 22.3025 0.7 27.4278 -0.621281 0 -0 138.082 425 466066
-16.3966 21.9872 0.7 27.4278 -0.640765 0 -0 137.707 423 466066
-16.3966 21.9797 0.124541 27.4278 -0.640929 -0.0209824 -0 134.707 407 466066
10.4282 25.5753 0.7 27.6196 0.387164 0 -0 143.144 452 466066
6.5176 26.8146 1.85897 27.6196 0.238438 0.041974 -0 144.082 457 466066
6.5176 26.8334 1.27948 27.6196 0.238277 0.0209824 -0 143.519 454 466066
6.0831 26.9165 1.85897 27.6196 0.222265 0.041974 -0 143.332 453 466066
10.8627 25.3938 0.7 27.6196 0.404213 0 -0.0707397 135.082 409 466066
10.4282 25.5753 0.7 27.6196 0.387164 0 -0.0707397 136.207 415 466066
11.089 25.9229 0.7 28.195 0.404213 0 -0 139.394 432 466066
10.6454 26.1081 0.7 28.195 0.387164 0 -0 140.707 439 466066
6.65339 26.1171 8.98178 28.195 0.249446 0.298128 -0 141.644 444 466066
6.20983 26.2261 8.98178 28.195 0.232498 0.298128 -0 140.894 440 466066
10.6454 26.1081 0.7 28.195 0.387164 0 -0.0707397 134.707 407 466066
-16.0768 23.3955 0.7 28.3868 -0.602065 0 -0 140.707 439 466066
-16.5233 23.0823 0.7 28.3868 -0.621281 0 -0 141.082 441 466066
-19.6494 20.487 0.7 28.3868 -0.764533 0 -0 140.894 440 466066
-19.6494 20.4783 0.10442 28.3868 -0.764744 -0.0209824 -0 140.144 436 466066
-16.4026 23.8698 0.7 28.9622 -0.602065 0 -0 138.519 422 466066
2.73377 28.8329 0.7 28.9622 0.0945316 0 -0 135.519 406 466066
2.73377 28.8265 1.30765 28.9622 0.0945525 0.0209824 -0 136.832 413 466066
-16.0526 24.3366 0.7 29.1541 -0.583099 0 0.0707397 139.457 427 466066
-16.0526 24.3366 0.7 29.1541 -0.583099 0 -0 146.207 463 466066
-16.0526 24.329 1.31168 29.1541 -0.583244 0.0209824 -0 143.582 449 466066
-16.5113 24.0278 0.7 29.1541 -0.602065 0 -0 142.082 441 466066
-16.5113 24.0201 1.31168 29.1541 -0.602216 0.0209824 -0 141.332 437 466066
-16.0526 24.3366 0.7 29.1541 -0.583099 0 -0.0707397 139.269 426 466066
-15.9017 25.1192 0.7 29.7295 -0.564368 0 -0 140.957 435 466066
-16.3694 24.817 0.7 29.7295 -0.583099 0 -0 143.207 447 466066
-16.3694 24.8091 0.076251 29.7295 -0.583244 -0.0209824 -0 141.144 436 466066
-16.3694 24.8091 1.32375 29.7295 -0.583244 0.0209824 -0 139.457 427 466066
8.9436 28.5534 0.7 29.9213 0.303544 0 -0 140.019 430 466066
3.35838 30.3112 0.7 30.4967 0.110346 0 -0 140.644 428 466066
3.35838 30.3044 1.33985 30.4967 0.110371 0.0209824 -0 141.957 435 466066
2.87861 30.3605 0.7 30.4967 0.0945316 0 -0 142.144 436 466066
2.87861 30.3538 1.33985 30.4967 0.0945525 0.0209824 -0 144.394 448 466066
-7.24178 29.8148 0.0561301 30.6885 -0.238277 -0.0209824 0.0707397 137.644 412 466066
6.27621 30.0398 0.7 30.6885 0.205967 0 -0 153.394 496 466066
6.27621 30.0329 1.34387 30.6885 0.206013 0.0209824 -0 153.582 497 466066
5.79342 30.1298 1.34387 30.6885 0.189964 0.0209824 -0 150.582 481 466066
-6.75899 29.928 0.0561301 30.6885 -0.222116 -0.0209824 -0.0707397 136.144 404 466066
-7.24178 29.8148 0.0561301 30.6885 -0.238277 -0.0209824 -0.0707397 138.019 414 466066
6.84348 30.3091 0.7 31.0721 0.222066 0 0.0707397 156.394 512 466066
6.35466 30.4153 0.7 31.0721 0.205967 0 0.0707397 160.332 533 466066
6.35466 30.4083 1.35192 31.0721 0.206013 0.0209824 0.0707397 160.332 533 466066
5.86584 30.5064 1.35192 31.0721 0.189964 0.0209824 0.0707397 156.207 511 466066
6.84348 30.3091 0.7 31.0721 0.222066 0 -0 163.144 548 466066
6.35466 30.4153 0.7 31.0721 0.205967 0 -0 167.082 569 466066
6.35466 30.4083 1.35192 31.0721 0.206013 0.0209824 -0 166.894 568 466066
6.84348 30.3091 0.7 31.0721 0.222066 0 -0.0707397 155.457 507 466066
6.84348 30.3021 1.35192 31.0721 0.222116 0.0209824 -0.0707397 154.894 504 466066
6.35466 30.4153 0.7 31.0721 0.205967 0 -0.0707397 159.207 527 466066
6.35466 30.4083 1.35192 31.0721 0.206013 0.0209824 -0.0707397 159.207 527 466066
6.88573 30.4962 0.7 31.2639 0.222066 0 -0 153.582 497 466066
6.39389 30.6031 0.7 31.2639 0.205967 0 -0 157.707 519 466066
6.39389 30.5961 1.35594 31.2639 0.206013 0.0209824 -0 157.332 517 466066
5.90205 30.6947 1.35594 31.2639 0.189964 0.0209824 -0 153.207 495 466066
6.39389 30.6031 0.7 31.2639 0.205967 0 -0.0707397 150.957 483 466066
6.43311 30.7908 0.7 31.4557 0.205967 0 -0 152.269 490 466066
6.43311 30.7838 1.35997 31.4557 0.206013 0.0209824 -0 152.644 492 466066
1.48456 31.4206 0.7 31.4557 0.047213 0 -0 152.457 491 466066
1.52077 32.187 0.7 32.2229 0.047213 0 -0 155.082 505 466066
1.52077 32.1799 0.0239366 32.2229 0.0472234 -0.0209824 -0 153.394 496 466066
1.01385 32.2069 0.7 32.2229 0.0314688 0 -0 152.457 491 466066
1.53888 32.5702 0.7 32.6065 0.047213 0 0.0707397 160.707 535 466066
1.53888 32.563 0.0158883 32.6065 0.0472234 -0.0209824 0.0707397 159.957 531 466066
1.02592 32.5904 0.7 32.6065 0.0314688 0 0.0707397 157.894 520 466066
1.02592 32.5832 0.0158883 32.6065 0.0314757 -0.0209824 0.0707397 156.582 513 466066
1.53888 32.5702 0.7 32.6065 0.047213 0 -0 168.019 574 466066
1.53888 32.563 0.0158883 32.6065 0.0472234 -0.0209824 -0 167.082 569 466066
1.02592 32.5904 0.7 32.6065 0.0314688 0 -0 165.207 559 466066
1.02592 32.5832 0.0158883 32.6065 0.0314757 -0.0209824 -0 163.707 551 466066
1.53888 32.5702 0.7 32.6065 0.047213 0 -0.0707397 160.707 535 466066
1.53888 32.563 0.0158883 32.6065 0.0472234 -0.0209824 -0.0707397 159.582 529 466066
1.02592 32.5904 0.7 32.6065 0.0314688 0 -0.0707397 157.894 520 466066
1.02592 32.5832 0.0158883 32.6065 0.0314757 -0.0209824 -0.0707397 156.582 513 466066
1.54793 32.7618 0.7 32.7983 0.047213 0 -0 157.957 515 466066
1.54793 32.7545 0.0118641 32.7983 0.0472234 -0.0209824 -0 158.707 519 466066
1.03195 32.7821 0.7 32.7983 0.0314688 0 -0 154.582 497 466066
1.03195 32.7748 0.0118641 32.7983 0.0314757 -0.0209824 -0 155.332 501 466066
1.54793 32.7545 0.0118641 32.7983 0.0472234 -0.0209824 -0.0707397 152.519 486 466066
-7.26592 32.1726 0.00783986 32.9901 -0.222116 -0.0209824 0.0707397 141.832 429 466066
-22.8357 23.5563 4.1608 32.9901 -0.769868 0.105098 0.0707397 139.394 416 466066
-7.26592 32.1726 0.00783986 32.9901 -0.222116 -0.0209824 -0 149.144 468 466066
1.55698 32.9534 0.7 32.9901 0.047213 0 -0 153.644 492 466066
1.55698 32.9461 0.00783986 32.9901 0.0472234 -0.0209824 -0 152.519 486 466066
-6.74692 32.2854 0.00783986 32.9901 -0.206013 -0.0209824 -0.0707397 139.207 415 466066
-7.26592 32.18 0.7 32.9901 -0.222066 0 -0.0707397 137.332 405 466066
-7.26592 32.1726 0.00783986 32.9901 -0.222116 -0.0209824 -0.0707397 142.207 431 466066
-22.8357 23.5563 4.1608 32.9901 -0.769868 0.105098 -0.0707397 137.707 407 466066
-23.3547 23.0418 4.1608 32.9901 -0.792142 0.105098 -0.0707397 137.144 404 466066
10.0329 31.8369 4.22116 33.5655 0.305283 0.105098 -0 141.457 427 466066
3.69633 33.175 4.22116 33.5655 0.110961 0.105098 -0 143.332 437 466066
3.16828 33.2296 4.22116 33.5655 0.0950577 0.105098 -0 142.582 433 466066
-16.994 29.1678 0.7 33.7573 -0.52755 0 0.0707397 132.832 381 466066
-16.994 29.1592 1.40826 33.7573 -0.527678 0.0209824 0.0707397 133.019 382 466066
-16.463 29.4708 0.7 33.7573 -0.509437 0 -0 137.894 408 466066
-16.463 29.4623 1.40826 33.7573 -0.50956 0.0209824 -0 138.644 412 466066
-16.994 29.1678 0.7 33.7573 -0.52755 0 -0 139.582 417 466066
-16.994 29.1592 1.40826 33.7573 -0.527678 0.0209824 -0 139.582 417 466066
10.0902 32.2063 1.40826 33.7573 0.303613 0.0209824 -0 138.644 412 466066
10.2622 32.5646 4.30165 34.3327 0.305283 0.105098 -0 137.019 398 466066
19.0097 28.8106 -0.0243536 34.5245 0.583244 -0.0209824 -0 140.207 415 466066
-16.5656 30.9362 1.43643 35.0999 -0.491624 0.0209824 0.0707397 142.832 429 466066
-17.1178 30.6075 2.17285 35.0999 -0.50993 0.041974 0.0707397 140.957 419 466066
-17.1178 30.6341 1.43643 35.0999 -0.50956 0.0209824 0.0707397 145.082 441 466066
-16.5656 30.9362 1.43643 35.0999 -0.491624 0.0209824 -0 150.332 469 466066
-17.1178 30.6075 2.17285 35.0999 -0.50993 0.041974 -0 148.269 458 466066
-17.1178 30.6341 1.43643 35.0999 -0.50956 0.0209824 -0 152.394 480 466066
-16.5656 30.9362 1.43643 35.0999 -0.491624 0.0209824 -0.0707397 143.394 432 466066
-17.1178 30.6429 0.7 35.0999 -0.509437 0 -0.0707397 141.144 420 466066
-17.1178 30.6075 2.17285 35.0999 -0.50993 0.041974 -0.0707397 141.519 422 466066
-17.1178 30.6341 1.43643 35.0999 -0.50956 0.0209824 -0.0707397 145.644 444 466066
-7.21764 34.5458 0.7 35.2917 -0.205967 0 0.0707397 135.332 389 466066
-7.21764 34.5379 -0.0404503 35.2917 -0.206013 -0.0209824 0.0707397 135.707 391 466066
4.99683 34.7395 4.40225 35.2917 0.142857 0.105098 0.0707397 135.519 390 466066
4.99683 34.8104 3.6618 35.2917 0.14257 0.0840222 0.0707397 134.207 383 466066
-7.21764 34.5458 0.7 35.2917 -0.205967 0 -0.0707397 134.957 387 466066
-7.21764 34.5379 -0.0404503 35.2917 -0.206013 -0.0209824 -0.0707397 135.707 391 466066
5.55203 34.6551 4.40225 35.2917 0.158858 0.105098 -0.0707397 135.332 389 466066
4.99683 34.7395 4.40225 35.2917 0.142857 0.105098 -0.0707397 137.019 398 466066
4.99683 34.8104 3.6618 35.2917 0.14257 0.0840222 -0.0707397 134.957 387 466066
6.77106 35.0934 3.71009 35.8672 0.190602 0.0840222 0.0707397 138.332 405 466066
6.77106 35.0934 3.71009 35.8672 0.190602 0.0840222 -0 144.519 438 466066
7.37455 35.1668 3.72619 36.059 0.206706 0.0840222 -0 141.707 423 466066
6.80727 35.208 4.48274 36.059 0.190988 0.105098 -0 141.332 421 466066
6.80727 35.281 3.72619 36.059 0.190602 0.0840222 -0 144.144 436 466066
6.24 35.3129 4.48274 36.059 0.1749 0.105098 -0 141.332 421 466066
6.24 35.3858 3.72619 36.059 0.174548 0.0840222 -0 142.269 426 466066
1.72897 36.5855 -0.0686197 36.6344 0.0472234 -0.0209824 0.0707397 148.332 453 466066
1.72897 36.5855 1.46862 36.6344 0.0472234 0.0209824 0.0707397 153.207 479 466066
1.15265 36.6082 1.46862 36.6344 0.0314757 0.0209824 0.0707397 153.582 481 466066
1.72897 36.5855 1.46862 36.6344 0.0472234 0.0209824 -0 160.144 516 466066
1.15265 36.6082 1.46862 36.6344 0.0314757 0.0209824 -0 160.332 517 466066
1.72897 36.5855 1.46862 36.6344 0.0472234 0.0209824 -0.0707397 152.457 475 466066
1.15265 36.6082 1.46862 36.6344 0.0314757 0.0209824 -0.0707397 153.019 478 466066
1.73803 36.777 -0.0726438 36.8262 0.0472234 -0.0209824 0.0707397 153.394 480 466066
1.73803 36.777 1.47264 36.8262 0.0472234 0.0209824 0.0707397 155.269 490 466066
1.15868 36.7998 -0.0726438 36.8262 0.0314757 -0.0209824 0.0707397 151.894 472 466066
1.15868 36.7998 1.47264 36.8262 0.0314757 0.0209824 0.0707397 155.082 489 466066
1.73803 36.777 -0.0726438 36.8262 0.0472234 -0.0209824 -0 160.707 519 466066
1.73803 36.777 1.47264 36.8262 0.0472234 0.0209824 -0 162.582 529 466066
1.15868 36.7998 -0.0726438 36.8262 0.0314757 -0.0209824 -0 159.394 512 466066
1.15868 36.7998 1.47264 36.8262 0.0314757 0.0209824 -0 162.582 529 466066
1.73803 36.777 -0.0726438 36.8262 0.0472234 -0.0209824 -0.0707397 153.582 481 466066
1.73803 36.777 1.47264 36.8262 0.0472234 0.0209824 -0.0707397 155.644 492 466066
1.15868 36.7998 -0.0726438 36.8262 0.0314757 -0.0209824 -0.0707397 152.269 474 466066
1.15868 36.7998 1.47264 36.8262 0.0314757 0.0209824 -0.0707397 155.644 492 466066
-15.2983 34.1298 0.7 37.4016 -0.421388 0 0.0707397 147.207 447 466066
-15.8867 33.8599 0.7 37.4016 -0.438696 0 0.0707397 149.832 461 466066
-15.2983 34.1298 0.7 37.4016 -0.421388 0 -0 153.957 483 466066
-15.8867 33.8599 0.7 37.4016 -0.438696 0 -0 157.144 500 466066
-15.8867 33.8508 -0.0847164 37.4016 -0.438799 -0.0209824 -0 151.894 472 466066
-15.8867 33.8508 1.48472 37.4016 -0.438799 0.0209824 -0 152.457 475 466066
-15.8867 33.8599 0.7 37.4016 -0.438696 0 -0.0707397 150.019 462 466066
-15.3767 34.3048 0.7 37.5934 -0.421388 0 0.0707397 155.082 489 466066
-15.9681 34.0335 0.7 37.5934 -0.438696 0 0.0707397 156.394 496 466066
-15.9681 34.0244 -0.0887406 37.5934 -0.438799 -0.0209824 0.0707397 152.082 473 466066
-15.9681 34.0244 1.48874 37.5934 -0.438799 0.0209824 0.0707397 151.894 472 466066
-15.3767 34.3048 0.7 37.5934 -0.421388 0 -0 162.207 527 466066
-15.9681 34.0335 0.7 37.5934 -0.438696 0 -0 163.519 534 466066
-15.9681 34.0244 -0.0887406 37.5934 -0.438799 -0.0209824 -0 159.394 512 466066
-15.9681 34.0244 1.48874 37.5934 -0.438799 0.0209824 -0 159.207 511 466066
-15.3767 34.3048 0.7 37.5934 -0.421388 0 -0.0707397 154.707 487 466066
-15.9681 34.0335 0.7 37.5934 -0.438696 0 -0.0707397 156.394 496 466066
-15.9681 34.0244 -0.0887406 37.5934 -0.438799 -0.0209824 -0.0707397 152.082 473 466066
-15.9681 34.0244 1.48874 37.5934 -0.438799 0.0209824 -0.0707397 151.894 472 466066
6.00464 37.4802 4.70407 38.1688 0.158858 0.105098 -0 138.394 400 466066
6.00464 37.5572 3.90325 38.1688 0.158538 0.0840222 -0 138.207 399 466066
5.40418 37.5715 4.70407 38.1688 0.142857 0.105098 -0 135.207 383 466066
5.40418 37.6483 3.90325 38.1688 0.14257 0.0840222 -0 134.832 381 466066
24.7427 29.3144 0.7 38.3606 0.701029 0 -0 140.269 410 466066
12.0696 36.2698 -2.51935 38.3606 0.321247 -0.0840222 -0 136.332 389 466066
11.4662 36.5272 -1.71451 38.3606 0.304167 -0.0629841 -0 136.144 388 466066
11.4662 36.465 -2.51935 38.3606 0.304653 -0.0840222 -0 135.394 384 466066
24.5014 30.2494 1.51691 38.936 0.680795 0.0209824 -0 139.582 401 466066
-15.9259 35.53 0.7 38.936 -0.421388 0 -0 141.269 410 466066
-15.3888 35.9652 -0.120934 39.1278 -0.404307 -0.0209824 -0 142.582 417 466066
4.30886 38.8812 1.52093 39.1278 0.110371 0.0209824 -0 137.894 392 466066
3.69331 38.9445 1.52093 39.1278 0.0945525 0.0209824 -0 136.207 383 466066
-14.9905 36.7645 0.7 39.7032 -0.387164 0 -0 140.144 404 466066
-15.6151 36.5036 0.7 39.7032 -0.404213 0 -0 143.332 421 466066
-15.6151 36.4941 -0.133007 39.7032 -0.404307 -0.0209824 -0 142.207 415 466066
-15.6151 36.5036 0.7 39.7032 -0.404213 0 -0.0707397 138.457 395 466066
-6.90383 39.2931 0.7 39.895 -0.173925 0 0.0707397 134.707 375 466066
-6.90383 39.2931 0.7 39.895 -0.173925 0 -0 141.832 413 466066
-15.0629 36.9421 0.7 39.895 -0.387164 0 -0 143.332 421 466066
-15.6905 36.68 0.7 39.895 -0.404213 0 -0 143.144 420 466066
-6.90383 39.2931 0.7 39.895 -0.173925 0 -0.0707397 134.332 373 466066
-15.0629 36.9421 0.7 39.895 -0.387164 0 -0.0707397 138.644 396 466066
-16.5535 36.9204 -0.149103 40.4704 -0.421486 -0.0209824 -0 138.269 394 466066
8.91342 39.3944 3.24731 40.4704 0.222515 0.0629841 -0 137.144 388 466066
-15.3526 37.6429 1.55313 40.6622 -0.387253 0.0209824 0.0707397 138.082 393 466066
-15.9923 37.3756 1.55313 40.6622 -0.404307 0.0209824 0.0707397 139.207 399 466066
-15.3526 37.6526 0.7 40.6622 -0.387164 0 -0 142.957 419 466066
-15.3526 37.6429 1.55313 40.6622 -0.387253 0.0209824 -0 145.019 430 466066
-15.9923 37.3854 0.7 40.6622 -0.404213 0 -0 144.457 427 466066
-15.9923 37.3756 1.55313 40.6622 -0.404307 0.0209824 -0 146.144 436 466066
-15.9923 37.3756 1.55313 40.6622 -0.404307 0.0209824 -0.0707397 139.207 399 466066
-19.4623 36.191 -2.7608 41.2376 -0.493402 -0.0840222 0.0707397 134.207 367 466066
-19.4623 36.191 -2.7608 41.2376 -0.493402 -0.0840222 -0 139.457 395 466066
-19.4623 36.0978 -3.626 41.2376 -0.494479 -0.105098 -0 137.207 383 466066
-19.4623 36.0978 5.026 41.2376 -0.494479 0.105098 -0 137.582 385 466066
-20.111 35.9908 1.5652 41.2376 -0.50956 0.0209824 -0 138.519 390 466066
-20.7598 35.6206 1.5652 41.2376 -0.527678 0.0209824 -0 138.144 388 466066
-19.5528 36.3593 4.1769 41.4294 -0.493402 0.0840222 0.0707397 134.957 371 466066
8.47288 40.5445 1.56922 41.4294 0.206013 0.0209824 0.0707397 134.582 369 466066
-19.5528 36.3593 4.1769 41.4294 -0.493402 0.0840222 -0 141.519 406 466066
8.47288 40.5445 1.56922 41.4294 0.206013 0.0209824 -0 141.332 405 466066
32.3798 26.7573 0.7 42.0049 0.880188 0 -0 137.394 384 466066
32.3798 26.7428 -0.181297 42.0049 0.880455 -0.0209824 -0 134.582 369 466066
31.719 27.5375 0.7 42.0049 0.855848 0 -0 137.207 383 466066
31.719 27.5234 -0.181297 42.0049 0.856101 -0.0209824 -0 134.582 369 466066
29.0757 30.3023 1.5813 42.0049 0.764744 0.0209824 -0 134.957 371 466066
-6.6383 41.6618 1.58532 42.1967 -0.158009 0.0209824 0.0707397 139.644 396 466066
-7.30213 41.5506 1.58532 42.1967 -0.173964 0.0209824 0.0707397 139.082 393 466066
-6.6383 41.6618 1.58532 42.1967 -0.158009 0.0209824 -0 146.207 431 466066
-7.30213 41.5506 1.58532 42.1967 -0.173964 0.0209824 -0 146.207 431 466066
-6.6383 41.6618 1.58532 42.1967 -0.158009 0.0209824 -0.0707397 137.957 387 466066
-7.30213 41.5506 1.58532 42.1967 -0.173964 0.0209824 -0.0707397 138.519 390 466066
29.8723 29.7895 1.58532 42.1967 0.786786 0.0209824 -0.0707397 134.957 371 466066
29.2085 30.4407 1.58532 42.1967 0.764744 0.0209824 -0.0707397 136.082 377 466066
-15.2681 39.3276 1.58532 42.1967 -0.370317 0.0209824 -0.0707397 135.707 375 466066
28.261 32.1055 0.7 42.7721 0.721799 0 0.0707397 137.582 385 466066
28.261 32.0929 1.59739 42.7721 0.721993 0.0209824 0.0707397 135.519 374 466066
28.261 32.1055 0.7 42.7721 0.721799 0 -0 140.957 403 466066
-16.8975 39.4912 1.60142 42.9639 -0.404307 0.0209824 -0 138.332 389 466066
-20.277 37.7059 -2.90567 42.9639 -0.493402 -0.0840222 -0 140.207 399 466066
-20.277 37.6088 -3.80709 42.9639 -0.494479 -0.105098 -0 139.457 395 466066
-20.9529 37.3346 -2.90567 42.9639 -0.511416 -0.0840222 -0 138.519 390 466066
28.8947 32.8253 0.7 43.7311 0.721799 0 0.0707397 133.894 360 466066
28.8947 32.8125 1.61751 43.7311 0.721993 0.0209824 0.0707397 134.457 363 466066
28.2067 33.4184 0.7 43.7311 0.701029 0 0.0707397 136.894 376 466066
28.2067 33.4058 1.61751 43.7311 0.701215 0.0209824 0.0707397 137.082 377 466066
28.2067 33.4184 0.7 43.7311 0.701029 0 -0 143.457 411 466066
28.2067 33.4058 1.61751 43.7311 0.701215 0.0209824 -0 143.269 410 466066
28.8947 32.8253 0.7 43.7311 0.721799 0 -0.0707397 134.644 364 466066
28.8947 32.8125 1.61751 43.7311 0.721993 0.0209824 -0.0707397 134.082 361 466066
28.2067 33.4184 0.7 43.7311 0.701029 0 -0.0707397 136.144 372 466066
28.2067 33.4058 1.61751 43.7311 0.701215 0.0209824 -0.0707397 136.144 372 466066
-16.0315 41.3044 0.7 44.3065 -0.370232 0 0.0707397 139.144 388 466066
-16.0315 41.294 -0.229587 44.3065 -0.370317 -0.0209824 0.0707397 137.269 378 466066
-16.7285 41.0271 0.7 44.3065 -0.387164 0 0.0707397 136.144 372 466066
-16.0315 41.3044 0.7 44.3065 -0.370232 0 -0 145.707 423 466066
-16.0315 41.294 -0.229587 44.3065 -0.370317 -0.0209824 -0 143.832 413 466066
-16.0315 41.294 1.62959 44.3065 -0.370317 0.0209824 -0 141.207 399 466066
-16.7285 41.0271 0.7 44.3065 -0.387164 0 -0 142.707 407 466066
-16.0315 41.3044 0.7 44.3065 -0.370232 0 -0.0707397 138.582 385 466066
-16.0315 41.294 -0.229587 44.3065 -0.370317 -0.0209824 -0.0707397 136.707 375 466066
-16.7285 41.0271 0.7 44.3065 -0.387164 0 -0.0707397 136.144 372 466066
-16.1009 41.4832 0.7 44.4983 -0.370232 0 -0 138.394 384 466066
-16.1009 41.4727 1.63361 44.4983 -0.370317 0.0209824 -0 136.519 374 466066
-16.1009 41.4832 0.7 44.4983 -0.370232 0 -0.0707397 132.394 352 466066
-16.1009 41.4727 1.63361 44.4983 -0.370317 0.0209824 -0.0707397 131.457 347 466066
0 45.0638 -0.245684 45.0737 0 -0.0209824 0.0707397 145.144 420 466066
-2.83636 44.9844 0.7 45.0737 -0.0629689 0 0.0707397 138.582 385 466066
-2.83636 44.9744 -0.245684 45.0737 -0.0629827 -0.0209824 0.0707397 139.332 389 466066
-4.96364 44.7996 0.7 45.0737 -0.110346 0 0.0707397 138.582 385 466066
0 45.0737 0.7 45.0737 0 0 -0 150.957 451 466066
0 45.0638 -0.245684 45.0737 0 -0.0209824 -0 153.019 462 466066
0 45.0737 0.7 45.0737 0 0 -0.0707397 144.207 415 466066
0 45.0638 -0.245684 45.0737 0 -0.0209824 -0.0707397 146.082 425 466066
-2.12727 45.0135 -0.245684 45.0737 -0.0472234 -0.0209824 -0.0707397 140.644 396 466066
-2.83636 44.9744 -0.245684 45.0737 -0.0629827 -0.0209824 -0.0707397 140.082 393 466066
-3.56054 45.1253 0.7 45.2655 -0.0787404 0 0.0707397 143.457 411 466066
-3.56054 45.1153 -0.249708 45.2655 -0.0787578 -0.0209824 0.0707397 142.894 408 466066
-4.27265 45.0634 0.7 45.2655 -0.0945316 0 0.0707397 142.519 406 466066
-4.27265 45.0534 -0.249708 45.2655 -0.0945525 -0.0209824 0.0707397 142.144 404 466066
-3.56054 45.1253 0.7 45.2655 -0.0787404 0 -0 150.207 447 466066
-3.56054 45.1153 -0.249708 45.2655 -0.0787578 -0.0209824 -0 149.644 444 466066
-4.27265 45.0634 0.7 45.2655 -0.0945316 0 -0 148.894 440 466066
-4.27265 45.0534 -0.249708 45.2655 -0.0945525 -0.0209824 -0 148.707 439 466066
-3.56054 45.1253 0.7 45.2655 -0.0787404 0 -0.0707397 141.957 403 466066
-3.56054 45.1153 -0.249708 45.2655 -0.0787578 -0.0209824 -0.0707397 141.582 401 466066
-4.27265 45.0634 0.7 45.2655 -0.0945316 0 -0.0707397 141.207 399 466066
-4.27265 45.0534 -0.249708 45.2655 -0.0945525 -0.0209824 -0.0707397 141.394 400 466066
-7.24178 45.4595 0.7 46.0327 -0.157974 0 0.0707397 141.207 399 466066
-10.9985 45.2918 0.7 46.6081 -0.238224 0 0.0707397 134.144 356 466066
-10.9985 45.2918 0.7 46.6081 -0.238224 0 -0 141.457 395 466066
-11.7317 45.1075 0.7 46.6081 -0.254446 0 -0 140.144 388 466066
-11.78 45.2931 0.7 46.7999 -0.254446 0 -0 140.894 392 466066
-12.5162 45.0952 0.7 46.7999 -0.270736 0 -0 139.582 385 466066
-21.6137 42.1577 0.7 47.3753 -0.473746 0 0.0707397 131.707 343 466066
-21.6137 42.1577 0.7 47.3753 -0.473746 0 -0 137.519 374 466066
-14.9663 45.1513 0.7 47.5671 -0.320073 0 0.0707397 132.269 346 466066
-15.7147 44.8963 0.7 47.5671 -0.336693 0 0.0707397 133.019 350 466066
-21.7012 42.3284 0.7 47.5671 -0.473746 0 0.0707397 131.707 343 466066
-14.9663 45.1513 0.7 47.5671 -0.320073 0 -0 139.582 385 466066
-15.7147 44.8963 0.7 47.5671 -0.336693 0 -0 140.144 388 466066
-14.9663 45.1513 0.7 47.5671 -0.320073 0 -0.0707397 131.707 343 466066
-15.7147 44.8963 0.7 47.5671 -0.336693 0 -0.0707397 131.707 343 466066
25.0928 41.3106 0.7 48.3344 0.545856 0 0.0707397 131.894 344 466066
25.0928 41.2607 -1.32819 48.3344 0.546391 -0.041974 0.0707397 133.207 351 466066
25.0928 41.1984 -2.34229 48.3344 0.547063 -0.0629841 0.0707397 131.707 343 466066
-23.572 42.1968 0.7 48.3344 -0.509437 0 -0.0707397 131.894 344 466066
25.0928 41.3106 0.7 48.3344 0.545856 0 -0.0707397 132.644 348 466066
25.0928 41.2607 -1.32819 48.3344 0.546391 -0.041974 -0.0707397 132.644 348 466066
26.9304 40.8279 0.7 48.9098 0.583099 0 -0 135.144 356 466066
-23.8526 42.6498 -1.35234 48.9098 -0.50993 -0.041974 -0 134.019 350 466066
-25.3915 41.8024 0.7 48.9098 -0.545856 0 -0 134.394 352 466066
9.23327 48.0194 1.72617 48.9098 0.189964 0.0209824 -0 135.144 356 466066
8.46383 48.1719 0.7 48.9098 0.173925 0 -0 133.644 348 466066
10.0419 48.0637 0.7 49.1016 0.205967 0 0.0707397 138.707 375 466066
10.0419 48.0527 1.73019 49.1016 0.206013 0.0209824 0.0707397 138.707 375 466066
9.26948 48.2077 1.73019 49.1016 0.189964 0.0209824 0.0707397 139.082 377 466066
4.63474 48.8823 0.7 49.1016 0.0945316 0 0.0707397 137.957 371 466066
9.26948 48.2077 1.73019 49.1016 0.189964 0.0209824 -0 145.644 412 466066
4.63474 48.8823 0.7 49.1016 0.0945316 0 -0 145.644 412 466066
10.0419 48.0637 0.7 49.1016 0.205967 0 -0.0707397 137.019 366 466066
10.0419 48.0527 1.73019 49.1016 0.206013 0.0209824 -0.0707397 137.207 367 466066
9.26948 48.1746 2.76038 49.1016 0.190091 0.041974 -0.0707397 136.644 364 466066
9.26948 48.2077 1.73019 49.1016 0.189964 0.0209824 -0.0707397 138.332 373 466066
4.63474 48.8823 0.7 49.1016 0.0945316 0 -0.0707397 138.707 375 466066
4.63474 48.8715 1.73019 49.1016 0.0945525 0.0209824 -0.0707397 136.832 365 466066
22.6638 44.2058 0.7 49.677 0.473746 0 -0 134.207 351 466066
22.6638 44.1935 1.74226 49.677 0.473858 0.0209824 -0 132.707 343 466066
21.8822 44.5979 0.7 49.677 0.456145 0 -0 132.894 344 466066
8.5966 48.9164 1.74226 49.677 0.173964 0.0209824 -0 133.644 348 466066
6.25207 49.2379 2.78453 49.677 0.126301 0.041974 -0 133.644 348 466066
4.68905 49.4112 2.78453 49.677 0.0946152 0.041974 -0 132.707 343 466066
-28.2429 41.1003 0.7 49.8688 -0.602065 0 -0 135.894 360 466066
21.1822 45.1465 0.7 49.8688 0.438696 0 -0 136.269 362 466066
-24.6009 44.0387 0.7 50.4442 -0.509437 0 -0 133.082 345 466066
-24.6009 44.026 1.75836 50.4442 -0.50956 0.0209824 -0 134.957 355 466066
21.4266 45.6552 1.75836 50.4442 0.438799 0.0209824 -0 134.207 351 466066
20.633 46.0193 1.75836 50.4442 0.421486 0.0209824 -0 133.644 348 466066
19.0459 46.6985 1.75836 50.4442 0.387253 0.0209824 -0 133.082 345 466066
18.2523 47.0144 1.75836 50.4442 0.370317 0.0209824 -0 132.519 342 466066
18.3217 47.1931 1.76239 50.636 0.370317 0.0209824 -0 132.707 343 466066
3.22259 51.0986 1.77446 51.2114 0.0629827 0.0209824 -0 133.269 346 466066
32.3466 39.9498 0.7 51.4032 0.680617 0 -0 133.082 345 466066
4.85199 51.1737 0.7 51.4032 0.0945316 0 -0 133.457 347 466066
20.4429 47.7773 1.79055 51.9786 0.404307 0.0209824 0.0707397 134.269 346 466066
19.6252 48.1313 0.7 51.9786 0.387164 0 0.0707397 136.894 360 466066
19.6252 48.119 1.79055 51.9786 0.387253 0.0209824 0.0707397 138.582 369 466066
18.8075 48.4444 1.79055 51.9786 0.370317 0.0209824 0.0707397 134.269 346 466066
20.4429 47.7773 1.79055 51.9786 0.404307 0.0209824 -0 141.207 383 466066
19.6252 48.1313 0.7 51.9786 0.387164 0 -0 142.894 392 466066
19.6252 48.119 1.79055 51.9786 0.387253 0.0209824 -0 144.957 403 466066
19.6252 48.1313 0.7 51.9786 0.387164 0 -0.0707397 133.894 344 466066
19.6252 48.119 1.79055 51.9786 0.387253 0.0209824 -0.0707397 135.957 355 466066
19.6976 48.3089 0.7 52.1704 0.387164 0 0.0707397 135.582 353 466066
19.6976 48.2965 1.79458 52.1704 0.387253 0.0209824 0.0707397 136.332 357 466066
19.6976 48.3089 0.7 52.1704 0.387164 0 -0 142.144 388 466066
19.6976 48.2965 1.79458 52.1704 0.387253 0.0209824 -0 142.894 392 466066
18.8769 48.6355 0.7 52.1704 0.370232 0 -0 138.582 369 466066
18.8769 48.6232 1.79458 52.1704 0.370317 0.0209824 -0 138.957 371 466066
19.6976 48.3089 0.7 52.1704 0.387164 0 -0.0707397 134.082 345 466066
19.6976 48.2965 1.79458 52.1704 0.387253 0.0209824 -0.0707397 134.269 346 466066
0 52.7458 0.7 52.7458 0 0 0.0707397 148.519 422 466066
0 52.7342 1.80665 52.7458 0 0.0209824 0.0707397 147.207 415 466066
-0.829787 52.7393 0.7 52.7458 -0.0157325 0 0.0707397 147.957 419 466066
-0.829787 52.7277 1.80665 52.7458 -0.0157359 0.0209824 0.0707397 147.207 415 466066
0 52.7458 0.7 52.7458 0 0 -0 155.832 461 466066
0 52.7342 1.80665 52.7458 0 0.0209824 -0 154.707 455 466066
-0.829787 52.7393 0.7 52.7458 -0.0157325 0 -0 155.269 458 466066
-0.829787 52.7277 1.80665 52.7458 -0.0157359 0.0209824 -0 154.707 455 466066
0 52.7458 0.7 52.7458 0 0 -0.0707397 148.894 424 466066
0 52.7342 1.80665 52.7458 0 0.0209824 -0.0707397 147.957 419 466066
-0.829787 52.7393 0.7 52.7458 -0.0157325 0 -0.0707397 148.894 424 466066
-0.829787 52.7277 1.80665 52.7458 -0.0157359 0.0209824 -0.0707397 148.144 420 466066
1.66561 52.8998 1.81068 52.9376 0.0314757 0.0209824 0.0707397 140.082 377 466066
1.66561 52.8648 2.92135 52.9376 0.0314966 0.041974 -0 146.832 413 466066
1.66561 52.8998 1.81068 52.9376 0.0314757 0.0209824 -0 148.332 421 466066
0.832805 52.8844 2.92135 52.9376 0.0157463 0.041974 -0 146.082 409 466066
0.832805 52.9194 1.81068 52.9376 0.0157359 0.0209824 -0 146.832 413 466066
1.66561 52.8648 2.92135 52.9376 0.0314966 0.041974 -0.0707397 139.707 375 466066
1.66561 52.8998 1.81068 52.9376 0.0314757 0.0209824 -0.0707397 141.207 383 466066
-2.52557 53.4534 0.7 53.513 -0.047213 0 0.0707397 149.644 428 466066
-2.52557 53.4416 -0.422748 53.513 -0.0472234 -0.0209824 0.0707397 148.144 420 466066
-3.36743 53.407 0.7 53.513 -0.0629689 0 0.0707397 148.519 422 466066
-2.52557 53.4534 0.7 53.513 -0.047213 0 -0 157.144 468 466066
-2.52557 53.4416 -0.422748 53.513 -0.0472234 -0.0209824 -0 154.894 456 466066
-3.36743 53.407 0.7 53.513 -0.0629689 0 -0 155.832 461 466066
-2.52557 53.4534 0.7 53.513 -0.047213 0 -0.0707397 149.082 425 466066
-2.52557 53.4416 -0.422748 53.513 -0.0472234 -0.0209824 -0.0707397 147.394 416 466066
-3.36743 53.407 0.7 53.513 -0.0629689 0 -0.0707397 148.144 420 466066
-3.3795 53.5866 -0.426772 53.7048 -0.0629827 -0.0209824 0.0707397 141.582 385 466066
-4.22437 53.5384 0.7 53.7048 -0.0787404 0 0.0707397 143.832 397 466066
-4.22437 53.5266 -0.426772 53.7048 -0.0787578 -0.0209824 0.0707397 145.144 404 466066
-4.22437 53.5266 -0.426772 53.7048 -0.0787578 -0.0209824 -0 151.707 439 466066
-3.3795 53.5984 0.7 53.7048 -0.0629689 0 -0.0707397 142.144 388 466066
-3.3795 53.5866 -0.426772 53.7048 -0.0629827 -0.0209824 -0.0707397 141.957 387 466066
-4.22437 53.5384 0.7 53.7048 -0.0787404 0 -0.0707397 144.394 400 466066
-4.22437 53.5266 -0.426772 53.7048 -0.0787578 -0.0209824 -0.0707397 144.019 398 466066
40.554 35.2077 0.7 53.7048 0.855848 0 -0.0707397 140.082 377 466066
-9.39319 53.4613 0.7 54.2802 -0.173925 0 0.0707397 149.082 425 466066
-9.39319 53.4613 0.7 54.2802 -0.173925 0 -0.0707397 149.832 429 466066
-12.8542 52.9337 0.7 54.472 -0.238224 0 0.0707397 141.019 382 466066
-41.1333 35.7107 0.7 54.472 -0.855848 0 0.0707397 141.207 383 466066
-41.1333 35.7107 0.7 54.472 -0.855848 0 -0.0707397 141.394 384 466066
0 55.0353 1.85494 55.0475 0 0.0209824 0.0707397 140.707 375 466066
-0.865996 55.0285 1.85494 55.0475 -0.0157359 0.0209824 0.0707397 140.144 372 466066
0.865996 55.0285 1.85494 55.0475 0.0157359 0.0209824 0.0707397 140.144 372 466066
0.865996 55.0285 1.85494 55.0475 0.0157359 0.0209824 -0 148.207 415 466066
0.865996 55.0285 1.85494 55.0475 0.0157359 0.0209824 -0.0707397 140.894 376 466066
0 55.2271 1.85897 55.2393 0 0.0209824 0.0707397 134.707 343 466066
-0.869014 55.2203 1.85897 55.2393 -0.0157359 0.0209824 0.0707397 137.894 360 466066
1.73803 55.1632 -1.61793 55.2393 0.0314966 -0.041974 0.0707397 134.519 342 466066
-0.869014 55.2203 1.85897 55.2393 -0.0157359 0.0209824 -0 145.394 400 466066
0 55.2271 1.85897 55.2393 0 0.0209824 -0.0707397 134.707 343 466066
-0.869014 55.1838 -1.61793 55.2393 -0.0157463 -0.041974 -0.0707397 137.519 358 466066
-0.869014 55.2203 1.85897 55.2393 -0.0157359 0.0209824 -0.0707397 139.207 367 466066
-4.40542 55.8329 0.7 56.0065 -0.0787404 0 0.0707397 137.894 360 466066
-4.40542 55.7835 -1.65013 56.0065 -0.07881 -0.041974 0.0707397 139.207 367 466066
-4.40542 55.8206 1.87506 56.0065 -0.0787578 0.0209824 0.0707397 138.082 361 466066
-4.40542 55.7835 -1.65013 56.0065 -0.07881 -0.041974 -0.0707397 141.832 381 466066
-19.6494 53.2649 0.7 56.7737 -0.353411 0 0.0707397 142.019 382 466066
-19.6494 53.2516 -0.491159 56.7737 -0.353492 -0.0209824 0.0707397 139.957 371 466066
-20.5425 52.9269 0.7 56.7737 -0.370232 0 0.0707397 142.394 384 466066
-20.5425 52.9135 -0.491159 56.7737 -0.370317 -0.0209824 0.0707397 138.082 361 466066
-19.6494 53.2649 0.7 56.7737 -0.353411 0 -0 149.144 420 466066
-19.6494 53.2516 -0.491159 56.7737 -0.353492 -0.0209824 -0 147.269 410 466066
-20.5425 52.9269 0.7 56.7737 -0.370232 0 -0 149.519 422 466066
-20.5425 52.9135 -0.491159 56.7737 -0.370317 -0.0209824 -0 145.582 401 466066
-19.6494 53.2649 0.7 56.7737 -0.353411 0 -0.0707397 141.832 381 466066
-19.6494 53.2516 -0.491159 56.7737 -0.353492 -0.0209824 -0.0707397 139.582 369 466066
-20.5425 52.9269 0.7 56.7737 -0.370232 0 -0.0707397 141.832 381 466066
-20.5425 52.9135 -0.491159 56.7737 -0.370317 -0.0209824 -0.0707397 137.894 360 466066
-16.2397 54.9491 -1.70646 57.3491 -0.287361 -0.041974 -0 139.394 368 466066
-19.8485 53.8048 0.7 57.3491 -0.353411 0 -0 140.894 376 466066
-15.3888 55.3923 -1.71451 57.5409 -0.270981 -0.041974 0.0707397 142.019 382 466066
-16.294 55.1328 -1.71451 57.5409 -0.287361 -0.041974 0.0707397 146.519 406 466066
-16.294 55.0667 -2.92177 57.5409 -0.287687 -0.0629841 0.0707397 141.832 381 466066
-17.1992 54.8572 -1.71451 57.5409 -0.303821 -0.041974 0.0707397 142.582 385 466066
-16.294 55.1328 -1.71451 57.5409 -0.287361 -0.041974 -0 153.457 443 466066
-17.1992 54.8572 -1.71451 57.5409 -0.303821 -0.041974 -0 149.519 422 466066
-15.3888 55.3923 -1.71451 57.5409 -0.270981 -0.041974 -0.0707397 140.894 376 466066
-16.294 55.1328 -1.71451 57.5409 -0.287361 -0.041974 -0.0707397 145.957 403 466066
-17.1992 54.8572 -1.71451 57.5409 -0.303821 -0.041974 -0.0707397 141.644 380 466066
-15.5427 55.9994 0.7 58.1163 -0.270736 0 -0 136.957 355 466066
30.1711 49.6561 1.91933 58.1163 0.54599 0.0209824 -0 134.144 340 466066
29.2568 50.2002 1.91933 58.1163 0.527678 0.0209824 -0 134.332 341 466066
27.4282 51.2367 0.7 58.1163 0.491506 0 -0 135.644 348 466066
27.4282 51.2222 1.91933 58.1163 0.491624 0.0209824 -0 136.207 351 466066
26.514 51.7013 1.91933 58.1163 0.473858 0.0209824 -0 135.269 346 466066
-33.8282 47.2406 1.91933 58.1163 -0.621438 0.0209824 -0 134.144 340 466066
-14.9181 57.2375 4.43042 59.2671 -0.254962 0.0629841 -0 136.269 346 466066
-27.214 53.0664 1.95152 59.6507 -0.473858 0.0209824 -0 135.144 340 466066
-28.1524 52.5746 1.95152 59.6507 -0.491624 0.0209824 -0 135.144 340 466066
30.0292 51.5408 0.7 59.6507 0.52755 0 -0 136.269 346 466066
30.0292 51.48 3.20304 59.6507 0.528064 0.041974 -0 135.332 341 466066
30.0292 51.5256 1.95152 59.6507 0.527678 0.0209824 -0 138.894 360 466066
29.0908 52.0762 0.7 59.6507 0.509437 0 -0 135.707 343 466066
29.0908 52.0612 1.95152 59.6507 0.50956 0.0209824 -0 138.144 356 466066
28.2429 52.7436 1.95555 59.8425 0.491624 0.0209824 0.0707397 135.332 341 466066
31.0672 51.131 1.95555 59.8425 0.54599 0.0209824 -0 137.394 352 466066
30.1258 51.6913 1.95555 59.8425 0.527678 0.0209824 -0 136.832 349 466066
29.1844 52.2286 1.95555 59.8425 0.50956 0.0209824 -0 137.019 350 466066
28.2429 52.6988 3.21109 59.8425 0.491978 0.041974 -0 136.832 349 466066
28.2429 52.7436 1.95555 59.8425 0.491624 0.0209824 -0 139.644 364 466066
27.3015 53.237 1.95555 59.8425 0.473858 0.0209824 -0 137.582 353 466066
30.2224 51.811 -1.81914 60.0343 0.528064 -0.041974 -0 135.144 340 466066
39.9203 45.3508 0.7 60.4179 0.721799 0 -0 135.894 344 466066
30.4155 52.1421 3.23524 60.4179 0.528064 0.041974 -0 136.269 346 466066
30.4155 52.1883 1.96762 60.4179 0.527678 0.0209824 -0 137.957 355 466066
29.465 52.685 3.23524 60.4179 0.50993 0.041974 -0 134.957 339 466066
29.465 52.7308 1.96762 60.4179 0.50956 0.0209824 -0 136.644 348 466066
-30.512 52.354 1.97164 60.6097 -0.527678 0.0209824 -0 135.707 343 466066
30.512 52.3694 0.7 60.6097 0.52755 0 -0 137.019 350 466066
30.512 52.354 1.97164 60.6097 0.527678 0.0209824 -0 139.082 361 466066
29.5585 52.9135 0.7 60.6097 0.509437 0 -0 138.519 358 466066
29.5585 52.8982 1.97164 60.6097 0.50956 0.0209824 -0 140.207 367 466066
-27.739 54.1052 0.7 60.8015 -0.473746 0 -0 135.332 341 466066
-29.6521 53.0809 0.7 60.8015 -0.509437 0 -0 135.332 341 466066
-29.6521 53.0656 1.97567 60.8015 -0.50956 0.0209824 -0 136.832 349 466066
-30.6086 52.5352 0.7 60.8015 -0.52755 0 -0 137.019 350 466066
-30.6086 52.5197 1.97567 60.8015 -0.527678 0.0209824 -0 137.582 353 466066
-31.5651 51.9504 1.97567 60.8015 -0.54599 0.0209824 -0 135.332 341 466066
-23.1737 56.8341 0.7 61.377 -0.387164 0 -0 135.894 344 466066
33.2398 52.4425 3.30767 62.1442 0.564926 0.041974 -0 136.144 340 466066
33.2398 52.4911 2.00384 62.1442 0.564507 0.0209824 -0 138.207 351 466066
34.323 52.0192 2.00786 62.336 0.583244 0.0209824 -0 136.519 342 466066
33.3424 52.6044 3.31572 62.336 0.564926 0.041974 -0 135.957 339 466066
33.3424 52.6531 2.00786 62.336 0.564507 0.0209824 -0 138.207 351 466066
-6.99133 63.0866 -0.632006 63.4868 -0.110371 -0.0209824 -0 137.082 345 466066
37.4008 52.2471 0.7 64.254 0.621281 0 -0 136.894 344 466066
37.4008 52.1775 3.39621 64.254 0.621912 0.041974 -0 136.894 344 466066
37.4008 52.2297 2.0481 64.254 0.621438 0.0209824 -0 139.894 360 466066
36.3899 52.8874 3.39621 64.254 0.60267 0.041974 -0 137.832 349 466066
36.3899 52.9389 2.0481 64.254 0.602216 0.0209824 -0 139.144 356 466066
-9.23327 64.5561 0.7 65.213 -0.142064 0 -0 136.894 344 466066
-46.3353 48.3105 0.7 66.9392 -0.764533 0 -0 139.582 353 466066
-47.3884 47.2779 0.7 66.9392 -0.786565 0 -0 137.707 343 466066
13.7684 65.8848 2.11249 67.3228 0.206013 0.0209824 -0 137.707 343 466066
12.7093 66.0519 3.52498 67.3228 0.190091 0.041974 -0 138.082 345 466066
12.7093 66.0972 2.11249 67.3228 0.189964 0.0209824 -0 140.144 356 466066
2.1665 68.808 2.14468 68.8573 0.0314757 0.0209824 -0 138.269 346 466066
2.17253 69.0149 0.7 69.0491 0.0314688 0 -0 137.332 341 466066
2.17253 68.954 3.59741 69.0491 0.0314966 0.041974 -0 137.707 343 466066
2.17253 68.9997 2.14871 69.0491 0.0314757 0.0209824 -0 141.832 365 466066
1.08627 69.0253 2.14871 69.0491 0.0157359 0.0209824 -0 140.707 359 466066
-13.3611 69.5027 0.7 70.7753 -0.189921 0 -0 138.894 344 466066
-13.3611 69.4392 3.66985 70.7753 -0.190091 0.041974 -0 142.269 362 466066
-13.3611 69.4868 2.18492 70.7753 -0.189964 0.0209824 -0 143.019 366 466066
-14.4745 69.2157 3.66985 70.7753 -0.206151 0.041974 -0 140.394 352 466066
-14.4745 69.2635 2.18492 70.7753 -0.206013 0.0209824 -0 139.832 349 466066
2.26306 71.8747 2.20907 71.9261 0.0314757 0.0209824 0.0707397 138.332 341 466066
2.26306 71.8905 0.7 71.9261 0.0314688 0 -0 143.394 368 466066
2.26306 71.8747 2.20907 71.9261 0.0314757 0.0209824 -0 145.644 380 466066
1.13153 71.9014 2.20907 71.9261 0.0157359 0.0209824 -0 141.332 357 466066
2.26306 71.8747 2.20907 71.9261 0.0314757 0.0209824 -0.0707397 139.082 345 466066
2.26909 72.0822 0.7 72.1179 0.0314688 0 -0 140.207 351 466066
2.26909 72.0187 3.72619 72.1179 0.0314966 0.041974 -0 138.707 343 466066
2.26909 72.0663 2.21309 72.1179 0.0314757 0.0209824 -0 144.144 372 466066
1.13455 72.0931 2.21309 72.1179 0.0157359 0.0209824 -0 142.644 364 466066
24.1423 68.8203 5.29964 73.0769 0.337389 0.0629841 -0 140.019 350 466066
24.1423 68.9056 3.76643 73.0769 0.337002 0.041974 -0 140.957 355 466066
22.9927 69.2977 3.76643 73.0769 0.320366 0.041974 -0 139.082 345 466066
