1.43629 2.22362 0.249291 2.68524 0.573504 -0.168645 -0 98.5192 422 305194
1.39404 2.25034 0.249291 2.68524 0.554621 -0.168645 -0 98.7067 423 305194
-1.24921 3.19808 0.337823 3.45245 -0.372386 -0.105098 3.67847 105.332 437 305194
-1.14058 3.21892 1.20705 3.45245 -0.340533 0.147399 1.48553 108.894 456 305194
-1.19489 3.19915 1.20705 3.45245 -0.357458 0.147399 1.48553 112.082 473 305194
-1.19489 3.20979 1.13461 3.45245 -0.356371 0.12622 1.48553 111.894 472 305194
-1.24921 3.18905 1.13461 3.45245 -0.373346 0.12622 1.48553 107.207 447 305194
-1.30352 3.19609 0.627565 3.45245 -0.387253 -0.0209824 1.76849 105.894 440 305194
-1.12851 3.02142 1.17888 3.26065 -0.357458 0.147399 1.41479 113.957 483 305194
-1.12851 3.03147 1.11047 3.26065 -0.356371 0.12622 1.41479 114.519 486 305194
-1.17981 3.01188 1.11047 3.26065 -0.373346 0.12622 1.41479 111.707 471 305194
-1.19489 3.19915 1.20705 3.45245 -0.357458 0.147399 1.41479 117.332 501 305194
-1.19489 3.20979 1.13461 3.45245 -0.356371 0.12622 1.41479 117.332 501 305194
-1.24921 3.18905 1.13461 3.45245 -0.373346 0.12622 1.41479 114.332 485 305194
-1.12851 3.02142 1.17888 3.26065 -0.357458 0.147399 1.48553 109.269 458 305194
-1.12851 3.03147 1.11047 3.26065 -0.356371 0.12622 1.48553 110.957 467 305194
-1.17981 3.01188 1.11047 3.26065 -0.373346 0.12622 1.48553 106.082 441 305194
-1.08627 3.25704 1.06218 3.45245 -0.321913 0.105098 1.27332 108.332 453 305194
-1.08627 3.26428 0.989741 3.45245 -0.321247 0.0840222 1.27332 111.707 471 305194
-1.14058 3.2457 0.989741 3.45245 -0.337933 0.0840222 1.27332 111.332 469 305194
-1.19489 3.18683 1.27948 3.45245 -0.358725 0.168645 1.27332 110.019 462 305194
-1.24921 3.16593 1.27948 3.45245 -0.375824 0.168645 1.27332 110.582 465 305194
-1.08627 3.2699 0.917306 3.45245 -0.320732 0.0629841 1.34406 109.269 458 305194
-1.14058 3.2457 0.989741 3.45245 -0.337933 0.0840222 1.34406 109.832 461 305194
-1.14058 3.25135 0.917306 3.45245 -0.337389 0.0629841 1.34406 110.394 464 305194
-1.19489 3.18683 1.27948 3.45245 -0.358725 0.168645 1.34406 109.457 459 305194
-1.24921 3.16593 1.27948 3.45245 -0.375824 0.168645 1.34406 108.894 456 305194
-1.08627 3.26428 0.989741 3.45245 -0.321247 0.0840222 1.20258 110.957 467 305194
-1.14058 3.2457 0.989741 3.45245 -0.337933 0.0840222 1.20258 108.332 453 305194
-1.08627 3.27391 0.844871 3.45245 -0.320366 0.041974 1.0611 110.207 463 305194
-1.08627 3.27631 0.772435 3.45245 -0.320146 0.0209824 1.0611 109.269 458 305194
-1.08627 3.27631 0.772435 3.45245 -0.320146 0.0209824 0.990356 109.269 458 305194
-1.08627 3.27711 0.7 3.45245 -0.320073 0 0.778137 108.519 454 305194
-1.08627 3.27631 0.772435 3.45245 -0.320146 0.0209824 0.778137 110.394 464 305194
-1.08627 3.27711 0.7 3.45245 -0.320073 0 0.848877 112.457 475 305194
-1.08627 3.27631 0.772435 3.45245 -0.320146 0.0209824 0.848877 109.644 460 305194
-1.02592 3.08293 0.973645 3.26065 -0.321247 0.0840222 1.20258 110.019 462 305194
-1.02592 3.08293 0.973645 3.26065 -0.321247 0.0840222 1.27332 111.332 469 305194
-1.07721 3.06538 0.973645 3.26065 -0.337933 0.0840222 1.27332 109.644 460 305194
-1.17981 2.99005 1.24729 3.26065 -0.375824 0.168645 1.27332 106.644 444 305194
-1.08627 3.27711 0.7 3.45245 -0.320073 0 0.636658 111.519 470 305194
-1.08627 3.27631 0.627565 3.45245 -0.320146 -0.0209824 0.636658 116.394 496 305194
-1.08627 3.27391 0.555129 3.45245 -0.320366 -0.041974 0.636658 112.269 474 305194
-1.14058 3.2578 0.627565 3.45245 -0.336771 -0.0209824 0.636658 114.144 484 305194
-1.02592 3.09429 0.631589 3.26065 -0.320146 -0.0209824 0.565918 113.582 481 305194
-1.02592 3.09202 0.563178 3.26065 -0.320366 -0.041974 0.565918 110.207 463 305194
-1.07721 3.07681 0.631589 3.26065 -0.336771 -0.0209824 0.565918 110.582 465 305194
-1.08627 3.27631 0.627565 3.45245 -0.320146 -0.0209824 0.565918 120.519 518 305194
-1.08627 3.27391 0.555129 3.45245 -0.320366 -0.041974 0.565918 116.957 499 305194
-1.14058 3.2578 0.627565 3.45245 -0.336771 -0.0209824 0.565918 116.957 499 305194
-1.08627 3.2699 0.917306 3.45245 -0.320732 0.0629841 1.13184 108.707 455 305194
-1.30352 3.12974 1.35192 3.45245 -0.394645 0.189968 1.13184 105.519 438 305194
-1.30352 3.14396 1.27948 3.45245 -0.393039 0.168645 1.13184 105.707 439 305194
-1.02592 3.08293 0.973645 3.26065 -0.321247 0.0840222 1.34406 109.269 458 305194
-1.02592 3.08824 0.905234 3.26065 -0.320732 0.0629841 1.34406 108.332 453 305194
-1.07721 3.06538 0.973645 3.26065 -0.337933 0.0840222 1.34406 110.394 464 305194
-1.07721 3.07072 0.905234 3.26065 -0.337389 0.0629841 1.34406 108.519 454 305194
-1.02592 3.09429 0.631589 3.26065 -0.320146 -0.0209824 0.636658 110.019 462 305194
-1.02592 3.09429 0.631589 3.26065 -0.320146 -0.0209824 0.495178 111.144 468 305194
-1.02592 3.09202 0.563178 3.26065 -0.320366 -0.041974 0.495178 111.144 468 305194
-1.03195 3.29382 0.627565 3.45245 -0.303613 -0.0209824 0.495178 113.394 480 305194
-1.03195 3.29143 0.555129 3.45245 -0.303821 -0.041974 0.495178 113.957 483 305194
-1.08627 3.27631 0.627565 3.45245 -0.320146 -0.0209824 0.495178 117.144 500 305194
-1.08627 3.27391 0.555129 3.45245 -0.320366 -0.041974 0.495178 116.394 496 305194
-1.02592 3.09429 0.631589 3.26065 -0.320146 -0.0209824 0.424438 108.332 453 305194
-1.02592 3.09202 0.563178 3.26065 -0.320366 -0.041974 0.424438 110.957 467 305194
-1.03195 3.29382 0.627565 3.45245 -0.303613 -0.0209824 0.424438 113.207 479 305194
-1.03195 3.29143 0.555129 3.45245 -0.303821 -0.041974 0.424438 115.082 489 305194
-1.08627 3.27631 0.627565 3.45245 -0.320146 -0.0209824 0.424438 115.644 492 305194
-1.08627 3.27391 0.555129 3.45245 -0.320366 -0.041974 0.424438 117.519 502 305194
-1.03195 3.28185 0.410259 3.45245 -0.304653 -0.0840222 0.282959 119.207 511 305194
-1.08627 3.2699 0.482694 3.45245 -0.320732 -0.0629841 0.282959 115.832 493 305194
-1.08627 3.26428 0.410259 3.45245 -0.321247 -0.0840222 0.282959 120.144 516 305194
-1.08627 3.25704 0.337823 3.45245 -0.321913 -0.105098 0.282959 115.832 493 305194
-1.03195 3.28185 0.410259 3.45245 -0.304653 -0.0840222 0.212219 116.394 496 305194
-1.03195 3.27465 0.337823 3.45245 -0.305283 -0.105098 0.212219 114.144 484 305194
-1.08627 3.26428 0.410259 3.45245 -0.321247 -0.0840222 0.212219 116.957 499 305194
-1.08627 3.25704 0.337823 3.45245 -0.321913 -0.105098 0.212219 114.519 486 305194
-0.974623 3.09953 0.426355 3.26065 -0.304653 -0.0840222 0.212219 111.707 471 305194
-0.974623 3.09273 0.357944 3.26065 -0.305283 -0.105098 0.212219 110.582 465 305194
-1.02592 3.08293 0.426355 3.26065 -0.321247 -0.0840222 0.212219 112.457 475 305194
-1.02592 3.07609 0.357944 3.26065 -0.321913 -0.105098 0.212219 110.957 467 305194
-0.974623 3.09953 0.426355 3.26065 -0.304653 -0.0840222 0.353699 110.019 462 305194
-1.02592 3.08293 0.426355 3.26065 -0.321247 -0.0840222 0.353699 110.957 467 305194
-0.974623 3.09953 0.426355 3.26065 -0.304653 -0.0840222 0.282959 115.082 489 305194
-0.974623 3.09273 0.357944 3.26065 -0.305283 -0.105098 0.282959 111.332 469 305194
-1.02592 3.08824 0.494766 3.26065 -0.320732 -0.0629841 0.282959 111.894 472 305194
-1.02592 3.08293 0.426355 3.26065 -0.321247 -0.0840222 0.282959 116.207 495 305194
-1.02592 3.07609 0.357944 3.26065 -0.321913 -0.105098 0.282959 111.894 472 305194
1.26731 2.53734 0.217098 2.87704 0.463219 -0.168645 -0 105.707 439 305194
1.22205 2.55945 0.217098 2.87704 0.445458 -0.168645 -0 104.957 435 305194
1.30352 2.74145 0.249291 3.06885 0.443845 -0.147399 -0 102.332 421 305194
1.15868 2.80573 0.249291 3.06885 0.391638 -0.147399 -0 103.644 428 305194
1.06213 2.82027 0.120517 3.06885 0.360177 -0.189968 -0 100.832 413 305194
1.06213 2.80627 0.0561301 3.06885 0.361822 -0.211379 -0 99.1442 404 305194
0.917292 2.87064 0.120517 3.06885 0.309288 -0.189968 -0 99.8942 408 305194
0.917292 2.85689 0.0561301 3.06885 0.310683 -0.211379 -0 99.1442 404 305194
-0.965571 2.91228 0.635613 3.06885 -0.320146 -0.0209824 0.565918 108.707 455 305194
1.12851 3.03147 0.289533 3.26065 0.356371 -0.12622 0.0707397 98.9567 403 305194
1.12851 3.02142 0.221122 3.26065 0.357458 -0.147399 0.0707397 102.332 421 305194
1.07721 3.04009 0.221122 3.26065 0.340533 -0.147399 0.0707397 97.8317 397 305194
1.12851 3.02142 0.221122 3.26065 0.357458 -0.147399 -0 109.644 460 305194
1.12851 3.02142 0.221122 3.26065 0.357458 -0.147399 -0.0707397 102.707 423 305194
-1.03195 3.26583 0.265388 3.45245 -0.306057 -0.12622 0.0707397 110.394 464 305194
-1.03195 3.25537 0.192952 3.45245 -0.30698 -0.147399 0.0707397 111.144 468 305194
-1.08627 3.24816 0.265388 3.45245 -0.322733 -0.12622 0.0707397 111.519 470 305194
-1.08627 3.23765 0.192952 3.45245 -0.323709 -0.147399 0.0707397 111.894 472 305194
-1.03195 3.26583 0.265388 3.45245 -0.306057 -0.12622 -0 108.894 456 305194
-1.03195 3.25537 0.192952 3.45245 -0.30698 -0.147399 -0 111.894 472 305194
-1.03195 3.24326 0.120517 3.45245 -0.308055 -0.168645 -0 109.082 457 305194
-1.08627 3.24816 0.265388 3.45245 -0.322733 -0.12622 -0 109.269 458 305194
-1.08627 3.23765 0.192952 3.45245 -0.323709 -0.147399 -0 111.707 471 305194
-1.03195 3.28744 0.482694 3.45245 -0.304167 -0.0629841 0.353699 110.957 467 305194
-1.03195 3.28185 0.410259 3.45245 -0.304653 -0.0840222 0.353699 113.207 479 305194
-1.08627 3.2699 0.482694 3.45245 -0.320732 -0.0629841 0.353699 111.894 472 305194
-1.08627 3.26428 0.410259 3.45245 -0.321247 -0.0840222 0.353699 114.332 485 305194
-1.31861 3.39647 0.62354 3.64426 -0.370317 -0.0209824 1.76849 110.582 449 305194
-1.37594 3.37366 0.62354 3.64426 -0.387253 -0.0209824 1.76849 111.519 454 305194
-1.31861 3.39647 0.62354 3.64426 -0.370317 -0.0209824 1.69775 109.082 441 305194
-1.43327 3.34271 0.929379 3.64426 -0.405063 0.0629841 1.62701 105.519 422 305194
-1.20395 3.31501 1.61751 3.64426 -0.348368 0.254509 1.34406 111.332 453 305194
1.71992 3.17994 0.241243 3.64426 0.495804 -0.12622 0.0707397 100.644 396 305194
1.43327 3.31902 0.241243 3.64426 0.407646 -0.12622 0.0707397 99.7067 391 305194
1.37594 3.34319 0.241243 3.64426 0.390435 -0.12622 0.0707397 101.019 398 305194
1.08928 3.45658 0.317702 3.64426 0.305283 -0.105098 0.0707397 100.082 393 305194
1.08928 3.44726 0.241243 3.64426 0.306057 -0.12622 0.0707397 100.832 397 305194
1.94925 3.04476 0.241243 3.64426 0.569452 -0.12622 -0.0707397 98.5817 385 305194
1.71992 3.17994 0.241243 3.64426 0.495804 -0.12622 -0.0707397 100.082 393 305194
1.43327 3.31902 0.241243 3.64426 0.407646 -0.12622 -0.0707397 99.3317 389 305194
1.5087 3.4937 0.217098 3.83606 0.407646 -0.12622 0.0707397 100.832 397 305194
1.44836 3.51915 0.217098 3.83606 0.390435 -0.12622 0.0707397 101.957 403 305194
1.14662 3.6385 0.297581 3.83606 0.305283 -0.105098 0.0707397 102.332 405 305194
1.14662 3.6287 0.217098 3.83606 0.306057 -0.12622 0.0707397 101.582 401 305194
1.08627 3.65697 0.297581 3.83606 0.288739 -0.105098 0.0707397 101.957 403 305194
1.5087 3.4937 0.217098 3.83606 0.407646 -0.12622 -0.0707397 102.894 408 305194
1.44836 3.52926 0.297581 3.83606 0.389427 -0.105098 -0.0707397 102.332 405 305194
1.44836 3.51915 0.217098 3.83606 0.390435 -0.12622 -0.0707397 103.644 412 305194
1.14662 3.6385 0.297581 3.83606 0.305283 -0.105098 -0.0707397 102.332 405 305194
1.52077 3.70572 0.27746 4.02786 0.389427 -0.105098 0.0707397 104.582 417 305194
1.52077 3.69511 0.192952 4.02786 0.390435 -0.12622 0.0707397 103.644 412 305194
1.14058 3.83982 0.27746 4.02786 0.288739 -0.105098 0.0707397 103.832 413 305194
1.52077 3.70572 0.27746 4.02786 0.389427 -0.105098 -0.0707397 104.582 417 305194
1.20395 3.82043 0.27746 4.02786 0.305283 -0.105098 -0.0707397 104.582 417 305194
1.14058 3.83982 0.27746 4.02786 0.288739 -0.105098 -0.0707397 104.582 417 305194
1.59319 3.88219 0.257339 4.21967 0.389427 -0.105098 -0 116.019 478 305194
1.19489 4.02267 0.257339 4.21967 0.288739 -0.105098 -0 116.582 481 305194
1.12851 4.04179 0.257339 4.21967 0.272276 -0.105098 -0 116.394 480 305194
1.59319 3.88219 0.257339 4.21967 0.389427 -0.105098 -0.0707397 108.894 440 305194
1.19489 4.02267 0.257339 4.21967 0.288739 -0.105098 -0.0707397 108.894 440 305194
1.12851 4.04179 0.257339 4.21967 0.272276 -0.105098 -0.0707397 109.082 441 305194
1.17981 4.22551 0.237219 4.41147 0.272276 -0.105098 0.0707397 106.832 413 305194
1.44836 4.35237 0.313678 4.60327 0.321247 -0.0840222 0.0707397 111.707 439 305194
1.44836 4.34272 0.217098 4.60327 0.321913 -0.105098 0.0707397 111.894 440 305194
1.37594 4.3662 0.217098 4.60327 0.305283 -0.105098 0.0707397 110.207 431 305194
1.44836 4.35237 0.313678 4.60327 0.321247 -0.0840222 -0 119.394 480 305194
1.44836 4.34272 0.217098 4.60327 0.321913 -0.105098 -0 119.582 481 305194
1.44836 4.35237 0.313678 4.60327 0.321247 -0.0840222 -0.0707397 112.644 444 305194
1.44836 4.34272 0.217098 4.60327 0.321913 -0.105098 -0.0707397 112.832 445 305194
1.20696 4.62321 0.297581 4.79507 0.255367 -0.0840222 0.0707397 110.019 430 305194
1.20696 4.61334 0.196977 4.79507 0.255889 -0.105098 0.0707397 109.269 426 305194
1.13153 4.64225 0.297581 4.79507 0.239084 -0.0840222 0.0707397 110.582 433 305194
1.13153 4.63242 0.196977 4.79507 0.239572 -0.105098 0.0707397 110.019 430 305194
1.20696 4.62321 0.297581 4.79507 0.255367 -0.0840222 -0 117.519 470 305194
1.20696 4.61334 0.196977 4.79507 0.255889 -0.105098 -0 117.519 470 305194
1.13153 4.64225 0.297581 4.79507 0.239084 -0.0840222 -0 118.082 473 305194
1.13153 4.63242 0.196977 4.79507 0.239572 -0.105098 -0 117.894 472 305194
1.20696 4.62321 0.297581 4.79507 0.255367 -0.0840222 -0.0707397 111.144 436 305194
1.20696 4.61334 0.196977 4.79507 0.255889 -0.105098 -0.0707397 110.957 435 305194
1.13153 4.64225 0.297581 4.79507 0.239084 -0.0840222 -0.0707397 111.519 438 305194
1.13153 4.63242 0.196977 4.79507 0.239572 -0.105098 -0.0707397 111.332 437 305194
1.46646 4.956 0.374041 5.17868 0.287687 -0.0629841 0.0707397 106.582 401 305194
1.46646 4.94766 0.265388 5.17868 0.288146 -0.0840222 0.0707397 112.019 430 305194
1.46646 4.93691 0.156735 5.17868 0.288739 -0.105098 0.0707397 108.082 409 305194
1.38499 4.97108 0.265388 5.17868 0.271719 -0.0840222 0.0707397 108.644 412 305194
1.46646 4.94766 0.265388 5.17868 0.288146 -0.0840222 -0 119.519 470 305194
1.38499 4.97108 0.265388 5.17868 0.271719 -0.0840222 -0 116.332 453 305194
1.46646 4.94766 0.265388 5.17868 0.288146 -0.0840222 -0.0707397 112.582 433 305194
1.46646 4.93691 0.156735 5.17868 0.288739 -0.105098 -0.0707397 107.894 408 305194
1.38499 4.97108 0.265388 5.17868 0.271719 -0.0840222 -0.0707397 109.582 417 305194
1.14058 5.03278 0.265388 5.17868 0.222865 -0.0840222 -0.0707397 107.519 406 305194
1.60526 5.1051 0.249291 5.37048 0.304653 -0.0840222 0.0707397 109.207 415 305194
1.52077 5.13091 0.249291 5.37048 0.288146 -0.0840222 0.0707397 109.207 415 305194
1.26731 5.19932 0.249291 5.37048 0.239084 -0.0840222 0.0707397 111.082 425 305194
1.18282 5.21918 0.249291 5.37048 0.222865 -0.0840222 0.0707397 109.394 416 305194
1.52077 5.13091 0.249291 5.37048 0.288146 -0.0840222 -0 116.519 454 305194
1.26731 5.19932 0.249291 5.37048 0.239084 -0.0840222 -0 118.957 467 305194
1.18282 5.21918 0.249291 5.37048 0.222865 -0.0840222 -0 117.269 458 305194
1.60526 5.1051 0.249291 5.37048 0.304653 -0.0840222 -0.0707397 109.394 416 305194
1.52077 5.13091 0.249291 5.37048 0.288146 -0.0840222 -0.0707397 110.144 420 305194
1.26731 5.19932 0.249291 5.37048 0.239084 -0.0840222 -0.0707397 112.207 431 305194
1.18282 5.21918 0.249291 5.37048 0.222865 -0.0840222 -0.0707397 110.707 423 305194
1.66259 5.28743 0.233194 5.56229 0.304653 -0.0840222 0.0707397 106.019 398 305194
1.26731 5.6011 0.337823 5.75409 0.222515 -0.0629841 -0 116.332 453 305194
1.26731 5.59198 0.217098 5.75409 0.222865 -0.0840222 -0 119.707 471 305194
1.17679 5.61173 0.217098 5.75409 0.206706 -0.0840222 -0 115.582 449 305194
1.26731 5.59198 0.217098 5.75409 0.222865 -0.0840222 -0.0707397 112.957 435 305194
1.21602 5.79879 0.201001 5.94589 0.206706 -0.0840222 -0 113.832 429 305194
1.12248 5.82697 0.325751 5.94589 0.190303 -0.0629841 -0 109.707 407 305194
1.15868 6.01494 0.313678 6.1377 0.190303 -0.0629841 0.0707397 111.394 416 305194
1.15868 6.00528 0.184904 6.1377 0.190602 -0.0840222 0.0707397 111.207 415 305194
0.965571 6.03934 0.184904 6.1377 0.158538 -0.0840222 0.0707397 107.082 393 305194
1.15868 6.01494 0.313678 6.1377 0.190303 -0.0629841 -0 118.332 453 305194
1.15868 6.00528 0.184904 6.1377 0.190602 -0.0840222 -0 118.144 452 305194
1.15868 6.01494 0.313678 6.1377 0.190303 -0.0629841 -0.0707397 111.207 415 305194
1.15868 6.00528 0.184904 6.1377 0.190602 -0.0840222 -0.0707397 110.832 413 305194
1.06213 6.03274 0.313678 6.1377 0.174275 -0.0629841 -0.0707397 107.832 397 305194
0.965571 6.03934 0.184904 6.1377 0.158538 -0.0840222 -0.0707397 107.457 395 305194
1.19489 6.20291 0.301606 6.3295 0.190303 -0.0629841 0.0707397 110.082 409 305194
1.19489 6.19295 0.168807 6.3295 0.190602 -0.0840222 0.0707397 109.894 408 305194
1.09532 6.22126 0.301606 6.3295 0.174275 -0.0629841 0.0707397 108.394 400 305194
1.09532 6.21133 0.168807 6.3295 0.174548 -0.0840222 0.0707397 107.082 393 305194
1.19489 6.20291 0.301606 6.3295 0.190303 -0.0629841 -0 118.144 452 305194
1.19489 6.19295 0.168807 6.3295 0.190602 -0.0840222 -0 117.957 451 305194
1.19489 6.20291 0.301606 6.3295 0.190303 -0.0629841 -0.0707397 111.207 415 305194
1.19489 6.19295 0.168807 6.3295 0.190602 -0.0840222 -0.0707397 111.582 417 305194
1.84665 6.24089 0.289533 6.5213 0.287687 -0.0629841 -0 120.207 463 305194
1.74406 6.27034 0.289533 6.5213 0.271288 -0.0629841 -0 121.894 472 305194
1.74406 6.25988 0.152711 6.5213 0.271719 -0.0840222 -0 119.644 460 305194
1.64147 6.29797 0.289533 6.5213 0.254962 -0.0629841 -0 119.082 457 305194
1.74406 6.27034 0.289533 6.5213 0.271288 -0.0629841 -0.0707397 114.582 433 305194
1.79536 6.46857 0.7 6.7131 0.270736 0 0.0707397 121.082 457 305194
1.68975 6.49696 0.7 6.7131 0.254446 0 0.0707397 122.957 467 305194
1.79536 6.46857 0.7 6.7131 0.270736 0 -0 128.207 495 305194
1.68975 6.49696 0.7 6.7131 0.254446 0 -0 129.519 502 305194
1.68975 6.49544 0.559153 6.7131 0.254503 -0.0209824 -0 125.019 478 305194
1.68975 6.49544 0.840847 6.7131 0.254503 0.0209824 -0 125.394 480 305194
1.68975 6.49696 0.7 6.7131 0.254446 0 -0.0707397 122.582 465 305194
1.84665 6.65339 0.7 6.90491 0.270736 0 0.0707397 123.894 472 305194
1.73803 6.68259 0.7 6.90491 0.254446 0 0.0707397 124.457 475 305194
1.84665 6.65339 0.7 6.90491 0.270736 0 -0 131.582 513 305194
1.73803 6.68259 0.7 6.90491 0.254446 0 -0 132.519 518 305194
1.73803 6.68102 0.555129 6.90491 0.254503 -0.0209824 -0 128.582 497 305194
1.73803 6.68102 0.844871 6.90491 0.254503 0.0209824 -0 128.394 496 305194
1.84665 6.65339 0.7 6.90491 0.270736 0 -0.0707397 125.207 479 305194
1.73803 6.68259 0.7 6.90491 0.254446 0 -0.0707397 125.957 483 305194
1.73803 6.68102 0.555129 6.90491 0.254503 -0.0209824 -0.0707397 122.207 463 305194
1.73803 6.68102 0.844871 6.90491 0.254503 0.0209824 -0.0707397 121.832 461 305194
1.67466 6.88986 0.40221 7.09671 0.238438 -0.041974 -0 121.269 458 305194
1.67466 6.88181 0.253315 7.09671 0.238706 -0.0629841 -0 125.207 479 305194
1.56302 6.90802 0.253315 7.09671 0.222515 -0.0629841 -0 123.894 472 305194
3.76573 6.44614 0.22917 7.48032 0.528708 -0.0629841 -0 114.832 413 305194
3.05965 6.8097 0.22917 7.48032 0.422278 -0.0629841 -0 114.082 409 305194
2.41393 7.26644 0.217098 7.67212 0.320732 -0.0629841 -0 113.707 407 305194
1.20696 7.56974 0.378065 7.67212 0.158115 -0.041974 -0 113.332 405 305194
1.20696 7.56118 0.217098 7.67212 0.158291 -0.0629841 -0 113.707 407 305194
2.84542 7.31436 0.205025 7.86392 0.371003 -0.0629841 0.0707397 113.144 404 305194
2.47427 7.45723 0.370017 7.86392 0.320366 -0.041974 0.0707397 115.207 415 305194
2.47427 7.4481 0.205025 7.86392 0.320732 -0.0629841 0.0707397 115.957 419 305194
1.85571 7.64005 0.535008 7.86392 0.238277 -0.0209824 -0 127.019 478 305194
1.85571 7.63471 0.370017 7.86392 0.238438 -0.041974 -0 127.394 480 305194
1.73199 7.66904 0.535008 7.86392 0.222116 -0.0209824 -0 124.207 463 305194
1.73199 7.66372 0.370017 7.86392 0.222265 -0.041974 -0 124.957 467 305194
2.47427 7.45723 0.370017 7.86392 0.320366 -0.041974 -0.0707397 115.207 415 305194
2.47427 7.4481 0.205025 7.86392 0.320732 -0.0629841 -0.0707397 115.957 419 305194
2.0277 7.78902 0.361968 8.05573 0.254675 -0.041974 0.0707397 126.457 475 305194
1.90097 7.8264 0.530984 8.05573 0.238277 -0.0209824 0.0707397 127.019 478 305194
1.90097 7.82092 0.361968 8.05573 0.238438 -0.041974 0.0707397 131.894 504 305194
1.90097 7.81178 0.192952 8.05573 0.238706 -0.0629841 0.0707397 128.519 486 305194
1.77424 7.85064 0.361968 8.05573 0.222265 -0.041974 0.0707397 127.957 483 305194
1.90097 7.8264 0.530984 8.05573 0.238277 -0.0209824 -0 134.519 518 305194
1.90097 7.82092 0.361968 8.05573 0.238438 -0.041974 -0 139.394 544 305194
1.90097 7.81178 0.192952 8.05573 0.238706 -0.0629841 -0 136.207 527 305194
1.77424 7.85064 0.361968 8.05573 0.222265 -0.041974 -0 135.457 523 305194
1.90097 7.8264 0.530984 8.05573 0.238277 -0.0209824 -0.0707397 127.582 481 305194
1.90097 7.82092 0.361968 8.05573 0.238438 -0.041974 -0.0707397 132.457 507 305194
1.90097 7.81178 0.192952 8.05573 0.238706 -0.0629841 -0.0707397 129.269 490 305194
1.77424 7.85064 0.361968 8.05573 0.222265 -0.041974 -0.0707397 128.519 486 305194
1.94623 8.00713 0.35392 8.24753 0.238438 -0.041974 0.0707397 125.394 464 305194
2.07598 7.97448 0.35392 8.24753 0.254675 -0.041974 -0 128.207 479 305194
1.94623 8.00713 0.35392 8.24753 0.238438 -0.041974 -0 133.269 506 305194
1.94623 7.99778 0.18088 8.24753 0.238706 -0.0629841 -0 131.582 497 305194
1.81648 8.03756 0.35392 8.24753 0.222265 -0.041974 -0 128.582 481 305194
1.94623 8.00713 0.35392 8.24753 0.238438 -0.041974 -0.0707397 126.894 472 305194
1.94623 7.99778 0.18088 8.24753 0.238706 -0.0629841 -0.0707397 125.394 464 305194
1.99149 8.19334 0.345872 8.43933 0.238438 -0.041974 -0 124.832 461 305194
1.46043 8.30446 0.345872 8.43933 0.17408 -0.041974 -0 117.332 421 305194
1.46043 8.29502 0.168807 8.43933 0.174275 -0.0629841 -0 117.707 423 305194
1.32766 8.32672 0.345872 8.43933 0.158115 -0.041974 -0 117.144 420 305194
2.4441 8.26993 0.337823 8.63113 0.287361 -0.041974 -0 119.957 435 305194
1.6294 8.4682 0.337823 8.63113 0.190091 -0.041974 -0 122.394 448 305194
1.49362 8.4932 0.337823 8.63113 0.17408 -0.041974 -0 120.144 436 305194
4.68 7.69546 0.321726 9.01474 0.546391 -0.041974 -0 114.832 397 305194
3.68727 8.21745 0.321726 9.01474 0.421783 -0.041974 -0 114.269 394 305194
3.26182 8.39541 0.321726 9.01474 0.370574 -0.041974 -0 115.207 399 305194
3.12 8.44914 0.321726 9.01474 0.353736 -0.041974 -0 118.582 417 305194
3.76573 8.39229 0.313678 9.20654 0.421783 -0.041974 -0 117.082 409 305194
3.62089 8.45579 0.313678 9.20654 0.40459 -0.041974 -0 120.457 427 305194
3.62089 8.44475 0.120517 9.20654 0.405063 -0.0629841 -0 116.332 405 305194
3.47605 8.51635 0.313678 9.20654 0.387523 -0.041974 -0 116.707 407 305194
4.28774 8.35396 0.30563 9.39835 0.474198 -0.041974 -0 121.957 435 305194
3.8472 8.9913 0.494766 9.78195 0.404307 -0.0209824 -0 119.394 416 305194
3.8472 8.98427 0.289533 9.78195 0.40459 -0.041974 -0 120.707 423 305194
3.69331 9.0556 0.494766 9.78195 0.387253 -0.0209824 -0 117.894 408 305194
3.69331 9.04862 0.289533 9.78195 0.387523 -0.041974 -0 119.207 415 305194
-1.72596 9.82105 0.490742 9.97375 -0.173964 -0.0209824 -0 113.957 387 305194
-2.03977 9.7607 0.490742 9.97375 -0.206013 -0.0209824 -0 117.519 406 305194
-2.3234 10.2806 0.257339 10.5492 -0.222265 -0.041974 -0 122.082 425 305194
-2.48936 10.2417 0.257339 10.5492 -0.238438 -0.041974 -0 121.332 421 305194
8.13192 6.71624 0.47867 10.5492 0.880455 -0.0209824 -0 121.519 422 305194
8.13192 6.70529 0.257339 10.5492 0.881256 -0.041974 -0 124.519 438 305194
8.13192 6.70529 0.257339 10.5492 0.881256 -0.041974 -0.0707397 118.144 404 305194
6.23095 9.44348 0.462573 11.3164 0.583244 -0.0209824 0.0707397 118.957 403 305194
6.23095 9.43452 0.225146 11.3164 0.58368 -0.041974 0.0707397 119.144 404 305194
6.05292 9.55856 0.462573 11.3164 0.564507 -0.0209824 0.0707397 124.207 431 305194
6.05292 9.54971 0.225146 11.3164 0.564926 -0.041974 0.0707397 125.332 437 305194
6.05292 9.55856 0.462573 11.3164 0.564507 -0.0209824 -0 131.707 471 305194
6.05292 9.54971 0.225146 11.3164 0.564926 -0.041974 -0 133.019 478 305194
6.05292 9.55856 0.462573 11.3164 0.564507 -0.0209824 -0.0707397 124.957 435 305194
6.05292 9.54971 0.225146 11.3164 0.564926 -0.041974 -0.0707397 125.894 440 305194
6.15551 9.72057 0.458549 11.5082 0.564507 -0.0209824 -0 120.832 413 305194
6.15551 9.71157 0.217098 11.5082 0.564926 -0.041974 -0 121.957 419 305194
5.97447 9.53489 3.11451 11.5082 0.559742 0.211379 -0 121.957 419 305194
5.97447 9.59279 2.87306 11.5082 0.557021 0.189968 -0 124.207 431 305194
1.39404 12.5708 0.168807 12.659 0.110444 -0.041974 -0 121.269 410 305194
6.15551 11.4954 0.426355 13.0426 0.491624 -0.0209824 -0 140.082 505 305194
5.95033 11.6029 0.426355 13.0426 0.473858 -0.0209824 -0 138.207 495 305194
6.24604 11.6645 0.422331 13.2344 0.491624 -0.0209824 -0 144.207 527 305194
6.24604 11.6545 0.144662 13.2344 0.491978 -0.041974 -0 141.019 510 305194
6.03783 11.7736 0.422331 13.2344 0.473858 -0.0209824 -0 142.144 516 305194
6.03783 11.7637 0.144662 13.2344 0.474198 -0.041974 -0 138.394 496 305194
6.33656 11.8335 0.418307 13.4262 0.491624 -0.0209824 0.0707397 145.894 536 305194
6.33656 11.8234 0.136614 13.4262 0.491978 -0.041974 0.0707397 142.144 516 305194
6.12534 11.9442 0.418307 13.4262 0.473858 -0.0209824 0.0707397 143.832 525 305194
6.33656 11.8335 0.418307 13.4262 0.491624 -0.0209824 -0 153.582 577 305194
6.33656 11.8234 0.136614 13.4262 0.491978 -0.041974 -0 149.832 557 305194
6.12534 11.9442 0.418307 13.4262 0.473858 -0.0209824 -0 151.332 565 305194
6.33656 11.8335 0.418307 13.4262 0.491624 -0.0209824 -0.0707397 146.644 540 305194
6.33656 11.8234 0.136614 13.4262 0.491978 -0.041974 -0.0707397 142.894 520 305194
6.12534 11.9442 0.418307 13.4262 0.473858 -0.0209824 -0.0707397 144.582 529 305194
6.42708 12.0026 0.414283 13.618 0.491624 -0.0209824 -0 141.457 507 305194
6.42708 11.8382 2.70002 13.618 0.497384 0.147399 -0 139.957 499 305194
6.21284 12.1148 0.414283 13.618 0.473858 -0.0209824 -0 139.207 495 305194
6.21284 11.9007 2.98574 13.618 0.481138 0.168645 -0 138.457 491 305194
6.21284 11.952 2.70002 13.618 0.479374 0.147399 -0 142.394 512 305194
6.5176 12.1716 0.410259 13.8098 0.491624 -0.0209824 -0 138.832 493 305194
6.1193 13.6519 0.7 14.9606 0.421388 0 -0 132.144 452 305194
6.1193 13.6483 0.386113 14.9606 0.421486 -0.0209824 -0 129.332 437 305194
5.88395 13.755 0.7 14.9606 0.404213 0 -0 129.332 437 305194
-7.38963 13.2284 0.7 15.1524 -0.509437 0 -0 129.957 435 305194
-7.38963 13.2245 0.382089 15.1524 -0.50956 -0.0209824 -0 130.332 437 305194
-7.38963 13.1671 -0.571643 15.1524 -0.511416 -0.0840222 -0 130.707 439 305194
6.82538 15.2271 0.7 16.6869 0.421388 0 0.0707397 146.144 516 305194
6.56286 15.3421 0.7 16.6869 0.404213 0 0.0707397 149.894 536 305194
6.56286 15.3381 1.0501 16.6869 0.404307 0.0209824 0.0707397 149.894 536 305194
6.82538 15.2271 0.7 16.6869 0.421388 0 -0 153.644 556 305194
6.56286 15.3421 0.7 16.6869 0.404213 0 -0 157.207 575 305194
6.56286 15.3381 1.0501 16.6869 0.404307 0.0209824 -0 157.207 575 305194
6.82538 15.2271 0.7 16.6869 0.421388 0 -0.0707397 146.332 517 305194
6.82538 15.2231 1.0501 16.6869 0.421486 0.0209824 -0.0707397 145.957 515 305194
6.56286 15.3421 0.7 16.6869 0.404213 0 -0.0707397 150.082 537 305194
6.56286 15.3381 1.0501 16.6869 0.404307 0.0209824 -0.0707397 150.269 538 305194
6.6383 15.5184 0.7 16.8787 0.404213 0 0.0707397 149.894 536 305194
6.6383 15.5144 1.05413 16.8787 0.404307 0.0209824 0.0707397 149.519 534 305194
6.6383 15.5184 0.7 16.8787 0.404213 0 -0 157.957 579 305194
6.6383 15.5144 1.05413 16.8787 0.404307 0.0209824 -0 157.582 577 305194
6.6383 15.5184 0.7 16.8787 0.404213 0 -0.0707397 151.207 543 305194
6.6383 15.5144 1.05413 16.8787 0.404307 0.0209824 -0.0707397 150.832 541 305194
-7.06074 15.748 0.337823 17.2623 -0.421486 -0.0209824 -0 130.957 435 305194
-7.3323 15.6276 0.7 17.2623 -0.438696 0 -0 131.707 439 305194
-7.3323 15.6234 0.337823 17.2623 -0.438799 -0.0209824 -0 136.394 464 305194
-7.3323 15.6108 -0.0243536 17.2623 -0.439109 -0.041974 -0 133.394 448 305194
-7.60387 15.4931 0.337823 17.2623 -0.456253 -0.0209824 -0 133.207 447 305194
6.73486 16.5174 0.7 17.8377 0.387164 0 0.0707397 149.019 526 305194
6.73486 16.5132 0.325751 17.8377 0.387253 -0.0209824 0.0707397 149.207 527 305194
6.45424 16.6291 0.7 17.8377 0.370232 0 0.0707397 146.019 510 305194
6.45424 16.6248 0.325751 17.8377 0.370317 -0.0209824 0.0707397 146.207 511 305194
6.73486 16.5174 0.7 17.8377 0.387164 0 -0 156.332 565 305194
6.73486 16.5132 0.325751 17.8377 0.387253 -0.0209824 -0 156.707 567 305194
6.45424 16.6291 0.7 17.8377 0.370232 0 -0 153.144 548 305194
6.45424 16.6248 0.325751 17.8377 0.370317 -0.0209824 -0 153.332 549 305194
6.73486 16.5174 0.7 17.8377 0.387164 0 -0.0707397 149.207 527 305194
6.73486 16.5132 0.325751 17.8377 0.387253 -0.0209824 -0.0707397 149.394 528 305194
6.45424 16.6291 0.7 17.8377 0.370232 0 -0.0707397 146.019 510 305194
6.45424 16.6248 0.325751 17.8377 0.370317 -0.0209824 -0.0707397 146.207 511 305194
6.80727 16.695 0.7 18.0295 0.387164 0 0.0707397 142.832 493 305194
6.80727 16.6907 0.321726 18.0295 0.387253 -0.0209824 0.0707397 143.019 494 305194
6.80727 16.695 0.7 18.0295 0.387164 0 -0 150.707 535 305194
6.80727 16.6907 0.321726 18.0295 0.387253 -0.0209824 -0 151.082 537 305194
6.52364 16.8079 0.7 18.0295 0.370232 0 -0 147.332 517 305194
6.52364 16.8036 0.321726 18.0295 0.370317 -0.0209824 -0 147.519 518 305194
6.80727 16.695 0.7 18.0295 0.387164 0 -0.0707397 144.332 501 305194
6.80727 16.6907 0.321726 18.0295 0.387253 -0.0209824 -0.0707397 144.894 504 305194
6.87969 16.8726 0.7 18.2213 0.387164 0 -0 146.832 509 305194
6.87969 16.8683 0.317702 18.2213 0.387253 -0.0209824 -0 145.707 503 305194
6.59304 16.9867 0.7 18.2213 0.370232 0 -0 146.457 507 305194
6.59304 16.9824 0.317702 18.2213 0.370317 -0.0209824 -0 145.519 502 305194
3.04758 19.1309 0.7 19.3721 0.157974 0 0.0707397 138.269 458 305194
2.74282 19.1769 0.7 19.3721 0.142064 0 0.0707397 138.832 461 305194
6.46329 18.4654 0.7 19.5639 0.336693 0 -0 151.957 531 305194
6.46329 18.4609 0.289533 19.5639 0.336771 -0.0209824 -0 152.144 532 305194
6.21586 18.7524 0.7 19.7557 0.320073 0 -0 152.519 534 305194
5.90507 18.8525 0.7 19.7557 0.303544 0 -0 151.957 531 305194
6.27621 18.9344 0.7 19.9475 0.320073 0 0.0707397 159.644 572 305194
6.27621 18.9298 0.281485 19.9475 0.320146 -0.0209824 0.0707397 155.519 550 305194
6.27621 18.9298 1.11852 19.9475 0.320146 0.0209824 0.0707397 155.894 552 305194
5.9624 19.0356 0.7 19.9475 0.303544 0 0.0707397 158.894 568 305194
6.27621 18.9344 0.7 19.9475 0.320073 0 -0 167.332 613 305194
6.27621 18.9298 0.281485 19.9475 0.320146 -0.0209824 -0 163.207 591 305194
6.27621 18.9298 1.11852 19.9475 0.320146 0.0209824 -0 163.394 592 305194
5.9624 19.0356 0.7 19.9475 0.303544 0 -0 166.394 608 305194
6.27621 18.9344 0.7 19.9475 0.320073 0 -0.0707397 160.394 576 305194
6.27621 18.9298 0.281485 19.9475 0.320146 -0.0209824 -0.0707397 156.457 555 305194
6.27621 18.9298 1.11852 19.9475 0.320146 0.0209824 -0.0707397 156.269 554 305194
5.9624 19.0356 0.7 19.9475 0.303544 0 -0.0707397 159.457 571 305194
6.33656 19.1165 0.7 20.1393 0.320073 0 0.0707397 152.707 535 305194
6.33656 19.1165 0.7 20.1393 0.320073 0 -0 161.144 580 305194
6.33656 19.1118 0.27746 20.1393 0.320146 -0.0209824 -0 156.832 557 305194
6.33656 19.1118 1.12254 20.1393 0.320146 0.0209824 -0 157.394 560 305194
6.01973 19.2186 0.7 20.1393 0.303544 0 -0 160.207 575 305194
6.33656 19.1165 0.7 20.1393 0.320073 0 -0.0707397 154.957 547 305194
6.01973 19.2186 0.7 20.1393 0.303544 0 -0.0707397 154.207 543 305194
6.39691 19.2985 0.7 20.3311 0.320073 0 -0 153.269 538 305194
6.07706 19.4016 0.7 20.3311 0.303544 0 -0 152.144 532 305194
1.93718 20.4268 1.13059 20.5229 0.0945525 0.0209824 -0 148.082 505 305194
1.61431 20.4548 1.13059 20.5229 0.0787578 0.0209824 -0 149.207 511 305194
1.29145 20.4822 0.7 20.5229 0.0629689 0 -0 151.832 525 305194
1.29145 20.4777 1.13059 20.5229 0.0629827 0.0209824 -0 150.707 519 305194
0.968588 20.5 0.7 20.5229 0.047213 0 -0 148.644 508 305194
1.95528 20.6222 0.7 20.7147 0.0945316 0 0.0707397 151.457 523 305194
1.95528 20.6177 1.13461 20.7147 0.0945525 0.0209824 0.0707397 154.832 541 305194
1.6294 20.6505 0.7 20.7147 0.0787404 0 0.0707397 152.394 528 305194
1.6294 20.646 1.13461 20.7147 0.0787578 0.0209824 0.0707397 154.832 541 305194
1.95528 20.6222 0.7 20.7147 0.0945316 0 -0 159.144 564 305194
1.95528 20.6177 1.13461 20.7147 0.0945525 0.0209824 -0 162.144 580 305194
1.6294 20.6505 0.7 20.7147 0.0787404 0 -0 159.894 568 305194
1.6294 20.646 1.13461 20.7147 0.0787578 0.0209824 -0 162.144 580 305194
1.95528 20.6222 0.7 20.7147 0.0945316 0 -0.0707397 150.894 520 305194
1.95528 20.6177 1.13461 20.7147 0.0945525 0.0209824 -0.0707397 154.457 539 305194
1.6294 20.6505 0.7 20.7147 0.0787404 0 -0.0707397 151.832 525 305194
1.6294 20.646 1.13461 20.7147 0.0787578 0.0209824 -0.0707397 154.269 538 305194
4.93346 20.3161 0.7 20.9065 0.238224 0 0.0707397 147.519 502 305194
4.93346 20.3114 1.13864 20.9065 0.238277 0.0209824 0.0707397 148.082 505 305194
4.60457 20.3884 1.13864 20.9065 0.222116 0.0209824 0.0707397 146.207 495 305194
4.93346 20.3161 0.7 20.9065 0.238224 0 -0 155.207 543 305194
4.93346 20.3114 1.13864 20.9065 0.238277 0.0209824 -0 155.957 547 305194
1.64449 20.8371 1.13864 20.9065 0.0787578 0.0209824 -0 155.207 543 305194
4.93346 20.3161 0.7 20.9065 0.238224 0 -0.0707397 148.644 508 305194
4.93346 20.3114 1.13864 20.9065 0.238277 0.0209824 -0.0707397 149.582 513 305194
4.60457 20.3743 1.57727 20.9065 0.222265 0.041974 -0.0707397 146.019 494 305194
4.60457 20.3884 1.13864 20.9065 0.222116 0.0209824 -0.0707397 147.519 502 305194
1.64449 20.8417 0.7 20.9065 0.0787404 0 -0.0707397 147.707 503 305194
1.64449 20.8371 1.13864 20.9065 0.0787578 0.0209824 -0.0707397 148.269 506 305194
2.3234 20.9653 1.14266 21.0983 0.110371 0.0209824 -0 145.832 493 305194
1.99149 21.0041 0.7 21.0983 0.0945316 0 -0 147.144 500 305194
1.99149 20.9995 1.14266 21.0983 0.0945525 0.0209824 -0 151.832 525 305194
1.65957 21.0283 1.14266 21.0983 0.0787578 0.0209824 -0 151.269 522 305194
5.02398 20.6696 1.59337 21.2901 0.238438 0.041974 -0 145.082 489 305194
5.02398 20.684 1.14668 21.2901 0.238277 0.0209824 -0 145.457 491 305194
3.68426 20.9499 1.59337 21.2901 0.17408 0.041974 -0 145.457 491 305194
1.67466 21.2242 0.7 21.2901 0.0787404 0 -0 145.832 493 305194
1.67466 21.2195 1.14668 21.2901 0.0787578 0.0209824 -0 146.207 495 305194
3.71745 21.153 1.15071 21.4819 0.173964 0.0209824 0.0707397 148.269 506 305194
1.3518 21.4394 0.7 21.4819 0.0629689 0 0.0707397 151.082 521 305194
1.3518 21.4346 0.249291 21.4819 0.0629827 -0.0209824 0.0707397 148.082 505 305194
1.3518 21.4346 1.15071 21.4819 0.0629827 0.0209824 0.0707397 149.394 512 305194
1.01385 21.458 0.7 21.4819 0.047213 0 0.0707397 147.894 504 305194
1.3518 21.4394 0.7 21.4819 0.0629689 0 -0 158.582 561 305194
1.3518 21.4346 1.15071 21.4819 0.0629827 0.0209824 -0 157.082 553 305194
3.71745 21.153 1.15071 21.4819 0.173964 0.0209824 -0.0707397 149.207 511 305194
1.3518 21.4394 0.7 21.4819 0.0629689 0 -0.0707397 151.457 523 305194
1.3518 21.4346 0.249291 21.4819 0.0629827 -0.0209824 -0.0707397 148.644 508 305194
1.3518 21.4346 1.15071 21.4819 0.0629827 0.0209824 -0.0707397 149.957 515 305194
1.01385 21.458 0.7 21.4819 0.047213 0 -0.0707397 148.269 506 305194
1.36387 21.6308 0.7 21.6737 0.0629689 0 0.0707397 146.019 494 305194
1.36387 21.6308 0.7 21.6737 0.0629689 0 -0 154.082 537 305194
1.36387 21.626 0.245267 21.6737 0.0629827 -0.0209824 -0 152.207 527 305194
1.36387 21.6308 0.7 21.6737 0.0629689 0 -0.0707397 147.894 504 305194
5.15977 21.2431 1.15876 21.8655 0.238277 0.0209824 0.0707397 149.582 513 305194
4.81578 21.3089 1.61751 21.8655 0.222265 0.041974 0.0707397 150.894 520 305194
4.81578 21.3237 1.15876 21.8655 0.222116 0.0209824 0.0707397 154.644 540 305194
4.4718 21.3985 1.15876 21.8655 0.206013 0.0209824 0.0707397 150.144 516 305194
5.15977 21.2431 1.15876 21.8655 0.238277 0.0209824 -0 156.519 550 305194
4.81578 21.3089 1.61751 21.8655 0.222265 0.041974 -0 158.207 559 305194
4.81578 21.3237 1.15876 21.8655 0.222116 0.0209824 -0 161.582 577 305194
4.4718 21.3985 1.15876 21.8655 0.206013 0.0209824 -0 157.082 553 305194
5.15977 21.2431 1.15876 21.8655 0.238277 0.0209824 -0.0707397 148.832 509 305194
4.81578 21.3089 1.61751 21.8655 0.222265 0.041974 -0.0707397 150.519 518 305194
4.81578 21.3237 1.15876 21.8655 0.222116 0.0209824 -0.0707397 154.269 538 305194
4.4718 21.3985 1.15876 21.8655 0.206013 0.0209824 -0.0707397 149.957 515 305194
5.20503 21.4294 1.16278 22.0573 0.238277 0.0209824 0.0707397 146.082 489 305194
4.85803 21.5107 1.16278 22.0573 0.222116 0.0209824 0.0707397 149.269 506 305194
5.20503 21.4294 1.16278 22.0573 0.238277 0.0209824 -0 153.957 531 305194
4.85803 21.4958 1.62556 22.0573 0.222265 0.041974 -0 153.019 526 305194
4.85803 21.5107 1.16278 22.0573 0.222116 0.0209824 -0 157.519 550 305194
5.20503 21.4294 1.16278 22.0573 0.238277 0.0209824 -0.0707397 147.394 496 305194
4.85803 21.4958 1.62556 22.0573 0.222265 0.041974 -0.0707397 146.269 490 305194
4.85803 21.5107 1.16278 22.0573 0.222116 0.0209824 -0.0707397 151.332 517 305194
4.90027 21.6978 1.16681 22.2491 0.222116 0.0209824 -0 148.144 500 305194
2.80015 22.0722 0.7 22.2491 0.126189 0 -0 142.894 472 305194
2.80015 22.0673 1.16681 22.2491 0.126217 0.0209824 -0 142.519 470 305194
1.79536 22.7538 0.7 22.8246 0.0787404 0 0.0707397 153.644 524 305194
1.43629 22.7793 0.7 22.8246 0.0629689 0 0.0707397 155.519 534 305194
1.43629 22.7743 1.17888 22.8246 0.0629827 0.0209824 0.0707397 151.582 513 305194
1.07721 22.7991 0.7 22.8246 0.047213 0 0.0707397 152.707 519 305194
1.79536 22.7538 0.7 22.8246 0.0787404 0 -0 160.957 563 305194
1.43629 22.7793 0.7 22.8246 0.0629689 0 -0 162.832 573 305194
1.43629 22.7743 1.17888 22.8246 0.0629827 0.0209824 -0 158.894 552 305194
1.07721 22.7991 0.7 22.8246 0.047213 0 -0 159.832 557 305194
1.79536 22.7538 0.7 22.8246 0.0787404 0 -0.0707397 153.832 525 305194
1.43629 22.7793 0.7 22.8246 0.0629689 0 -0.0707397 155.519 534 305194
1.43629 22.7743 1.17888 22.8246 0.0629827 0.0209824 -0.0707397 151.957 515 305194
1.07721 22.7991 0.7 22.8246 0.047213 0 -0.0707397 152.707 519 305194
1.81044 22.945 0.7 23.0164 0.0787404 0 0.0707397 152.707 519 305194
1.44836 22.9707 0.7 23.0164 0.0629689 0 0.0707397 155.894 536 305194
1.44836 22.9657 1.1829 23.0164 0.0629827 0.0209824 0.0707397 152.519 518 305194
1.08627 22.9907 0.7 23.0164 0.047213 0 0.0707397 154.019 526 305194
1.08627 22.9856 1.1829 23.0164 0.0472234 0.0209824 0.0707397 151.394 512 305194
1.81044 22.945 0.7 23.0164 0.0787404 0 -0 160.394 560 305194
1.44836 22.9707 0.7 23.0164 0.0629689 0 -0 163.957 579 305194
1.44836 22.9657 1.1829 23.0164 0.0629827 0.0209824 -0 160.394 560 305194
1.08627 22.9907 0.7 23.0164 0.047213 0 -0 161.894 568 305194
1.81044 22.945 0.7 23.0164 0.0787404 0 -0.0707397 154.019 526 305194
1.44836 22.9707 0.7 23.0164 0.0629689 0 -0.0707397 157.207 543 305194
1.44836 22.9657 1.1829 23.0164 0.0629827 0.0209824 -0.0707397 153.832 525 305194
1.08627 22.9907 0.7 23.0164 0.047213 0 -0.0707397 155.144 532 305194
-14.4745 18.6295 0.7 23.5918 -0.660537 0 0.0707397 134.332 421 305194
-14.4745 18.623 0.205025 23.5918 -0.660708 -0.0209824 0.0707397 133.582 417 305194
-14.8456 18.3352 0.7 23.5918 -0.680617 0 0.0707397 138.832 445 305194
-14.8456 18.3285 0.205025 23.5918 -0.680795 -0.0209824 0.0707397 136.957 435 305194
-15.2168 18.0283 0.7 23.5918 -0.701029 0 0.0707397 134.519 422 305194
-14.8456 18.3352 0.7 23.5918 -0.680617 0 -0 145.957 483 305194
-14.8456 18.3285 0.205025 23.5918 -0.680795 -0.0209824 -0 143.894 472 305194
-14.8456 18.3352 0.7 23.5918 -0.680617 0 -0.0707397 139.019 446 305194
-14.8456 18.3285 0.205025 23.5918 -0.680795 -0.0209824 -0.0707397 136.957 435 305194
-15.2168 18.0283 0.7 23.5918 -0.701029 0 -0.0707397 134.894 424 305194
-14.5922 18.781 0.7 23.7836 -0.660537 0 0.0707397 139.207 447 305194
-14.5922 18.7744 1.199 23.7836 -0.660708 0.0209824 0.0707397 136.019 430 305194
-14.9663 18.4842 0.7 23.7836 -0.680617 0 0.0707397 139.582 449 305194
-14.9663 18.4775 0.201001 23.7836 -0.680795 -0.0209824 0.0707397 136.957 435 305194
-14.9663 18.4775 1.199 23.7836 -0.680795 0.0209824 0.0707397 135.644 428 305194
-14.5922 18.781 0.7 23.7836 -0.660537 0 -0 146.332 485 305194
-14.9663 18.4842 0.7 23.7836 -0.680617 0 -0 146.894 488 305194
-14.9663 18.4775 0.201001 23.7836 -0.680795 -0.0209824 -0 144.457 475 305194
-14.5922 18.781 0.7 23.7836 -0.660537 0 -0.0707397 139.394 448 305194
-14.9663 18.4842 0.7 23.7836 -0.680617 0 -0.0707397 140.707 455 305194
-14.9663 18.4775 0.201001 23.7836 -0.680795 -0.0209824 -0.0707397 137.894 440 305194
-14.9663 18.4775 1.199 23.7836 -0.680795 0.0209824 -0.0707397 136.394 432 305194
1.52077 24.1193 0.7 24.1672 0.0629689 0 0.0707397 149.144 500 305194
1.52077 24.1139 1.20705 24.1672 0.0629827 0.0209824 0.0707397 147.082 489 305194
1.14058 24.1402 0.7 24.1672 0.047213 0 0.0707397 149.144 500 305194
1.14058 24.1349 1.20705 24.1672 0.0472234 0.0209824 0.0707397 147.269 490 305194
1.52077 24.1193 0.7 24.1672 0.0629689 0 -0 156.269 538 305194
1.52077 24.1139 1.20705 24.1672 0.0629827 0.0209824 -0 154.582 529 305194
1.14058 24.1402 0.7 24.1672 0.047213 0 -0 156.269 538 305194
1.14058 24.1349 1.20705 24.1672 0.0472234 0.0209824 -0 154.582 529 305194
1.52077 24.1193 0.7 24.1672 0.0629689 0 -0.0707397 148.957 499 305194
1.52077 24.1139 1.20705 24.1672 0.0629827 0.0209824 -0.0707397 147.082 489 305194
1.14058 24.1402 0.7 24.1672 0.047213 0 -0.0707397 148.957 499 305194
1.14058 24.1349 1.20705 24.1672 0.0472234 0.0209824 -0.0707397 147.269 490 305194
1.53284 24.3107 0.7 24.359 0.0629689 0 0.0707397 150.332 501 305194
1.53284 24.3053 1.21107 24.359 0.0629827 0.0209824 0.0707397 149.394 496 305194
1.14963 24.3318 0.7 24.359 0.047213 0 0.0707397 150.332 501 305194
1.14963 24.3265 1.21107 24.359 0.0472234 0.0209824 0.0707397 149.019 494 305194
1.53284 24.3107 0.7 24.359 0.0629689 0 -0 158.207 543 305194
1.53284 24.3053 1.21107 24.359 0.0629827 0.0209824 -0 157.082 537 305194
1.14963 24.3318 0.7 24.359 0.047213 0 -0 158.394 544 305194
1.14963 24.3265 1.21107 24.359 0.0472234 0.0209824 -0 156.894 536 305194
1.53284 24.3107 0.7 24.359 0.0629689 0 -0.0707397 151.457 507 305194
1.53284 24.3053 1.21107 24.359 0.0629827 0.0209824 -0.0707397 150.519 502 305194
1.14963 24.3318 0.7 24.359 0.047213 0 -0.0707397 151.832 509 305194
1.14963 24.3265 1.21107 24.359 0.0472234 0.0209824 -0.0707397 150.332 501 305194
10.0419 22.4031 0.7 24.5508 0.421388 0 -0 137.957 435 305194
9.65571 22.5723 0.7 24.5508 0.404213 0 -0 137.019 430 305194
5.4072 23.9479 0.7 24.5508 0.222066 0 -0 139.082 441 305194
5.4072 23.9424 1.2151 24.5508 0.222116 0.0209824 -0 137.957 435 305194
3.86228 24.2396 1.2151 24.5508 0.158009 0.0209824 -0 135.894 424 305194
-15.8112 19.5277 0.7 25.1262 -0.680617 0 -0 134.394 416 305194
9.48673 23.2664 0.7 25.1262 0.387164 0 -0 134.019 414 305194
9.09145 23.4237 0.7 25.1262 0.370232 0 -0 134.582 417 305194
9.09145 23.4178 0.172832 25.1262 0.370317 -0.0209824 -0 135.144 420 305194
11.1523 22.7232 1.23119 25.318 0.456253 0.0209824 0.0707397 134.019 414 305194
11.1523 22.7294 0.7 25.318 0.456145 0 -0 137.207 431 305194
11.1523 22.7046 1.76239 25.318 0.456578 0.041974 -0 140.207 447 305194
11.1523 22.7232 1.23119 25.318 0.456253 0.0209824 -0 140.582 449 305194
10.754 22.8959 1.76239 25.318 0.439109 0.041974 -0 137.582 433 305194
10.754 22.9144 1.23119 25.318 0.438799 0.0209824 -0 137.957 435 305194
-16.7014 19.7872 0.7 25.8934 -0.701029 0 0.0707397 136.707 423 305194
-16.7014 19.7797 0.156735 25.8934 -0.701215 -0.0209824 0.0707397 135.394 416 305194
-16.294 20.124 0.7 25.8934 -0.680617 0 -0 141.394 448 305194
-16.294 20.1166 0.156735 25.8934 -0.680795 -0.0209824 -0 139.332 437 305194
-16.7014 19.7872 0.7 25.8934 -0.701029 0 -0 143.082 457 305194
-16.7014 19.7797 0.156735 25.8934 -0.701215 -0.0209824 -0 141.394 448 305194
-16.7014 19.7872 0.7 25.8934 -0.701029 0 -0.0707397 136.144 420 305194
-16.7014 19.7797 0.156735 25.8934 -0.701215 -0.0209824 -0.0707397 135.207 415 305194
-16.4147 20.273 0.7 26.0852 -0.680617 0 0.0707397 142.144 452 305194
-16.4147 20.2656 0.152711 26.0852 -0.680795 -0.0209824 0.0707397 139.332 437 305194
-16.8251 19.9338 0.7 26.0852 -0.701029 0 0.0707397 142.144 452 305194
-16.8251 19.9263 0.152711 26.0852 -0.701215 -0.0209824 0.0707397 140.269 442 305194
-16.4147 20.273 0.7 26.0852 -0.680617 0 -0 150.019 494 305194
-16.4147 20.2656 0.152711 26.0852 -0.680795 -0.0209824 -0 147.394 480 305194
-16.8251 19.9338 0.7 26.0852 -0.701029 0 -0 150.207 495 305194
-16.8251 19.9263 0.152711 26.0852 -0.701215 -0.0209824 -0 148.144 484 305194
-16.4147 20.273 0.7 26.0852 -0.680617 0 -0.0707397 143.269 458 305194
-16.4147 20.2656 0.152711 26.0852 -0.680795 -0.0209824 -0.0707397 140.457 443 305194
-16.8251 19.9338 0.7 26.0852 -0.701029 0 -0.0707397 143.269 458 305194
-16.8251 19.9263 0.152711 26.0852 -0.701215 -0.0209824 -0.0707397 141.207 447 305194
6.71072 25.583 4.05617 26.6606 0.256532 0.12622 -0 137.644 428 305194
6.71072 25.6502 3.49681 26.6606 0.255889 0.105098 -0 135.019 414 305194
6.2913 25.6894 4.05617 26.6606 0.240172 0.12622 -0 138.957 435 305194
6.75899 25.8347 3.51693 26.8524 0.255889 0.105098 0.0707397 134.832 413 305194
6.33656 25.9416 3.51693 26.8524 0.239572 0.105098 -0 142.894 456 305194
-15.2077 22.1309 0.7 26.8524 -0.602065 0 -0.0707397 132.957 403 305194
-15.6302 21.8346 0.7 26.8524 -0.621281 0 -0.0707397 132.957 403 305194
6.75899 25.8347 3.51693 26.8524 0.255889 0.105098 -0.0707397 135.207 415 305194
-15.5336 22.6051 0.7 27.4278 -0.602065 0 -0 135.269 410 305194
-15.9651 22.3025 0.7 27.4278 -0.621281 0 -0 137.707 423 305194
-15.9651 22.2951 0.124541 27.4278 -0.621438 -0.0209824 -0 135.269 410 305194
-16.3966 21.9872 0.7 27.4278 -0.640765 0 -0 136.957 419 305194
-16.3966 21.9797 0.124541 27.4278 -0.640929 -0.0209824 -0 134.707 407 305194
-16.8281 21.6587 0.7 27.4278 -0.660537 0 -0 134.519 406 305194
10.8627 25.3938 0.7 27.6196 0.404213 0 0.0707397 134.332 405 305194
10.4282 25.5753 0.7 27.6196 0.387164 0 0.0707397 136.394 416 305194
10.8627 25.3938 0.7 27.6196 0.404213 0 -0 141.644 444 305194
10.4282 25.5753 0.7 27.6196 0.387164 0 -0 143.519 454 305194
10.4282 25.5688 1.27948 27.6196 0.387253 0.0209824 -0 140.519 438 305194
10.8627 25.3938 0.7 27.6196 0.404213 0 -0.0707397 135.269 410 305194
10.4282 25.5753 0.7 27.6196 0.387164 0 -0.0707397 136.207 415 305194
-16.4117 22.9263 0.7 28.195 -0.621281 0 -0 139.582 433 305194
11.089 25.9229 0.7 28.195 0.404213 0 -0 140.332 437 305194
10.6454 26.1081 0.7 28.195 0.387164 0 -0 141.644 444 305194
6.65339 26.1171 8.98178 28.195 0.249446 0.298128 -0 141.832 445 305194
6.20983 26.2261 8.98178 28.195 0.232498 0.298128 -0 141.082 441 305194
10.6454 26.1081 0.7 28.195 0.387164 0 -0.0707397 135.082 409 305194
-16.0768 23.3955 0.7 28.3868 -0.602065 0 -0 141.082 441 305194
-16.0768 23.3879 1.29558 28.3868 -0.602216 0.0209824 -0 140.519 438 305194
-16.5233 23.0823 0.7 28.3868 -0.621281 0 -0 140.894 440 305194
-19.6494 20.487 0.7 28.3868 -0.764533 0 -0 141.082 441 305194
-15.947 24.1765 0.7 28.9622 -0.583099 0 -0 140.957 435 305194
-15.947 24.1689 0.0923478 28.9622 -0.583244 -0.0209824 -0 139.832 429 305194
-16.4026 23.8698 0.7 28.9622 -0.602065 0 -0 140.207 431 305194
-16.4026 23.862 0.0923478 28.9622 -0.602216 -0.0209824 -0 138.894 424 305194
2.73377 28.8265 1.30765 28.9622 0.0945525 0.0209824 -0 138.144 420 305194
-15.594 24.633 0.7 29.1541 -0.564368 0 -0 141.707 439 305194
-16.0526 24.3366 0.7 29.1541 -0.583099 0 -0 146.207 463 305194
-16.0526 24.329 1.31168 29.1541 -0.583244 0.0209824 -0 143.582 449 305194
-16.5113 24.0278 0.7 29.1541 -0.602065 0 -0 141.519 438 305194
-16.0526 24.3366 0.7 29.1541 -0.583099 0 -0.0707397 139.832 429 305194
-15.9017 25.1192 0.7 29.7295 -0.564368 0 -0 142.082 441 305194
-16.3694 24.817 0.7 29.7295 -0.583099 0 -0 143.582 449 305194
-16.3694 24.8091 0.076251 29.7295 -0.583244 -0.0209824 -0 141.332 437 305194
3.74159 29.4865 1.32375 29.7295 0.126217 0.0209824 -0 141.332 437 305194
3.27389 29.5421 1.32375 29.7295 0.110371 0.0209824 -0 141.894 440 305194
3.35838 30.3044 1.33985 30.4967 0.110371 0.0209824 -0 143.269 442 305194
2.87861 30.3605 0.7 30.4967 0.0945316 0 -0 142.894 440 305194
2.87861 30.3538 1.33985 30.4967 0.0945525 0.0209824 -0 144.957 451 305194
6.27621 30.0398 0.7 30.6885 0.205967 0 -0 155.269 506 305194
6.27621 30.0329 1.34387 30.6885 0.206013 0.0209824 -0 156.207 511 305194
6.84348 30.3091 0.7 31.0721 0.222066 0 0.0707397 158.832 525 305194
6.84348 30.3021 1.35192 31.0721 0.222116 0.0209824 0.0707397 158.644 524 305194
6.35466 30.4153 0.7 31.0721 0.205967 0 0.0707397 161.832 541 305194
6.35466 30.4083 1.35192 31.0721 0.206013 0.0209824 0.0707397 162.207 543 305194
6.84348 30.3091 0.7 31.0721 0.222066 0 -0 166.332 565 305194
6.84348 30.3021 1.35192 31.0721 0.222116 0.0209824 -0 166.332 565 305194
6.35466 30.4153 0.7 31.0721 0.205967 0 -0 169.144 580 305194
6.35466 30.4083 1.35192 31.0721 0.206013 0.0209824 -0 169.519 582 305194
6.84348 30.3091 0.7 31.0721 0.222066 0 -0.0707397 159.019 526 305194
6.84348 30.3021 1.35192 31.0721 0.222116 0.0209824 -0.0707397 159.207 527 305194
6.35466 30.4153 0.7 31.0721 0.205967 0 -0.0707397 162.019 542 305194
6.35466 30.4083 1.35192 31.0721 0.206013 0.0209824 -0.0707397 162.394 544 305194
6.88573 30.4962 0.7 31.2639 0.222066 0 -0 156.019 510 305194
6.88573 30.4891 1.35594 31.2639 0.222116 0.0209824 -0 155.269 506 305194
6.39389 30.6031 0.7 31.2639 0.205967 0 -0 159.394 528 305194
6.39389 30.5961 1.35594 31.2639 0.206013 0.0209824 -0 159.207 527 305194
6.39389 30.6031 0.7 31.2639 0.205967 0 -0.0707397 153.207 495 305194
6.39389 30.5961 1.35594 31.2639 0.206013 0.0209824 -0.0707397 153.207 495 305194
6.92797 30.6833 0.7 31.4557 0.222066 0 -0 153.394 496 305194
6.92797 30.6762 1.35997 31.4557 0.222116 0.0209824 -0 153.957 499 305194
6.43311 30.7908 0.7 31.4557 0.205967 0 -0 155.082 505 305194
6.43311 30.7838 1.35997 31.4557 0.206013 0.0209824 -0 156.019 510 305194
1.48456 31.4206 0.7 31.4557 0.047213 0 -0 153.207 495 305194
1.52077 32.187 0.7 32.2229 0.047213 0 -0 156.019 510 305194
1.52077 32.1799 0.0239366 32.2229 0.0472234 -0.0209824 -0 154.144 500 305194
1.01385 32.2069 0.7 32.2229 0.0314688 0 -0 153.207 495 305194
1.53888 32.5702 0.7 32.6065 0.047213 0 0.0707397 161.082 537 305194
1.53888 32.563 0.0158883 32.6065 0.0472234 -0.0209824 0.0707397 160.144 532 305194
1.02592 32.5904 0.7 32.6065 0.0314688 0 0.0707397 157.894 520 305194
1.02592 32.5832 0.0158883 32.6065 0.0314757 -0.0209824 0.0707397 156.394 512 305194
1.53888 32.5702 0.7 32.6065 0.047213 0 -0 168.582 577 305194
1.53888 32.563 0.0158883 32.6065 0.0472234 -0.0209824 -0 167.457 571 305194
1.02592 32.5904 0.7 32.6065 0.0314688 0 -0 165.394 560 305194
1.02592 32.5832 0.0158883 32.6065 0.0314757 -0.0209824 -0 163.894 552 305194
1.53888 32.5702 0.7 32.6065 0.047213 0 -0.0707397 161.457 539 305194
1.53888 32.563 0.0158883 32.6065 0.0472234 -0.0209824 -0.0707397 160.519 534 305194
1.02592 32.5904 0.7 32.6065 0.0314688 0 -0.0707397 158.457 523 305194
1.02592 32.5832 0.0158883 32.6065 0.0314757 -0.0209824 -0.0707397 157.144 516 305194
1.54793 32.7618 0.7 32.7983 0.047213 0 -0 158.519 518 305194
1.54793 32.7545 0.0118641 32.7983 0.0472234 -0.0209824 -0 159.269 522 305194
1.03195 32.7821 0.7 32.7983 0.0314688 0 -0 155.144 500 305194
1.03195 32.7748 0.0118641 32.7983 0.0314757 -0.0209824 -0 155.707 503 305194
1.54793 32.7545 0.0118641 32.7983 0.0472234 -0.0209824 -0.0707397 153.269 490 305194
-6.74692 32.2854 0.00783986 32.9901 -0.206013 -0.0209824 0.0707397 138.832 413 305194
-7.26592 32.18 0.7 32.9901 -0.222066 0 0.0707397 138.269 410 305194
-7.26592 32.1726 0.00783986 32.9901 -0.222116 -0.0209824 0.0707397 142.207 431 305194
-7.26592 32.1502 -0.68432 32.9901 -0.222265 -0.041974 0.0707397 136.957 403 305194
-7.78491 32.051 0.00783986 32.9901 -0.238277 -0.0209824 0.0707397 136.582 401 305194
-22.8357 23.5563 4.1608 32.9901 -0.769868 0.105098 0.0707397 136.582 401 305194
-7.26592 32.1726 0.00783986 32.9901 -0.222116 -0.0209824 -0 149.519 470 305194
1.55698 32.9534 0.7 32.9901 0.047213 0 -0 154.207 495 305194
-6.74692 32.2854 0.00783986 32.9901 -0.206013 -0.0209824 -0.0707397 139.582 417 305194
-7.26592 32.18 0.7 32.9901 -0.222066 0 -0.0707397 138.457 411 305194
-7.26592 32.1726 0.00783986 32.9901 -0.222116 -0.0209824 -0.0707397 142.582 433 305194
-22.8357 23.5563 4.1608 32.9901 -0.769868 0.105098 -0.0707397 140.519 422 305194
-23.3547 23.0418 4.1608 32.9901 -0.792142 0.105098 -0.0707397 139.582 417 305194
5.28046 32.96 4.22116 33.5655 0.158858 0.105098 -0 143.707 439 305194
3.69633 33.175 4.22116 33.5655 0.110961 0.105098 -0 144.082 441 305194
5.28046 32.96 4.22116 33.5655 0.158858 0.105098 -0.0707397 137.332 405 305194
4.75242 33.0403 4.22116 33.5655 0.142857 0.105098 -0.0707397 136.019 398 305194
-16.994 29.1678 0.7 33.7573 -0.52755 0 0.0707397 133.582 385 305194
-16.994 29.1592 1.40826 33.7573 -0.527678 0.0209824 0.0707397 133.394 384 305194
-16.463 29.4623 1.40826 33.7573 -0.50956 0.0209824 -0 139.582 417 305194
-16.994 29.1678 0.7 33.7573 -0.52755 0 -0 139.957 419 305194
-16.994 29.1592 1.40826 33.7573 -0.527678 0.0209824 -0 140.332 421 305194
16.2035 30.2685 0.7 34.3327 0.491506 0 -0 134.207 383 305194
15.6634 30.5515 0.7 34.3327 0.473746 0 -0 134.957 387 305194
10.2622 32.5646 4.30165 34.3327 0.305283 0.105098 -0 137.582 401 305194
4.86104 33.7955 4.30165 34.3327 0.142857 0.105098 -0 135.332 389 305194
19.0097 28.8106 -0.0243536 34.5245 0.583244 -0.0209824 -0 139.644 412 305194
10.3195 32.7465 4.32177 34.5245 0.305283 0.105098 -0 138.707 407 305194
-16.5656 30.9362 1.43643 35.0999 -0.491624 0.0209824 0.0707397 145.082 441 305194
-17.1178 30.6341 1.43643 35.0999 -0.50956 0.0209824 0.0707397 146.207 447 305194
5.52186 34.5375 3.6457 35.0999 0.158538 0.0840222 0.0707397 144.144 436 305194
-16.5656 30.9362 1.43643 35.0999 -0.491624 0.0209824 -0 152.394 480 305194
-17.1178 30.6341 1.43643 35.0999 -0.50956 0.0209824 -0 153.519 486 305194
-16.5656 30.9362 1.43643 35.0999 -0.491624 0.0209824 -0.0707397 145.269 442 305194
-17.1178 30.6341 1.43643 35.0999 -0.50956 0.0209824 -0.0707397 146.394 448 305194
5.52186 34.5375 3.6457 35.0999 0.158538 0.0840222 -0.0707397 144.144 436 305194
-7.21764 34.5379 -0.0404503 35.2917 -0.206013 -0.0209824 0.0707397 135.707 391 305194
5.55203 34.6551 4.40225 35.2917 0.158858 0.105098 0.0707397 137.582 401 305194
4.99683 34.6526 5.1427 35.2917 0.143211 0.12622 0.0707397 138.707 407 305194
4.99683 34.7395 4.40225 35.2917 0.142857 0.105098 0.0707397 140.207 415 305194
4.99683 34.8104 3.6618 35.2917 0.14257 0.0840222 0.0707397 137.019 398 305194
4.99683 34.7395 4.40225 35.2917 0.142857 0.105098 -0 147.332 453 305194
-16.6561 31.1052 1.44045 35.2917 -0.491624 0.0209824 -0.0707397 137.582 401 305194
5.55203 34.6551 4.40225 35.2917 0.158858 0.105098 -0.0707397 138.707 407 305194
4.99683 34.6526 5.1427 35.2917 0.143211 0.12622 -0.0707397 137.207 399 305194
4.99683 34.7395 4.40225 35.2917 0.142857 0.105098 -0.0707397 140.394 416 305194
4.99683 34.8104 3.6618 35.2917 0.14257 0.0840222 -0.0707397 137.582 401 305194
6.77106 35.0934 3.71009 35.8672 0.190602 0.0840222 -0 147.144 452 305194
6.20681 35.1976 3.71009 35.8672 0.174548 0.0840222 -0 145.832 445 305194
-17.4919 31.3127 0.7 35.8672 -0.509437 0 -0.0707397 137.582 401 305194
5.67273 35.4085 4.48274 36.059 0.158858 0.105098 0.0707397 138.144 404 305194
5.67273 35.4811 3.72619 36.059 0.158538 0.0840222 0.0707397 140.957 419 305194
7.37455 35.1668 3.72619 36.059 0.206706 0.0840222 -0 144.707 439 305194
6.80727 35.281 3.72619 36.059 0.190602 0.0840222 -0 145.082 441 305194
5.67273 35.4811 3.72619 36.059 0.158538 0.0840222 -0 144.707 439 305194
1.72897 36.5855 -0.0686197 36.6344 0.0472234 -0.0209824 0.0707397 148.519 454 305194
1.72897 36.5612 2.23724 36.6344 0.0472546 0.041974 0.0707397 148.332 453 305194
1.72897 36.5855 1.46862 36.6344 0.0472234 0.0209824 0.0707397 153.957 483 305194
1.15265 36.6082 1.46862 36.6344 0.0314757 0.0209824 0.0707397 153.957 483 305194
1.72897 36.5855 1.46862 36.6344 0.0472234 0.0209824 -0 160.894 520 305194
1.15265 36.6082 1.46862 36.6344 0.0314757 0.0209824 -0 160.707 519 305194
1.72897 36.5612 2.23724 36.6344 0.0472546 0.041974 -0.0707397 148.519 454 305194
1.72897 36.5855 1.46862 36.6344 0.0472234 0.0209824 -0.0707397 153.394 480 305194
1.15265 36.6082 -0.0686197 36.6344 0.0314757 -0.0209824 -0.0707397 148.144 452 305194
1.15265 36.6082 1.46862 36.6344 0.0314757 0.0209824 -0.0707397 153.582 481 305194
1.73803 36.777 -0.0726438 36.8262 0.0472234 -0.0209824 0.0707397 153.582 481 305194
1.73803 36.777 1.47264 36.8262 0.0472234 0.0209824 0.0707397 155.832 493 305194
1.15868 36.7998 -0.0726438 36.8262 0.0314757 -0.0209824 0.0707397 152.082 473 305194
1.15868 36.7998 1.47264 36.8262 0.0314757 0.0209824 0.0707397 155.457 491 305194
1.73803 36.777 -0.0726438 36.8262 0.0472234 -0.0209824 -0 161.269 522 305194
1.73803 36.777 1.47264 36.8262 0.0472234 0.0209824 -0 163.332 533 305194
1.15868 36.7998 -0.0726438 36.8262 0.0314757 -0.0209824 -0 159.957 515 305194
1.15868 36.7998 1.47264 36.8262 0.0314757 0.0209824 -0 163.144 532 305194
1.73803 36.777 -0.0726438 36.8262 0.0472234 -0.0209824 -0.0707397 154.707 487 305194
1.73803 36.777 1.47264 36.8262 0.0472234 0.0209824 -0.0707397 156.582 497 305194
1.15868 36.7998 -0.0726438 36.8262 0.0314757 -0.0209824 -0.0707397 153.019 478 305194
1.15868 36.7998 1.47264 36.8262 0.0314757 0.0209824 -0.0707397 156.394 496 305194
-15.2983 34.1298 0.7 37.4016 -0.421388 0 0.0707397 147.957 451 305194
-15.8867 33.8599 0.7 37.4016 -0.438696 0 0.0707397 149.832 461 305194
-15.2983 34.1298 0.7 37.4016 -0.421388 0 -0 154.894 488 305194
-15.8867 33.8599 0.7 37.4016 -0.438696 0 -0 157.144 500 305194
-15.8867 33.8508 -0.0847164 37.4016 -0.438799 -0.0209824 -0 152.082 473 305194
-15.8867 33.8508 1.48472 37.4016 -0.438799 0.0209824 -0 152.644 476 305194
-15.8867 33.8599 0.7 37.4016 -0.438696 0 -0.0707397 150.207 463 305194
-15.3767 34.3048 0.7 37.5934 -0.421388 0 0.0707397 154.707 487 305194
-15.9681 34.0335 0.7 37.5934 -0.438696 0 0.0707397 155.832 493 305194
-15.9681 34.0244 -0.0887406 37.5934 -0.438799 -0.0209824 0.0707397 151.144 468 305194
-15.9681 34.0244 1.48874 37.5934 -0.438799 0.0209824 0.0707397 151.519 470 305194
-15.3767 34.3048 0.7 37.5934 -0.421388 0 -0 162.394 528 305194
-15.9681 34.0335 0.7 37.5934 -0.438696 0 -0 163.519 534 305194
-15.9681 34.0244 -0.0887406 37.5934 -0.438799 -0.0209824 -0 158.832 509 305194
-15.9681 34.0244 1.48874 37.5934 -0.438799 0.0209824 -0 159.207 511 305194
-15.3767 34.3048 0.7 37.5934 -0.421388 0 -0.0707397 154.894 488 305194
-15.9681 34.0335 0.7 37.5934 -0.438696 0 -0.0707397 156.207 495 305194
-15.9681 34.0244 -0.0887406 37.5934 -0.438799 -0.0209824 -0.0707397 151.332 469 305194
-15.9681 34.0244 1.48874 37.5934 -0.438799 0.0209824 -0.0707397 152.082 473 305194
6.00464 37.4802 4.70407 38.1688 0.158858 0.105098 0.0707397 137.269 394 305194
6.00464 37.5572 3.90325 38.1688 0.158538 0.0840222 0.0707397 136.894 392 305194
-22.2172 30.8706 3.90325 38.1688 -0.623817 0.0840222 -0 135.582 385 305194
-22.2172 30.9432 3.10244 38.1688 -0.622704 0.0629841 -0 135.582 385 305194
6.60511 37.4562 3.90325 38.1688 0.174548 0.0840222 -0 138.207 399 305194
6.00464 37.4802 4.70407 38.1688 0.158858 0.105098 -0 138.394 400 305194
6.00464 37.5572 3.90325 38.1688 0.158538 0.0840222 -0 138.019 398 305194
7.24178 37.6364 2.30967 38.3606 0.190091 0.041974 -0 141.207 415 305194
7.24178 37.6622 1.50484 38.3606 0.189964 0.0209824 -0 139.332 405 305194
6.6383 37.7475 2.30967 38.3606 0.17408 0.041974 -0 139.894 408 305194
24.5014 30.2494 1.51691 38.936 0.680795 0.0209824 -0 140.332 405 305194
6.15551 38.6319 1.52093 39.1278 0.158009 0.0209824 0.0707397 133.582 369 305194
6.15551 38.6319 1.52093 39.1278 0.158009 0.0209824 -0 139.207 399 305194
5.53996 38.7249 1.52093 39.1278 0.142095 0.0209824 -0 138.832 397 305194
6.87064 39.0687 2.36601 39.7032 0.17408 0.041974 -0 140.144 404 305194
6.87064 39.0953 1.53301 39.7032 0.173964 0.0209824 -0 140.144 404 305194
-13.7413 37.2402 1.53301 39.7032 -0.353492 0.0209824 -0.0707397 133.394 368 305194
-6.90383 39.2931 0.7 39.895 -0.173925 0 0.0707397 134.332 373 305194
-6.90383 39.2931 0.7 39.895 -0.173925 0 -0 142.207 415 305194
-6.90383 39.2931 0.7 39.895 -0.173925 0 -0.0707397 135.644 380 305194
8.91342 39.3944 3.24731 40.4704 0.222515 0.0629841 -0 139.207 399 305194
8.91342 39.4675 1.5491 40.4704 0.222116 0.0209824 -0 137.894 392 305194
8.27675 39.6059 1.5491 40.4704 0.206013 0.0209824 -0 138.832 397 305194
-19.8304 35.4989 0.7 40.6622 -0.509437 0 -0 139.019 398 305194
-19.8304 35.4886 1.55313 40.6622 -0.50956 0.0209824 -0 139.394 400 305194
-19.8304 35.4886 1.55313 40.6622 -0.50956 0.0209824 -0.0707397 133.207 367 305194
-19.4623 36.191 -2.7608 41.2376 -0.493402 -0.0840222 0.0707397 134.582 369 305194
-20.111 35.9908 1.5652 41.2376 -0.50956 0.0209824 -0 140.957 403 305194
-20.111 35.9908 1.5652 41.2376 -0.50956 0.0209824 -0.0707397 134.582 369 305194
32.3798 26.7573 0.7 42.0049 0.880188 0 -0 137.582 385 305194
32.3798 26.7428 1.5813 42.0049 0.880455 0.0209824 -0 135.707 375 305194
31.719 27.5375 0.7 42.0049 0.855848 0 -0 137.957 387 305194
31.719 27.5234 1.5813 42.0049 0.856101 0.0209824 -0 135.332 373 305194
6.60812 41.4724 1.5813 42.0049 0.158009 0.0209824 -0 136.082 377 305194
-6.6383 41.6618 1.58532 42.1967 -0.158009 0.0209824 0.0707397 140.019 398 305194
-7.30213 41.5506 1.58532 42.1967 -0.173964 0.0209824 0.0707397 139.457 395 305194
-6.6383 41.6618 1.58532 42.1967 -0.158009 0.0209824 -0 146.582 433 305194
-7.30213 41.5506 1.58532 42.1967 -0.173964 0.0209824 -0 146.207 431 305194
-6.6383 41.6618 1.58532 42.1967 -0.158009 0.0209824 -0.0707397 138.144 388 305194
-7.30213 41.5506 1.58532 42.1967 -0.173964 0.0209824 -0.0707397 138.332 389 305194
29.2085 30.4407 1.58532 42.1967 0.764744 0.0209824 -0.0707397 136.457 379 305194
-21.2426 36.449 1.58532 42.1967 -0.527678 0.0209824 -0.0707397 134.957 371 305194
-21.9064 36.0539 1.58532 42.1967 -0.54599 0.0209824 -0.0707397 134.582 369 305194
28.9339 31.5004 0.7 42.7721 0.742956 0 0.0707397 140.207 399 305194
28.9339 31.4876 1.59739 42.7721 0.743158 0.0209824 0.0707397 138.707 391 305194
28.261 32.1055 0.7 42.7721 0.721799 0 0.0707397 143.207 415 305194
28.261 32.0929 1.59739 42.7721 0.721993 0.0209824 0.0707397 141.707 407 305194
28.9339 31.5004 0.7 42.7721 0.742956 0 -0 149.207 447 305194
28.9339 31.4876 1.59739 42.7721 0.743158 0.0209824 -0 147.707 439 305194
28.261 32.1055 0.7 42.7721 0.721799 0 -0 151.644 460 305194
28.261 32.0929 1.59739 42.7721 0.721993 0.0209824 -0 150.332 453 305194
28.9339 31.5004 0.7 42.7721 0.742956 0 -0.0707397 143.582 417 305194
28.9339 31.4876 1.59739 42.7721 0.743158 0.0209824 -0.0707397 142.269 410 305194
28.261 32.1055 0.7 42.7721 0.721799 0 -0.0707397 146.019 430 305194
28.261 32.0929 1.59739 42.7721 0.721993 0.0209824 -0.0707397 144.519 422 305194
29.0637 31.6417 0.7 42.9639 0.742956 0 0.0707397 136.269 378 305194
29.0637 31.6288 1.60142 42.9639 0.743158 0.0209824 0.0707397 135.519 374 305194
28.3878 32.2495 0.7 42.9639 0.721799 0 0.0707397 139.457 395 305194
28.3878 32.2369 1.60142 42.9639 0.721993 0.0209824 0.0707397 137.957 387 305194
29.0637 31.6417 0.7 42.9639 0.742956 0 -0 144.707 423 305194
29.0637 31.6288 1.60142 42.9639 0.743158 0.0209824 -0 143.957 419 305194
28.3878 32.2495 0.7 42.9639 0.721799 0 -0 147.894 440 305194
28.3878 32.2369 1.60142 42.9639 0.721993 0.0209824 -0 146.394 432 305194
29.0637 31.6417 0.7 42.9639 0.742956 0 -0.0707397 138.707 391 305194
29.0637 31.6288 1.60142 42.9639 0.743158 0.0209824 -0.0707397 137.207 383 305194
28.3878 32.2495 0.7 42.9639 0.721799 0 -0.0707397 142.269 410 305194
28.3878 32.2369 1.60142 42.9639 0.721993 0.0209824 -0.0707397 140.394 400 305194
6.84952 42.9874 1.61349 43.5393 0.158009 0.0209824 0.0707397 136.332 373 305194
6.16457 43.0619 2.52698 43.5393 0.14219 0.041974 0.0707397 136.519 374 305194
6.16457 43.091 1.61349 43.5393 0.142095 0.0209824 0.0707397 138.582 385 305194
6.84952 42.9874 1.61349 43.5393 0.158009 0.0209824 -0 143.269 410 305194
6.16457 43.0619 2.52698 43.5393 0.14219 0.041974 -0 143.269 410 305194
6.16457 43.091 1.61349 43.5393 0.142095 0.0209824 -0 145.894 424 305194
6.84952 42.9874 1.61349 43.5393 0.158009 0.0209824 -0.0707397 136.894 376 305194
6.16457 43.0619 2.52698 43.5393 0.14219 0.041974 -0.0707397 136.519 374 305194
6.16457 43.091 1.61349 43.5393 0.142095 0.0209824 -0.0707397 139.332 389 305194
28.2067 33.4184 0.7 43.7311 0.701029 0 0.0707397 136.519 374 305194
6.19172 43.2808 1.61751 43.7311 0.142095 0.0209824 0.0707397 132.207 351 305194
5.50375 43.3445 2.53503 43.7311 0.126301 0.041974 0.0707397 132.019 350 305194
4.81578 43.4651 0.7 43.7311 0.110346 0 0.0707397 133.519 358 305194
4.81578 43.4554 1.61751 43.7311 0.110371 0.0209824 0.0707397 132.957 355 305194
4.12781 43.5358 0.7 43.7311 0.0945316 0 0.0707397 132.957 355 305194
28.2067 33.4184 0.7 43.7311 0.701029 0 -0.0707397 137.832 381 305194
28.2067 33.4058 1.61751 43.7311 0.701215 0.0209824 -0.0707397 136.894 376 305194
6.19172 43.2808 1.61751 43.7311 0.142095 0.0209824 -0.0707397 135.582 369 305194
5.50375 43.3445 2.53503 43.7311 0.126301 0.041974 -0.0707397 135.394 368 305194
6.27319 43.8207 2.55917 44.3065 0.14219 0.041974 0.0707397 135.019 366 305194
6.27319 43.8503 1.62959 44.3065 0.142095 0.0209824 0.0707397 134.269 362 305194
5.57617 43.9149 2.55917 44.3065 0.126301 0.041974 0.0707397 131.832 349 305194
6.27319 43.8207 2.55917 44.3065 0.14219 0.041974 -0 142.707 407 305194
6.27319 43.8503 1.62959 44.3065 0.142095 0.0209824 -0 142.332 405 305194
5.57617 43.9149 2.55917 44.3065 0.126301 0.041974 -0 139.519 390 305194
6.97021 43.7153 2.55917 44.3065 0.158115 0.041974 -0.0707397 132.957 355 305194
6.97021 43.7449 1.62959 44.3065 0.158009 0.0209824 -0.0707397 133.144 356 305194
6.27319 43.8207 2.55917 44.3065 0.14219 0.041974 -0.0707397 136.707 375 305194
6.27319 43.8503 1.62959 44.3065 0.142095 0.0209824 -0.0707397 136.707 375 305194
5.57617 43.9149 2.55917 44.3065 0.126301 0.041974 -0.0707397 133.332 357 305194
6.30035 44.05 0.7 44.4983 0.142064 0 0.0707397 131.644 348 305194
0 44.4885 -0.233611 44.4983 0 -0.0209824 -0 145.144 420 305194
2.10012 44.4389 1.63361 44.4983 0.0472234 0.0209824 -0 140.269 394 305194
0 45.0638 -0.245684 45.0737 0 -0.0209824 0.0707397 144.394 416 305194
-2.12727 45.0235 0.7 45.0737 -0.047213 0 0.0707397 145.519 422 305194
-2.12727 45.0135 -0.245684 45.0737 -0.0472234 -0.0209824 0.0707397 143.082 409 305194
-2.83636 44.9844 0.7 45.0737 -0.0629689 0 0.0707397 141.957 403 305194
0 45.0638 -0.245684 45.0737 0 -0.0209824 -0 152.269 458 305194
-2.12727 45.0235 0.7 45.0737 -0.047213 0 -0 153.019 462 305194
-2.12727 45.0135 -0.245684 45.0737 -0.0472234 -0.0209824 -0 150.394 448 305194
0 45.0638 -0.245684 45.0737 0 -0.0209824 -0.0707397 145.894 424 305194
-2.12727 45.0235 0.7 45.0737 -0.047213 0 -0.0707397 146.082 425 305194
-2.12727 45.0135 -0.245684 45.0737 -0.0472234 -0.0209824 -0.0707397 143.832 413 305194
-2.83636 44.9844 0.7 45.0737 -0.0629689 0 -0.0707397 142.707 407 305194
28.4843 35.1283 2.59942 45.2655 0.681331 0.041974 0.0707397 131.082 345 305194
28.4843 35.1668 1.64971 45.2655 0.680795 0.0209824 0.0707397 131.644 348 305194
0 45.2555 -0.249708 45.2655 0 -0.0209824 -0 143.832 413 305194
-2.13633 45.2151 0.7 45.2655 -0.047213 0 -0 144.582 417 305194
-2.13633 45.2151 0.7 45.2655 -0.047213 0 -0.0707397 138.207 383 305194
-2.88464 45.7399 -0.261781 45.8409 -0.0629827 -0.0209824 -0.0707397 140.644 396 305194
-6.5176 45.569 0.7 46.0327 -0.142064 0 0.0707397 141.394 400 305194
-6.5176 45.5587 -0.265805 46.0327 -0.142095 -0.0209824 0.0707397 141.207 399 305194
-7.24178 45.4595 0.7 46.0327 -0.157974 0 0.0707397 141.394 400 305194
-7.24178 45.4493 -0.265805 46.0327 -0.158009 -0.0209824 0.0707397 141.957 403 305194
-7.24178 45.4595 0.7 46.0327 -0.157974 0 -0 149.082 441 305194
-7.24178 45.4493 -0.265805 46.0327 -0.158009 -0.0209824 -0 149.644 444 305194
-7.24178 45.4595 0.7 46.0327 -0.157974 0 -0.0707397 142.332 405 305194
-7.24178 45.4493 -0.265805 46.0327 -0.158009 -0.0209824 -0.0707397 142.707 407 305194
-21.2637 41.475 0.7 46.6081 -0.473746 0 0.0707397 131.707 343 305194
-11.78 45.2931 0.7 46.7999 -0.254446 0 0.0707397 135.082 361 305194
-11.78 45.2825 1.6819 46.7999 -0.254503 0.0209824 0.0707397 132.457 347 305194
-12.5162 45.0952 0.7 46.7999 -0.270736 0 0.0707397 132.457 347 305194
-11.78 45.2931 0.7 46.7999 -0.254446 0 -0 141.082 393 305194
-11.78 45.2931 0.7 46.7999 -0.254446 0 -0.0707397 134.894 360 305194
-11.78 45.2825 1.6819 46.7999 -0.254503 0.0209824 -0.0707397 132.082 345 305194
-21.3512 41.6456 0.7 46.7999 -0.473746 0 -0.0707397 131.707 343 305194
35.0291 31.8965 0.7 47.3753 0.832171 0 -0 134.332 357 305194
35.0291 31.881 1.69397 47.3753 0.832413 0.0209824 -0 132.082 345 305194
34.2838 32.6357 2.68795 47.3753 0.81002 0.041974 -0 133.957 355 305194
34.2838 32.6811 1.69397 47.3753 0.809327 0.0209824 -0 132.832 349 305194
33.5385 33.4012 2.68795 47.3753 0.787449 0.041974 -0 132.457 347 305194
33.5385 33.4455 1.69397 47.3753 0.786786 0.0209824 -0 133.019 350 305194
-2.27211 48.0889 0.7 48.1425 -0.047213 0 0.0707397 132.644 348 305194
-2.27211 48.0783 -0.310071 48.1425 -0.0472234 -0.0209824 0.0707397 133.394 352 305194
24.9932 41.097 -1.32014 48.1425 0.546391 -0.041974 0.0707397 132.457 347 305194
24.2358 41.5481 -1.32014 48.1425 0.528064 -0.041974 0.0707397 134.894 360 305194
23.4785 42.0294 0.7 48.1425 0.509437 0 0.0707397 134.332 357 305194
23.4785 41.9808 -1.32014 48.1425 0.50993 -0.041974 0.0707397 132.457 347 305194
23.4785 42.0172 1.71007 48.1425 0.50956 0.0209824 0.0707397 132.082 345 305194
24.2358 41.5972 0.7 48.1425 0.52755 0 -0.0707397 132.644 348 305194
24.2358 41.5481 -1.32014 48.1425 0.528064 -0.041974 -0.0707397 132.832 349 305194
23.4785 42.0294 0.7 48.1425 0.509437 0 -0.0707397 134.519 358 305194
23.4785 42.0172 1.71007 48.1425 0.50956 0.0209824 -0.0707397 131.707 343 305194
22.7211 42.4436 0.7 48.1425 0.491506 0 -0.0707397 131.894 344 305194
-1.52077 48.2998 -0.314095 48.3344 -0.0314757 -0.0209824 0.0707397 132.832 349 305194
-23.572 42.148 -1.32819 48.3344 -0.50993 -0.041974 0.0707397 134.707 359 305194
-23.572 42.087 -2.34229 48.3344 -0.510548 -0.0629841 0.0707397 131.707 343 305194
-24.3324 41.7137 -1.32819 48.3344 -0.528064 -0.041974 0.0707397 133.582 353 305194
24.3324 41.763 0.7 48.3344 0.52755 0 0.0707397 132.644 348 305194
-1.52077 48.2998 -0.314095 48.3344 -0.0314757 -0.0209824 -0.0707397 133.207 351 305194
-23.572 42.148 -1.32819 48.3344 -0.50993 -0.041974 -0.0707397 131.707 343 305194
25.0928 41.2607 -1.32819 48.3344 0.546391 -0.041974 -0.0707397 132.269 346 305194
24.3324 41.763 0.7 48.3344 0.52755 0 -0.0707397 133.207 351 305194
10.0027 47.865 1.72617 48.9098 0.206013 0.0209824 -0 136.457 363 305194
9.23327 48.0303 0.7 48.9098 0.189921 0 -0 136.457 363 305194
9.23327 48.0194 1.72617 48.9098 0.189964 0.0209824 -0 137.957 371 305194
10.0419 48.0637 0.7 49.1016 0.205967 0 0.0707397 136.457 363 305194
10.0419 48.0527 1.73019 49.1016 0.206013 0.0209824 0.0707397 138.144 372 305194
9.26948 48.1746 2.76038 49.1016 0.190091 0.041974 0.0707397 136.269 362 305194
9.26948 48.2077 1.73019 49.1016 0.189964 0.0209824 0.0707397 138.894 376 305194
4.63474 48.8823 0.7 49.1016 0.0945316 0 0.0707397 137.957 371 305194
4.63474 48.8715 1.73019 49.1016 0.0945525 0.0209824 0.0707397 136.457 363 305194
10.0419 48.0527 1.73019 49.1016 0.206013 0.0209824 -0 145.457 411 305194
9.26948 48.2077 1.73019 49.1016 0.189964 0.0209824 -0 146.394 416 305194
4.63474 48.8823 0.7 49.1016 0.0945316 0 -0 145.644 412 305194
10.0419 48.0637 0.7 49.1016 0.205967 0 -0.0707397 136.644 364 305194
10.0419 48.0527 1.73019 49.1016 0.206013 0.0209824 -0.0707397 137.394 368 305194
9.26948 48.2077 1.73019 49.1016 0.189964 0.0209824 -0.0707397 138.707 375 305194
4.63474 48.8823 0.7 49.1016 0.0945316 0 -0.0707397 137.957 371 305194
4.63474 48.8715 1.73019 49.1016 0.0945525 0.0209824 -0.0707397 137.207 367 305194
29.6973 39.8093 1.74226 49.677 0.640929 0.0209824 -0 132.894 344 305194
28.9158 40.3806 1.74226 49.677 0.621438 0.0209824 -0 133.269 346 305194
-25.0083 42.9104 1.74226 49.677 -0.527678 0.0209824 -0 134.394 352 305194
6.25207 49.2379 2.78453 49.677 0.126301 0.041974 -0 133.832 349 305194
35.3037 35.0812 3.83887 49.8688 0.788559 0.0629841 -0 133.457 347 305194
34.5191 35.8535 3.83887 49.8688 0.76644 0.0629841 -0 134.019 350 305194
-24.3203 43.5238 1.74629 49.8688 -0.50956 0.0209824 -0 134.394 352 305194
-27.4584 41.6285 0.7 49.8688 -0.583099 0 -0 134.019 350 305194
-28.2429 41.1003 0.7 49.8688 -0.602065 0 -0 133.457 347 305194
7.06074 49.322 2.79258 49.8688 0.14219 0.041974 -0 133.644 348 305194
6.27621 49.428 2.79258 49.8688 0.126301 0.041974 -0 134.207 351 305194
-30.156 40.438 0.7 50.4442 -0.640765 0 -0 133.082 345 305194
7.93578 49.8048 1.75836 50.4442 0.158009 0.0209824 -0 133.832 349 305194
7.14221 49.9248 1.75836 50.4442 0.142095 0.0209824 -0 133.457 347 305194
-27.0843 42.7705 1.76239 50.636 -0.564507 0.0209824 -0 132.519 342 305194
9.55915 49.7142 1.76239 50.636 0.189964 0.0209824 -0 132.707 343 305194
8.76255 49.8607 1.76239 50.636 0.173964 0.0209824 -0 133.832 349 305194
4.02824 51.0414 1.77446 51.2114 0.0787578 0.0209824 -0 134.394 352 305194
3.22259 51.0986 1.77446 51.2114 0.0629827 0.0209824 -0 135.144 356 305194
33.1553 39.2812 0.7 51.4032 0.701029 0 -0 133.082 345 305194
4.85199 51.1737 0.7 51.4032 0.0945316 0 -0 135.144 356 305194
4.04333 51.2439 0.7 51.4032 0.0787404 0 -0 135.519 358 305194
20.4429 47.7773 1.79055 51.9786 0.404307 0.0209824 0.0707397 133.519 342 305194
19.6252 48.1313 0.7 51.9786 0.387164 0 0.0707397 135.957 355 305194
19.6252 48.119 1.79055 51.9786 0.387253 0.0209824 0.0707397 137.832 365 305194
18.8075 48.4444 1.79055 51.9786 0.370317 0.0209824 0.0707397 133.894 344 305194
19.6252 48.1313 0.7 51.9786 0.387164 0 -0 142.519 390 305194
19.6252 48.119 1.79055 51.9786 0.387253 0.0209824 -0 144.394 400 305194
18.8075 48.4444 1.79055 51.9786 0.370317 0.0209824 -0 140.832 381 305194
19.6252 48.1313 0.7 51.9786 0.387164 0 -0.0707397 135.207 351 305194
19.6252 48.119 1.79055 51.9786 0.387253 0.0209824 -0.0707397 137.082 361 305194
18.8075 48.4444 1.79055 51.9786 0.370317 0.0209824 -0.0707397 133.707 343 305194
20.5184 47.9536 1.79458 52.1704 0.404307 0.0209824 -0 137.457 363 305194
19.6976 48.3089 0.7 52.1704 0.387164 0 -0 140.457 379 305194
19.6976 48.2965 1.79458 52.1704 0.387253 0.0209824 -0 141.582 385 305194
19.6976 48.3089 0.7 52.1704 0.387164 0 -0.0707397 133.894 344 305194
19.6976 48.2965 1.79458 52.1704 0.387253 0.0209824 -0.0707397 135.207 351 305194
0 52.7458 0.7 52.7458 0 0 0.0707397 149.082 425 305194
0 52.7342 1.80665 52.7458 0 0.0209824 0.0707397 147.394 416 305194
-0.829787 52.7393 0.7 52.7458 -0.0157325 0 0.0707397 147.957 419 305194
-0.829787 52.7277 1.80665 52.7458 -0.0157359 0.0209824 0.0707397 147.207 415 305194
0 52.7458 0.7 52.7458 0 0 -0 156.394 464 305194
0 52.7342 1.80665 52.7458 0 0.0209824 -0 155.457 459 305194
-0.829787 52.7393 0.7 52.7458 -0.0157325 0 -0 156.019 462 305194
-0.829787 52.7277 1.80665 52.7458 -0.0157359 0.0209824 -0 155.457 459 305194
0 52.7458 0.7 52.7458 0 0 -0.0707397 150.019 430 305194
0 52.7342 1.80665 52.7458 0 0.0209824 -0.0707397 148.519 422 305194
-0.829787 52.7393 0.7 52.7458 -0.0157325 0 -0.0707397 149.644 428 305194
-0.829787 52.7277 1.80665 52.7458 -0.0157359 0.0209824 -0.0707397 148.894 424 305194
1.66561 52.8998 1.81068 52.9376 0.0314757 0.0209824 0.0707397 140.832 381 305194
1.66561 52.9114 0.7 52.9376 0.0314688 0 -0 146.082 409 305194
1.66561 52.8648 2.92135 52.9376 0.0314966 0.041974 -0 147.394 416 305194
1.66561 52.8998 1.81068 52.9376 0.0314757 0.0209824 -0 149.269 426 305194
0.832805 52.8844 2.92135 52.9376 0.0157463 0.041974 -0 146.082 409 305194
0.832805 52.9194 1.81068 52.9376 0.0157359 0.0209824 -0 147.394 416 305194
1.66561 52.8648 2.92135 52.9376 0.0314966 0.041974 -0.0707397 141.019 382 305194
1.66561 52.8998 1.81068 52.9376 0.0314757 0.0209824 -0.0707397 142.519 390 305194
-2.52557 53.4534 0.7 53.513 -0.047213 0 0.0707397 147.394 416 305194
-2.52557 53.4416 -0.422748 53.513 -0.0472234 -0.0209824 0.0707397 145.519 406 305194
-3.36743 53.407 0.7 53.513 -0.0629689 0 0.0707397 147.207 415 305194
-2.52557 53.4534 0.7 53.513 -0.047213 0 -0 155.644 460 305194
-3.36743 53.407 0.7 53.513 -0.0629689 0 -0 154.894 456 305194
-2.52557 53.4534 0.7 53.513 -0.047213 0 -0.0707397 148.332 421 305194
-2.52557 53.4416 -0.422748 53.513 -0.0472234 -0.0209824 -0.0707397 146.082 409 305194
-3.36743 53.407 0.7 53.513 -0.0629689 0 -0.0707397 147.957 419 305194
-3.3795 53.5866 -0.426772 53.7048 -0.0629827 -0.0209824 0.0707397 142.332 389 305194
-4.22437 53.5266 -0.426772 53.7048 -0.0787578 -0.0209824 0.0707397 145.144 404 305194
40.554 35.2077 0.7 53.7048 0.855848 0 0.0707397 138.019 366 305194
-4.22437 53.5266 -0.426772 53.7048 -0.0787578 -0.0209824 -0 152.082 441 305194
-3.3795 53.5984 0.7 53.7048 -0.0629689 0 -0.0707397 142.144 388 305194
-3.3795 53.5866 -0.426772 53.7048 -0.0629827 -0.0209824 -0.0707397 142.519 390 305194
-3.3795 53.5866 1.82677 53.7048 -0.0629827 0.0209824 -0.0707397 141.957 387 305194
40.554 35.2077 0.7 53.7048 0.855848 0 -0.0707397 138.957 371 305194
38.834 38.6751 -1.60183 54.8557 0.787449 -0.041974 0.636658 134.082 345 305194
38.834 38.7264 1.85092 54.8557 0.786786 0.0209824 0.636658 135.207 351 305194
-6.83141 53.8486 0.7 54.2802 -0.126189 0 0.0707397 148.894 424 305194
-9.39319 53.4613 0.7 54.2802 -0.173925 0 0.0707397 149.082 425 305194
-9.39319 53.4613 0.7 54.2802 -0.173925 0 -0.0707397 150.957 435 305194
-12.8542 52.9337 0.7 54.472 -0.238224 0 0.0707397 141.207 383 305194
-12.8542 52.9213 1.84287 54.472 -0.238277 0.0209824 0.0707397 139.894 376 305194
-13.7111 52.7182 0.7 54.472 -0.254446 0 0.0707397 139.894 376 305194
-41.1333 35.7107 0.7 54.472 -0.855848 0 0.0707397 140.644 380 305194
-41.1333 35.7107 0.7 54.472 -0.855848 0 -0.0707397 142.144 388 305194
-12.9447 53.3065 0.7 54.8557 -0.238224 0 -0 146.269 410 305194
13.8077 53.0895 0.7 54.8557 0.254446 0 -0 146.082 409 305194
0 55.0353 1.85494 55.0475 0 0.0209824 0.0707397 140.332 373 305194
1.73199 54.9717 -1.60988 55.0475 0.0314966 -0.041974 0.0707397 139.957 371 305194
0.865996 55.0285 1.85494 55.0475 0.0157359 0.0209824 0.0707397 141.082 377 305194
0.865996 55.0285 1.85494 55.0475 0.0157359 0.0209824 -0 149.332 421 305194
0.865996 55.0285 1.85494 55.0475 0.0157359 0.0209824 -0.0707397 142.394 384 305194
-0.869014 55.1838 -1.61793 55.2393 -0.0157463 -0.041974 0.0707397 137.144 356 305194
-0.869014 55.2203 1.85897 55.2393 -0.0157359 0.0209824 0.0707397 136.957 355 305194
1.73803 55.1632 -1.61793 55.2393 0.0314966 -0.041974 0.0707397 134.707 343 305194
-0.869014 55.2203 1.85897 55.2393 -0.0157359 0.0209824 -0 145.394 400 305194
0 55.2271 1.85897 55.2393 0 0.0209824 -0.0707397 134.707 343 305194
-0.869014 55.1838 -1.61793 55.2393 -0.0157463 -0.041974 -0.0707397 137.519 358 305194
-0.869014 55.2203 1.85897 55.2393 -0.0157359 0.0209824 -0.0707397 137.707 359 305194
-4.37524 55.4505 0.7 55.6229 -0.0787404 0 -0 144.269 394 305194
-4.37524 55.4382 1.86701 55.6229 -0.0787578 0.0209824 -0 142.394 384 305194
-5.25029 55.3745 0.7 55.6229 -0.0945316 0 -0 146.707 407 305194
-5.25029 55.3622 1.86701 55.6229 -0.0945525 0.0209824 -0 144.082 393 305194
-4.40542 55.7835 -1.65013 56.0065 -0.07881 -0.041974 0.0707397 141.457 379 305194
-4.40542 55.7215 -2.82519 56.0065 -0.0788972 -0.0629841 0.0707397 138.457 363 305194
-5.2865 55.7069 -1.65013 56.0065 -0.0946152 -0.041974 0.0707397 137.707 359 305194
-4.40542 55.7835 -1.65013 56.0065 -0.07881 -0.041974 -0 148.394 416 305194
-4.40542 55.7835 -1.65013 56.0065 -0.07881 -0.041974 -0.0707397 142.394 384 305194
-5.32271 56.0884 -1.66622 56.3901 -0.0946152 -0.041974 -0 140.894 376 305194
-5.32271 56.026 -2.84933 56.3901 -0.09472 -0.0629841 -0 140.707 375 305194
0.902205 57.2915 3.10646 57.3491 0.0157463 0.041974 -0 136.957 355 305194
-8.147 56.9612 0.7 57.5409 -0.142064 0 0.0707397 137.144 356 305194
-15.3888 55.3923 -1.71451 57.5409 -0.270981 -0.041974 0.0707397 136.582 353 305194
-15.3888 55.4318 1.90726 57.5409 -0.270797 0.0209824 0.0707397 136.207 351 305194
-16.294 55.1328 -1.71451 57.5409 -0.287361 -0.041974 0.0707397 140.144 372 305194
-16.294 55.1328 -1.71451 57.5409 -0.287361 -0.041974 -0 148.019 414 305194
-15.3888 55.3923 -1.71451 57.5409 -0.270981 -0.041974 -0.0707397 137.894 360 305194
-15.3888 55.4318 1.90726 57.5409 -0.270797 0.0209824 -0.0707397 136.582 353 305194
-16.294 55.1328 -1.71451 57.5409 -0.287361 -0.041974 -0.0707397 140.707 375 305194
-8.20132 57.3281 -0.515304 57.9245 -0.142095 -0.0209824 -0 139.207 367 305194
-15.5427 55.9994 0.7 58.1163 -0.270736 0 -0 134.707 343 305194
-15.5427 55.9861 1.91933 58.1163 -0.270797 0.0209824 -0 134.144 340 305194
27.4282 51.2222 1.91933 58.1163 0.491624 0.0209824 -0 134.894 344 305194
-33.8282 47.2406 1.91933 58.1163 -0.621438 0.0209824 -0 134.519 342 305194
0 58.3081 0.7 58.3081 0 0 -0 138.082 361 305194
-0.917292 58.3009 0.7 58.3081 -0.0157325 0 -0 139.207 367 305194
8.36426 58.4671 1.93945 59.0753 0.142095 0.0209824 -0 134.957 339 305194
7.43489 58.6056 0.7 59.0753 0.126189 0 -0 137.019 350 305194
7.43489 58.5925 1.93945 59.0753 0.126217 0.0209824 -0 138.144 356 305194
-29.2779 52.396 1.95957 60.0343 -0.50956 0.0209824 -0 135.332 341 305194
30.2224 51.857 -0.55957 60.0343 0.527678 -0.0209824 -0 135.144 340 305194
26.4446 53.7636 4.47871 60.0343 0.45712 0.0629841 -0 135.332 341 305194
39.9203 45.3508 0.7 60.4179 0.721799 0 -0 137.394 352 305194
39.9203 45.3331 1.96762 60.4179 0.721993 0.0209824 -0 135.894 344 305194
30.4155 52.1421 3.23524 60.4179 0.528064 0.041974 -0 136.644 348 305194
30.4155 52.1883 1.96762 60.4179 0.527678 0.0209824 -0 138.707 359 305194
29.465 52.7308 1.96762 60.4179 0.50956 0.0209824 -0 136.457 347 305194
-30.512 52.354 1.97164 60.6097 -0.527678 0.0209824 -0 134.394 336 305194
30.512 52.3694 0.7 60.6097 0.52755 0 -0 135.894 344 305194
30.512 52.354 1.97164 60.6097 0.527678 0.0209824 -0 137.957 355 305194
29.5585 52.9135 0.7 60.6097 0.509437 0 -0 137.582 353 305194
29.5585 52.8982 1.97164 60.6097 0.50956 0.0209824 -0 137.582 353 305194
-29.6521 53.0656 1.97567 60.8015 -0.50956 0.0209824 -0 134.582 337 305194
30.8017 52.851 1.98372 61.1852 0.527678 0.0209824 -0 135.144 340 305194
33.2398 52.4425 3.30767 62.1442 0.564926 0.041974 -0 137.644 348 305194
33.2398 52.4911 2.00384 62.1442 0.564507 0.0209824 -0 140.269 362 305194
32.2621 53.0976 2.00384 62.1442 0.54599 0.0209824 -0 136.332 341 305194
34.323 52.0192 2.00786 62.336 0.583244 0.0209824 -0 138.207 351 305194
33.3424 52.6693 0.7 62.336 0.564368 0 -0 138.207 351 305194
33.3424 52.6531 -0.607861 62.336 0.564507 -0.0209824 -0 136.144 340 305194
33.3424 52.6044 3.31572 62.336 0.564926 0.041974 -0 137.082 345 305194
33.3424 52.6531 2.00786 62.336 0.564507 0.0209824 -0 140.832 365 305194
-31.1487 55.7601 0.7 63.8704 -0.509437 0 -0 136.707 343 305194
-31.1487 55.744 2.04005 63.8704 -0.50956 0.0209824 -0 135.957 339 305194
37.4008 52.2471 0.7 64.254 0.621281 0 -0 138.207 351 305194
37.4008 52.1775 3.39621 64.254 0.621912 0.041974 -0 138.019 350 305194
37.4008 52.2297 2.0481 64.254 0.621438 0.0209824 -0 140.832 365 305194
36.3899 52.8874 3.39621 64.254 0.60267 0.041974 -0 138.207 351 305194
36.3899 52.9389 2.0481 64.254 0.602216 0.0209824 -0 139.707 359 305194
36.4986 53.097 2.05213 64.4458 0.602216 0.0209824 -0 136.144 340 305194
16.6078 63.8559 0.7 65.9802 0.254446 0 -0 136.957 339 305194
-8.32805 65.6312 2.08834 66.172 -0.126217 0.0209824 -0 137.144 340 305194
-9.36905 65.4907 2.08834 66.172 -0.142095 0.0209824 -0 136.957 339 305194
-46.3353 48.3105 0.7 66.9392 -0.764533 0 -0 139.207 351 305194
-47.3884 47.2779 0.7 66.9392 -0.786565 0 -0 139.582 353 305194
-47.3884 47.2571 2.10444 66.9392 -0.786786 0.0209824 -0 136.957 339 305194
13.7684 65.8848 2.11249 67.3228 0.206013 0.0209824 -0 138.832 349 305194
12.7093 66.0519 3.52498 67.3228 0.190091 0.041974 -0 141.457 363 305194
12.7093 66.0972 2.11249 67.3228 0.189964 0.0209824 -0 142.394 368 305194
11.6502 66.2469 3.52498 67.3228 0.17408 0.041974 -0 139.582 353 305194
11.6502 66.2921 2.11249 67.3228 0.173964 0.0209824 -0 139.957 355 305194
2.1665 68.808 2.14468 68.8573 0.0314757 0.0209824 -0 139.957 355 305194
1.08325 68.8336 2.14468 68.8573 0.0157359 0.0209824 -0 138.644 348 305194
2.17253 68.954 3.59741 69.0491 0.0314966 0.041974 -0 136.582 337 305194
2.17253 68.9997 2.14871 69.0491 0.0314757 0.0209824 -0 139.019 350 305194
-2.1846 69.3371 3.61351 69.4327 -0.0314966 0.041974 -0 140.707 359 305194
-3.27691 69.2941 3.61351 69.4327 -0.0472546 0.041974 -0 140.332 357 305194
-12.0485 68.5118 3.62156 69.6245 -0.17408 0.041974 -0 137.957 339 305194
-12.2477 69.6442 3.66985 70.7753 -0.17408 0.041974 -0 139.082 345 305194
-13.3611 69.4392 3.66985 70.7753 -0.190091 0.041974 -0 143.207 367 305194
-13.3611 69.4868 2.18492 70.7753 -0.189964 0.0209824 -0 141.144 356 305194
-14.4745 69.2157 3.66985 70.7753 -0.206151 0.041974 -0 140.207 351 305194
-13.3973 69.6274 3.6779 70.9671 -0.190091 0.041974 -0 145.269 378 305194
-13.3973 69.6751 2.18895 70.9671 -0.189964 0.0209824 -0 143.394 368 305194
-14.5137 69.4033 3.6779 70.9671 -0.206151 0.041974 -0 145.457 379 305194
-14.5137 69.4512 2.18895 70.9671 -0.206013 0.0209824 -0 143.207 367 305194
-18.0079 69.1739 3.70204 71.5425 -0.254675 0.041974 -0 138.707 343 305194
-18.0079 69.2228 2.20102 71.5425 -0.254503 0.0209824 -0 139.269 346 305194
2.26306 71.8747 2.20907 71.9261 0.0314757 0.0209824 0.0707397 139.269 346 305194
2.26306 71.8905 0.7 71.9261 0.0314688 0 -0 144.707 375 305194
2.26306 71.8747 2.20907 71.9261 0.0314757 0.0209824 -0 146.582 385 305194
1.13153 71.9014 2.20907 71.9261 0.0157359 0.0209824 -0 142.457 363 305194
2.26306 71.8747 2.20907 71.9261 0.0314757 0.0209824 -0.0707397 139.832 349 305194
3.40364 72.0217 2.21309 72.1179 0.0472234 0.0209824 -0 140.207 351 305194
2.26909 72.0822 0.7 72.1179 0.0314688 0 -0 139.644 348 305194
2.26909 72.0187 3.72619 72.1179 0.0314966 0.041974 -0 139.082 345 305194
2.26909 72.0663 2.21309 72.1179 0.0314757 0.0209824 -0 144.144 372 305194
1.13455 72.0931 2.21309 72.1179 0.0157359 0.0209824 -0 140.394 352 305194
2.27513 72.2739 0.7 72.3097 0.0314688 0 -0 138.519 342 305194
2.27513 72.258 2.21712 72.3097 0.0314757 0.0209824 -0 140.394 352 305194
