1.41215 1.75219 0.217098 2.30164 0.678348 -0.211379 -0 92.3317 389 306312
1.52983 1.91185 0.22917 2.49344 0.67485 -0.189968 -0 92.3317 389 306312
1.43629 2.22362 0.249291 2.68524 0.573504 -0.168645 -0 98.5192 422 306312
1.39404 2.25034 0.249291 2.68524 0.554621 -0.168645 -0 98.7067 423 306312
1.26731 2.53734 0.217098 2.87704 0.463219 -0.168645 -0 105.707 439 306312
1.22205 2.5701 0.27746 2.87704 0.443845 -0.147399 -0 104.394 432 306312
1.22205 2.55945 0.217098 2.87704 0.445458 -0.168645 -0 105.144 436 306312
1.30352 2.74145 0.249291 3.06885 0.443845 -0.147399 -0 102.519 422 306312
1.30352 2.73008 0.184904 3.06885 0.445458 -0.168645 -0 101.957 419 306312
1.15868 2.80573 0.249291 3.06885 0.391638 -0.147399 -0 103.644 428 306312
1.06213 2.82027 0.120517 3.06885 0.360177 -0.189968 -0 99.8942 408 306312
0.917292 2.87064 0.120517 3.06885 0.309288 -0.189968 -0 99.7067 407 306312
1.12851 3.03147 0.289533 3.26065 0.356371 -0.12622 0.0707397 100.082 409 306312
1.12851 3.02142 0.221122 3.26065 0.357458 -0.147399 0.0707397 102.707 423 306312
1.07721 3.04009 0.221122 3.26065 0.340533 -0.147399 0.0707397 99.1442 404 306312
1.12851 3.02142 0.221122 3.26065 0.357458 -0.147399 -0 109.644 460 306312
1.12851 3.03147 0.289533 3.26065 0.356371 -0.12622 -0.0707397 99.5192 406 306312
1.12851 3.02142 0.221122 3.26065 0.357458 -0.147399 -0.0707397 102.144 420 306312
1.07721 3.04009 0.221122 3.26065 0.340533 -0.147399 -0.0707397 98.2067 399 306312
1.79234 2.91857 0.265388 3.45245 0.550734 -0.12622 -0 102.707 423 306312
1.30352 3.16724 0.265388 3.45245 0.390435 -0.12622 -0 103.269 426 306312
1.24921 3.18905 0.265388 3.45245 0.373346 -0.12622 -0 101.957 419 306312
1.24921 3.17834 0.192952 3.45245 0.37449 -0.147399 -0 101.957 419 306312
1.19489 3.20979 0.265388 3.45245 0.356371 -0.12622 -0 101.207 415 306312
1.19489 3.19915 0.192952 3.45245 0.357458 -0.147399 -0 103.269 426 306312
1.14058 3.22949 0.265388 3.45245 0.339502 -0.12622 -0 101.207 415 306312
1.71992 3.17994 0.241243 3.64426 0.495804 -0.12622 0.0707397 100.082 393 306312
1.43327 3.31902 0.241243 3.64426 0.407646 -0.12622 0.0707397 99.8942 392 306312
1.37594 3.34319 0.241243 3.64426 0.390435 -0.12622 0.0707397 101.207 399 306312
1.08928 3.45658 0.317702 3.64426 0.305283 -0.105098 0.0707397 100.457 395 306312
1.08928 3.44726 0.241243 3.64426 0.306057 -0.12622 0.0707397 101.394 400 306312
1.71992 3.17994 0.241243 3.64426 0.495804 -0.12622 -0.0707397 99.5192 390 306312
1.44836 3.51915 0.217098 3.83606 0.390435 -0.12622 0.0707397 102.707 407 306312
1.14662 3.6385 0.297581 3.83606 0.305283 -0.105098 0.0707397 102.332 405 306312
1.14662 3.6287 0.217098 3.83606 0.306057 -0.12622 0.0707397 101.957 403 306312
1.08627 3.65697 0.297581 3.83606 0.288739 -0.105098 0.0707397 102.144 404 306312
1.44836 3.51915 0.217098 3.83606 0.390435 -0.12622 -0.0707397 102.519 406 306312
1.14662 3.6385 0.297581 3.83606 0.305283 -0.105098 -0.0707397 102.332 405 306312
1.52077 3.70572 0.27746 4.02786 0.389427 -0.105098 0.0707397 104.957 419 306312
1.52077 3.69511 0.192952 4.02786 0.390435 -0.12622 0.0707397 104.207 415 306312
1.45741 3.7311 0.27746 4.02786 0.372386 -0.105098 0.0707397 104.019 414 306312
1.14058 3.83982 0.27746 4.02786 0.288739 -0.105098 0.0707397 104.207 415 306312
1.52077 3.70572 0.27746 4.02786 0.389427 -0.105098 -0.0707397 104.019 414 306312
1.20395 3.82043 0.27746 4.02786 0.305283 -0.105098 -0.0707397 103.832 413 306312
1.14058 3.83982 0.27746 4.02786 0.288739 -0.105098 -0.0707397 104.019 414 306312
1.59319 3.88219 0.257339 4.21967 0.389427 -0.105098 0.0707397 108.332 437 306312
1.19489 4.02267 0.257339 4.21967 0.288739 -0.105098 0.0707397 109.832 445 306312
1.12851 4.04179 0.257339 4.21967 0.272276 -0.105098 0.0707397 109.269 442 306312
1.59319 3.88219 0.257339 4.21967 0.389427 -0.105098 -0 115.644 476 306312
1.19489 4.02267 0.257339 4.21967 0.288739 -0.105098 -0 116.394 480 306312
1.12851 4.04179 0.257339 4.21967 0.272276 -0.105098 -0 116.207 479 306312
1.59319 3.88219 0.257339 4.21967 0.389427 -0.105098 -0.0707397 108.519 438 306312
1.19489 4.02267 0.257339 4.21967 0.288739 -0.105098 -0.0707397 108.332 437 306312
1.12851 4.04179 0.257339 4.21967 0.272276 -0.105098 -0.0707397 108.519 438 306312
2.70662 3.23361 -0.595788 4.41147 0.696914 -0.298128 1.98071 107.582 417 306312
-2.03977 4.53135 1.11852 4.98688 -0.422975 0.0840222 1.55627 117.519 470 306312
-2.03977 4.5398 1.01389 4.98688 -0.422278 0.0629841 1.55627 119.207 479 306312
-2.11822 4.49521 1.11852 4.98688 -0.440357 0.0840222 1.55627 120.519 486 306312
-2.11822 4.50373 1.01389 4.98688 -0.439628 0.0629841 1.55627 119.582 481 306312
-2.11822 4.47079 1.32777 4.98688 -0.442461 0.12622 1.48553 124.269 506 306312
-2.11822 4.49521 1.11852 4.98688 -0.440357 0.0840222 1.48553 124.457 507 306312
-2.11822 4.50373 1.01389 4.98688 -0.439628 0.0629841 1.48553 122.582 497 306312
-1.96132 4.55505 1.22314 4.98688 -0.406588 0.105098 1.41479 122.582 497 306312
-1.96132 4.56586 1.11852 4.98688 -0.405728 0.0840222 1.41479 122.207 495 306312
-2.11822 4.47079 1.32777 4.98688 -0.442461 0.12622 1.41479 121.644 492 306312
-2.11822 4.48424 1.22314 4.98688 -0.4413 0.105098 1.41479 120.144 484 306312
-1.96132 4.55505 1.22314 4.98688 -0.406588 0.105098 1.34406 121.644 492 306312
-1.96132 4.56586 1.11852 4.98688 -0.405728 0.0840222 1.34406 121.832 493 306312
-2.03977 4.53135 1.11852 4.98688 -0.422975 0.0840222 1.34406 117.894 472 306312
-1.96132 4.58022 0.909258 4.98688 -0.40459 0.041974 1.13184 107.957 419 306312
-1.96132 4.5838 0.804629 4.98688 -0.404307 0.0209824 1.13184 110.207 431 306312
-1.96132 4.585 0.7 4.98688 -0.404213 0 0.919617 114.332 453 306312
-1.96132 4.5838 0.595371 4.98688 -0.404307 -0.0209824 0.919617 109.832 429 306312
-1.96132 4.5838 0.804629 4.98688 -0.404307 0.0209824 0.919617 110.207 431 306312
-2.03977 4.55064 0.7 4.98688 -0.421388 0 0.919617 110.957 435 306312
-1.96132 4.585 0.7 4.98688 -0.404213 0 0.707397 112.644 444 306312
-1.96132 4.5838 0.595371 4.98688 -0.404307 -0.0209824 0.707397 116.582 465 306312
-1.96132 4.58022 0.490742 4.98688 -0.40459 -0.041974 0.707397 112.457 443 306312
-2.03977 4.54943 0.595371 4.98688 -0.421486 -0.0209824 0.707397 115.269 458 306312
-1.96132 4.585 0.7 4.98688 -0.404213 0 0.778137 118.832 477 306312
-1.96132 4.5838 0.595371 4.98688 -0.404307 -0.0209824 0.778137 119.957 483 306312
-2.03977 4.55064 0.7 4.98688 -0.421388 0 0.778137 115.832 461 306312
-2.03977 4.54943 0.595371 4.98688 -0.421486 -0.0209824 0.778137 116.957 467 306312
-1.88286 4.19614 0.893161 4.60327 -0.421783 0.041974 1.41479 108.144 420 306312
-1.81044 4.42989 0.398186 4.79507 -0.387974 -0.0629841 0.495178 108.519 422 306312
-1.88588 4.39831 0.398186 4.79507 -0.405063 -0.0629841 0.495178 113.019 446 306312
-1.88286 4.60709 0.386113 4.98688 -0.387974 -0.0629841 0.495178 111.144 436 306312
-1.96132 4.58022 0.490742 4.98688 -0.40459 -0.041974 0.495178 111.707 439 306312
-1.96132 4.57424 0.386113 4.98688 -0.405063 -0.0629841 0.495178 116.019 462 306312
-1.96132 4.56586 0.281485 4.98688 -0.405728 -0.0840222 0.495178 110.207 431 306312
-2.03977 4.5398 0.386113 4.98688 -0.422278 -0.0629841 0.495178 112.082 441 306312
-1.88286 4.60709 0.386113 4.98688 -0.387974 -0.0629841 0.424438 116.394 464 306312
-1.96132 4.58022 0.490742 4.98688 -0.40459 -0.041974 0.424438 118.644 476 306312
-1.96132 4.57424 0.386113 4.98688 -0.405063 -0.0629841 0.424438 120.144 484 306312
-1.81044 4.42989 0.398186 4.79507 -0.387974 -0.0629841 0.353699 114.894 456 306312
-1.88588 4.39831 0.398186 4.79507 -0.405063 -0.0629841 0.353699 119.394 480 306312
-1.88588 4.39025 0.297581 4.79507 -0.405728 -0.0840222 0.353699 117.894 472 306312
-1.96132 4.36519 0.398186 4.79507 -0.422278 -0.0629841 0.353699 115.457 459 306312
-1.88286 4.60709 0.386113 4.98688 -0.387974 -0.0629841 0.353699 120.332 485 306312
-1.96132 4.57424 0.386113 4.98688 -0.405063 -0.0629841 0.353699 124.269 506 306312
-1.96132 4.56586 0.281485 4.98688 -0.405728 -0.0840222 0.353699 123.332 501 306312
-2.03977 4.5398 0.386113 4.98688 -0.422278 -0.0629841 0.353699 119.582 481 306312
-1.88286 4.60709 0.386113 4.98688 -0.387974 -0.0629841 0.282959 119.582 481 306312
-1.88286 4.59876 0.281485 4.98688 -0.388608 -0.0840222 0.282959 119.582 481 306312
-1.96132 4.57424 0.386113 4.98688 -0.405063 -0.0629841 0.282959 123.332 501 306312
-1.96132 4.56586 0.281485 4.98688 -0.405728 -0.0840222 0.282959 123.332 501 306312
-1.88588 4.37986 0.196977 4.79507 -0.406588 -0.105098 0.141479 109.457 427 306312
2.70662 3.23361 -0.595788 4.41147 0.696914 -0.298128 1.90997 107.582 417 306312
-1.88286 4.59876 0.281485 4.98688 -0.388608 -0.0840222 0.212219 107.582 417 306312
-1.96132 4.57424 0.386113 4.98688 -0.405063 -0.0629841 0.212219 109.082 425 306312
-1.96132 4.56586 0.281485 4.98688 -0.405728 -0.0840222 0.212219 108.332 421 306312
-1.66561 4.05865 1.16278 4.41147 -0.389427 0.105098 1.41479 107.582 417 306312
-1.80441 4.0085 1.07023 4.41147 -0.422975 0.0840222 1.55627 108.144 420 306312
-1.88588 4.39831 0.398186 4.79507 -0.405063 -0.0629841 0.282959 117.144 468 306312
-1.88588 4.39025 0.297581 4.79507 -0.405728 -0.0840222 0.282959 117.332 469 306312
-1.96132 4.36519 0.398186 4.79507 -0.422278 -0.0629841 0.282959 113.957 451 306312
-1.96132 4.35707 0.297581 4.79507 -0.422975 -0.0840222 0.282959 113.207 447 306312
-1.81044 4.22237 0.410259 4.60327 -0.405063 -0.0629841 0.282959 110.207 431 306312
-1.81044 4.21464 0.313678 4.60327 -0.405728 -0.0840222 0.282959 109.644 428 306312
-1.81044 4.22237 0.410259 4.60327 -0.405063 -0.0629841 0.353699 110.019 430 306312
-1.81044 4.21464 0.313678 4.60327 -0.405728 -0.0840222 0.353699 109.832 429 306312
-1.81044 4.4356 0.498791 4.79507 -0.387523 -0.041974 0.424438 110.582 433 306312
-1.81044 4.42989 0.398186 4.79507 -0.387974 -0.0629841 0.424438 112.269 442 306312
-1.88588 4.40406 0.498791 4.79507 -0.40459 -0.041974 0.424438 113.957 451 306312
-1.88588 4.39831 0.398186 4.79507 -0.405063 -0.0629841 0.424438 115.832 461 306312
1.20696 4.62321 0.297581 4.79507 0.255367 -0.0840222 0.0707397 110.207 431 306312
1.20696 4.61334 0.196977 4.79507 0.255889 -0.105098 0.0707397 109.644 428 306312
1.13153 4.64225 0.297581 4.79507 0.239084 -0.0840222 0.0707397 110.957 435 306312
1.13153 4.63242 0.196977 4.79507 0.239572 -0.105098 0.0707397 110.394 432 306312
1.66561 4.05865 0.237219 4.41147 0.389427 -0.105098 0.0707397 107.019 414 306312
1.24921 4.20552 0.237219 4.41147 0.288739 -0.105098 0.0707397 107.207 415 306312
1.17981 4.22551 0.237219 4.41147 0.272276 -0.105098 0.0707397 107.207 415 306312
1.66561 4.05865 0.237219 4.41147 0.389427 -0.105098 -0.0707397 108.144 420 306312
1.44836 4.35237 0.313678 4.60327 0.321247 -0.0840222 0.0707397 111.519 438 306312
1.44836 4.34272 0.217098 4.60327 0.321913 -0.105098 0.0707397 111.894 440 306312
1.44836 4.35237 0.313678 4.60327 0.321247 -0.0840222 -0 119.207 479 306312
1.44836 4.34272 0.217098 4.60327 0.321913 -0.105098 -0 119.582 481 306312
1.44836 4.35237 0.313678 4.60327 0.321247 -0.0840222 -0.0707397 111.707 439 306312
1.44836 4.34272 0.217098 4.60327 0.321913 -0.105098 -0.0707397 112.269 442 306312
-2.26306 4.21666 1.00181 4.79507 -0.49257 0.0629841 -0.141479 103.832 397 306312
-2.26306 4.22266 0.901209 4.79507 -0.491978 0.041974 -0.141479 105.144 404 306312
1.20696 4.62321 0.297581 4.79507 0.255367 -0.0840222 -0 117.332 469 306312
1.20696 4.61334 0.196977 4.79507 0.255889 -0.105098 -0 117.332 469 306312
1.13153 4.64225 0.297581 4.79507 0.239084 -0.0840222 -0 117.894 472 306312
1.13153 4.63242 0.196977 4.79507 0.239572 -0.105098 -0 118.082 473 306312
1.20696 4.62321 0.297581 4.79507 0.255367 -0.0840222 -0.0707397 110.207 431 306312
1.20696 4.61334 0.196977 4.79507 0.255889 -0.105098 -0.0707397 110.207 431 306312
1.13153 4.64225 0.297581 4.79507 0.239084 -0.0840222 -0.0707397 110.957 435 306312
1.13153 4.63242 0.196977 4.79507 0.239572 -0.105098 -0.0707397 110.957 435 306312
1.56905 4.71507 0.281485 4.98688 0.321247 -0.0840222 -0 112.269 442 306312
-1.96132 4.55505 0.176856 4.98688 -0.406588 -0.105098 0.141479 111.707 439 306312
-2.03977 4.52047 0.176856 4.98688 -0.423876 -0.105098 0.141479 108.707 423 306312
-2.28116 4.85671 0.474646 5.37048 -0.439109 -0.041974 1.90997 113.707 439 306312
-2.28116 4.85017 0.361968 5.37048 -0.439628 -0.0629841 1.90997 110.707 423 306312
-2.36565 4.81612 0.474646 5.37048 -0.456578 -0.041974 1.90997 113.707 439 306312
-2.36565 4.80953 0.361968 5.37048 -0.45712 -0.0629841 1.90997 110.519 422 306312
-2.19969 4.68703 0.591347 5.17868 -0.438799 -0.0209824 1.83923 116.144 452 306312
-2.19969 4.68325 0.482694 5.17868 -0.439109 -0.041974 1.83923 119.894 472 306312
-2.28116 4.64793 0.591347 5.17868 -0.456253 -0.0209824 1.83923 115.394 448 306312
-2.28116 4.64412 0.482694 5.17868 -0.456578 -0.041974 1.83923 119.519 470 306312
-2.28116 4.86063 0.587323 5.37048 -0.438799 -0.0209824 1.83923 111.644 428 306312
-2.28116 4.85671 0.474646 5.37048 -0.439109 -0.041974 1.83923 114.644 444 306312
-2.36565 4.82007 0.587323 5.37048 -0.456253 -0.0209824 1.83923 111.269 426 306312
-2.36565 4.81612 0.474646 5.37048 -0.456578 -0.041974 1.83923 115.019 446 306312
-2.19969 4.68325 0.482694 5.17868 -0.439109 -0.041974 1.90997 118.582 465 306312
-2.19969 4.67695 0.374041 5.17868 -0.439628 -0.0629841 1.90997 115.207 447 306312
-2.28116 4.64412 0.482694 5.17868 -0.456578 -0.041974 1.90997 118.207 463 306312
-2.28116 4.63776 0.374041 5.17868 -0.45712 -0.0629841 1.90997 114.832 445 306312
-2.19969 4.68703 0.591347 5.17868 -0.438799 -0.0209824 1.62701 119.332 469 306312
-2.19969 4.68325 0.482694 5.17868 -0.439109 -0.041974 1.62701 119.894 472 306312
-2.28116 4.64793 0.591347 5.17868 -0.456253 -0.0209824 1.62701 117.457 459 306312
-2.28116 4.64412 0.482694 5.17868 -0.456578 -0.041974 1.62701 118.394 464 306312
-2.19969 4.68703 0.591347 5.17868 -0.438799 -0.0209824 1.69775 119.332 469 306312
-2.19969 4.68325 0.482694 5.17868 -0.439109 -0.041974 1.69775 120.832 477 306312
-2.28116 4.64793 0.591347 5.17868 -0.456253 -0.0209824 1.69775 117.457 459 306312
-2.28116 4.64412 0.482694 5.17868 -0.456578 -0.041974 1.69775 118.957 467 306312
-2.28116 4.86063 0.587323 5.37048 -0.438799 -0.0209824 1.69775 114.832 445 306312
-2.28116 4.85671 0.474646 5.37048 -0.439109 -0.041974 1.69775 115.582 449 306312
-2.36565 4.82007 0.587323 5.37048 -0.456253 -0.0209824 1.69775 112.582 433 306312
-2.36565 4.81612 0.474646 5.37048 -0.456578 -0.041974 1.69775 113.707 439 306312
-2.19969 4.68703 0.591347 5.17868 -0.438799 -0.0209824 1.76849 116.144 452 306312
-2.19969 4.68325 0.482694 5.17868 -0.439109 -0.041974 1.76849 118.957 467 306312
-2.28116 4.64793 0.591347 5.17868 -0.456253 -0.0209824 1.76849 113.894 440 306312
-2.28116 4.64412 0.482694 5.17868 -0.456578 -0.041974 1.76849 116.894 456 306312
-2.28116 4.86063 0.587323 5.37048 -0.438799 -0.0209824 1.62701 115.582 449 306312
-2.28116 4.85671 0.474646 5.37048 -0.439109 -0.041974 1.62701 115.394 448 306312
-2.36565 4.82007 0.587323 5.37048 -0.456253 -0.0209824 1.62701 113.519 438 306312
-2.36565 4.81612 0.474646 5.37048 -0.456578 -0.041974 1.62701 113.707 439 306312
-2.28116 4.86063 0.587323 5.37048 -0.438799 -0.0209824 1.76849 111.457 427 306312
-2.28116 4.85671 0.474646 5.37048 -0.439109 -0.041974 1.76849 113.707 439 306312
-2.36565 4.81612 0.474646 5.37048 -0.456578 -0.041974 1.76849 111.832 429 306312
-2.11822 4.70563 1.13461 5.17868 -0.422975 0.0840222 1.55627 112.019 430 306312
-2.11822 4.71441 1.02596 5.17868 -0.422278 0.0629841 1.55627 113.144 436 306312
-2.19969 4.68703 0.591347 5.17868 -0.438799 -0.0209824 1.55627 112.019 430 306312
-2.19969 4.68325 0.482694 5.17868 -0.439109 -0.041974 1.55627 112.019 430 306312
-2.19969 4.66811 1.13461 5.17868 -0.440357 0.0840222 1.55627 115.207 447 306312
-2.19969 4.67695 1.02596 5.17868 -0.439628 0.0629841 1.55627 114.082 441 306312
-2.03675 4.73025 1.24327 5.17868 -0.406588 0.105098 1.34406 121.582 481 306312
-2.03675 4.74147 1.13461 5.17868 -0.405728 0.0840222 1.34406 121.394 480 306312
-2.11822 4.70563 1.13461 5.17868 -0.422975 0.0840222 1.34406 117.269 458 306312
-1.95528 4.7645 1.24327 5.17868 -0.389427 0.105098 1.41479 118.207 463 306312
-2.03675 4.73025 1.24327 5.17868 -0.406588 0.105098 1.41479 121.582 481 306312
-2.03675 4.74147 1.13461 5.17868 -0.405728 0.0840222 1.41479 121.207 479 306312
-2.19667 4.85383 1.37606 5.37048 -0.424985 0.12622 1.48553 110.144 420 306312
-2.19667 4.87992 1.15071 5.37048 -0.422975 0.0840222 1.48553 111.082 425 306312
-2.19667 4.88901 1.03803 5.37048 -0.422278 0.0629841 1.48553 109.957 419 306312
-2.28116 4.8147 1.37606 5.37048 -0.442461 0.12622 1.48553 113.332 437 306312
-2.28116 4.841 1.15071 5.37048 -0.440357 0.0840222 1.48553 112.207 431 306312
-2.28116 4.85017 1.03803 5.37048 -0.439628 0.0629841 1.48553 109.582 417 306312
-2.28116 4.8147 1.37606 5.37048 -0.442461 0.12622 1.41479 112.019 430 306312
-2.03675 4.76134 0.7 5.17868 -0.404213 0 0.919617 109.582 417 306312
-2.19969 4.64275 1.35192 5.17868 -0.442461 0.12622 1.48553 119.707 471 306312
-2.19969 4.66811 1.13461 5.17868 -0.440357 0.0840222 1.48553 119.519 470 306312
-2.19969 4.67695 1.02596 5.17868 -0.439628 0.0629841 1.48553 118.582 465 306312
-2.03675 4.76134 0.7 5.17868 -0.404213 0 0.778137 112.019 430 306312
-2.03675 4.7601 0.591347 5.17868 -0.404307 -0.0209824 0.778137 112.394 432 306312
-2.36565 4.81612 0.474646 5.37048 -0.456578 -0.041974 1.55627 109.957 419 306312
1.46646 4.94766 0.265388 5.17868 0.288146 -0.0840222 0.0707397 112.394 432 306312
1.46646 4.93691 0.156735 5.17868 0.288739 -0.105098 0.0707397 109.019 414 306312
1.38499 4.97108 0.265388 5.17868 0.271719 -0.0840222 0.0707397 109.207 415 306312
1.22205 5.01363 0.265388 5.17868 0.239084 -0.0840222 0.0707397 107.519 406 306312
1.46646 4.94766 0.265388 5.17868 0.288146 -0.0840222 -0 119.332 469 306312
1.38499 4.97108 0.265388 5.17868 0.271719 -0.0840222 -0 116.332 453 306312
1.46646 4.94766 0.265388 5.17868 0.288146 -0.0840222 -0.0707397 112.207 431 306312
1.46646 4.93691 0.156735 5.17868 0.288739 -0.105098 -0.0707397 108.644 412 306312
1.38499 4.97108 0.265388 5.17868 0.271719 -0.0840222 -0.0707397 109.207 415 306312
1.14058 5.03278 0.265388 5.17868 0.222865 -0.0840222 -0.0707397 107.332 405 306312
1.60526 5.1051 0.249291 5.37048 0.304653 -0.0840222 0.0707397 109.394 416 306312
1.52077 5.13091 0.249291 5.37048 0.288146 -0.0840222 0.0707397 109.019 414 306312
1.26731 5.20785 0.361968 5.37048 0.238706 -0.0629841 0.0707397 107.519 406 306312
1.26731 5.19932 0.249291 5.37048 0.239084 -0.0840222 0.0707397 111.644 428 306312
1.18282 5.21918 0.249291 5.37048 0.222865 -0.0840222 0.0707397 110.144 420 306312
1.60526 5.1051 0.249291 5.37048 0.304653 -0.0840222 -0 116.332 453 306312
1.52077 5.13091 0.249291 5.37048 0.288146 -0.0840222 -0 116.519 454 306312
1.26731 5.19932 0.249291 5.37048 0.239084 -0.0840222 -0 118.957 467 306312
1.18282 5.21918 0.249291 5.37048 0.222865 -0.0840222 -0 117.269 458 306312
1.60526 5.1051 0.249291 5.37048 0.304653 -0.0840222 -0.0707397 109.207 415 306312
1.52077 5.13091 0.249291 5.37048 0.288146 -0.0840222 -0.0707397 110.144 420 306312
1.26731 5.19932 0.249291 5.37048 0.239084 -0.0840222 -0.0707397 111.644 428 306312
1.18282 5.21918 0.249291 5.37048 0.222865 -0.0840222 -0.0707397 110.144 420 306312
2.88766 4.74108 0.349896 5.56229 0.547063 -0.0629841 0.0707397 102.269 378 306312
2.88766 4.73102 0.233194 5.56229 0.548008 -0.0840222 0.0707397 102.269 378 306312
2.10012 5.13867 0.349896 5.56229 0.387974 -0.0629841 0.0707397 102.644 380 306312
2.10012 5.12939 0.233194 5.56229 0.388608 -0.0840222 0.0707397 103.207 383 306312
1.66259 5.28743 0.233194 5.56229 0.304653 -0.0840222 0.0707397 106.394 400 306312
1.26731 5.6011 0.337823 5.75409 0.222515 -0.0629841 -0 116.144 452 306312
1.26731 5.59198 0.217098 5.75409 0.222865 -0.0840222 -0 119.707 471 306312
1.17679 5.61173 0.217098 5.75409 0.206706 -0.0840222 -0 115.957 451 306312
1.26731 5.6011 0.337823 5.75409 0.222515 -0.0629841 -0.0707397 108.082 409 306312
1.26731 5.59198 0.217098 5.75409 0.222865 -0.0840222 -0.0707397 112.207 431 306312
1.17679 5.61173 0.217098 5.75409 0.206706 -0.0840222 -0.0707397 108.644 412 306312
1.21602 5.80817 0.325751 5.94589 0.206382 -0.0629841 -0 112.332 421 306312
1.21602 5.79879 0.201001 5.94589 0.206706 -0.0840222 -0 114.207 431 306312
1.15868 6.01494 0.313678 6.1377 0.190303 -0.0629841 0.0707397 111.394 416 306312
1.15868 6.00528 0.184904 6.1377 0.190602 -0.0840222 0.0707397 111.582 417 306312
0.965571 6.04894 0.313678 6.1377 0.158291 -0.0629841 0.0707397 106.519 390 306312
0.965571 6.03934 0.184904 6.1377 0.158538 -0.0840222 0.0707397 108.582 401 306312
1.54491 5.9177 0.184904 6.1377 0.255367 -0.0840222 -0 116.082 441 306312
1.15868 6.01494 0.313678 6.1377 0.190303 -0.0629841 -0 117.957 451 306312
1.15868 6.00528 0.184904 6.1377 0.190602 -0.0840222 -0 117.957 451 306312
0.965571 6.03934 0.184904 6.1377 0.158538 -0.0840222 -0 116.269 442 306312
1.15868 6.01494 0.313678 6.1377 0.190303 -0.0629841 -0.0707397 110.269 410 306312
1.15868 6.00528 0.184904 6.1377 0.190602 -0.0840222 -0.0707397 110.082 409 306312
0.965571 6.04894 0.313678 6.1377 0.158291 -0.0629841 -0.0707397 105.957 387 306312
0.965571 6.03934 0.184904 6.1377 0.158538 -0.0840222 -0.0707397 108.207 399 306312
0.965571 6.02697 0.0561301 6.1377 0.158858 -0.105098 -0.0707397 106.144 388 306312
2.68851 5.71627 0.301606 6.3295 0.439628 -0.0629841 0.0707397 107.457 395 306312
1.19489 6.20291 0.301606 6.3295 0.190303 -0.0629841 0.0707397 109.894 408 306312
1.19489 6.19295 0.168807 6.3295 0.190602 -0.0840222 0.0707397 109.894 408 306312
1.09532 6.22126 0.301606 6.3295 0.174275 -0.0629841 0.0707397 107.269 394 306312
1.19489 6.20291 0.301606 6.3295 0.190303 -0.0629841 -0 117.394 448 306312
1.19489 6.19295 0.168807 6.3295 0.190602 -0.0840222 -0 117.582 449 306312
1.84665 6.24089 0.289533 6.5213 0.287687 -0.0629841 -0 120.207 463 306312
1.74406 6.27034 0.289533 6.5213 0.271288 -0.0629841 -0 121.894 472 306312
1.74406 6.25988 0.152711 6.5213 0.271719 -0.0840222 -0 119.832 461 306312
1.64147 6.29797 0.289533 6.5213 0.254962 -0.0629841 -0 118.894 456 306312
1.74406 6.27034 0.289533 6.5213 0.271288 -0.0629841 -0.0707397 114.207 431 306312
1.12851 6.39956 0.152711 6.5213 0.174548 -0.0840222 -0.0707397 106.707 391 306312
1.79536 6.46857 0.7 6.7131 0.270736 0 0.0707397 121.832 461 306312
1.68975 6.49696 0.7 6.7131 0.254446 0 0.0707397 123.332 469 306312
1.79536 6.46857 0.7 6.7131 0.270736 0 -0 128.207 495 306312
1.68975 6.49696 0.7 6.7131 0.254446 0 -0 129.707 503 306312
1.68975 6.49544 0.559153 6.7131 0.254503 -0.0209824 -0 125.394 480 306312
1.68975 6.49544 0.840847 6.7131 0.254503 0.0209824 -0 125.207 479 306312
1.68975 6.49696 0.7 6.7131 0.254446 0 -0.0707397 122.394 464 306312
1.84665 6.65339 0.7 6.90491 0.270736 0 0.0707397 124.269 474 306312
1.73803 6.68259 0.7 6.90491 0.254446 0 0.0707397 125.019 478 306312
1.73803 6.68102 0.555129 6.90491 0.254503 -0.0209824 0.0707397 121.082 457 306312
1.84665 6.65339 0.7 6.90491 0.270736 0 -0 131.582 513 306312
1.73803 6.68259 0.7 6.90491 0.254446 0 -0 132.519 518 306312
1.73803 6.68102 0.555129 6.90491 0.254503 -0.0209824 -0 128.957 499 306312
1.84665 6.65339 0.7 6.90491 0.270736 0 -0.0707397 124.832 477 306312
1.73803 6.68259 0.7 6.90491 0.254446 0 -0.0707397 125.582 481 306312
1.73803 6.68102 0.555129 6.90491 0.254503 -0.0209824 -0.0707397 122.207 463 306312
1.73803 6.68102 0.844871 6.90491 0.254503 0.0209824 -0.0707397 121.269 458 306312
1.67466 6.88986 0.40221 7.09671 0.238438 -0.041974 -0 121.082 457 306312
1.67466 6.88181 0.253315 7.09671 0.238706 -0.0629841 -0 125.207 479 306312
1.56302 6.90802 0.253315 7.09671 0.222515 -0.0629841 -0 123.894 472 306312
1.37594 7.14274 0.241243 7.28851 0.190303 -0.0629841 -0 119.019 446 306312
3.05965 6.8097 0.22917 7.48032 0.422278 -0.0629841 -0 114.082 409 306312
2.41393 7.26644 0.217098 7.67212 0.320732 -0.0629841 -0 113.519 406 306312
1.20696 7.56974 0.378065 7.67212 0.158115 -0.041974 -0 113.332 405 306312
1.20696 7.56118 0.217098 7.67212 0.158291 -0.0629841 -0 114.082 409 306312
1.08627 7.588 0.378065 7.67212 0.14219 -0.041974 -0 112.582 401 306312
2.84542 7.31436 0.205025 7.86392 0.371003 -0.0629841 0.0707397 113.519 406 306312
2.47427 7.45723 0.370017 7.86392 0.320366 -0.041974 0.0707397 115.207 415 306312
2.47427 7.4481 0.205025 7.86392 0.320732 -0.0629841 0.0707397 116.332 421 306312
1.85571 7.64005 0.535008 7.86392 0.238277 -0.0209824 -0 126.832 477 306312
1.85571 7.63471 0.370017 7.86392 0.238438 -0.041974 -0 127.394 480 306312
1.73199 7.66904 0.535008 7.86392 0.222116 -0.0209824 -0 124.019 462 306312
1.73199 7.66372 0.370017 7.86392 0.222265 -0.041974 -0 124.582 465 306312
2.0277 7.78902 0.361968 8.05573 0.254675 -0.041974 0.0707397 127.019 478 306312
1.90097 7.8264 0.530984 8.05573 0.238277 -0.0209824 0.0707397 127.207 479 306312
1.90097 7.82092 0.361968 8.05573 0.238438 -0.041974 0.0707397 132.269 506 306312
1.90097 7.81178 0.192952 8.05573 0.238706 -0.0629841 0.0707397 129.269 490 306312
1.77424 7.85064 0.361968 8.05573 0.222265 -0.041974 0.0707397 128.332 485 306312
1.90097 7.8264 0.530984 8.05573 0.238277 -0.0209824 -0 134.332 517 306312
1.90097 7.82092 0.361968 8.05573 0.238438 -0.041974 -0 139.394 544 306312
1.90097 7.81178 0.192952 8.05573 0.238706 -0.0629841 -0 136.394 528 306312
1.77424 7.85064 0.361968 8.05573 0.222265 -0.041974 -0 135.269 522 306312
2.0277 7.78902 0.361968 8.05573 0.254675 -0.041974 -0.0707397 126.644 476 306312
1.90097 7.8264 0.530984 8.05573 0.238277 -0.0209824 -0.0707397 126.832 477 306312
1.90097 7.82092 0.361968 8.05573 0.238438 -0.041974 -0.0707397 131.894 504 306312
1.90097 7.81178 0.192952 8.05573 0.238706 -0.0629841 -0.0707397 129.082 489 306312
1.77424 7.85064 0.361968 8.05573 0.222265 -0.041974 -0.0707397 127.957 483 306312
1.94623 8.00713 0.35392 8.24753 0.238438 -0.041974 0.0707397 125.582 465 306312
1.94623 8.00713 0.35392 8.24753 0.238438 -0.041974 -0 133.082 505 306312
1.94623 7.99778 0.18088 8.24753 0.238706 -0.0629841 -0 131.957 499 306312
1.81648 8.03756 0.35392 8.24753 0.222265 -0.041974 -0 128.582 481 306312
1.94623 8.00713 0.35392 8.24753 0.238438 -0.041974 -0.0707397 126.332 469 306312
1.94623 7.99778 0.18088 8.24753 0.238706 -0.0629841 -0.0707397 125.394 464 306312
1.99149 8.19334 0.345872 8.43933 0.238438 -0.041974 -0 124.644 460 306312
1.46043 8.30446 0.345872 8.43933 0.17408 -0.041974 -0 117.332 421 306312
1.46043 8.29502 0.168807 8.43933 0.174275 -0.0629841 -0 117.707 423 306312
2.4441 8.26993 0.337823 8.63113 0.287361 -0.041974 -0 119.582 433 306312
1.6294 8.4682 0.337823 8.63113 0.190091 -0.041974 -0 122.019 446 306312
1.49362 8.4932 0.337823 8.63113 0.17408 -0.041974 -0 119.582 433 306312
4.68 7.69546 0.321726 9.01474 0.546391 -0.041974 -0 115.019 398 306312
3.68727 8.21745 0.321726 9.01474 0.421783 -0.041974 -0 114.832 397 306312
3.26182 8.39541 0.321726 9.01474 0.370574 -0.041974 -0 115.957 403 306312
3.12 8.44914 0.321726 9.01474 0.353736 -0.041974 -0 118.957 419 306312
3.76573 8.39229 0.313678 9.20654 0.421783 -0.041974 -0 117.082 409 306312
3.62089 8.45579 0.313678 9.20654 0.40459 -0.041974 -0 120.269 426 306312
3.62089 8.44475 0.120517 9.20654 0.405063 -0.0629841 -0 116.519 406 306312
3.47605 8.51635 0.313678 9.20654 0.387523 -0.041974 -0 116.707 407 306312
4.28774 8.35396 0.30563 9.39835 0.474198 -0.041974 -0 121.582 433 306312
3.8472 8.9913 0.494766 9.78195 0.404307 -0.0209824 -0 119.207 415 306312
3.8472 8.98427 0.289533 9.78195 0.40459 -0.041974 -0 120.894 424 306312
3.69331 9.0556 0.494766 9.78195 0.387253 -0.0209824 -0 118.457 411 306312
3.69331 9.04862 0.289533 9.78195 0.387523 -0.041974 -0 119.957 419 306312
-1.72596 9.82105 0.490742 9.97375 -0.173964 -0.0209824 -0 114.144 388 306312
-2.03977 9.7607 0.490742 9.97375 -0.206013 -0.0209824 -0 117.519 406 306312
-2.3234 10.2806 0.257339 10.5492 -0.222265 -0.041974 -0 121.707 423 306312
-2.48936 10.2417 0.257339 10.5492 -0.238438 -0.041974 -0 121.144 420 306312
8.13192 6.71624 0.47867 10.5492 0.880455 -0.0209824 -0 121.332 421 306312
8.13192 6.70529 0.257339 10.5492 0.881256 -0.041974 -0 124.519 438 306312
8.13192 6.70529 0.257339 10.5492 0.881256 -0.041974 -0.0707397 117.957 403 306312
6.23095 9.43452 0.225146 11.3164 0.58368 -0.041974 0.0707397 119.332 405 306312
6.05292 9.55856 0.462573 11.3164 0.564507 -0.0209824 0.0707397 124.207 431 306312
6.05292 9.54971 0.225146 11.3164 0.564926 -0.041974 0.0707397 125.519 438 306312
6.05292 9.55856 0.462573 11.3164 0.564507 -0.0209824 -0 131.519 470 306312
6.05292 9.54971 0.225146 11.3164 0.564926 -0.041974 -0 133.019 478 306312
6.05292 9.55856 0.462573 11.3164 0.564507 -0.0209824 -0.0707397 124.394 432 306312
6.05292 9.54971 0.225146 11.3164 0.564926 -0.041974 -0.0707397 125.519 438 306312
6.15551 9.72057 0.458549 11.5082 0.564507 -0.0209824 -0 121.019 414 306312
6.15551 9.71157 0.217098 11.5082 0.564926 -0.041974 -0 122.144 420 306312
5.97447 9.53489 3.11451 11.5082 0.559742 0.211379 -0 121.394 416 306312
5.97447 9.59279 2.87306 11.5082 0.557021 0.189968 -0 124.207 431 306312
1.59319 12.5471 0.168807 12.659 0.126301 -0.041974 -0 119.582 401 306312
1.39404 12.5708 0.168807 12.659 0.110444 -0.041974 -0 120.894 408 306312
6.15551 11.4954 0.426355 13.0426 0.491624 -0.0209824 -0 140.082 505 306312
5.95033 11.6029 0.426355 13.0426 0.473858 -0.0209824 -0 138.207 495 306312
6.24604 11.6645 0.422331 13.2344 0.491624 -0.0209824 -0 144.207 527 306312
6.24604 11.6545 0.144662 13.2344 0.491978 -0.041974 -0 141.207 511 306312
6.03783 11.7736 0.422331 13.2344 0.473858 -0.0209824 -0 142.144 516 306312
6.03783 11.7637 0.144662 13.2344 0.474198 -0.041974 -0 138.957 499 306312
6.33656 11.8335 0.418307 13.4262 0.491624 -0.0209824 0.0707397 146.269 538 306312
6.33656 11.8234 0.136614 13.4262 0.491978 -0.041974 0.0707397 142.707 519 306312
6.12534 11.9442 0.418307 13.4262 0.473858 -0.0209824 0.0707397 144.207 527 306312
6.33656 11.8335 0.418307 13.4262 0.491624 -0.0209824 -0 153.582 577 306312
6.33656 11.8234 0.136614 13.4262 0.491978 -0.041974 -0 150.207 559 306312
6.12534 11.9442 0.418307 13.4262 0.473858 -0.0209824 -0 151.332 565 306312
6.33656 11.8335 0.418307 13.4262 0.491624 -0.0209824 -0.0707397 146.269 538 306312
6.33656 11.8234 0.136614 13.4262 0.491978 -0.041974 -0.0707397 142.707 519 306312
6.12534 11.9442 0.418307 13.4262 0.473858 -0.0209824 -0.0707397 144.207 527 306312
6.42708 12.0026 0.414283 13.618 0.491624 -0.0209824 -0 141.644 508 306312
6.42708 11.8382 2.70002 13.618 0.497384 0.147399 -0 139.957 499 306312
6.21284 12.1148 0.414283 13.618 0.473858 -0.0209824 -0 139.207 495 306312
6.21284 11.9007 2.98574 13.618 0.481138 0.168645 -0 138.269 490 306312
6.21284 11.952 2.70002 13.618 0.479374 0.147399 -0 142.394 512 306312
6.5176 12.1716 0.410259 13.8098 0.491624 -0.0209824 -0 138.644 492 306312
6.1193 13.6519 0.7 14.9606 0.421388 0 -0 132.332 453 306312
-7.15126 13.2981 -0.571643 15.1524 -0.493402 -0.0840222 -0 127.519 422 306312
-7.38963 13.2284 0.7 15.1524 -0.509437 0 -0 129.957 435 306312
-7.38963 13.2245 0.382089 15.1524 -0.50956 -0.0209824 -0 130.519 438 306312
-7.38963 13.1671 -0.571643 15.1524 -0.511416 -0.0840222 -0 131.457 443 306312
-7.48317 13.3919 0.378065 15.3442 -0.50956 -0.0209824 -0 126.019 414 306312
6.82538 15.2271 0.7 16.6869 0.421388 0 0.0707397 146.519 518 306312
6.56286 15.3421 0.7 16.6869 0.404213 0 0.0707397 150.457 539 306312
6.56286 15.3381 1.0501 16.6869 0.404307 0.0209824 0.0707397 150.082 537 306312
6.82538 15.2271 0.7 16.6869 0.421388 0 -0 153.832 557 306312
6.56286 15.3421 0.7 16.6869 0.404213 0 -0 157.394 576 306312
6.56286 15.3381 1.0501 16.6869 0.404307 0.0209824 -0 157.207 575 306312
6.82538 15.2271 0.7 16.6869 0.421388 0 -0.0707397 146.144 516 306312
6.56286 15.3421 0.7 16.6869 0.404213 0 -0.0707397 149.894 536 306312
6.56286 15.3381 1.0501 16.6869 0.404307 0.0209824 -0.0707397 149.707 535 306312
6.6383 15.5184 0.7 16.8787 0.404213 0 0.0707397 150.269 538 306312
6.6383 15.5144 1.05413 16.8787 0.404307 0.0209824 0.0707397 149.707 535 306312
6.6383 15.5184 0.7 16.8787 0.404213 0 -0 158.144 580 306312
6.6383 15.5144 1.05413 16.8787 0.404307 0.0209824 -0 157.394 576 306312
6.6383 15.5184 0.7 16.8787 0.404213 0 -0.0707397 151.019 542 306312
6.6383 15.5144 1.05413 16.8787 0.404307 0.0209824 -0.0707397 150.269 538 306312
6.73486 16.5174 0.7 17.8377 0.387164 0 0.0707397 149.207 527 306312
6.73486 16.5132 0.325751 17.8377 0.387253 -0.0209824 0.0707397 149.582 529 306312
6.45424 16.6291 0.7 17.8377 0.370232 0 0.0707397 146.207 511 306312
6.45424 16.6248 0.325751 17.8377 0.370317 -0.0209824 0.0707397 146.582 513 306312
6.73486 16.5174 0.7 17.8377 0.387164 0 -0 156.332 565 306312
6.73486 16.5132 0.325751 17.8377 0.387253 -0.0209824 -0 156.707 567 306312
6.45424 16.6291 0.7 17.8377 0.370232 0 -0 153.144 548 306312
6.45424 16.6248 0.325751 17.8377 0.370317 -0.0209824 -0 153.519 550 306312
6.73486 16.5174 0.7 17.8377 0.387164 0 -0.0707397 148.644 524 306312
6.73486 16.5132 0.325751 17.8377 0.387253 -0.0209824 -0.0707397 149.207 527 306312
6.45424 16.6291 0.7 17.8377 0.370232 0 -0.0707397 145.457 507 306312
6.45424 16.6248 0.325751 17.8377 0.370317 -0.0209824 -0.0707397 146.019 510 306312
6.80727 16.695 0.7 18.0295 0.387164 0 0.0707397 143.019 494 306312
6.80727 16.6907 0.321726 18.0295 0.387253 -0.0209824 0.0707397 143.394 496 306312
6.80727 16.695 0.7 18.0295 0.387164 0 -0 150.519 534 306312
6.80727 16.6907 0.321726 18.0295 0.387253 -0.0209824 -0 151.269 538 306312
6.52364 16.8079 0.7 18.0295 0.370232 0 -0 147.332 517 306312
6.52364 16.8036 0.321726 18.0295 0.370317 -0.0209824 -0 147.707 519 306312
6.80727 16.695 0.7 18.0295 0.387164 0 -0.0707397 144.144 500 306312
6.80727 16.6907 0.321726 18.0295 0.387253 -0.0209824 -0.0707397 144.707 503 306312
6.87969 16.8726 0.7 18.2213 0.387164 0 -0 146.832 509 306312
6.87969 16.8683 0.317702 18.2213 0.387253 -0.0209824 -0 145.894 504 306312
6.59304 16.9867 0.7 18.2213 0.370232 0 -0 146.457 507 306312
6.59304 16.9824 0.317702 18.2213 0.370317 -0.0209824 -0 145.707 503 306312
3.04758 19.1309 0.7 19.3721 0.157974 0 0.0707397 138.457 459 306312
3.04758 19.1266 0.293557 19.3721 0.158009 -0.0209824 0.0707397 137.332 453 306312
2.74282 19.1769 0.7 19.3721 0.142064 0 0.0707397 139.207 463 306312
2.74282 19.1726 0.293557 19.3721 0.142095 -0.0209824 0.0707397 137.332 453 306312
6.46329 18.4654 0.7 19.5639 0.336693 0 -0 152.519 534 306312
6.46329 18.4609 0.289533 19.5639 0.336771 -0.0209824 -0 152.894 536 306312
6.15551 18.5658 0.289533 19.5639 0.320146 -0.0209824 -0 151.019 526 306312
6.21586 18.7524 0.7 19.7557 0.320073 0 -0 152.332 533 306312
5.90507 18.8525 0.7 19.7557 0.303544 0 -0 151.582 529 306312
6.27621 18.9344 0.7 19.9475 0.320073 0 0.0707397 160.207 575 306312
6.27621 18.9298 0.281485 19.9475 0.320146 -0.0209824 0.0707397 156.082 553 306312
6.27621 18.9298 1.11852 19.9475 0.320146 0.0209824 0.0707397 156.082 553 306312
5.9624 19.0356 0.7 19.9475 0.303544 0 0.0707397 159.269 570 306312
6.27621 18.9344 0.7 19.9475 0.320073 0 -0 167.332 613 306312
6.27621 18.9298 0.281485 19.9475 0.320146 -0.0209824 -0 163.394 592 306312
6.27621 18.9298 1.11852 19.9475 0.320146 0.0209824 -0 163.207 591 306312
5.9624 19.0356 0.7 19.9475 0.303544 0 -0 166.394 608 306312
6.27621 18.9344 0.7 19.9475 0.320073 0 -0.0707397 160.019 574 306312
6.27621 18.9298 0.281485 19.9475 0.320146 -0.0209824 -0.0707397 156.269 554 306312
6.27621 18.9298 1.11852 19.9475 0.320146 0.0209824 -0.0707397 155.707 551 306312
5.9624 19.0356 0.7 19.9475 0.303544 0 -0.0707397 158.894 568 306312
5.9624 19.031 0.281485 19.9475 0.303613 -0.0209824 -0.0707397 155.144 548 306312
6.33656 19.1165 0.7 20.1393 0.320073 0 0.0707397 154.019 542 306312
6.01973 19.2186 0.7 20.1393 0.303544 0 0.0707397 151.957 531 306312
6.33656 19.1165 0.7 20.1393 0.320073 0 -0 161.707 583 306312
6.33656 19.1118 0.27746 20.1393 0.320146 -0.0209824 -0 157.957 563 306312
6.33656 19.1118 1.12254 20.1393 0.320146 0.0209824 -0 157.582 561 306312
6.01973 19.2186 0.7 20.1393 0.303544 0 -0 160.394 576 306312
6.33656 19.1165 0.7 20.1393 0.320073 0 -0.0707397 155.144 548 306312
6.01973 19.2186 0.7 20.1393 0.303544 0 -0.0707397 154.207 543 306312
-11.5144 16.7563 0.7 20.3311 -0.602065 0 -0 144.457 491 306312
-11.5144 16.7508 0.273436 20.3311 -0.602216 -0.0209824 -0 144.082 489 306312
1.59923 20.2681 0.7 20.3311 0.0787404 0 -0 146.144 500 306312
1.59923 20.2636 1.12656 20.3311 0.0787578 0.0209824 -0 145.582 497 306312
1.93718 20.4268 1.13059 20.5229 0.0945525 0.0209824 -0 148.082 505 306312
1.61431 20.4548 1.13059 20.5229 0.0787578 0.0209824 -0 149.394 512 306312
1.29145 20.4822 0.7 20.5229 0.0629689 0 -0 151.832 525 306312
1.29145 20.4777 1.13059 20.5229 0.0629827 0.0209824 -0 150.519 518 306312
0.968588 20.5 0.7 20.5229 0.047213 0 -0 148.644 508 306312
1.95528 20.6222 0.7 20.7147 0.0945316 0 0.0707397 152.019 526 306312
1.95528 20.6177 1.13461 20.7147 0.0945525 0.0209824 0.0707397 155.019 542 306312
1.6294 20.6505 0.7 20.7147 0.0787404 0 0.0707397 152.957 531 306312
1.6294 20.646 1.13461 20.7147 0.0787578 0.0209824 0.0707397 155.019 542 306312
1.95528 20.6222 0.7 20.7147 0.0945316 0 -0 159.332 565 306312
1.95528 20.6177 1.13461 20.7147 0.0945525 0.0209824 -0 162.144 580 306312
1.6294 20.6505 0.7 20.7147 0.0787404 0 -0 160.082 569 306312
1.6294 20.646 1.13461 20.7147 0.0787578 0.0209824 -0 162.144 580 306312
1.95528 20.6222 0.7 20.7147 0.0945316 0 -0.0707397 150.894 520 306312
1.95528 20.6177 1.13461 20.7147 0.0945525 0.0209824 -0.0707397 154.082 537 306312
1.6294 20.6505 0.7 20.7147 0.0787404 0 -0.0707397 151.644 524 306312
1.6294 20.646 1.13461 20.7147 0.0787578 0.0209824 -0.0707397 153.894 536 306312
4.93346 20.3161 0.7 20.9065 0.238224 0 0.0707397 147.707 503 306312
4.93346 20.3114 1.13864 20.9065 0.238277 0.0209824 0.0707397 148.457 507 306312
4.60457 20.3743 1.57727 20.9065 0.222265 0.041974 0.0707397 145.082 489 306312
4.60457 20.3884 1.13864 20.9065 0.222116 0.0209824 0.0707397 146.394 496 306312
4.93346 20.3161 0.7 20.9065 0.238224 0 -0 155.207 543 306312
4.93346 20.3114 1.13864 20.9065 0.238277 0.0209824 -0 156.144 548 306312
1.64449 20.8371 1.13864 20.9065 0.0787578 0.0209824 -0 155.019 542 306312
4.93346 20.3161 0.7 20.9065 0.238224 0 -0.0707397 148.457 507 306312
4.93346 20.3114 1.13864 20.9065 0.238277 0.0209824 -0.0707397 149.394 512 306312
4.60457 20.3884 1.13864 20.9065 0.222116 0.0209824 -0.0707397 147.332 501 306312
1.64449 20.8417 0.7 20.9065 0.0787404 0 -0.0707397 147.519 502 306312
1.64449 20.8371 1.13864 20.9065 0.0787578 0.0209824 -0.0707397 147.894 504 306312
1.99149 21.0041 0.7 21.0983 0.0945316 0 -0 147.519 502 306312
1.99149 20.9995 1.14266 21.0983 0.0945525 0.0209824 -0 151.832 525 306312
1.65957 21.0283 1.14266 21.0983 0.0787578 0.0209824 -0 151.269 522 306312
5.02398 20.684 1.14668 21.2901 0.238277 0.0209824 -0 145.644 492 306312
3.68426 20.9499 1.59337 21.2901 0.17408 0.041974 -0 145.269 490 306312
3.68426 20.9642 1.14668 21.2901 0.173964 0.0209824 -0 144.332 485 306312
1.67466 21.2242 0.7 21.2901 0.0787404 0 -0 146.019 494 306312
1.67466 21.2195 1.14668 21.2901 0.0787578 0.0209824 -0 145.832 493 306312
3.71745 21.153 1.15071 21.4819 0.173964 0.0209824 0.0707397 148.832 509 306312
1.3518 21.4394 0.7 21.4819 0.0629689 0 0.0707397 151.457 523 306312
1.3518 21.4346 0.249291 21.4819 0.0629827 -0.0209824 0.0707397 148.644 508 306312
1.3518 21.4346 1.15071 21.4819 0.0629827 0.0209824 0.0707397 149.582 513 306312
1.01385 21.458 0.7 21.4819 0.047213 0 0.0707397 148.269 506 306312
1.3518 21.4394 0.7 21.4819 0.0629689 0 -0 158.582 561 306312
1.3518 21.4346 1.15071 21.4819 0.0629827 0.0209824 -0 156.894 552 306312
3.71745 21.153 1.15071 21.4819 0.173964 0.0209824 -0.0707397 148.832 509 306312
1.3518 21.4394 0.7 21.4819 0.0629689 0 -0.0707397 151.082 521 306312
1.3518 21.4346 0.249291 21.4819 0.0629827 -0.0209824 -0.0707397 148.269 506 306312
1.3518 21.4346 1.15071 21.4819 0.0629827 0.0209824 -0.0707397 149.394 512 306312
1.01385 21.458 0.7 21.4819 0.047213 0 -0.0707397 147.894 504 306312
1.36387 21.6308 0.7 21.6737 0.0629689 0 0.0707397 146.394 496 306312
1.36387 21.6308 0.7 21.6737 0.0629689 0 -0 154.082 537 306312
1.36387 21.6308 0.7 21.6737 0.0629689 0 -0.0707397 147.519 502 306312
5.15977 21.2431 1.15876 21.8655 0.238277 0.0209824 0.0707397 149.582 513 306312
4.81578 21.3089 1.61751 21.8655 0.222265 0.041974 0.0707397 150.332 517 306312
4.81578 21.3237 1.15876 21.8655 0.222116 0.0209824 0.0707397 154.644 540 306312
4.4718 21.3985 1.15876 21.8655 0.206013 0.0209824 0.0707397 150.144 516 306312
5.15977 21.2431 1.15876 21.8655 0.238277 0.0209824 -0 156.519 550 306312
4.81578 21.3089 1.61751 21.8655 0.222265 0.041974 -0 157.644 556 306312
4.81578 21.3237 1.15876 21.8655 0.222116 0.0209824 -0 161.582 577 306312
4.4718 21.3985 1.15876 21.8655 0.206013 0.0209824 -0 156.894 552 306312
5.15977 21.2431 1.15876 21.8655 0.238277 0.0209824 -0.0707397 148.644 508 306312
4.81578 21.3089 1.61751 21.8655 0.222265 0.041974 -0.0707397 149.957 515 306312
4.81578 21.3237 1.15876 21.8655 0.222116 0.0209824 -0.0707397 154.269 538 306312
4.4718 21.3985 1.15876 21.8655 0.206013 0.0209824 -0.0707397 149.582 513 306312
5.20503 21.4294 1.16278 22.0573 0.238277 0.0209824 0.0707397 146.644 492 306312
4.85803 21.5107 1.16278 22.0573 0.222116 0.0209824 0.0707397 149.082 505 306312
5.20503 21.4294 1.16278 22.0573 0.238277 0.0209824 -0 153.957 531 306312
4.85803 21.4958 1.62556 22.0573 0.222265 0.041974 -0 151.894 520 306312
4.85803 21.5107 1.16278 22.0573 0.222116 0.0209824 -0 157.332 549 306312
5.20503 21.4294 1.16278 22.0573 0.238277 0.0209824 -0.0707397 147.394 496 306312
4.85803 21.5107 1.16278 22.0573 0.222116 0.0209824 -0.0707397 151.144 516 306312
4.90027 21.6978 1.16681 22.2491 0.222116 0.0209824 -0 149.082 505 306312
2.80015 22.0722 0.7 22.2491 0.126189 0 -0 142.519 470 306312
2.80015 22.0673 1.16681 22.2491 0.126217 0.0209824 -0 142.144 468 306312
1.79536 22.7538 0.7 22.8246 0.0787404 0 0.0707397 153.457 523 306312
1.43629 22.7793 0.7 22.8246 0.0629689 0 0.0707397 155.894 536 306312
1.43629 22.7743 1.17888 22.8246 0.0629827 0.0209824 0.0707397 151.957 515 306312
1.07721 22.7991 0.7 22.8246 0.047213 0 0.0707397 153.269 522 306312
1.79536 22.7538 0.7 22.8246 0.0787404 0 -0 160.394 560 306312
1.43629 22.7793 0.7 22.8246 0.0629689 0 -0 162.644 572 306312
1.43629 22.7743 1.17888 22.8246 0.0629827 0.0209824 -0 158.332 549 306312
1.07721 22.7991 0.7 22.8246 0.047213 0 -0 159.832 557 306312
1.79536 22.7538 0.7 22.8246 0.0787404 0 -0.0707397 152.707 519 306312
1.43629 22.7793 0.7 22.8246 0.0629689 0 -0.0707397 154.582 529 306312
1.43629 22.7743 1.17888 22.8246 0.0629827 0.0209824 -0.0707397 150.457 507 306312
1.07721 22.7991 0.7 22.8246 0.047213 0 -0.0707397 152.144 516 306312
1.81044 22.945 0.7 23.0164 0.0787404 0 0.0707397 152.519 518 306312
1.44836 22.9707 0.7 23.0164 0.0629689 0 0.0707397 156.457 539 306312
1.44836 22.9657 1.1829 23.0164 0.0629827 0.0209824 0.0707397 152.707 519 306312
1.08627 22.9907 0.7 23.0164 0.047213 0 0.0707397 154.582 529 306312
1.81044 22.945 0.7 23.0164 0.0787404 0 -0 160.207 559 306312
1.44836 22.9707 0.7 23.0164 0.0629689 0 -0 163.582 577 306312
1.44836 22.9657 1.1829 23.0164 0.0629827 0.0209824 -0 160.019 558 306312
1.08627 22.9907 0.7 23.0164 0.047213 0 -0 161.894 568 306312
1.81044 22.945 0.7 23.0164 0.0787404 0 -0.0707397 153.082 521 306312
1.44836 22.9707 0.7 23.0164 0.0629689 0 -0.0707397 156.269 538 306312
1.44836 22.9657 1.1829 23.0164 0.0629827 0.0209824 -0.0707397 152.519 518 306312
1.08627 22.9907 0.7 23.0164 0.047213 0 -0.0707397 154.582 529 306312
-14.4745 18.6295 0.7 23.5918 -0.660537 0 0.0707397 134.332 421 306312
-14.4745 18.623 0.205025 23.5918 -0.660708 -0.0209824 0.0707397 134.144 420 306312
-14.8456 18.3352 0.7 23.5918 -0.680617 0 0.0707397 139.207 447 306312
-14.8456 18.3285 0.205025 23.5918 -0.680795 -0.0209824 0.0707397 137.332 437 306312
-15.2168 18.0283 0.7 23.5918 -0.701029 0 0.0707397 134.894 424 306312
-14.8456 18.3352 0.7 23.5918 -0.680617 0 -0 145.582 481 306312
-14.8456 18.3285 0.205025 23.5918 -0.680795 -0.0209824 -0 143.894 472 306312
-14.8456 18.3352 0.7 23.5918 -0.680617 0 -0.0707397 138.644 444 306312
-14.8456 18.3285 0.205025 23.5918 -0.680795 -0.0209824 -0.0707397 136.582 433 306312
-15.2168 18.0283 0.7 23.5918 -0.701029 0 -0.0707397 134.332 421 306312
-7.10901 22.6908 0.201001 23.7836 -0.303613 -0.0209824 0.0707397 137.144 436 306312
-14.5922 18.781 0.7 23.7836 -0.660537 0 0.0707397 139.582 449 306312
-14.9663 18.4842 0.7 23.7836 -0.680617 0 0.0707397 140.144 452 306312
-14.9663 18.4775 0.201001 23.7836 -0.680795 -0.0209824 0.0707397 137.519 438 306312
-14.5922 18.781 0.7 23.7836 -0.660537 0 -0 146.519 486 306312
-14.9663 18.4842 0.7 23.7836 -0.680617 0 -0 147.082 489 306312
-14.9663 18.4775 0.201001 23.7836 -0.680795 -0.0209824 -0 144.832 477 306312
-14.5922 18.781 0.7 23.7836 -0.660537 0 -0.0707397 139.582 449 306312
-14.9663 18.4842 0.7 23.7836 -0.680617 0 -0.0707397 140.519 454 306312
-14.9663 18.4775 0.201001 23.7836 -0.680795 -0.0209824 -0.0707397 137.894 440 306312
1.52077 24.1193 0.7 24.1672 0.0629689 0 0.0707397 149.519 502 306312
1.52077 24.1139 1.20705 24.1672 0.0629827 0.0209824 0.0707397 147.457 491 306312
1.14058 24.1402 0.7 24.1672 0.047213 0 0.0707397 149.707 503 306312
1.14058 24.1349 1.20705 24.1672 0.0472234 0.0209824 0.0707397 147.644 492 306312
1.52077 24.1193 0.7 24.1672 0.0629689 0 -0 156.457 539 306312
1.52077 24.1139 1.20705 24.1672 0.0629827 0.0209824 -0 154.394 528 306312
1.14058 24.1402 0.7 24.1672 0.047213 0 -0 156.457 539 306312
1.14058 24.1349 1.20705 24.1672 0.0472234 0.0209824 -0 154.582 529 306312
1.52077 24.1193 0.7 24.1672 0.0629689 0 -0.0707397 148.582 497 306312
1.14058 24.1402 0.7 24.1672 0.047213 0 -0.0707397 148.582 497 306312
1.53284 24.3107 0.7 24.359 0.0629689 0 0.0707397 150.894 504 306312
1.53284 24.3053 1.21107 24.359 0.0629827 0.0209824 0.0707397 149.582 497 306312
1.14963 24.3318 0.7 24.359 0.047213 0 0.0707397 150.894 504 306312
1.14963 24.3265 1.21107 24.359 0.0472234 0.0209824 0.0707397 149.394 496 306312
1.53284 24.3107 0.7 24.359 0.0629689 0 -0 158.207 543 306312
1.53284 24.3053 1.21107 24.359 0.0629827 0.0209824 -0 157.082 537 306312
1.14963 24.3318 0.7 24.359 0.047213 0 -0 158.394 544 306312
1.14963 24.3265 1.21107 24.359 0.0472234 0.0209824 -0 156.707 535 306312
1.53284 24.3107 0.7 24.359 0.0629689 0 -0.0707397 151.082 505 306312
1.53284 24.3053 1.21107 24.359 0.0629827 0.0209824 -0.0707397 150.144 500 306312
1.14963 24.3318 0.7 24.359 0.047213 0 -0.0707397 151.457 507 306312
1.14963 24.3265 1.21107 24.359 0.0472234 0.0209824 -0.0707397 149.957 499 306312
10.0419 22.4031 0.7 24.5508 0.421388 0 -0 136.082 425 306312
9.65571 22.5723 0.7 24.5508 0.404213 0 -0 136.082 425 306312
4.24851 24.1749 1.2151 24.5508 0.173964 0.0209824 -0 134.019 414 306312
3.86228 24.2396 1.2151 24.5508 0.158009 0.0209824 -0 134.582 417 306312
9.88201 23.1013 0.7 25.1262 0.404213 0 -0 134.582 417 306312
-15.8112 19.5277 0.7 25.1262 -0.680617 0 -0 135.144 420 306312
9.48673 23.2664 0.7 25.1262 0.387164 0 -0 136.832 429 306312
9.48673 23.2605 1.22717 25.1262 0.387253 0.0209824 -0 134.207 415 306312
9.09145 23.4237 0.7 25.1262 0.370232 0 -0 137.207 431 306312
9.09145 23.4178 0.172832 25.1262 0.370317 -0.0209824 -0 135.519 422 306312
11.1523 22.7232 1.23119 25.318 0.456253 0.0209824 0.0707397 134.582 417 306312
11.1523 22.7294 0.7 25.318 0.456145 0 -0 137.957 435 306312
11.1523 22.7046 1.76239 25.318 0.456578 0.041974 -0 139.832 445 306312
11.1523 22.7232 1.23119 25.318 0.456253 0.0209824 -0 141.144 452 306312
10.754 22.9144 1.23119 25.318 0.438799 0.0209824 -0 138.332 437 306312
-16.7014 19.7872 0.7 25.8934 -0.701029 0 0.0707397 136.332 421 306312
-16.294 20.124 0.7 25.8934 -0.680617 0 -0 141.019 446 306312
-16.294 20.1166 0.156735 25.8934 -0.680795 -0.0209824 -0 139.144 436 306312
-16.7014 19.7872 0.7 25.8934 -0.701029 0 -0 142.519 454 306312
-16.7014 19.7797 0.156735 25.8934 -0.701215 -0.0209824 -0 141.207 447 306312
-16.7014 19.7797 1.24327 25.8934 -0.701215 0.0209824 -0 137.832 429 306312
-16.7014 19.7872 0.7 25.8934 -0.701029 0 -0.0707397 135.394 416 306312
-16.4147 20.273 0.7 26.0852 -0.680617 0 0.0707397 142.519 454 306312
-16.4147 20.2656 0.152711 26.0852 -0.680795 -0.0209824 0.0707397 140.269 442 306312
-16.8251 19.9338 0.7 26.0852 -0.701029 0 0.0707397 143.082 457 306312
-16.8251 19.9263 0.152711 26.0852 -0.701215 -0.0209824 0.0707397 141.394 448 306312
-16.4147 20.273 0.7 26.0852 -0.680617 0 -0 150.019 494 306312
-16.4147 20.2656 0.152711 26.0852 -0.680795 -0.0209824 -0 147.394 480 306312
-16.8251 19.9338 0.7 26.0852 -0.701029 0 -0 150.207 495 306312
-16.8251 19.9263 0.152711 26.0852 -0.701215 -0.0209824 -0 148.332 485 306312
-16.4147 20.273 0.7 26.0852 -0.680617 0 -0.0707397 142.707 455 306312
-16.4147 20.2656 0.152711 26.0852 -0.680795 -0.0209824 -0.0707397 140.082 441 306312
-16.8251 19.9338 0.7 26.0852 -0.701029 0 -0.0707397 142.894 456 306312
-16.8251 19.9263 0.152711 26.0852 -0.701215 -0.0209824 -0.0707397 140.832 445 306312
6.71072 25.583 4.05617 26.6606 0.256532 0.12622 -0 137.269 426 306312
6.2913 25.6894 4.05617 26.6606 0.240172 0.12622 -0 138.957 435 306312
6.75899 25.8347 3.51693 26.8524 0.255889 0.105098 0.0707397 135.394 416 306312
6.75899 25.8347 3.51693 26.8524 0.255889 0.105098 -0 142.144 452 306312
6.33656 25.9416 3.51693 26.8524 0.239572 0.105098 -0 142.519 454 306312
-15.2077 22.1309 0.7 26.8524 -0.602065 0 -0.0707397 132.207 399 306312
-15.6302 21.8346 0.7 26.8524 -0.621281 0 -0.0707397 132.207 399 306312
12.5132 24.4071 0.7 27.4278 0.473746 0 -0 134.519 406 306312
-15.5336 22.6051 0.7 27.4278 -0.602065 0 -0 134.519 406 306312
-15.9651 22.3025 0.7 27.4278 -0.621281 0 -0 137.332 421 306312
-15.9651 22.2951 0.124541 27.4278 -0.621438 -0.0209824 -0 134.894 408 306312
-16.3966 21.9872 0.7 27.4278 -0.640765 0 -0 136.957 419 306312
-16.3966 21.9797 0.124541 27.4278 -0.640929 -0.0209824 -0 135.457 411 306312
10.8627 25.3938 0.7 27.6196 0.404213 0 -0 141.269 442 306312
10.4282 25.5753 0.7 27.6196 0.387164 0 -0 143.144 452 306312
10.4282 25.5688 1.27948 27.6196 0.387253 0.0209824 -0 139.957 435 306312
10.8627 25.3938 0.7 27.6196 0.404213 0 -0.0707397 135.082 409 306312
-16.4117 22.9263 0.7 28.195 -0.621281 0 -0 139.207 431 306312
11.089 25.9229 0.7 28.195 0.404213 0 -0 140.332 437 306312
10.6454 26.1081 0.7 28.195 0.387164 0 -0 141.644 444 306312
6.65339 26.1171 8.98178 28.195 0.249446 0.298128 -0 142.207 447 306312
6.20983 26.2261 8.98178 28.195 0.232498 0.298128 -0 141.269 442 306312
10.6454 26.1081 0.7 28.195 0.387164 0 -0.0707397 135.082 409 306312
-16.0768 23.3955 0.7 28.3868 -0.602065 0 -0 141.269 442 306312
-16.0768 23.3879 1.29558 28.3868 -0.602216 0.0209824 -0 140.332 437 306312
-16.5233 23.0823 0.7 28.3868 -0.621281 0 -0 140.894 440 306312
-19.6494 20.487 0.7 28.3868 -0.764533 0 -0 141.644 444 306312
-16.4026 23.8698 0.7 28.9622 -0.602065 0 -0 139.269 426 306312
2.73377 28.8329 0.7 28.9622 0.0945316 0 -0 136.644 412 306312
2.73377 28.8265 1.30765 28.9622 0.0945525 0.0209824 -0 137.957 419 306312
-15.594 24.633 0.7 29.1541 -0.564368 0 -0 141.894 440 306312
-16.0526 24.3366 0.7 29.1541 -0.583099 0 -0 146.582 465 306312
-16.0526 24.329 1.31168 29.1541 -0.583244 0.0209824 -0 144.144 452 306312
-16.5113 24.0278 0.7 29.1541 -0.602065 0 -0 141.707 439 306312
-16.0526 24.3366 0.7 29.1541 -0.583099 0 -0.0707397 140.207 431 306312
-15.9017 25.1192 0.7 29.7295 -0.564368 0 -0 142.082 441 306312
-16.3694 24.817 0.7 29.7295 -0.583099 0 -0 143.582 449 306312
-16.3694 24.8091 0.076251 29.7295 -0.583244 -0.0209824 -0 141.519 438 306312
3.74159 29.4865 1.32375 29.7295 0.126217 0.0209824 -0 141.332 437 306312
3.27389 29.5421 1.32375 29.7295 0.110371 0.0209824 -0 141.707 439 306312
3.35838 30.3044 1.33985 30.4967 0.110371 0.0209824 -0 143.082 441 306312
2.87861 30.3605 0.7 30.4967 0.0945316 0 -0 142.894 440 306312
2.87861 30.3538 1.33985 30.4967 0.0945525 0.0209824 -0 144.582 449 306312
-7.24178 29.8148 0.0561301 30.6885 -0.238277 -0.0209824 0.0707397 138.207 415 306312
6.27621 30.0398 0.7 30.6885 0.205967 0 -0 155.457 507 306312
6.27621 30.0329 1.34387 30.6885 0.206013 0.0209824 -0 155.832 509 306312
6.84348 30.3091 0.7 31.0721 0.222066 0 0.0707397 158.644 524 306312
6.84348 30.3021 1.35192 31.0721 0.222116 0.0209824 0.0707397 158.269 522 306312
6.35466 30.4153 0.7 31.0721 0.205967 0 0.0707397 161.832 541 306312
6.35466 30.4083 1.35192 31.0721 0.206013 0.0209824 0.0707397 161.832 541 306312
6.84348 30.3091 0.7 31.0721 0.222066 0 -0 166.332 565 306312
6.84348 30.3021 1.35192 31.0721 0.222116 0.0209824 -0 166.144 564 306312
6.35466 30.4153 0.7 31.0721 0.205967 0 -0 169.332 581 306312
6.35466 30.4083 1.35192 31.0721 0.206013 0.0209824 -0 169.332 581 306312
6.84348 30.3091 0.7 31.0721 0.222066 0 -0.0707397 159.207 527 306312
6.84348 30.3021 1.35192 31.0721 0.222116 0.0209824 -0.0707397 158.832 525 306312
6.35466 30.4153 0.7 31.0721 0.205967 0 -0.0707397 162.207 543 306312
6.35466 30.4083 1.35192 31.0721 0.206013 0.0209824 -0.0707397 162.207 543 306312
6.88573 30.4962 0.7 31.2639 0.222066 0 -0 156.207 511 306312
6.88573 30.4891 1.35594 31.2639 0.222116 0.0209824 -0 155.082 505 306312
6.39389 30.6031 0.7 31.2639 0.205967 0 -0 159.394 528 306312
6.39389 30.5961 1.35594 31.2639 0.206013 0.0209824 -0 159.207 527 306312
6.39389 30.6031 0.7 31.2639 0.205967 0 -0.0707397 153.394 496 306312
6.39389 30.5961 1.35594 31.2639 0.206013 0.0209824 -0.0707397 152.832 493 306312
6.92797 30.6833 0.7 31.4557 0.222066 0 -0 153.207 495 306312
6.92797 30.6762 1.35997 31.4557 0.222116 0.0209824 -0 153.582 497 306312
6.43311 30.7908 0.7 31.4557 0.205967 0 -0 155.082 505 306312
6.43311 30.7838 1.35997 31.4557 0.206013 0.0209824 -0 155.644 508 306312
1.48456 31.4206 0.7 31.4557 0.047213 0 -0 153.207 495 306312
1.52077 32.187 0.7 32.2229 0.047213 0 -0 155.457 507 306312
1.52077 32.1799 0.0239366 32.2229 0.0472234 -0.0209824 -0 153.957 499 306312
1.01385 32.2069 0.7 32.2229 0.0314688 0 -0 152.644 492 306312
1.53888 32.5702 0.7 32.6065 0.047213 0 0.0707397 161.269 538 306312
1.53888 32.563 0.0158883 32.6065 0.0472234 -0.0209824 0.0707397 160.519 534 306312
1.02592 32.5904 0.7 32.6065 0.0314688 0 0.0707397 158.269 522 306312
1.02592 32.5832 0.0158883 32.6065 0.0314757 -0.0209824 0.0707397 156.957 515 306312
1.53888 32.5702 0.7 32.6065 0.047213 0 -0 168.394 576 306312
1.53888 32.563 0.0158883 32.6065 0.0472234 -0.0209824 -0 167.644 572 306312
1.02592 32.5904 0.7 32.6065 0.0314688 0 -0 165.394 560 306312
1.02592 32.5832 0.0158883 32.6065 0.0314757 -0.0209824 -0 164.082 553 306312
1.53888 32.5702 0.7 32.6065 0.047213 0 -0.0707397 160.894 536 306312
1.53888 32.563 0.0158883 32.6065 0.0472234 -0.0209824 -0.0707397 160.144 532 306312
1.02592 32.5904 0.7 32.6065 0.0314688 0 -0.0707397 157.894 520 306312
1.02592 32.5832 0.0158883 32.6065 0.0314757 -0.0209824 -0.0707397 156.582 513 306312
1.54793 32.7618 0.7 32.7983 0.047213 0 -0 158.332 517 306312
1.54793 32.7545 0.0118641 32.7983 0.0472234 -0.0209824 -0 159.457 523 306312
1.03195 32.7821 0.7 32.7983 0.0314688 0 -0 154.957 499 306312
1.03195 32.7748 0.0118641 32.7983 0.0314757 -0.0209824 -0 155.707 503 306312
1.54793 32.7545 0.0118641 32.7983 0.0472234 -0.0209824 -0.0707397 153.082 489 306312
-6.74692 32.2854 0.00783986 32.9901 -0.206013 -0.0209824 0.0707397 139.582 417 306312
-7.26592 32.18 0.7 32.9901 -0.222066 0 0.0707397 138.457 411 306312
-7.26592 32.1726 0.00783986 32.9901 -0.222116 -0.0209824 0.0707397 142.957 435 306312
-7.26592 32.1502 -0.68432 32.9901 -0.222265 -0.041974 0.0707397 137.519 406 306312
-7.78491 32.051 0.00783986 32.9901 -0.238277 -0.0209824 0.0707397 136.957 403 306312
-7.26592 32.1726 0.00783986 32.9901 -0.222116 -0.0209824 -0 149.707 471 306312
1.55698 32.9534 0.7 32.9901 0.047213 0 -0 154.207 495 306312
1.55698 32.9461 0.00783986 32.9901 0.0472234 -0.0209824 -0 153.082 489 306312
-7.26592 32.1726 0.00783986 32.9901 -0.222116 -0.0209824 -0.0707397 142.394 432 306312
-22.8357 23.5563 4.1608 32.9901 -0.769868 0.105098 -0.0707397 140.707 423 306312
-23.3547 23.0418 4.1608 32.9901 -0.792142 0.105098 -0.0707397 140.144 420 306312
5.28046 32.96 4.22116 33.5655 0.158858 0.105098 -0 143.894 440 306312
3.69633 33.175 4.22116 33.5655 0.110961 0.105098 -0 144.082 441 306312
4.75242 33.0403 4.22116 33.5655 0.142857 0.105098 -0.0707397 136.207 399 306312
-16.463 29.4708 0.7 33.7573 -0.509437 0 -0 137.519 406 306312
-16.463 29.4623 1.40826 33.7573 -0.50956 0.0209824 -0 138.644 412 306312
-16.994 29.1678 0.7 33.7573 -0.52755 0 -0 139.207 415 306312
-16.994 29.1592 1.40826 33.7573 -0.527678 0.0209824 -0 139.207 415 306312
-18.3639 29.0087 0.7 34.3327 -0.564368 0 -0 134.957 387 306312
-18.3639 28.9997 1.42033 34.3327 -0.564507 0.0209824 -0 135.144 388 306312
-18.9041 28.6596 0.7 34.3327 -0.583099 0 -0 135.519 390 306312
10.8023 32.5891 0.7 34.3327 0.320073 0 -0 136.457 395 306312
10.2622 32.7631 0.7 34.3327 0.303544 0 -0 137.394 400 306312
10.2622 32.5646 4.30165 34.3327 0.305283 0.105098 -0 137.207 399 306312
4.32093 34.0597 0.7 34.3327 0.126189 0 -0 135.144 388 306312
-15.7509 30.7222 0.7 34.5245 -0.473746 0 -0 138.332 405 306312
19.0097 28.8197 0.7 34.5245 0.583099 0 -0 139.269 410 306312
19.0097 28.8106 -0.0243536 34.5245 0.583244 -0.0209824 -0 139.832 413 306312
-16.294 30.4376 0.7 34.5245 -0.491506 0 -0 137.582 401 306312
10.3195 32.7465 4.32177 34.5245 0.305283 0.105098 -0 138.707 407 306312
-16.5656 30.9362 1.43643 35.0999 -0.491624 0.0209824 0.0707397 144.707 439 306312
-17.1178 30.6341 1.43643 35.0999 -0.50956 0.0209824 0.0707397 146.207 447 306312
5.52186 34.5375 3.6457 35.0999 0.158538 0.0840222 0.0707397 144.144 436 306312
-16.5656 30.9362 1.43643 35.0999 -0.491624 0.0209824 -0 151.269 474 306312
-17.1178 30.6341 1.43643 35.0999 -0.50956 0.0209824 -0 153.144 484 306312
5.52186 34.5375 3.6457 35.0999 0.158538 0.0840222 -0 151.269 474 306312
-16.5656 30.9362 1.43643 35.0999 -0.491624 0.0209824 -0.0707397 143.582 433 306312
-17.1178 30.6341 1.43643 35.0999 -0.50956 0.0209824 -0.0707397 145.457 443 306312
5.52186 34.5375 3.6457 35.0999 0.158538 0.0840222 -0.0707397 144.332 437 306312
5.55203 34.6551 4.40225 35.2917 0.158858 0.105098 0.0707397 138.332 405 306312
5.55203 34.7262 3.6618 35.2917 0.158538 0.0840222 0.0707397 137.207 399 306312
4.99683 34.6526 5.1427 35.2917 0.143211 0.12622 0.0707397 139.082 409 306312
4.99683 34.7395 4.40225 35.2917 0.142857 0.105098 0.0707397 140.957 419 306312
4.99683 34.8104 3.6618 35.2917 0.14257 0.0840222 0.0707397 138.144 404 306312
4.99683 34.7395 4.40225 35.2917 0.142857 0.105098 -0 147.707 455 306312
5.55203 34.6551 4.40225 35.2917 0.158858 0.105098 -0.0707397 139.269 410 306312
5.55203 34.7262 3.6618 35.2917 0.158538 0.0840222 -0.0707397 137.957 403 306312
4.99683 34.7395 4.40225 35.2917 0.142857 0.105098 -0.0707397 141.144 420 306312
4.99683 34.8104 3.6618 35.2917 0.14257 0.0840222 -0.0707397 138.894 408 306312
5.64255 35.2924 3.71009 35.8672 0.158538 0.0840222 0.0707397 135.332 389 306312
6.77106 35.0934 3.71009 35.8672 0.190602 0.0840222 -0 146.957 451 306312
6.20681 35.1976 3.71009 35.8672 0.174548 0.0840222 -0 146.207 447 306312
5.67273 35.4085 4.48274 36.059 0.158858 0.105098 0.0707397 139.644 412 306312
5.67273 35.4811 3.72619 36.059 0.158538 0.0840222 0.0707397 142.082 425 306312
5.10545 35.5672 3.72619 36.059 0.14257 0.0840222 0.0707397 135.707 391 306312
7.37455 35.1668 3.72619 36.059 0.206706 0.0840222 -0 144.707 439 306312
6.80727 35.281 3.72619 36.059 0.190602 0.0840222 -0 145.457 443 306312
5.67273 35.4811 3.72619 36.059 0.158538 0.0840222 -0 145.082 441 306312
1.72897 36.5855 -0.0686197 36.6344 0.0472234 -0.0209824 0.0707397 148.894 456 306312
1.72897 36.5855 1.46862 36.6344 0.0472234 0.0209824 0.0707397 154.144 484 306312
1.15265 36.6082 1.46862 36.6344 0.0314757 0.0209824 0.0707397 154.144 484 306312
1.72897 36.5855 1.46862 36.6344 0.0472234 0.0209824 -0 160.894 520 306312
1.15265 36.6082 1.46862 36.6344 0.0314757 0.0209824 -0 160.707 519 306312
1.72897 36.5855 1.46862 36.6344 0.0472234 0.0209824 -0.0707397 153.207 479 306312
1.15265 36.6082 1.46862 36.6344 0.0314757 0.0209824 -0.0707397 153.207 479 306312
1.73803 36.777 -0.0726438 36.8262 0.0472234 -0.0209824 0.0707397 153.957 483 306312
1.73803 36.777 1.47264 36.8262 0.0472234 0.0209824 0.0707397 156.207 495 306312
1.15868 36.7998 1.47264 36.8262 0.0314757 0.0209824 0.0707397 156.019 494 306312
1.73803 36.777 -0.0726438 36.8262 0.0472234 -0.0209824 -0 161.082 521 306312
1.73803 36.777 1.47264 36.8262 0.0472234 0.0209824 -0 163.519 534 306312
1.15868 36.7998 1.47264 36.8262 0.0314757 0.0209824 -0 163.332 533 306312
1.73803 36.777 -0.0726438 36.8262 0.0472234 -0.0209824 -0.0707397 153.957 483 306312
1.73803 36.777 1.47264 36.8262 0.0472234 0.0209824 -0.0707397 156.207 495 306312
1.15868 36.7998 1.47264 36.8262 0.0314757 0.0209824 -0.0707397 156.207 495 306312
8.23752 36.2716 4.62358 37.4016 0.223319 0.105098 0.0707397 139.332 405 306312
5.88395 36.8022 3.83887 37.4016 0.158538 0.0840222 0.0707397 138.957 403 306312
8.23752 36.2716 4.62358 37.4016 0.223319 0.105098 -0 146.457 443 306312
8.23752 36.3479 3.83887 37.4016 0.222865 0.0840222 -0 144.207 431 306312
7.64913 36.4002 4.62358 37.4016 0.207126 0.105098 -0 145.894 440 306312
7.64913 36.4762 3.83887 37.4016 0.206706 0.0840222 -0 144.207 431 306312
-6.50553 37.0262 0.7 37.5934 -0.173925 0 0.0707397 135.394 384 306312
-7.09694 36.9174 0.7 37.5934 -0.189921 0 0.0707397 139.707 407 306312
-7.09694 36.909 -0.0887406 37.5934 -0.189964 -0.0209824 0.0707397 136.894 392 306312
-7.68836 36.7988 0.7 37.5934 -0.205967 0 0.0707397 135.207 383 306312
-7.09694 36.9174 0.7 37.5934 -0.189921 0 -0 146.644 444 306312
-7.09694 36.909 -0.0887406 37.5934 -0.189964 -0.0209824 -0 143.832 429 306312
-6.50553 37.0262 0.7 37.5934 -0.173925 0 -0.0707397 134.832 381 306312
-7.09694 36.9174 0.7 37.5934 -0.189921 0 -0.0707397 139.144 404 306312
-7.09694 36.909 -0.0887406 37.5934 -0.189964 -0.0209824 -0.0707397 136.144 388 306312
6.00464 37.4802 4.70407 38.1688 0.158858 0.105098 0.0707397 138.582 401 306312
6.00464 37.5572 3.90325 38.1688 0.158538 0.0840222 0.0707397 138.957 403 306312
-18.0139 33.4977 3.90325 38.1688 -0.493402 0.0840222 -0 136.707 391 306312
-18.6144 33.1678 3.90325 38.1688 -0.511416 0.0840222 -0 136.707 391 306312
-19.8153 32.6124 1.50081 38.1688 -0.54599 0.0209824 -0 135.207 383 306312
-22.2172 30.8706 3.90325 38.1688 -0.623817 0.0840222 -0 135.207 383 306312
-22.2172 30.9432 3.10244 38.1688 -0.622704 0.0629841 -0 136.332 389 306312
6.00464 37.4802 4.70407 38.1688 0.158858 0.105098 -0 137.644 396 306312
6.00464 37.5572 3.90325 38.1688 0.158538 0.0840222 -0 137.457 395 306312
24.1393 29.8133 0.7 38.3606 0.680617 0 -0 137.457 395 306312
7.24178 37.6364 2.30967 38.3606 0.190091 0.041974 -0 139.707 407 306312
7.24178 37.6622 1.50484 38.3606 0.189964 0.0209824 -0 138.582 401 306312
24.5014 30.2605 0.7 38.936 0.680617 0 0.0707397 133.582 369 306312
24.5014 30.2494 1.51691 38.936 0.680795 0.0209824 0.0707397 133.394 368 306312
24.5014 30.2605 0.7 38.936 0.680617 0 -0.0707397 133.207 367 306312
6.15551 38.6057 2.34187 39.1278 0.158115 0.041974 0.0707397 133.207 367 306312
6.15551 38.6319 1.52093 39.1278 0.158009 0.0209824 0.0707397 135.082 377 306312
5.53996 38.7249 1.52093 39.1278 0.142095 0.0209824 0.0707397 133.207 367 306312
6.15551 38.6319 1.52093 39.1278 0.158009 0.0209824 -0 140.144 404 306312
5.53996 38.7249 1.52093 39.1278 0.142095 0.0209824 -0 140.144 404 306312
7.49524 38.9537 2.36601 39.7032 0.190091 0.041974 -0 140.144 404 306312
7.49524 38.9804 1.53301 39.7032 0.189964 0.0209824 -0 140.332 405 306312
6.87064 39.0687 2.36601 39.7032 0.17408 0.041974 -0 140.332 405 306312
6.87064 39.0953 1.53301 39.7032 0.173964 0.0209824 -0 140.144 404 306312
-6.90383 39.2931 0.7 39.895 -0.173925 0 0.0707397 135.269 378 306312
-6.90383 39.2931 0.7 39.895 -0.173925 0 -0 142.207 415 306312
-6.90383 39.2931 0.7 39.895 -0.173925 0 -0.0707397 134.519 374 306312
8.91342 39.3944 3.24731 40.4704 0.222515 0.0629841 -0 138.832 397 306312
8.91342 39.4675 1.5491 40.4704 0.222116 0.0209824 -0 138.644 396 306312
8.27675 39.6059 1.5491 40.4704 0.206013 0.0209824 -0 138.644 396 306312
-19.8304 35.4989 0.7 40.6622 -0.509437 0 -0 138.457 395 306312
-19.8304 35.4886 1.55313 40.6622 -0.50956 0.0209824 -0 138.082 393 306312
8.31598 39.7936 1.55313 40.6622 0.206013 0.0209824 -0 137.144 388 306312
-19.4623 36.191 -2.7608 41.2376 -0.493402 -0.0840222 -0 136.082 377 306312
-19.4623 36.0978 -3.626 41.2376 -0.494479 -0.105098 -0 136.082 377 306312
-20.111 36.0012 0.7 41.2376 -0.509437 0 -0 136.457 379 306312
-20.111 35.9908 1.5652 41.2376 -0.50956 0.0209824 -0 139.269 394 306312
-20.7598 35.6206 1.5652 41.2376 -0.527678 0.0209824 -0 138.144 388 306312
8.47288 40.5445 1.56922 41.4294 0.206013 0.0209824 -0 138.144 388 306312
7.82112 40.6752 1.56922 41.4294 0.189964 0.0209824 -0 139.082 393 306312
7.16936 40.7673 2.43845 41.4294 0.17408 0.041974 -0 138.332 389 306312
7.16936 40.7951 1.56922 41.4294 0.173964 0.0209824 -0 139.457 395 306312
32.3798 26.7573 0.7 42.0049 0.880188 0 -0 138.332 389 306312
32.3798 26.7428 1.5813 42.0049 0.880455 0.0209824 -0 136.457 379 306312
31.719 27.5375 0.7 42.0049 0.855848 0 -0 138.519 390 306312
-6.6383 41.6618 1.58532 42.1967 -0.158009 0.0209824 0.0707397 139.832 397 306312
-7.30213 41.5506 1.58532 42.1967 -0.173964 0.0209824 0.0707397 139.457 395 306312
-6.6383 41.6618 1.58532 42.1967 -0.158009 0.0209824 -0 146.582 433 306312
-7.30213 41.5506 1.58532 42.1967 -0.173964 0.0209824 -0 146.394 432 306312
-6.6383 41.6618 1.58532 42.1967 -0.158009 0.0209824 -0.0707397 138.519 390 306312
-7.30213 41.5506 1.58532 42.1967 -0.173964 0.0209824 -0.0707397 138.894 392 306312
29.2085 30.4407 1.58532 42.1967 0.764744 0.0209824 -0.0707397 135.894 376 306312
28.9339 31.5004 0.7 42.7721 0.742956 0 0.0707397 143.019 414 306312
28.9339 31.4876 1.59739 42.7721 0.743158 0.0209824 0.0707397 141.707 407 306312
28.261 32.1055 0.7 42.7721 0.721799 0 0.0707397 145.832 429 306312
28.261 32.0929 1.59739 42.7721 0.721993 0.0209824 0.0707397 144.519 422 306312
28.9339 31.5004 0.7 42.7721 0.742956 0 -0 147.894 440 306312
28.9339 31.4876 1.59739 42.7721 0.743158 0.0209824 -0 146.957 435 306312
28.261 32.1055 0.7 42.7721 0.721799 0 -0 150.894 456 306312
28.261 32.0929 1.59739 42.7721 0.721993 0.0209824 -0 149.582 449 306312
28.9339 31.5004 0.7 42.7721 0.742956 0 -0.0707397 140.207 399 306312
28.9339 31.4876 1.59739 42.7721 0.743158 0.0209824 -0.0707397 139.082 393 306312
28.261 32.1055 0.7 42.7721 0.721799 0 -0.0707397 143.394 416 306312
28.261 32.0929 1.59739 42.7721 0.721993 0.0209824 -0.0707397 141.894 408 306312
29.0637 31.6417 0.7 42.9639 0.742956 0 0.0707397 136.832 381 306312
29.0637 31.6288 1.60142 42.9639 0.743158 0.0209824 0.0707397 135.894 376 306312
28.3878 32.2495 0.7 42.9639 0.721799 0 0.0707397 140.207 399 306312
28.3878 32.2369 1.60142 42.9639 0.721993 0.0209824 0.0707397 138.707 391 306312
27.7119 32.8321 0.7 42.9639 0.701029 0 0.0707397 135.519 374 306312
29.0637 31.6417 0.7 42.9639 0.742956 0 -0 143.957 419 306312
29.0637 31.6288 1.60142 42.9639 0.743158 0.0209824 -0 143.207 415 306312
28.3878 32.2495 0.7 42.9639 0.721799 0 -0 147.332 437 306312
28.3878 32.2369 1.60142 42.9639 0.721993 0.0209824 -0 146.019 430 306312
29.0637 31.6417 0.7 42.9639 0.742956 0 -0.0707397 137.582 385 306312
29.0637 31.6288 1.60142 42.9639 0.743158 0.0209824 -0.0707397 137.019 382 306312
28.3878 32.2495 0.7 42.9639 0.721799 0 -0.0707397 141.144 404 306312
28.3878 32.2369 1.60142 42.9639 0.721993 0.0209824 -0.0707397 139.832 397 306312
27.7119 32.8321 0.7 42.9639 0.701029 0 -0.0707397 136.269 378 306312
6.84952 42.9874 1.61349 43.5393 0.158009 0.0209824 0.0707397 136.332 373 306312
6.16457 43.0619 2.52698 43.5393 0.14219 0.041974 0.0707397 137.269 378 306312
6.16457 43.091 1.61349 43.5393 0.142095 0.0209824 0.0707397 138.957 387 306312
6.84952 42.9874 1.61349 43.5393 0.158009 0.0209824 -0 143.644 412 306312
6.16457 43.0619 2.52698 43.5393 0.14219 0.041974 -0 144.207 415 306312
6.16457 43.091 1.61349 43.5393 0.142095 0.0209824 -0 146.269 426 306312
6.84952 42.9874 1.61349 43.5393 0.158009 0.0209824 -0.0707397 138.019 382 306312
6.16457 43.0619 2.52698 43.5393 0.14219 0.041974 -0.0707397 137.457 379 306312
6.16457 43.091 1.61349 43.5393 0.142095 0.0209824 -0.0707397 140.269 394 306312
28.2067 33.4184 0.7 43.7311 0.701029 0 0.0707397 137.269 378 306312
28.2067 33.4058 1.61751 43.7311 0.701215 0.0209824 0.0707397 137.457 379 306312
28.2067 33.4184 0.7 43.7311 0.701029 0 -0 144.582 417 306312
28.2067 33.4058 1.61751 43.7311 0.701215 0.0209824 -0 144.207 415 306312
28.8947 32.8253 0.7 43.7311 0.721799 0 -0.0707397 136.519 374 306312
28.2067 33.4184 0.7 43.7311 0.701029 0 -0.0707397 138.207 383 306312
28.2067 33.4058 1.61751 43.7311 0.701215 0.0209824 -0.0707397 137.269 378 306312
6.19172 43.2808 1.61751 43.7311 0.142095 0.0209824 -0.0707397 135.957 371 306312
-16.0315 41.3044 0.7 44.3065 -0.370232 0 0.0707397 141.019 398 306312
-16.0315 41.294 -0.229587 44.3065 -0.370317 -0.0209824 0.0707397 139.144 388 306312
-16.7285 41.0271 0.7 44.3065 -0.387164 0 0.0707397 138.957 387 306312
-16.0315 41.3044 0.7 44.3065 -0.370232 0 -0 147.582 433 306312
-16.0315 41.294 -0.229587 44.3065 -0.370317 -0.0209824 -0 146.269 426 306312
-16.7285 41.0271 0.7 44.3065 -0.387164 0 -0 145.519 422 306312
-16.0315 41.3044 0.7 44.3065 -0.370232 0 -0.0707397 140.269 394 306312
-16.0315 41.294 -0.229587 44.3065 -0.370317 -0.0209824 -0.0707397 139.144 388 306312
-16.7285 41.0271 0.7 44.3065 -0.387164 0 -0.0707397 138.207 383 306312
-16.1009 41.4832 0.7 44.4983 -0.370232 0 0.0707397 133.144 356 306312
6.30035 44.05 0.7 44.4983 0.142064 0 0.0707397 130.894 344 306312
6.30035 44.0401 1.63361 44.4983 0.142095 0.0209824 0.0707397 131.832 349 306312
0 44.4885 -0.233611 44.4983 0 -0.0209824 -0 145.519 422 306312
-16.1009 41.4832 0.7 44.4983 -0.370232 0 -0 140.082 393 306312
0.700039 44.483 -0.233611 44.4983 0.0157359 -0.0209824 -0 143.269 410 306312
-16.1009 41.4832 0.7 44.4983 -0.370232 0 -0.0707397 133.519 358 306312
-16.1009 41.4727 -0.233611 44.4983 -0.370317 -0.0209824 -0.0707397 132.957 355 306312
-16.8009 41.2047 0.7 44.4983 -0.387164 0 -0.0707397 131.832 349 306312
0 45.0638 -0.245684 45.0737 0 -0.0209824 0.0707397 144.394 416 306312
-2.12727 45.0235 0.7 45.0737 -0.047213 0 0.0707397 145.707 423 306312
-2.12727 45.0135 -0.245684 45.0737 -0.0472234 -0.0209824 0.0707397 144.019 414 306312
-2.83636 44.9844 0.7 45.0737 -0.0629689 0 0.0707397 142.332 405 306312
0 45.0638 -0.245684 45.0737 0 -0.0209824 -0 152.269 458 306312
-2.12727 45.0235 0.7 45.0737 -0.047213 0 -0 152.644 460 306312
-2.12727 45.0135 -0.245684 45.0737 -0.0472234 -0.0209824 -0 150.582 449 306312
0 45.0638 -0.245684 45.0737 0 -0.0209824 -0.0707397 145.707 423 306312
-2.12727 45.0235 0.7 45.0737 -0.047213 0 -0.0707397 145.332 421 306312
-2.12727 45.0135 -0.245684 45.0737 -0.0472234 -0.0209824 -0.0707397 143.269 410 306312
-2.83636 44.9844 0.7 45.0737 -0.0629689 0 -0.0707397 141.957 403 306312
-4.27265 45.0634 0.7 45.2655 -0.0945316 0 0.0707397 137.082 377 306312
29.1964 34.5388 2.59942 45.2655 0.701773 0.041974 0.0707397 132.582 353 306312
28.4843 35.1283 2.59942 45.2655 0.681331 0.041974 0.0707397 132.582 353 306312
28.4843 35.1668 1.64971 45.2655 0.680795 0.0209824 0.0707397 131.644 348 306312
-2.13633 45.2151 0.7 45.2655 -0.047213 0 -0 144.957 419 306312
-2.13633 45.2151 0.7 45.2655 -0.047213 0 -0.0707397 138.207 383 306312
-7.24178 45.4493 -0.265805 46.0327 -0.158009 -0.0209824 0.0707397 142.519 406 306312
-7.24178 45.4493 -0.265805 46.0327 -0.158009 -0.0209824 -0.0707397 142.519 406 306312
-11.7317 45.1075 0.7 46.6081 -0.254446 0 0.0707397 131.519 342 306312
-12.4649 44.9104 0.7 46.6081 -0.270736 0 0.0707397 133.019 350 306312
-12.4649 44.9104 0.7 46.6081 -0.270736 0 -0 139.019 382 306312
-11.7317 45.1075 0.7 46.6081 -0.254446 0 -0.0707397 131.707 343 306312
-12.4649 44.9104 0.7 46.6081 -0.270736 0 -0.0707397 132.832 349 306312
-11.0437 45.4782 0.7 46.7999 -0.238224 0 0.0707397 132.644 348 306312
-11.78 45.2931 0.7 46.7999 -0.254446 0 0.0707397 135.644 364 306312
-11.78 45.2825 1.6819 46.7999 -0.254503 0.0209824 0.0707397 132.269 346 306312
-13.2525 44.8844 0.7 46.7999 -0.287101 0 0.0707397 131.519 342 306312
-11.78 45.2931 0.7 46.7999 -0.254446 0 -0 141.269 394 306312
-11.78 45.2931 0.7 46.7999 -0.254446 0 -0.0707397 134.144 356 306312
-15.7147 44.8963 0.7 47.5671 -0.336693 0 0.0707397 131.707 343 306312
-15.7147 44.8963 0.7 47.5671 -0.336693 0 -0 139.394 384 306312
-15.7147 44.8963 0.7 47.5671 -0.336693 0 -0.0707397 131.894 344 306312
24.2358 41.5972 0.7 48.1425 0.52755 0 0.0707397 132.832 349 306312
24.2358 41.5481 -1.32014 48.1425 0.528064 -0.041974 0.0707397 133.582 353 306312
24.2358 41.4867 -2.33021 48.1425 0.528708 -0.0629841 0.0707397 131.894 344 306312
23.4785 42.0294 0.7 48.1425 0.509437 0 0.0707397 134.332 357 306312
24.2358 41.5972 0.7 48.1425 0.52755 0 -0.0707397 132.832 349 306312
24.2358 41.5481 -1.32014 48.1425 0.528064 -0.041974 -0.0707397 133.957 355 306312
-24.9932 41.1466 0.7 48.1425 -0.545856 0 -0.0707397 131.894 344 306312
23.4785 42.0294 0.7 48.1425 0.509437 0 -0.0707397 132.832 349 306312
-23.572 42.148 -1.32819 48.3344 -0.50993 -0.041974 0.0707397 132.832 349 306312
25.0928 41.3106 0.7 48.3344 0.545856 0 0.0707397 131.894 344 306312
-24.3324 41.7137 -1.32819 48.3344 -0.528064 -0.041974 0.0707397 133.019 350 306312
24.3324 41.763 0.7 48.3344 0.52755 0 0.0707397 134.519 358 306312
24.3324 41.7506 1.7141 48.3344 0.527678 0.0209824 0.0707397 131.707 343 306312
-1.52077 48.2998 -0.314095 48.3344 -0.0314757 -0.0209824 -0.0707397 133.582 353 306312
-2.28116 48.2698 -0.314095 48.3344 -0.0472234 -0.0209824 -0.0707397 132.082 345 306312
-23.572 42.148 -1.32819 48.3344 -0.50993 -0.041974 -0.0707397 132.457 347 306312
25.0928 41.2607 -1.32819 48.3344 0.546391 -0.041974 -0.0707397 133.582 353 306312
-24.3324 41.7137 -1.32819 48.3344 -0.528064 -0.041974 -0.0707397 132.269 346 306312
24.3324 41.763 0.7 48.3344 0.52755 0 -0.0707397 133.582 353 306312
24.3324 41.7137 -1.32819 48.3344 0.528064 -0.041974 -0.0707397 133.957 355 306312
24.3324 41.652 -2.34229 48.3344 0.528708 -0.0629841 -0.0707397 132.082 345 306312
25.3915 41.8024 0.7 48.9098 0.545856 0 -0 135.332 357 306312
24.6221 42.2601 0.7 48.9098 0.52755 0 -0 134.957 355 306312
24.6221 42.2477 1.72617 48.9098 0.527678 0.0209824 -0 135.144 356 306312
10.0027 47.865 1.72617 48.9098 0.206013 0.0209824 -0 136.269 362 306312
9.23327 48.0303 0.7 48.9098 0.189921 0 -0 136.269 362 306312
9.23327 48.0194 1.72617 48.9098 0.189964 0.0209824 -0 138.332 373 306312
10.0419 48.0637 0.7 49.1016 0.205967 0 0.0707397 137.582 369 306312
10.0419 48.0527 1.73019 49.1016 0.206013 0.0209824 0.0707397 138.519 374 306312
9.26948 48.2077 1.73019 49.1016 0.189964 0.0209824 0.0707397 139.832 381 306312
4.63474 48.8823 0.7 49.1016 0.0945316 0 0.0707397 137.957 371 306312
10.0419 48.0527 1.73019 49.1016 0.206013 0.0209824 -0 145.644 412 306312
9.26948 48.2077 1.73019 49.1016 0.189964 0.0209824 -0 146.394 416 306312
4.63474 48.8823 0.7 49.1016 0.0945316 0 -0 145.269 410 306312
10.0419 48.0637 0.7 49.1016 0.205967 0 -0.0707397 137.207 367 306312
10.0419 48.0527 1.73019 49.1016 0.206013 0.0209824 -0.0707397 138.144 372 306312
9.26948 48.1746 2.76038 49.1016 0.190091 0.041974 -0.0707397 135.894 360 306312
9.26948 48.2077 1.73019 49.1016 0.189964 0.0209824 -0.0707397 138.707 375 306312
4.63474 48.8823 0.7 49.1016 0.0945316 0 -0.0707397 137.394 368 306312
-25.0083 42.923 0.7 49.677 -0.52755 0 -0 132.707 343 306312
-25.0083 42.9104 1.74226 49.677 -0.527678 0.0209824 -0 135.332 357 306312
-25.7898 42.4453 1.74226 49.677 -0.54599 0.0209824 -0 132.707 343 306312
7.03358 49.1323 2.78453 49.677 0.14219 0.041974 -0 132.894 344 306312
6.25207 49.1827 3.82679 49.677 0.126441 0.0629841 -0 134.207 351 306312
6.25207 49.2379 2.78453 49.677 0.126301 0.041974 -0 135.144 356 306312
27.4584 41.6153 1.74629 49.8688 0.583244 0.0209824 -0 132.707 343 306312
-27.4584 41.6285 0.7 49.8688 -0.583099 0 -0 135.144 356 306312
-28.2429 41.1003 0.7 49.8688 -0.602065 0 -0 133.644 348 306312
-28.2429 41.0869 1.74629 49.8688 -0.602216 0.0209824 -0 133.269 346 306312
-30.156 40.438 0.7 50.4442 -0.640765 0 -0 134.207 351 306312
-30.156 40.4242 1.75836 50.4442 -0.640929 0.0209824 -0 132.519 342 306312
20.633 46.0193 1.75836 50.4442 0.421486 0.0209824 -0 132.519 342 306312
7.93578 49.8048 1.75836 50.4442 0.158009 0.0209824 -0 133.832 349 306312
4.02824 51.0414 1.77446 51.2114 0.0787578 0.0209824 -0 134.582 353 306312
3.22259 51.0986 1.77446 51.2114 0.0629827 0.0209824 -0 135.707 359 306312
2.41694 51.143 1.77446 51.2114 0.0472234 0.0209824 -0 133.644 348 306312
32.3466 39.9498 0.7 51.4032 0.680617 0 -0 133.644 348 306312
4.85199 51.1737 0.7 51.4032 0.0945316 0 -0 137.019 366 306312
4.85199 51.1623 1.77848 51.4032 0.0945525 0.0209824 -0 133.832 349 306312
4.04333 51.2439 0.7 51.4032 0.0787404 0 -0 136.832 365 306312
4.04333 51.2326 1.77848 51.4032 0.0787578 0.0209824 -0 134.394 352 306312
19.6252 48.1313 0.7 51.9786 0.387164 0 0.0707397 135.207 351 306312
19.6252 48.119 1.79055 51.9786 0.387253 0.0209824 0.0707397 136.332 357 306312
20.4429 47.7773 1.79055 51.9786 0.404307 0.0209824 -0 139.332 373 306312
19.6252 48.1313 0.7 51.9786 0.387164 0 -0 142.519 390 306312
19.6252 48.119 1.79055 51.9786 0.387253 0.0209824 -0 144.207 399 306312
18.8075 48.4444 1.79055 51.9786 0.370317 0.0209824 -0 140.457 379 306312
19.6252 48.1313 0.7 51.9786 0.387164 0 -0.0707397 134.832 349 306312
19.6252 48.119 1.79055 51.9786 0.387253 0.0209824 -0.0707397 135.957 355 306312
19.6976 48.3089 0.7 52.1704 0.387164 0 0.0707397 134.082 345 306312
19.6976 48.2965 1.79458 52.1704 0.387253 0.0209824 0.0707397 134.832 349 306312
20.5184 47.9536 1.79458 52.1704 0.404307 0.0209824 -0 136.894 360 306312
19.6976 48.3089 0.7 52.1704 0.387164 0 -0 141.019 382 306312
19.6976 48.2965 1.79458 52.1704 0.387253 0.0209824 -0 142.144 388 306312
18.8769 48.6355 0.7 52.1704 0.370232 0 -0 137.082 361 306312
18.8769 48.6232 1.79458 52.1704 0.370317 0.0209824 -0 137.832 365 306312
19.6976 48.2965 1.79458 52.1704 0.387253 0.0209824 -0.0707397 134.269 346 306312
0 52.7458 0.7 52.7458 0 0 0.0707397 149.269 426 306312
0 52.7342 1.80665 52.7458 0 0.0209824 0.0707397 147.582 417 306312
-0.829787 52.7393 0.7 52.7458 -0.0157325 0 0.0707397 148.519 422 306312
-0.829787 52.7277 1.80665 52.7458 -0.0157359 0.0209824 0.0707397 147.582 417 306312
0 52.7458 0.7 52.7458 0 0 -0 156.394 464 306312
0 52.7342 1.80665 52.7458 0 0.0209824 -0 155.269 458 306312
-0.829787 52.7393 0.7 52.7458 -0.0157325 0 -0 156.207 463 306312
-0.829787 52.7277 1.80665 52.7458 -0.0157359 0.0209824 -0 155.457 459 306312
0 52.7458 0.7 52.7458 0 0 -0.0707397 149.269 426 306312
0 52.7342 1.80665 52.7458 0 0.0209824 -0.0707397 148.144 420 306312
-0.829787 52.7393 0.7 52.7458 -0.0157325 0 -0.0707397 149.269 426 306312
-0.829787 52.7277 1.80665 52.7458 -0.0157359 0.0209824 -0.0707397 148.707 423 306312
1.66561 52.8998 1.81068 52.9376 0.0314757 0.0209824 0.0707397 140.644 380 306312
1.66561 52.8648 2.92135 52.9376 0.0314966 0.041974 -0 147.394 416 306312
1.66561 52.8998 1.81068 52.9376 0.0314757 0.0209824 -0 148.894 424 306312
0.832805 52.8844 2.92135 52.9376 0.0157463 0.041974 -0 146.457 411 306312
0.832805 52.9194 1.81068 52.9376 0.0157359 0.0209824 -0 147.207 415 306312
1.66561 52.8648 2.92135 52.9376 0.0314966 0.041974 -0.0707397 140.269 378 306312
1.66561 52.8998 1.81068 52.9376 0.0314757 0.0209824 -0.0707397 141.582 385 306312
-2.52557 53.4534 0.7 53.513 -0.047213 0 0.0707397 148.332 421 306312
-2.52557 53.4416 -0.422748 53.513 -0.0472234 -0.0209824 0.0707397 146.457 411 306312
-3.36743 53.407 0.7 53.513 -0.0629689 0 0.0707397 148.144 420 306312
-2.52557 53.4534 0.7 53.513 -0.047213 0 -0 156.019 462 306312
-3.36743 53.407 0.7 53.513 -0.0629689 0 -0 155.082 457 306312
-2.52557 53.4534 0.7 53.513 -0.047213 0 -0.0707397 147.957 419 306312
-2.52557 53.4416 -0.422748 53.513 -0.0472234 -0.0209824 -0.0707397 146.269 410 306312
-3.36743 53.407 0.7 53.513 -0.0629689 0 -0.0707397 147.394 416 306312
-3.3795 53.5866 -0.426772 53.7048 -0.0629827 -0.0209824 0.0707397 142.144 388 306312
-4.22437 53.5266 -0.426772 53.7048 -0.0787578 -0.0209824 0.0707397 145.332 405 306312
-4.22437 53.5266 -0.426772 53.7048 -0.0787578 -0.0209824 -0 152.082 441 306312
-3.3795 53.5984 0.7 53.7048 -0.0629689 0 -0.0707397 142.707 391 306312
-3.3795 53.5866 -0.426772 53.7048 -0.0629827 -0.0209824 -0.0707397 142.894 392 306312
-3.3795 53.5866 1.82677 53.7048 -0.0629827 0.0209824 -0.0707397 141.582 385 306312
-4.22437 53.5384 0.7 53.7048 -0.0787404 0 -0.0707397 145.144 404 306312
-4.22437 53.5266 -0.426772 53.7048 -0.0787578 -0.0209824 -0.0707397 144.582 401 306312
-9.39319 53.4613 0.7 54.2802 -0.173925 0 0.0707397 150.207 431 306312
-9.39319 53.4613 0.7 54.2802 -0.173925 0 -0 157.332 469 306312
-9.39319 53.4613 0.7 54.2802 -0.173925 0 -0.0707397 150.207 431 306312
-12.8542 52.9337 0.7 54.472 -0.238224 0 0.0707397 142.332 389 306312
-41.1333 35.7107 0.7 54.472 -0.855848 0 0.0707397 141.957 387 306312
-41.1333 35.7107 0.7 54.472 -0.855848 0 -0.0707397 141.957 387 306312
0 55.0353 1.85494 55.0475 0 0.0209824 0.0707397 142.207 383 306312
0.865996 55.0285 1.85494 55.0475 0.0157359 0.0209824 0.0707397 142.957 387 306312
0.865996 55.0285 1.85494 55.0475 0.0157359 0.0209824 -0 149.332 421 306312
1.73199 54.9717 -1.60988 55.0475 0.0314966 -0.041974 -0.0707397 141.832 381 306312
0.865996 55.0285 1.85494 55.0475 0.0157359 0.0209824 -0.0707397 141.082 377 306312
0 55.2271 1.85897 55.2393 0 0.0209824 0.0707397 134.894 344 306312
-0.869014 55.2203 1.85897 55.2393 -0.0157359 0.0209824 0.0707397 137.894 360 306312
-0.869014 55.2203 1.85897 55.2393 -0.0157359 0.0209824 -0 146.144 404 306312
0 55.1906 -1.61793 55.2393 0 -0.041974 -0.0707397 134.519 342 306312
0 55.2271 1.85897 55.2393 0 0.0209824 -0.0707397 136.019 350 306312
-0.869014 55.1838 -1.61793 55.2393 -0.0157463 -0.041974 -0.0707397 137.519 358 306312
-0.869014 55.2203 1.85897 55.2393 -0.0157359 0.0209824 -0.0707397 139.207 367 306312
1.73803 55.1632 -1.61793 55.2393 0.0314966 -0.041974 -0.0707397 134.707 343 306312
-4.40542 55.8329 0.7 56.0065 -0.0787404 0 0.0707397 137.144 356 306312
-4.40542 55.8206 -0.475063 56.0065 -0.0787578 -0.0209824 0.0707397 137.144 356 306312
-4.40542 55.7835 -1.65013 56.0065 -0.07881 -0.041974 0.0707397 140.144 372 306312
-4.40542 55.8206 1.87506 56.0065 -0.0787578 0.0209824 0.0707397 137.519 358 306312
-4.40542 55.7835 -1.65013 56.0065 -0.07881 -0.041974 -0 148.019 414 306312
-4.40542 55.7835 -1.65013 56.0065 -0.07881 -0.041974 -0.0707397 142.019 382 306312
-12.4619 55.1925 0.7 56.5819 -0.222066 0 0.0707397 135.644 348 306312
-12.4619 55.1925 0.7 56.5819 -0.222066 0 -0.0707397 135.644 348 306312
-19.6494 53.2649 0.7 56.7737 -0.353411 0 0.0707397 144.644 396 306312
-19.6494 53.2516 -0.491159 56.7737 -0.353492 -0.0209824 0.0707397 142.957 387 306312
-20.5425 52.9269 0.7 56.7737 -0.370232 0 0.0707397 145.207 399 306312
-20.5425 52.9135 -0.491159 56.7737 -0.370317 -0.0209824 0.0707397 142.394 384 306312
-19.6494 53.2649 0.7 56.7737 -0.353411 0 -0 151.207 431 306312
-19.6494 53.2516 -0.491159 56.7737 -0.353492 -0.0209824 -0 149.332 421 306312
-20.5425 52.9269 0.7 56.7737 -0.370232 0 -0 151.957 435 306312
-20.5425 52.9135 -0.491159 56.7737 -0.370317 -0.0209824 -0 148.582 417 306312
-19.6494 53.2649 0.7 56.7737 -0.353411 0 -0.0707397 143.519 390 306312
-19.6494 53.2516 -0.491159 56.7737 -0.353492 -0.0209824 -0.0707397 141.269 378 306312
-20.5425 52.9269 0.7 56.7737 -0.370232 0 -0.0707397 144.082 393 306312
-20.5425 52.9135 -0.491159 56.7737 -0.370317 -0.0209824 -0.0707397 140.707 375 306312
-19.8485 53.8048 0.7 57.3491 -0.353411 0 0.0707397 135.457 347 306312
-19.8485 53.8048 0.7 57.3491 -0.353411 0 -0 142.957 387 306312
-19.8485 53.8048 0.7 57.3491 -0.353411 0 -0.0707397 135.457 347 306312
-15.3888 55.3923 -1.71451 57.5409 -0.270981 -0.041974 0.0707397 142.957 387 306312
-16.294 55.1328 -1.71451 57.5409 -0.287361 -0.041974 0.0707397 147.082 409 306312
-16.294 55.0667 -2.92177 57.5409 -0.287687 -0.0629841 0.0707397 142.582 385 306312
-17.1992 54.8572 -1.71451 57.5409 -0.303821 -0.041974 0.0707397 143.144 388 306312
-15.3888 55.3923 -1.71451 57.5409 -0.270981 -0.041974 -0 149.707 423 306312
-16.294 55.1328 -1.71451 57.5409 -0.287361 -0.041974 -0 154.207 447 306312
-16.294 55.0667 -2.92177 57.5409 -0.287687 -0.0629841 -0 149.707 423 306312
-17.1992 54.8572 -1.71451 57.5409 -0.303821 -0.041974 -0 150.082 425 306312
-15.3888 55.3923 -1.71451 57.5409 -0.270981 -0.041974 -0.0707397 142.207 383 306312
-16.294 55.1328 -1.71451 57.5409 -0.287361 -0.041974 -0.0707397 146.894 408 306312
-16.294 55.0667 -2.92177 57.5409 -0.287687 -0.0629841 -0.0707397 142.582 385 306312
-17.1992 54.8572 -1.71451 57.5409 -0.303821 -0.041974 -0.0707397 142.582 385 306312
-15.5427 55.9994 0.7 58.1163 -0.270736 0 -0 137.519 358 306312
-15.5427 55.9861 1.91933 58.1163 -0.270797 0.0209824 -0 138.082 361 306312
27.4282 51.2367 0.7 58.1163 0.491506 0 -0 135.832 349 306312
27.4282 51.2222 1.91933 58.1163 0.491624 0.0209824 -0 136.207 351 306312
26.514 51.7013 1.91933 58.1163 0.473858 0.0209824 -0 135.269 346 306312
-19.2631 55.0342 0.7 58.3081 -0.336693 0 -0 138.082 361 306312
-27.8809 52.0822 0.7 59.0753 -0.491506 0 -0 135.707 343 306312
-28.8102 51.5739 0.7 59.0753 -0.509437 0 -0 136.644 348 306312
7.43489 58.6056 0.7 59.0753 0.126189 0 -0 135.332 341 306312
7.43489 58.5925 1.93945 59.0753 0.126217 0.0209824 -0 137.394 352 306312
-20.6451 55.9082 3.20304 59.6507 -0.353736 0.041974 -0 136.269 346 306312
30.0292 51.5256 1.95152 59.6507 0.527678 0.0209824 -0 136.269 346 306312
29.0908 52.0762 0.7 59.6507 0.509437 0 -0 134.957 339 306312
29.0908 52.0612 1.95152 59.6507 0.50956 0.0209824 -0 136.832 349 306312
31.0672 51.131 1.95555 59.8425 0.54599 0.0209824 -0 139.269 362 306312
28.2429 52.7436 1.95555 59.8425 0.491624 0.0209824 -0 138.519 358 306312
39.9203 45.3508 0.7 60.4179 0.721799 0 -0 137.207 351 306312
30.4155 52.1421 3.23524 60.4179 0.528064 0.041974 -0 135.707 343 306312
30.4155 52.1883 1.96762 60.4179 0.527678 0.0209824 -0 138.332 357 306312
29.465 52.685 3.23524 60.4179 0.50993 0.041974 -0 135.144 340 306312
29.465 52.7308 1.96762 60.4179 0.50956 0.0209824 -0 138.144 356 306312
30.512 52.3694 0.7 60.6097 0.52755 0 -0 138.332 357 306312
30.512 52.354 1.97164 60.6097 0.527678 0.0209824 -0 140.394 368 306312
29.5585 52.9135 0.7 60.6097 0.509437 0 -0 139.269 362 306312
29.5585 52.8982 1.97164 60.6097 0.50956 0.0209824 -0 140.582 369 306312
-10.5881 60.1389 4.55115 61.1852 -0.174275 0.0629841 -0 135.144 340 306312
33.2398 52.4911 2.00384 62.1442 0.564507 0.0209824 -0 137.832 349 306312
8.06252 63.5528 0.7 64.0622 0.126189 0 -0 135.957 339 306312
7.0547 63.6726 0.7 64.0622 0.110346 0 -0 136.144 340 306312
37.4008 52.2471 0.7 64.254 0.621281 0 -0 136.144 340 306312
37.4008 52.1775 3.39621 64.254 0.621912 0.041974 -0 136.519 342 306312
37.4008 52.2297 2.0481 64.254 0.621438 0.0209824 -0 139.332 357 306312
36.3899 52.8874 3.39621 64.254 0.60267 0.041974 -0 138.207 351 306312
36.3899 52.9389 2.0481 64.254 0.602216 0.0209824 -0 139.707 359 306312
15.5698 64.1169 0.7 65.9802 0.238224 0 -0 137.707 343 306312
-46.3353 48.3105 0.7 66.9392 -0.764533 0 -0 139.394 352 306312
-47.3884 47.2779 0.7 66.9392 -0.786565 0 -0 139.019 350 306312
-47.5242 47.4134 0.7 67.131 -0.786565 0 -0 136.957 339 306312
12.6731 65.9089 2.10847 67.131 0.189964 0.0209824 -0 137.519 342 306312
13.7684 65.8393 3.52498 67.3228 0.206151 0.041974 -0 137.707 343 306312
13.7684 65.8848 2.11249 67.3228 0.206013 0.0209824 -0 139.394 352 306312
12.7093 66.0519 3.52498 67.3228 0.190091 0.041974 -0 140.707 359 306312
12.7093 66.0972 2.11249 67.3228 0.189964 0.0209824 -0 142.207 367 306312
11.6502 66.2921 2.11249 67.3228 0.173964 0.0209824 -0 138.082 345 306312
2.1665 68.808 2.14468 68.8573 0.0314757 0.0209824 -0 138.644 348 306312
1.08325 68.8336 2.14468 68.8573 0.0157359 0.0209824 -0 136.582 337 306312
2.17253 68.9997 2.14871 69.0491 0.0314757 0.0209824 -0 138.269 346 306312
1.08627 69.0253 2.14871 69.0491 0.0157359 0.0209824 -0 137.894 344 306312
-2.1846 69.2606 5.07027 69.4327 -0.0315314 0.0629841 -0 137.144 340 306312
-2.1846 69.3371 3.61351 69.4327 -0.0314966 0.041974 -0 138.644 348 306312
-2.1846 69.383 2.15676 69.4327 -0.0314757 0.0209824 -0 137.519 342 306312
-3.27691 69.2175 5.07027 69.4327 -0.0473068 0.0629841 -0 136.957 339 306312
-3.27691 69.2941 3.61351 69.4327 -0.0472546 0.041974 -0 138.269 346 306312
-3.27691 69.34 2.15676 69.4327 -0.0472234 0.0209824 -0 137.707 343 306312
0 69.9464 3.63766 70.0081 0 0.041974 -0 137.957 339 306312
8.81083 69.4359 2.16883 70.0081 0.126217 0.0209824 -0 138.332 341 306312
-12.2477 69.6917 2.18492 70.7753 -0.173964 0.0209824 -0 139.082 345 306312
-13.3611 69.4392 3.66985 70.7753 -0.190091 0.041974 -0 143.019 366 306312
-13.3611 69.4868 2.18492 70.7753 -0.189964 0.0209824 -0 142.644 364 306312
-14.4745 69.2157 3.66985 70.7753 -0.206151 0.041974 -0 140.957 355 306312
-14.4745 69.2635 2.18492 70.7753 -0.206013 0.0209824 -0 138.894 344 306312
-13.3973 69.6274 3.6779 70.9671 -0.190091 0.041974 -0 144.894 376 306312
-13.3973 69.6751 2.18895 70.9671 -0.189964 0.0209824 -0 143.582 369 306312
-14.5137 69.4033 3.6779 70.9671 -0.206151 0.041974 -0 144.707 375 306312
-14.5137 69.4512 2.18895 70.9671 -0.206013 0.0209824 -0 141.332 357 306312
-18.0079 69.1739 3.70204 71.5425 -0.254675 0.041974 -0 139.269 346 306312
-18.0079 69.2228 2.20102 71.5425 -0.254503 0.0209824 -0 140.207 351 306312
2.26306 71.8905 0.7 71.9261 0.0314688 0 0.0707397 139.082 345 306312
2.26306 71.8747 2.20907 71.9261 0.0314757 0.0209824 0.0707397 140.582 353 306312
2.26306 71.8905 0.7 71.9261 0.0314688 0 -0 144.707 375 306312
2.26306 71.8747 2.20907 71.9261 0.0314757 0.0209824 -0 146.582 385 306312
1.13153 71.9014 2.20907 71.9261 0.0157359 0.0209824 -0 142.832 365 306312
2.26306 71.8747 2.20907 71.9261 0.0314757 0.0209824 -0.0707397 138.519 342 306312
2.26909 72.0663 2.21309 72.1179 0.0314757 0.0209824 0.0707397 138.519 342 306312
3.40364 72.0217 2.21309 72.1179 0.0472234 0.0209824 -0 141.144 356 306312
2.26909 72.0822 0.7 72.1179 0.0314688 0 -0 140.394 352 306312
2.26909 72.0187 3.72619 72.1179 0.0314966 0.041974 -0 139.457 347 306312
2.26909 72.0663 2.21309 72.1179 0.0314757 0.0209824 -0 144.332 373 306312
1.13455 72.0931 2.21309 72.1179 0.0157359 0.0209824 -0 139.457 347 306312
2.27513 72.258 2.21712 72.3097 0.0314757 0.0209824 -0 140.582 353 306312
-6.86159 72.3527 2.22517 72.6933 -0.0945525 0.0209824 -0 138.894 344 306312
-10.2924 71.9448 2.22517 72.6933 -0.142095 0.0209824 -0 139.644 348 306312
-13.7594 71.5583 2.22919 72.8851 -0.189964 0.0209824 -0 138.707 343 306312
24.2057 69.0009 5.31172 73.2687 0.337389 0.0629841 -0 141.332 357 306312
24.2057 69.0865 3.77448 73.2687 0.337002 0.041974 -0 144.519 374 306312
23.053 69.4796 3.77448 73.2687 0.320366 0.041974 -0 142.269 362 306312
