1.43629 2.22362 0.249291 2.68524 0.573504 -0.168645 -0 98.5192 422 306515
1.39404 2.25034 0.249291 2.68524 0.554621 -0.168645 -0 98.7067 423 306515
1.09834 2.40854 0.249291 2.68524 0.427848 -0.168645 -0 97.5817 417 306515
1.26731 2.53734 0.217098 2.87704 0.463219 -0.168645 -0 105.332 437 306515
1.22205 2.5701 0.27746 2.87704 0.443845 -0.147399 -0 104.019 430 306515
1.22205 2.55945 0.217098 2.87704 0.445458 -0.168645 -0 104.582 433 306515
1.30352 2.74145 0.249291 3.06885 0.443845 -0.147399 -0 102.144 420 306515
1.15868 2.80573 0.249291 3.06885 0.391638 -0.147399 -0 103.457 427 306515
1.06213 2.82027 0.120517 3.06885 0.360177 -0.189968 -0 100.457 411 306515
0.917292 2.87064 0.120517 3.06885 0.309288 -0.189968 -0 99.8942 408 306515
0.917292 2.85689 0.0561301 3.06885 0.310683 -0.211379 -0 99.5192 406 306515
1.12851 3.03147 0.289533 3.26065 0.356371 -0.12622 0.0707397 100.082 409 306515
1.12851 3.02142 0.221122 3.26065 0.357458 -0.147399 0.0707397 102.332 421 306515
1.07721 3.04009 0.221122 3.26065 0.340533 -0.147399 0.0707397 98.5817 401 306515
1.12851 3.02142 0.221122 3.26065 0.357458 -0.147399 -0 109.644 460 306515
1.12851 3.03147 0.289533 3.26065 0.356371 -0.12622 -0.0707397 99.8942 408 306515
1.12851 3.02142 0.221122 3.26065 0.357458 -0.147399 -0.0707397 102.519 422 306515
1.07721 3.04009 0.221122 3.26065 0.340533 -0.147399 -0.0707397 98.9567 403 306515
1.79234 2.91857 0.265388 3.45245 0.550734 -0.12622 -0 102.707 423 306515
1.79234 2.90686 0.192952 3.45245 0.552528 -0.147399 -0 102.332 421 306515
1.30352 3.16724 0.265388 3.45245 0.390435 -0.12622 -0 104.019 430 306515
1.24921 3.18905 0.265388 3.45245 0.373346 -0.12622 -0 102.332 421 306515
1.24921 3.17834 0.192952 3.45245 0.37449 -0.147399 -0 102.332 421 306515
1.19489 3.19915 0.192952 3.45245 0.357458 -0.147399 -0 103.269 426 306515
1.71992 3.17994 0.241243 3.64426 0.495804 -0.12622 0.0707397 100.457 395 306515
1.43327 3.31902 0.241243 3.64426 0.407646 -0.12622 0.0707397 99.3317 389 306515
1.37594 3.34319 0.241243 3.64426 0.390435 -0.12622 0.0707397 101.019 398 306515
1.08928 3.45658 0.317702 3.64426 0.305283 -0.105098 0.0707397 100.457 395 306515
1.08928 3.44726 0.241243 3.64426 0.306057 -0.12622 0.0707397 101.582 401 306515
1.94925 3.04476 0.241243 3.64426 0.569452 -0.12622 -0.0707397 98.0192 382 306515
1.71992 3.17994 0.241243 3.64426 0.495804 -0.12622 -0.0707397 99.7067 391 306515
1.31861 3.36622 0.241243 3.64426 0.373346 -0.12622 -0.0707397 101.207 399 306515
1.93114 3.29 0.297581 3.83606 0.530786 -0.105098 0.0707397 100.269 394 306515
1.93114 3.27915 0.217098 3.83606 0.532229 -0.12622 0.0707397 100.457 395 306515
1.5087 3.4937 0.217098 3.83606 0.407646 -0.12622 0.0707397 101.207 399 306515
1.44836 3.51915 0.217098 3.83606 0.390435 -0.12622 0.0707397 102.144 404 306515
1.14662 3.6385 0.297581 3.83606 0.305283 -0.105098 0.0707397 101.582 401 306515
1.14662 3.6287 0.217098 3.83606 0.306057 -0.12622 0.0707397 101.207 399 306515
1.5087 3.4937 0.217098 3.83606 0.407646 -0.12622 -0.0707397 101.957 403 306515
1.44836 3.51915 0.217098 3.83606 0.390435 -0.12622 -0.0707397 102.707 407 306515
1.14662 3.6385 0.297581 3.83606 0.305283 -0.105098 -0.0707397 101.957 403 306515
1.52077 3.70572 0.27746 4.02786 0.389427 -0.105098 0.0707397 104.582 417 306515
1.52077 3.69511 0.192952 4.02786 0.390435 -0.12622 0.0707397 104.207 415 306515
1.45741 3.7311 0.27746 4.02786 0.372386 -0.105098 0.0707397 103.457 411 306515
1.14058 3.83982 0.27746 4.02786 0.288739 -0.105098 0.0707397 103.832 413 306515
1.52077 3.70572 0.27746 4.02786 0.389427 -0.105098 -0.0707397 103.832 413 306515
1.20395 3.82043 0.27746 4.02786 0.305283 -0.105098 -0.0707397 103.832 413 306515
1.20395 3.81013 0.192952 4.02786 0.306057 -0.12622 -0.0707397 103.832 413 306515
1.14058 3.83982 0.27746 4.02786 0.288739 -0.105098 -0.0707397 103.644 412 306515
1.14058 3.82958 0.192952 4.02786 0.289469 -0.12622 -0.0707397 103.269 410 306515
1.59319 3.88219 0.257339 4.21967 0.389427 -0.105098 0.0707397 108.144 436 306515
1.19489 4.02267 0.257339 4.21967 0.288739 -0.105098 0.0707397 109.457 443 306515
1.12851 4.04179 0.257339 4.21967 0.272276 -0.105098 0.0707397 108.894 440 306515
1.59319 3.88219 0.257339 4.21967 0.389427 -0.105098 -0 115.644 476 306515
1.19489 4.02267 0.257339 4.21967 0.288739 -0.105098 -0 116.394 480 306515
1.12851 4.04179 0.257339 4.21967 0.272276 -0.105098 -0 116.394 480 306515
1.59319 3.88219 0.257339 4.21967 0.389427 -0.105098 -0.0707397 108.707 439 306515
1.19489 4.02267 0.257339 4.21967 0.288739 -0.105098 -0.0707397 108.707 439 306515
1.12851 4.04179 0.257339 4.21967 0.272276 -0.105098 -0.0707397 108.707 439 306515
1.66561 4.05865 0.237219 4.41147 0.389427 -0.105098 0.0707397 106.832 413 306515
1.24921 4.20552 0.237219 4.41147 0.288739 -0.105098 0.0707397 106.832 413 306515
1.17981 4.22551 0.237219 4.41147 0.272276 -0.105098 0.0707397 107.019 414 306515
1.44836 4.35237 0.313678 4.60327 0.321247 -0.0840222 0.0707397 111.707 439 306515
1.44836 4.34272 0.217098 4.60327 0.321913 -0.105098 0.0707397 111.894 440 306515
1.44836 4.35237 0.313678 4.60327 0.321247 -0.0840222 -0 119.207 479 306515
1.44836 4.34272 0.217098 4.60327 0.321913 -0.105098 -0 119.582 481 306515
1.44836 4.35237 0.313678 4.60327 0.321247 -0.0840222 -0.0707397 112.269 442 306515
1.44836 4.34272 0.217098 4.60327 0.321913 -0.105098 -0.0707397 112.644 444 306515
1.20696 4.62321 0.297581 4.79507 0.255367 -0.0840222 0.0707397 110.207 431 306515
1.20696 4.61334 0.196977 4.79507 0.255889 -0.105098 0.0707397 109.644 428 306515
1.13153 4.64225 0.297581 4.79507 0.239084 -0.0840222 0.0707397 110.582 433 306515
1.13153 4.63242 0.196977 4.79507 0.239572 -0.105098 0.0707397 110.207 431 306515
1.20696 4.62321 0.297581 4.79507 0.255367 -0.0840222 -0 117.519 470 306515
1.20696 4.61334 0.196977 4.79507 0.255889 -0.105098 -0 117.519 470 306515
1.13153 4.64225 0.297581 4.79507 0.239084 -0.0840222 -0 118.082 473 306515
1.13153 4.63242 0.196977 4.79507 0.239572 -0.105098 -0 118.082 473 306515
1.20696 4.62321 0.297581 4.79507 0.255367 -0.0840222 -0.0707397 110.582 433 306515
1.20696 4.61334 0.196977 4.79507 0.255889 -0.105098 -0.0707397 110.582 433 306515
1.13153 4.64225 0.297581 4.79507 0.239084 -0.0840222 -0.0707397 111.332 437 306515
1.13153 4.63242 0.196977 4.79507 0.239572 -0.105098 -0.0707397 111.332 437 306515
1.80441 4.63011 0.281485 4.98688 0.371606 -0.0840222 0.0707397 103.269 394 306515
1.56905 4.71507 0.281485 4.98688 0.321247 -0.0840222 0.0707397 105.707 407 306515
1.56905 4.71507 0.281485 4.98688 0.321247 -0.0840222 -0 112.457 443 306515
1.80441 4.63011 0.281485 4.98688 0.371606 -0.0840222 -0.0707397 102.332 389 306515
1.56905 4.71507 0.281485 4.98688 0.321247 -0.0840222 -0.0707397 104.582 401 306515
-2.19667 4.89939 0.587323 5.37048 -0.421486 -0.0209824 2.75885 117.082 457 306515
-2.19667 4.89939 0.812677 5.37048 -0.421486 0.0209824 2.05145 117.269 458 306515
-2.19667 4.90069 0.7 5.37048 -0.421388 0 2.54663 120.269 474 306515
-2.19667 4.89939 0.587323 5.37048 -0.421486 -0.0209824 2.54663 118.957 467 306515
-2.19667 4.8955 0.925354 5.37048 -0.421783 0.041974 1.62701 120.644 476 306515
-2.28116 4.85671 0.925354 5.37048 -0.439109 0.041974 1.62701 121.207 479 306515
-2.19667 4.8955 0.925354 5.37048 -0.421783 0.041974 1.69775 119.144 468 306515
-2.28116 4.85671 0.925354 5.37048 -0.439109 0.041974 1.69775 120.832 477 306515
-2.28116 4.86063 0.812677 5.37048 -0.438799 0.0209824 1.69775 117.457 459 306515
-2.19969 4.68325 0.917306 5.17868 -0.439109 0.041974 1.62701 118.394 464 306515
-2.19969 4.68325 0.917306 5.17868 -0.439109 0.041974 1.69775 118.582 465 306515
-2.28116 4.85671 0.925354 5.37048 -0.439109 0.041974 1.55627 119.144 468 306515
-2.19667 4.86819 1.26339 5.37048 -0.423876 0.105098 1.34406 131.332 533 306515
-2.19667 4.87992 1.15071 5.37048 -0.422975 0.0840222 1.34406 130.957 531 306515
-2.28116 4.82918 1.26339 5.37048 -0.4413 0.105098 1.34406 130.582 529 306515
-2.28116 4.841 1.15071 5.37048 -0.440357 0.0840222 1.34406 129.644 524 306515
-2.19667 4.86819 1.26339 5.37048 -0.423876 0.105098 1.48553 121.957 483 306515
-2.19667 4.87992 1.15071 5.37048 -0.422975 0.0840222 1.48553 122.519 486 306515
-2.28116 4.82918 1.26339 5.37048 -0.4413 0.105098 1.48553 124.582 497 306515
-2.28116 4.841 1.15071 5.37048 -0.440357 0.0840222 1.48553 124.582 497 306515
-2.36565 4.80028 1.15071 5.37048 -0.457883 0.0840222 1.48553 121.582 481 306515
-2.19667 4.86819 1.26339 5.37048 -0.423876 0.105098 1.41479 133.582 545 306515
-2.19667 4.87992 1.15071 5.37048 -0.422975 0.0840222 1.41479 133.582 545 306515
-2.28116 4.82918 1.26339 5.37048 -0.4413 0.105098 1.41479 133.394 544 306515
-2.28116 4.841 1.15071 5.37048 -0.440357 0.0840222 1.41479 133.207 543 306515
-2.27513 5.04206 1.28351 5.56229 -0.423876 0.105098 1.41479 120.832 477 306515
-2.27513 5.0542 1.16681 5.56229 -0.422975 0.0840222 1.41479 121.394 480 306515
-2.36263 5.00165 1.28351 5.56229 -0.4413 0.105098 1.41479 119.894 472 306515
-2.36263 5.01389 1.16681 5.56229 -0.440357 0.0840222 1.41479 120.457 475 306515
-2.27513 5.04206 1.28351 5.56229 -0.423876 0.105098 1.34406 119.332 469 306515
-2.27513 5.0542 1.16681 5.56229 -0.422975 0.0840222 1.34406 120.082 473 306515
-2.36263 5.00165 1.28351 5.56229 -0.4413 0.105098 1.34406 118.957 467 306515
-2.36263 5.01389 1.16681 5.56229 -0.440357 0.0840222 1.34406 119.144 468 306515
-2.11822 4.69433 1.24327 5.17868 -0.423876 0.105098 1.41479 125.894 504 306515
-2.11822 4.70563 1.13461 5.17868 -0.422975 0.0840222 1.41479 125.332 501 306515
-2.19969 4.65671 1.24327 5.17868 -0.4413 0.105098 1.41479 125.707 503 306515
-2.19969 4.66811 1.13461 5.17868 -0.440357 0.0840222 1.41479 124.957 499 306515
-2.11822 4.69433 1.24327 5.17868 -0.423876 0.105098 1.34406 122.519 486 306515
-2.11822 4.70563 1.13461 5.17868 -0.422975 0.0840222 1.34406 121.582 481 306515
-2.19969 4.65671 1.24327 5.17868 -0.4413 0.105098 1.34406 122.332 485 306515
-2.19969 4.66811 1.13461 5.17868 -0.440357 0.0840222 1.34406 121.019 478 306515
-2.19969 4.66811 1.13461 5.17868 -0.440357 0.0840222 1.48553 118.394 464 306515
-2.35358 5.21592 1.30363 5.75409 -0.423876 0.105098 1.41479 119.519 470 306515
-2.35358 5.22848 1.1829 5.75409 -0.422975 0.0840222 1.41479 119.519 470 306515
-2.4441 5.17412 1.30363 5.75409 -0.4413 0.105098 1.41479 119.332 469 306515
-2.4441 5.18678 1.1829 5.75409 -0.440357 0.0840222 1.41479 119.144 468 306515
-2.35358 5.21592 1.30363 5.75409 -0.423876 0.105098 1.34406 117.269 458 306515
1.46646 4.94766 0.265388 5.17868 0.288146 -0.0840222 0.0707397 112.207 431 306515
1.46646 4.93691 0.156735 5.17868 0.288739 -0.105098 0.0707397 108.832 413 306515
1.38499 4.97108 0.265388 5.17868 0.271719 -0.0840222 0.0707397 109.207 415 306515
1.46646 4.94766 0.265388 5.17868 0.288146 -0.0840222 -0 119.707 471 306515
1.38499 4.97108 0.265388 5.17868 0.271719 -0.0840222 -0 116.519 454 306515
1.46646 4.94766 0.265388 5.17868 0.288146 -0.0840222 -0.0707397 113.144 436 306515
1.46646 4.93691 0.156735 5.17868 0.288739 -0.105098 -0.0707397 109.207 415 306515
1.38499 4.97108 0.265388 5.17868 0.271719 -0.0840222 -0.0707397 110.144 420 306515
1.60526 5.1051 0.249291 5.37048 0.304653 -0.0840222 0.0707397 109.207 415 306515
1.52077 5.13091 0.249291 5.37048 0.288146 -0.0840222 0.0707397 109.019 414 306515
1.26731 5.19932 0.249291 5.37048 0.239084 -0.0840222 0.0707397 111.082 425 306515
1.18282 5.21918 0.249291 5.37048 0.222865 -0.0840222 0.0707397 109.394 416 306515
1.52077 5.13091 0.249291 5.37048 0.288146 -0.0840222 -0 116.707 455 306515
1.26731 5.19932 0.249291 5.37048 0.239084 -0.0840222 -0 118.957 467 306515
1.18282 5.21918 0.249291 5.37048 0.222865 -0.0840222 -0 117.269 458 306515
1.60526 5.1051 0.249291 5.37048 0.304653 -0.0840222 -0.0707397 109.207 415 306515
1.52077 5.13091 0.249291 5.37048 0.288146 -0.0840222 -0.0707397 110.332 421 306515
1.26731 5.19932 0.249291 5.37048 0.239084 -0.0840222 -0.0707397 112.207 431 306515
1.18282 5.21918 0.249291 5.37048 0.222865 -0.0840222 -0.0707397 110.519 422 306515
1.26731 5.6011 0.337823 5.75409 0.222515 -0.0629841 0.0707397 108.644 412 306515
1.26731 5.59198 0.217098 5.75409 0.222865 -0.0840222 0.0707397 112.394 432 306515
1.17679 5.61173 0.217098 5.75409 0.206706 -0.0840222 0.0707397 108.832 413 306515
1.26731 5.6011 0.337823 5.75409 0.222515 -0.0629841 -0 115.957 451 306515
1.26731 5.59198 0.217098 5.75409 0.222865 -0.0840222 -0 119.519 470 306515
1.17679 5.61173 0.217098 5.75409 0.206706 -0.0840222 -0 115.582 449 306515
1.26731 5.59198 0.217098 5.75409 0.222865 -0.0840222 -0.0707397 112.207 431 306515
1.21602 5.80817 0.325751 5.94589 0.206382 -0.0629841 -0 112.332 421 306515
1.21602 5.79879 0.201001 5.94589 0.206706 -0.0840222 -0 114.207 431 306515
1.15868 6.01494 0.313678 6.1377 0.190303 -0.0629841 0.0707397 111.207 415 306515
1.15868 6.00528 0.184904 6.1377 0.190602 -0.0840222 0.0707397 111.019 414 306515
0.965571 6.04894 0.313678 6.1377 0.158291 -0.0629841 0.0707397 106.332 389 306515
0.965571 6.03934 0.184904 6.1377 0.158538 -0.0840222 0.0707397 109.144 404 306515
1.15868 6.01494 0.313678 6.1377 0.190303 -0.0629841 -0 117.957 451 306515
1.15868 6.00528 0.184904 6.1377 0.190602 -0.0840222 -0 117.957 451 306515
0.965571 6.03934 0.184904 6.1377 0.158538 -0.0840222 -0 117.207 447 306515
1.15868 6.01494 0.313678 6.1377 0.190303 -0.0629841 -0.0707397 110.269 410 306515
1.15868 6.00528 0.184904 6.1377 0.190602 -0.0840222 -0.0707397 110.082 409 306515
0.965571 6.04894 0.313678 6.1377 0.158291 -0.0629841 -0.0707397 106.707 391 306515
0.965571 6.03934 0.184904 6.1377 0.158538 -0.0840222 -0.0707397 109.332 405 306515
0.965571 6.02697 0.0561301 6.1377 0.158858 -0.105098 -0.0707397 107.457 395 306515
1.69277 6.08592 0.301606 6.3295 0.271288 -0.0629841 -0 116.832 445 306515
1.19489 6.20291 0.301606 6.3295 0.190303 -0.0629841 -0 117.394 448 306515
1.19489 6.19295 0.168807 6.3295 0.190602 -0.0840222 -0 117.582 449 306515
1.74406 6.27034 0.289533 6.5213 0.271288 -0.0629841 0.0707397 114.582 433 306515
1.84665 6.24089 0.289533 6.5213 0.287687 -0.0629841 -0 120.394 464 306515
1.74406 6.27034 0.289533 6.5213 0.271288 -0.0629841 -0 121.894 472 306515
1.74406 6.25988 0.152711 6.5213 0.271719 -0.0840222 -0 120.019 462 306515
1.64147 6.29797 0.289533 6.5213 0.254962 -0.0629841 -0 118.894 456 306515
1.74406 6.27034 0.289533 6.5213 0.271288 -0.0629841 -0.0707397 114.582 433 306515
1.79536 6.46857 0.7 6.7131 0.270736 0 0.0707397 121.269 458 306515
1.68975 6.49696 0.7 6.7131 0.254446 0 0.0707397 122.957 467 306515
1.79536 6.46857 0.7 6.7131 0.270736 0 -0 128.207 495 306515
1.68975 6.49696 0.7 6.7131 0.254446 0 -0 129.519 502 306515
1.68975 6.49544 0.559153 6.7131 0.254503 -0.0209824 -0 125.207 479 306515
1.68975 6.49544 0.840847 6.7131 0.254503 0.0209824 -0 125.207 479 306515
1.68975 6.49696 0.7 6.7131 0.254446 0 -0.0707397 122.394 464 306515
1.84665 6.65339 0.7 6.90491 0.270736 0 0.0707397 123.894 472 306515
1.73803 6.68259 0.7 6.90491 0.254446 0 0.0707397 124.644 476 306515
1.84665 6.65339 0.7 6.90491 0.270736 0 -0 131.582 513 306515
1.73803 6.68259 0.7 6.90491 0.254446 0 -0 132.519 518 306515
1.73803 6.68102 0.555129 6.90491 0.254503 -0.0209824 -0 128.957 499 306515
1.84665 6.65339 0.7 6.90491 0.270736 0 -0.0707397 125.207 479 306515
1.84665 6.65181 0.555129 6.90491 0.270797 -0.0209824 -0.0707397 121.269 458 306515
1.73803 6.68259 0.7 6.90491 0.254446 0 -0.0707397 125.957 483 306515
1.73803 6.68102 0.555129 6.90491 0.254503 -0.0209824 -0.0707397 122.394 464 306515
1.73803 6.68102 0.844871 6.90491 0.254503 0.0209824 -0.0707397 121.644 460 306515
1.78631 6.85368 0.253315 7.09671 0.254962 -0.0629841 -0 121.644 460 306515
1.67466 6.88986 0.40221 7.09671 0.238438 -0.041974 -0 121.269 458 306515
1.67466 6.88181 0.253315 7.09671 0.238706 -0.0629841 -0 125.394 480 306515
1.56302 6.90802 0.253315 7.09671 0.222515 -0.0629841 -0 123.894 472 306515
2.06391 6.97512 0.241243 7.28851 0.287687 -0.0629841 -0 115.832 429 306515
1.37594 7.14274 0.241243 7.28851 0.190303 -0.0629841 -0 118.457 443 306515
3.8834 6.37594 0.22917 7.48032 0.547063 -0.0629841 -0 112.394 400 306515
3.76573 6.44614 0.22917 7.48032 0.528708 -0.0629841 -0 114.832 413 306515
3.05965 6.8097 0.22917 7.48032 0.422278 -0.0629841 -0 113.707 407 306515
2.41393 7.26644 0.217098 7.67212 0.320732 -0.0629841 -0 114.457 411 306515
1.20696 7.56118 0.217098 7.67212 0.158291 -0.0629841 -0 113.707 407 306515
2.47427 7.4481 0.205025 7.86392 0.320732 -0.0629841 0.0707397 116.519 422 306515
1.85571 7.64005 0.535008 7.86392 0.238277 -0.0209824 -0 126.832 477 306515
1.85571 7.63471 0.370017 7.86392 0.238438 -0.041974 -0 127.394 480 306515
1.73199 7.66904 0.535008 7.86392 0.222116 -0.0209824 -0 124.019 462 306515
1.73199 7.66372 0.370017 7.86392 0.222265 -0.041974 -0 124.957 467 306515
2.0277 7.78902 0.361968 8.05573 0.254675 -0.041974 0.0707397 126.457 475 306515
1.90097 7.8264 0.530984 8.05573 0.238277 -0.0209824 0.0707397 126.644 476 306515
1.90097 7.82092 0.361968 8.05573 0.238438 -0.041974 0.0707397 131.894 504 306515
1.90097 7.81178 0.192952 8.05573 0.238706 -0.0629841 0.0707397 128.894 488 306515
1.77424 7.85064 0.361968 8.05573 0.222265 -0.041974 0.0707397 127.957 483 306515
2.0277 7.78902 0.361968 8.05573 0.254675 -0.041974 -0 134.144 516 306515
1.90097 7.8264 0.530984 8.05573 0.238277 -0.0209824 -0 134.144 516 306515
1.90097 7.82092 0.361968 8.05573 0.238438 -0.041974 -0 139.394 544 306515
1.90097 7.81178 0.192952 8.05573 0.238706 -0.0629841 -0 136.394 528 306515
1.77424 7.85064 0.361968 8.05573 0.222265 -0.041974 -0 135.269 522 306515
1.90097 7.8264 0.530984 8.05573 0.238277 -0.0209824 -0.0707397 127.207 479 306515
1.90097 7.82092 0.361968 8.05573 0.238438 -0.041974 -0.0707397 132.269 506 306515
1.90097 7.81178 0.192952 8.05573 0.238706 -0.0629841 -0.0707397 129.269 490 306515
1.77424 7.85064 0.361968 8.05573 0.222265 -0.041974 -0.0707397 128.332 485 306515
1.94623 8.00713 0.35392 8.24753 0.238438 -0.041974 0.0707397 125.207 463 306515
1.94623 8.00713 0.35392 8.24753 0.238438 -0.041974 -0 133.082 505 306515
1.94623 7.99778 0.18088 8.24753 0.238706 -0.0629841 -0 131.582 497 306515
1.81648 8.03756 0.35392 8.24753 0.222265 -0.041974 -0 128.394 480 306515
1.94623 8.00713 0.35392 8.24753 0.238438 -0.041974 -0.0707397 126.519 470 306515
1.94623 7.99778 0.18088 8.24753 0.238706 -0.0629841 -0.0707397 125.394 464 306515
1.99149 8.19334 0.345872 8.43933 0.238438 -0.041974 -0 125.019 462 306515
1.46043 8.30446 0.345872 8.43933 0.17408 -0.041974 -0 117.332 421 306515
1.46043 8.29502 0.168807 8.43933 0.174275 -0.0629841 -0 117.707 423 306515
2.4441 8.26993 0.337823 8.63113 0.287361 -0.041974 -0 119.957 435 306515
1.6294 8.4682 0.337823 8.63113 0.190091 -0.041974 -0 122.207 447 306515
1.49362 8.4932 0.337823 8.63113 0.17408 -0.041974 -0 119.582 433 306515
4.68 7.69546 0.321726 9.01474 0.546391 -0.041974 -0 114.269 394 306515
3.26182 8.39541 0.321726 9.01474 0.370574 -0.041974 -0 115.582 401 306515
3.12 8.44914 0.321726 9.01474 0.353736 -0.041974 -0 119.144 420 306515
2.97818 8.50017 0.321726 9.01474 0.337002 -0.041974 -0 118.019 414 306515
3.76573 8.39229 0.313678 9.20654 0.421783 -0.041974 -0 117.269 410 306515
3.62089 8.45579 0.313678 9.20654 0.40459 -0.041974 -0 120.269 426 306515
3.62089 8.44475 0.120517 9.20654 0.405063 -0.0629841 -0 117.082 409 306515
3.47605 8.51635 0.313678 9.20654 0.387523 -0.041974 -0 116.519 406 306515
4.28774 8.35396 0.30563 9.39835 0.474198 -0.041974 -0 121.394 432 306515
3.8472 8.9913 0.494766 9.78195 0.404307 -0.0209824 -0 119.957 419 306515
3.8472 8.98427 0.289533 9.78195 0.40459 -0.041974 -0 121.269 426 306515
3.69331 9.0556 0.494766 9.78195 0.387253 -0.0209824 -0 118.457 411 306515
3.69331 9.04862 0.289533 9.78195 0.387523 -0.041974 -0 119.957 419 306515
-1.72596 9.82105 0.490742 9.97375 -0.173964 -0.0209824 -0 114.332 389 306515
-2.03977 9.7607 0.490742 9.97375 -0.206013 -0.0209824 -0 117.519 406 306515
-2.3234 10.2806 0.257339 10.5492 -0.222265 -0.041974 -0 121.894 424 306515
-2.48936 10.2417 0.257339 10.5492 -0.238438 -0.041974 -0 121.332 421 306515
8.13192 6.71624 0.47867 10.5492 0.880455 -0.0209824 -0 121.332 421 306515
8.13192 6.70529 0.257339 10.5492 0.881256 -0.041974 -0 124.519 438 306515
8.13192 6.70529 0.257339 10.5492 0.881256 -0.041974 -0.0707397 117.582 401 306515
6.23095 9.44348 0.462573 11.3164 0.583244 -0.0209824 0.0707397 118.957 403 306515
6.23095 9.43452 0.225146 11.3164 0.58368 -0.041974 0.0707397 119.144 404 306515
6.05292 9.55856 0.462573 11.3164 0.564507 -0.0209824 0.0707397 124.019 430 306515
6.05292 9.54971 0.225146 11.3164 0.564926 -0.041974 0.0707397 125.332 437 306515
6.05292 9.55856 0.462573 11.3164 0.564507 -0.0209824 -0 131.519 470 306515
6.05292 9.54971 0.225146 11.3164 0.564926 -0.041974 -0 133.019 478 306515
6.23095 9.43452 0.225146 11.3164 0.58368 -0.041974 -0.0707397 119.519 406 306515
6.05292 9.55856 0.462573 11.3164 0.564507 -0.0209824 -0.0707397 124.394 432 306515
6.05292 9.54971 0.225146 11.3164 0.564926 -0.041974 -0.0707397 125.707 439 306515
6.33656 9.59443 0.217098 11.5082 0.58368 -0.041974 -0 118.394 400 306515
6.15551 9.71157 0.217098 11.5082 0.564926 -0.041974 -0 121.957 419 306515
5.97447 9.53489 3.11451 11.5082 0.559742 0.211379 -0 121.582 417 306515
5.97447 9.59279 2.87306 11.5082 0.557021 0.189968 -0 124.207 431 306515
1.59319 12.5471 0.168807 12.659 0.126301 -0.041974 -0 119.582 401 306515
1.39404 12.5708 0.168807 12.659 0.110444 -0.041974 -0 121.082 409 306515
6.15551 11.4954 0.426355 13.0426 0.491624 -0.0209824 -0 140.082 505 306515
5.95033 11.6029 0.426355 13.0426 0.473858 -0.0209824 -0 138.207 495 306515
6.24604 11.6645 0.422331 13.2344 0.491624 -0.0209824 -0 144.207 527 306515
6.24604 11.6545 0.144662 13.2344 0.491978 -0.041974 -0 141.207 511 306515
6.03783 11.7736 0.422331 13.2344 0.473858 -0.0209824 -0 142.144 516 306515
6.03783 11.7637 0.144662 13.2344 0.474198 -0.041974 -0 138.582 497 306515
6.33656 11.8335 0.418307 13.4262 0.491624 -0.0209824 0.0707397 146.082 537 306515
6.33656 11.8234 0.136614 13.4262 0.491978 -0.041974 0.0707397 142.519 518 306515
6.12534 11.9442 0.418307 13.4262 0.473858 -0.0209824 0.0707397 143.832 525 306515
6.33656 11.8335 0.418307 13.4262 0.491624 -0.0209824 -0 153.582 577 306515
6.33656 11.8234 0.136614 13.4262 0.491978 -0.041974 -0 150.207 559 306515
6.12534 11.9442 0.418307 13.4262 0.473858 -0.0209824 -0 151.332 565 306515
6.33656 11.8335 0.418307 13.4262 0.491624 -0.0209824 -0.0707397 146.644 540 306515
6.33656 11.8234 0.136614 13.4262 0.491978 -0.041974 -0.0707397 143.082 521 306515
6.12534 11.9442 0.418307 13.4262 0.473858 -0.0209824 -0.0707397 144.394 528 306515
6.42708 12.0026 0.414283 13.618 0.491624 -0.0209824 -0 141.644 508 306515
6.42708 11.8382 2.70002 13.618 0.497384 0.147399 -0 139.957 499 306515
6.21284 12.1148 0.414283 13.618 0.473858 -0.0209824 -0 139.207 495 306515
6.21284 11.9007 2.98574 13.618 0.481138 0.168645 -0 138.082 489 306515
6.21284 11.952 2.70002 13.618 0.479374 0.147399 -0 142.394 512 306515
6.5176 12.1716 0.410259 13.8098 0.491624 -0.0209824 -0 138.644 492 306515
6.1193 13.6519 0.7 14.9606 0.421388 0 -0 132.144 452 306515
-7.38963 13.2284 0.7 15.1524 -0.509437 0 -0 128.832 429 306515
-7.38963 13.2245 0.382089 15.1524 -0.50956 -0.0209824 -0 128.644 428 306515
-7.38963 13.1671 -0.571643 15.1524 -0.511416 -0.0840222 -0 129.582 433 306515
6.82538 15.2271 0.7 16.6869 0.421388 0 0.0707397 146.332 517 306515
6.56286 15.3421 0.7 16.6869 0.404213 0 0.0707397 150.269 538 306515
6.56286 15.3381 1.0501 16.6869 0.404307 0.0209824 0.0707397 149.894 536 306515
6.82538 15.2271 0.7 16.6869 0.421388 0 -0 154.019 558 306515
6.56286 15.3421 0.7 16.6869 0.404213 0 -0 157.394 576 306515
6.56286 15.3381 1.0501 16.6869 0.404307 0.0209824 -0 157.207 575 306515
6.82538 15.2271 0.7 16.6869 0.421388 0 -0.0707397 146.519 518 306515
6.56286 15.3421 0.7 16.6869 0.404213 0 -0.0707397 150.082 537 306515
6.56286 15.3381 1.0501 16.6869 0.404307 0.0209824 -0.0707397 149.894 536 306515
6.6383 15.5184 0.7 16.8787 0.404213 0 0.0707397 150.082 537 306515
6.6383 15.5144 1.05413 16.8787 0.404307 0.0209824 0.0707397 149.519 534 306515
6.6383 15.5184 0.7 16.8787 0.404213 0 -0 158.144 580 306515
6.6383 15.5144 1.05413 16.8787 0.404307 0.0209824 -0 157.394 576 306515
6.6383 15.5184 0.7 16.8787 0.404213 0 -0.0707397 151.207 543 306515
6.6383 15.5144 1.05413 16.8787 0.404307 0.0209824 -0.0707397 150.457 539 306515
6.73486 16.5174 0.7 17.8377 0.387164 0 0.0707397 149.019 526 306515
6.73486 16.5132 0.325751 17.8377 0.387253 -0.0209824 0.0707397 149.394 528 306515
6.45424 16.6291 0.7 17.8377 0.370232 0 0.0707397 146.019 510 306515
6.45424 16.6248 0.325751 17.8377 0.370317 -0.0209824 0.0707397 146.394 512 306515
6.73486 16.5174 0.7 17.8377 0.387164 0 -0 156.332 565 306515
6.73486 16.5132 0.325751 17.8377 0.387253 -0.0209824 -0 156.707 567 306515
6.45424 16.6291 0.7 17.8377 0.370232 0 -0 153.144 548 306515
6.45424 16.6248 0.325751 17.8377 0.370317 -0.0209824 -0 153.519 550 306515
6.73486 16.5174 0.7 17.8377 0.387164 0 -0.0707397 149.019 526 306515
6.73486 16.5132 0.325751 17.8377 0.387253 -0.0209824 -0.0707397 149.582 529 306515
6.45424 16.6291 0.7 17.8377 0.370232 0 -0.0707397 145.644 508 306515
6.45424 16.6248 0.325751 17.8377 0.370317 -0.0209824 -0.0707397 146.207 511 306515
6.80727 16.695 0.7 18.0295 0.387164 0 0.0707397 142.832 493 306515
6.80727 16.6907 0.321726 18.0295 0.387253 -0.0209824 0.0707397 143.207 495 306515
6.80727 16.695 0.7 18.0295 0.387164 0 -0 150.519 534 306515
6.80727 16.6907 0.321726 18.0295 0.387253 -0.0209824 -0 151.269 538 306515
6.52364 16.8079 0.7 18.0295 0.370232 0 -0 147.332 517 306515
6.52364 16.8036 0.321726 18.0295 0.370317 -0.0209824 -0 147.707 519 306515
6.80727 16.695 0.7 18.0295 0.387164 0 -0.0707397 144.332 501 306515
6.80727 16.6907 0.321726 18.0295 0.387253 -0.0209824 -0.0707397 144.894 504 306515
6.87969 16.8726 0.7 18.2213 0.387164 0 -0 146.644 508 306515
6.87969 16.8683 0.317702 18.2213 0.387253 -0.0209824 -0 145.894 504 306515
6.59304 16.9867 0.7 18.2213 0.370232 0 -0 146.457 507 306515
6.59304 16.9824 0.317702 18.2213 0.370317 -0.0209824 -0 145.707 503 306515
3.04758 19.1309 0.7 19.3721 0.157974 0 0.0707397 138.082 457 306515
2.74282 19.1769 0.7 19.3721 0.142064 0 0.0707397 139.019 462 306515
6.46329 18.4654 0.7 19.5639 0.336693 0 -0 152.332 533 306515
6.46329 18.4609 0.289533 19.5639 0.336771 -0.0209824 -0 152.894 536 306515
6.15551 18.5658 0.289533 19.5639 0.320146 -0.0209824 -0 150.832 525 306515
6.21586 18.7524 0.7 19.7557 0.320073 0 -0 152.332 533 306515
5.90507 18.8525 0.7 19.7557 0.303544 0 -0 151.582 529 306515
6.27621 18.9344 0.7 19.9475 0.320073 0 0.0707397 159.832 573 306515
6.27621 18.9298 0.281485 19.9475 0.320146 -0.0209824 0.0707397 155.894 552 306515
6.27621 18.9298 1.11852 19.9475 0.320146 0.0209824 0.0707397 155.894 552 306515
5.9624 19.0356 0.7 19.9475 0.303544 0 0.0707397 158.894 568 306515
6.27621 18.9344 0.7 19.9475 0.320073 0 -0 167.332 613 306515
6.27621 18.9298 0.281485 19.9475 0.320146 -0.0209824 -0 163.394 592 306515
6.27621 18.9298 1.11852 19.9475 0.320146 0.0209824 -0 163.207 591 306515
5.9624 19.0356 0.7 19.9475 0.303544 0 -0 166.207 607 306515
6.27621 18.9344 0.7 19.9475 0.320073 0 -0.0707397 160.207 575 306515
6.27621 18.9298 0.281485 19.9475 0.320146 -0.0209824 -0.0707397 156.644 556 306515
6.27621 18.9298 1.11852 19.9475 0.320146 0.0209824 -0.0707397 156.082 553 306515
5.9624 19.0356 0.7 19.9475 0.303544 0 -0.0707397 159.269 570 306515
6.33656 19.1165 0.7 20.1393 0.320073 0 0.0707397 153.832 541 306515
6.01973 19.2186 0.7 20.1393 0.303544 0 0.0707397 151.394 528 306515
6.33656 19.1165 0.7 20.1393 0.320073 0 -0 161.707 583 306515
6.33656 19.1118 0.27746 20.1393 0.320146 -0.0209824 -0 157.957 563 306515
6.33656 19.1118 1.12254 20.1393 0.320146 0.0209824 -0 157.582 561 306515
6.01973 19.2186 0.7 20.1393 0.303544 0 -0 160.394 576 306515
6.33656 19.1165 0.7 20.1393 0.320073 0 -0.0707397 155.332 549 306515
6.01973 19.2186 0.7 20.1393 0.303544 0 -0.0707397 154.394 544 306515
-11.5144 16.7563 0.7 20.3311 -0.602065 0 -0 144.457 491 306515
6.07706 19.4016 0.7 20.3311 0.303544 0 -0 151.207 527 306515
1.59923 20.2681 0.7 20.3311 0.0787404 0 -0 146.144 500 306515
1.59923 20.2636 1.12656 20.3311 0.0787578 0.0209824 -0 145.582 497 306515
1.93718 20.4268 1.13059 20.5229 0.0945525 0.0209824 -0 148.082 505 306515
1.61431 20.4548 1.13059 20.5229 0.0787578 0.0209824 -0 149.207 511 306515
1.29145 20.4822 0.7 20.5229 0.0629689 0 -0 152.019 526 306515
1.29145 20.4777 1.13059 20.5229 0.0629827 0.0209824 -0 150.519 518 306515
0.968588 20.5 0.7 20.5229 0.047213 0 -0 148.832 509 306515
1.95528 20.6222 0.7 20.7147 0.0945316 0 0.0707397 151.269 522 306515
1.95528 20.6177 1.13461 20.7147 0.0945525 0.0209824 0.0707397 154.269 538 306515
1.6294 20.6505 0.7 20.7147 0.0787404 0 0.0707397 152.394 528 306515
1.6294 20.646 1.13461 20.7147 0.0787578 0.0209824 0.0707397 154.269 538 306515
1.95528 20.6222 0.7 20.7147 0.0945316 0 -0 159.519 566 306515
1.95528 20.6177 1.13461 20.7147 0.0945525 0.0209824 -0 162.144 580 306515
1.6294 20.6505 0.7 20.7147 0.0787404 0 -0 160.269 570 306515
1.6294 20.646 1.13461 20.7147 0.0787578 0.0209824 -0 162.144 580 306515
1.95528 20.6222 0.7 20.7147 0.0945316 0 -0.0707397 152.019 526 306515
1.95528 20.6177 1.13461 20.7147 0.0945525 0.0209824 -0.0707397 155.019 542 306515
1.6294 20.6505 0.7 20.7147 0.0787404 0 -0.0707397 152.582 529 306515
1.6294 20.646 1.13461 20.7147 0.0787578 0.0209824 -0.0707397 154.832 541 306515
4.93346 20.3161 0.7 20.9065 0.238224 0 0.0707397 147.707 503 306515
4.93346 20.3114 1.13864 20.9065 0.238277 0.0209824 0.0707397 148.457 507 306515
4.60457 20.3884 1.13864 20.9065 0.222116 0.0209824 0.0707397 146.394 496 306515
4.93346 20.3161 0.7 20.9065 0.238224 0 -0 155.207 543 306515
4.93346 20.3114 1.13864 20.9065 0.238277 0.0209824 -0 155.957 547 306515
1.64449 20.8371 1.13864 20.9065 0.0787578 0.0209824 -0 155.019 542 306515
4.93346 20.3161 0.7 20.9065 0.238224 0 -0.0707397 148.457 507 306515
4.93346 20.3114 1.13864 20.9065 0.238277 0.0209824 -0.0707397 149.207 511 306515
4.60457 20.3884 1.13864 20.9065 0.222116 0.0209824 -0.0707397 147.332 501 306515
1.97338 20.8086 1.13864 20.9065 0.0945525 0.0209824 -0.0707397 147.144 500 306515
1.64449 20.8417 0.7 20.9065 0.0787404 0 -0.0707397 148.269 506 306515
1.64449 20.8371 1.13864 20.9065 0.0787578 0.0209824 -0.0707397 148.644 508 306515
1.99149 21.0041 0.7 21.0983 0.0945316 0 -0 147.519 502 306515
1.99149 20.9995 1.14266 21.0983 0.0945525 0.0209824 -0 151.832 525 306515
1.65957 21.0283 1.14266 21.0983 0.0787578 0.0209824 -0 151.269 522 306515
5.02398 20.684 1.14668 21.2901 0.238277 0.0209824 -0 145.832 493 306515
3.68426 20.9499 1.59337 21.2901 0.17408 0.041974 -0 145.269 490 306515
3.68426 20.9642 1.14668 21.2901 0.173964 0.0209824 -0 144.332 485 306515
1.67466 21.2242 0.7 21.2901 0.0787404 0 -0 146.019 494 306515
1.67466 21.2195 1.14668 21.2901 0.0787578 0.0209824 -0 145.832 493 306515
3.71745 21.153 1.15071 21.4819 0.173964 0.0209824 0.0707397 148.457 507 306515
1.3518 21.4394 0.7 21.4819 0.0629689 0 0.0707397 151.082 521 306515
1.3518 21.4346 0.249291 21.4819 0.0629827 -0.0209824 0.0707397 148.269 506 306515
1.3518 21.4346 1.15071 21.4819 0.0629827 0.0209824 0.0707397 149.207 511 306515
1.01385 21.458 0.7 21.4819 0.047213 0 0.0707397 147.894 504 306515
1.3518 21.4394 0.7 21.4819 0.0629689 0 -0 158.582 561 306515
1.3518 21.4346 1.15071 21.4819 0.0629827 0.0209824 -0 156.894 552 306515
3.71745 21.153 1.15071 21.4819 0.173964 0.0209824 -0.0707397 149.207 511 306515
1.3518 21.4394 0.7 21.4819 0.0629689 0 -0.0707397 151.457 523 306515
1.3518 21.4346 0.249291 21.4819 0.0629827 -0.0209824 -0.0707397 148.644 508 306515
1.3518 21.4346 1.15071 21.4819 0.0629827 0.0209824 -0.0707397 149.957 515 306515
1.36387 21.6308 0.7 21.6737 0.0629689 0 0.0707397 146.019 494 306515
1.36387 21.6308 0.7 21.6737 0.0629689 0 -0 154.082 537 306515
1.36387 21.6308 0.7 21.6737 0.0629689 0 -0.0707397 147.707 503 306515
5.15977 21.2431 1.15876 21.8655 0.238277 0.0209824 0.0707397 149.957 515 306515
4.81578 21.3089 1.61751 21.8655 0.222265 0.041974 0.0707397 150.894 520 306515
4.81578 21.3237 1.15876 21.8655 0.222116 0.0209824 0.0707397 155.019 542 306515
4.4718 21.3985 1.15876 21.8655 0.206013 0.0209824 0.0707397 150.332 517 306515
5.15977 21.2431 1.15876 21.8655 0.238277 0.0209824 -0 156.519 550 306515
4.81578 21.3089 1.61751 21.8655 0.222265 0.041974 -0 157.644 556 306515
4.81578 21.3237 1.15876 21.8655 0.222116 0.0209824 -0 161.582 577 306515
4.4718 21.3985 1.15876 21.8655 0.206013 0.0209824 -0 156.894 552 306515
5.15977 21.2431 1.15876 21.8655 0.238277 0.0209824 -0.0707397 148.269 506 306515
4.81578 21.3089 1.61751 21.8655 0.222265 0.041974 -0.0707397 149.582 513 306515
4.81578 21.3237 1.15876 21.8655 0.222116 0.0209824 -0.0707397 153.894 536 306515
4.4718 21.3985 1.15876 21.8655 0.206013 0.0209824 -0.0707397 149.207 511 306515
5.20503 21.4294 1.16278 22.0573 0.238277 0.0209824 0.0707397 146.832 493 306515
4.85803 21.5107 1.16278 22.0573 0.222116 0.0209824 0.0707397 149.457 507 306515
5.20503 21.4294 1.16278 22.0573 0.238277 0.0209824 -0 153.957 531 306515
4.85803 21.4958 1.62556 22.0573 0.222265 0.041974 -0 152.082 521 306515
4.85803 21.5107 1.16278 22.0573 0.222116 0.0209824 -0 157.332 549 306515
5.20503 21.4294 1.16278 22.0573 0.238277 0.0209824 -0.0707397 147.207 495 306515
4.85803 21.5107 1.16278 22.0573 0.222116 0.0209824 -0.0707397 150.957 515 306515
4.90027 21.6827 1.63361 22.2491 0.222265 0.041974 -0 146.082 489 306515
4.90027 21.6978 1.16681 22.2491 0.222116 0.0209824 -0 149.082 505 306515
2.80015 22.0722 0.7 22.2491 0.126189 0 -0 142.519 470 306515
2.80015 22.0673 1.16681 22.2491 0.126217 0.0209824 -0 142.332 469 306515
1.79536 22.7538 0.7 22.8246 0.0787404 0 0.0707397 153.644 524 306515
1.43629 22.7793 0.7 22.8246 0.0629689 0 0.0707397 155.519 534 306515
1.43629 22.7743 1.17888 22.8246 0.0629827 0.0209824 0.0707397 151.394 512 306515
1.07721 22.7991 0.7 22.8246 0.047213 0 0.0707397 152.707 519 306515
1.79536 22.7538 0.7 22.8246 0.0787404 0 -0 160.582 561 306515
1.43629 22.7793 0.7 22.8246 0.0629689 0 -0 162.832 573 306515
1.43629 22.7743 1.17888 22.8246 0.0629827 0.0209824 -0 158.519 550 306515
1.07721 22.7991 0.7 22.8246 0.047213 0 -0 159.832 557 306515
1.79536 22.7538 0.7 22.8246 0.0787404 0 -0.0707397 153.644 524 306515
1.43629 22.7793 0.7 22.8246 0.0629689 0 -0.0707397 155.519 534 306515
1.43629 22.7743 1.17888 22.8246 0.0629827 0.0209824 -0.0707397 151.394 512 306515
1.07721 22.7991 0.7 22.8246 0.047213 0 -0.0707397 152.707 519 306515
1.81044 22.945 0.7 23.0164 0.0787404 0 0.0707397 152.707 519 306515
1.44836 22.9707 0.7 23.0164 0.0629689 0 0.0707397 156.082 537 306515
1.44836 22.9657 1.1829 23.0164 0.0629827 0.0209824 0.0707397 152.519 518 306515
1.08627 22.9907 0.7 23.0164 0.047213 0 0.0707397 154.207 527 306515
1.81044 22.945 0.7 23.0164 0.0787404 0 -0 160.394 560 306515
1.44836 22.9707 0.7 23.0164 0.0629689 0 -0 163.957 579 306515
1.44836 22.9657 1.1829 23.0164 0.0629827 0.0209824 -0 160.207 559 306515
1.08627 22.9907 0.7 23.0164 0.047213 0 -0 161.894 568 306515
1.81044 22.945 0.7 23.0164 0.0787404 0 -0.0707397 153.832 525 306515
1.44836 22.9707 0.7 23.0164 0.0629689 0 -0.0707397 157.207 543 306515
1.44836 22.9657 1.1829 23.0164 0.0629827 0.0209824 -0.0707397 153.269 522 306515
1.08627 22.9907 0.7 23.0164 0.047213 0 -0.0707397 155.144 532 306515
-14.4745 18.6295 0.7 23.5918 -0.660537 0 0.0707397 133.957 419 306515
-14.4745 18.623 0.205025 23.5918 -0.660708 -0.0209824 0.0707397 133.394 416 306515
-14.8456 18.3352 0.7 23.5918 -0.680617 0 0.0707397 138.457 443 306515
-14.8456 18.3285 0.205025 23.5918 -0.680795 -0.0209824 0.0707397 136.394 432 306515
-14.8456 18.3352 0.7 23.5918 -0.680617 0 -0 145.582 481 306515
-14.8456 18.3285 0.205025 23.5918 -0.680795 -0.0209824 -0 143.707 471 306515
-13.7322 19.1833 0.7 23.5918 -0.621281 0 -0.0707397 134.144 420 306515
-13.7322 19.1769 1.19497 23.5918 -0.621438 0.0209824 -0.0707397 133.957 419 306515
-14.8456 18.3352 0.7 23.5918 -0.680617 0 -0.0707397 138.644 444 306515
-14.8456 18.3285 0.205025 23.5918 -0.680795 -0.0209824 -0.0707397 136.582 433 306515
-15.2168 18.0283 0.7 23.5918 -0.701029 0 -0.0707397 134.707 423 306515
-7.10901 22.6908 0.201001 23.7836 -0.303613 -0.0209824 0.0707397 137.144 436 306515
-14.5922 18.781 0.7 23.7836 -0.660537 0 0.0707397 139.207 447 306515
-14.9663 18.4842 0.7 23.7836 -0.680617 0 0.0707397 139.394 448 306515
-14.9663 18.4775 0.201001 23.7836 -0.680795 -0.0209824 0.0707397 136.957 435 306515
-14.5922 18.781 0.7 23.7836 -0.660537 0 -0 146.519 486 306515
-14.9663 18.4842 0.7 23.7836 -0.680617 0 -0 147.269 490 306515
-14.5922 18.781 0.7 23.7836 -0.660537 0 -0.0707397 139.582 449 306515
-14.9663 18.4842 0.7 23.7836 -0.680617 0 -0.0707397 141.082 457 306515
-14.9663 18.4775 0.201001 23.7836 -0.680795 -0.0209824 -0.0707397 138.269 442 306515
1.52077 24.1193 0.7 24.1672 0.0629689 0 0.0707397 149.144 500 306515
1.52077 24.1139 1.20705 24.1672 0.0629827 0.0209824 0.0707397 147.082 489 306515
1.14058 24.1402 0.7 24.1672 0.047213 0 0.0707397 149.332 501 306515
1.14058 24.1349 1.20705 24.1672 0.0472234 0.0209824 0.0707397 147.269 490 306515
1.52077 24.1193 0.7 24.1672 0.0629689 0 -0 156.269 538 306515
1.52077 24.1139 1.20705 24.1672 0.0629827 0.0209824 -0 154.394 528 306515
1.14058 24.1402 0.7 24.1672 0.047213 0 -0 156.457 539 306515
1.14058 24.1349 1.20705 24.1672 0.0472234 0.0209824 -0 154.582 529 306515
1.52077 24.1193 0.7 24.1672 0.0629689 0 -0.0707397 148.957 499 306515
1.14058 24.1402 0.7 24.1672 0.047213 0 -0.0707397 148.957 499 306515
1.14058 24.1349 1.20705 24.1672 0.0472234 0.0209824 -0.0707397 147.082 489 306515
1.53284 24.3107 0.7 24.359 0.0629689 0 0.0707397 150.519 502 306515
1.53284 24.3053 1.21107 24.359 0.0629827 0.0209824 0.0707397 149.394 496 306515
1.14963 24.3318 0.7 24.359 0.047213 0 0.0707397 150.332 501 306515
1.14963 24.3265 1.21107 24.359 0.0472234 0.0209824 0.0707397 149.019 494 306515
1.53284 24.3107 0.7 24.359 0.0629689 0 -0 158.207 543 306515
1.53284 24.3053 1.21107 24.359 0.0629827 0.0209824 -0 157.082 537 306515
1.14963 24.3318 0.7 24.359 0.047213 0 -0 158.394 544 306515
1.14963 24.3265 1.21107 24.359 0.0472234 0.0209824 -0 156.894 536 306515
1.53284 24.3107 0.7 24.359 0.0629689 0 -0.0707397 151.644 508 306515
1.53284 24.3053 1.21107 24.359 0.0629827 0.0209824 -0.0707397 150.519 502 306515
1.14963 24.3318 0.7 24.359 0.047213 0 -0.0707397 151.832 509 306515
1.14963 24.3265 1.21107 24.359 0.0472234 0.0209824 -0.0707397 150.332 501 306515
10.0419 22.4031 0.7 24.5508 0.421388 0 -0 136.082 425 306515
9.65571 22.5723 0.7 24.5508 0.404213 0 -0 135.519 422 306515
4.24851 24.1749 1.2151 24.5508 0.173964 0.0209824 -0 134.207 415 306515
3.86228 24.2451 0.7 24.5508 0.157974 0 -0 134.019 414 306515
3.86228 24.2396 1.2151 24.5508 0.158009 0.0209824 -0 135.144 420 306515
3.47605 24.3035 0.7 24.5508 0.142064 0 -0 134.207 415 306515
11.0679 22.5572 0.7 25.1262 0.456145 0 -0 134.207 415 306515
-15.4159 19.8412 0.7 25.1262 -0.660537 0 -0 134.207 415 306515
-15.8112 19.5277 0.7 25.1262 -0.680617 0 -0 135.144 420 306515
9.48673 23.2664 0.7 25.1262 0.387164 0 -0 136.457 427 306515
9.48673 23.2605 1.22717 25.1262 0.387253 0.0209824 -0 134.582 417 306515
9.09145 23.4237 0.7 25.1262 0.370232 0 -0 137.207 431 306515
9.09145 23.4178 0.172832 25.1262 0.370317 -0.0209824 -0 135.144 420 306515
11.1523 22.7232 1.23119 25.318 0.456253 0.0209824 0.0707397 134.394 416 306515
11.1523 22.7294 0.7 25.318 0.456145 0 -0 138.144 436 306515
11.1523 22.7046 1.76239 25.318 0.456578 0.041974 -0 139.457 443 306515
11.1523 22.7232 1.23119 25.318 0.456253 0.0209824 -0 140.957 451 306515
10.754 22.9144 1.23119 25.318 0.438799 0.0209824 -0 138.144 436 306515
-16.7014 19.7872 0.7 25.8934 -0.701029 0 0.0707397 135.582 417 306515
-16.294 20.124 0.7 25.8934 -0.680617 0 -0 141.394 448 306515
-16.294 20.1166 0.156735 25.8934 -0.680795 -0.0209824 -0 139.519 438 306515
-16.7014 19.7872 0.7 25.8934 -0.701029 0 -0 142.519 454 306515
-16.7014 19.7797 0.156735 25.8934 -0.701215 -0.0209824 -0 141.207 447 306515
-16.7014 19.7872 0.7 25.8934 -0.701029 0 -0.0707397 135.582 417 306515
-16.4147 20.273 0.7 26.0852 -0.680617 0 0.0707397 141.957 451 306515
-16.4147 20.2656 0.152711 26.0852 -0.680795 -0.0209824 0.0707397 139.707 439 306515
-16.8251 19.9338 0.7 26.0852 -0.701029 0 0.0707397 142.332 453 306515
-16.8251 19.9263 0.152711 26.0852 -0.701215 -0.0209824 0.0707397 140.457 443 306515
-16.4147 20.273 0.7 26.0852 -0.680617 0 -0 150.019 494 306515
-16.4147 20.2656 0.152711 26.0852 -0.680795 -0.0209824 -0 147.394 480 306515
-16.8251 19.9338 0.7 26.0852 -0.701029 0 -0 150.207 495 306515
-16.8251 19.9263 0.152711 26.0852 -0.701215 -0.0209824 -0 148.144 484 306515
-16.4147 20.273 0.7 26.0852 -0.680617 0 -0.0707397 143.269 458 306515
-16.4147 20.2656 0.152711 26.0852 -0.680795 -0.0209824 -0.0707397 140.832 445 306515
-16.8251 19.9338 0.7 26.0852 -0.701029 0 -0.0707397 143.269 458 306515
-16.8251 19.9263 0.152711 26.0852 -0.701215 -0.0209824 -0.0707397 141.207 447 306515
6.71072 25.583 4.05617 26.6606 0.256532 0.12622 -0 137.457 427 306515
6.2913 25.6894 4.05617 26.6606 0.240172 0.12622 -0 139.144 436 306515
6.75899 25.8347 3.51693 26.8524 0.255889 0.105098 0.0707397 134.832 413 306515
6.75899 25.7671 4.08032 26.8524 0.256532 0.12622 -0 141.207 447 306515
6.75899 25.8347 3.51693 26.8524 0.255889 0.105098 -0 142.332 453 306515
6.33656 25.9416 3.51693 26.8524 0.239572 0.105098 -0 142.894 456 306515
6.75899 25.8347 3.51693 26.8524 0.255889 0.105098 -0.0707397 135.394 416 306515
-15.5336 22.6051 0.7 27.4278 -0.602065 0 -0 136.019 414 306515
-15.9651 22.3025 0.7 27.4278 -0.621281 0 -0 138.644 428 306515
-15.9651 22.2951 0.124541 27.4278 -0.621438 -0.0209824 -0 135.832 413 306515
-16.3966 21.9872 0.7 27.4278 -0.640765 0 -0 137.519 422 306515
-16.3966 21.9797 0.124541 27.4278 -0.640929 -0.0209824 -0 135.457 411 306515
10.4282 25.5753 0.7 27.6196 0.387164 0 0.0707397 136.394 416 306515
10.8627 25.3938 0.7 27.6196 0.404213 0 -0 141.832 445 306515
10.4282 25.5753 0.7 27.6196 0.387164 0 -0 143.707 455 306515
10.4282 25.5688 1.27948 27.6196 0.387253 0.0209824 -0 140.519 438 306515
10.8627 25.3938 0.7 27.6196 0.404213 0 -0.0707397 136.019 414 306515
10.4282 25.5753 0.7 27.6196 0.387164 0 -0.0707397 136.957 419 306515
11.089 25.9229 0.7 28.195 0.404213 0 -0 140.707 439 306515
10.6454 26.1081 0.7 28.195 0.387164 0 -0 141.644 444 306515
6.65339 26.1171 8.98178 28.195 0.249446 0.298128 -0 142.207 447 306515
6.20983 26.2261 8.98178 28.195 0.232498 0.298128 -0 141.269 442 306515
10.6454 26.1081 0.7 28.195 0.387164 0 -0.0707397 135.644 412 306515
-16.0768 23.3955 0.7 28.3868 -0.602065 0 -0 141.269 442 306515
-16.5233 23.0823 0.7 28.3868 -0.621281 0 -0 141.269 442 306515
-19.6494 20.487 0.7 28.3868 -0.764533 0 -0 141.269 442 306515
-15.947 24.1765 0.7 28.9622 -0.583099 0 -0 140.207 431 306515
-16.4026 23.8698 0.7 28.9622 -0.602065 0 -0 139.832 429 306515
-16.4026 23.862 0.0923478 28.9622 -0.602216 -0.0209824 -0 138.519 422 306515
2.73377 28.8329 0.7 28.9622 0.0945316 0 -0 136.082 409 306515
2.73377 28.8265 1.30765 28.9622 0.0945525 0.0209824 -0 137.957 419 306515
-15.594 24.633 0.7 29.1541 -0.564368 0 -0 141.707 439 306515
-16.0526 24.3366 0.7 29.1541 -0.583099 0 -0 146.207 463 306515
-16.0526 24.329 1.31168 29.1541 -0.583244 0.0209824 -0 144.144 452 306515
-16.5113 24.0278 0.7 29.1541 -0.602065 0 -0 141.707 439 306515
-16.5113 24.0201 1.31168 29.1541 -0.602216 0.0209824 -0 141.707 439 306515
-16.0526 24.3366 0.7 29.1541 -0.583099 0 -0.0707397 140.394 432 306515
-15.9017 25.1192 0.7 29.7295 -0.564368 0 -0 141.144 436 306515
-16.3694 24.817 0.7 29.7295 -0.583099 0 -0 143.394 448 306515
-16.3694 24.8091 0.076251 29.7295 -0.583244 -0.0209824 -0 141.332 437 306515
3.74159 29.4865 1.32375 29.7295 0.126217 0.0209824 -0 141.332 437 306515
3.27389 29.5421 1.32375 29.7295 0.110371 0.0209824 -0 141.332 437 306515
3.35838 30.3044 1.33985 30.4967 0.110371 0.0209824 -0 143.082 441 306515
2.87861 30.3605 0.7 30.4967 0.0945316 0 -0 142.707 439 306515
2.87861 30.3538 1.33985 30.4967 0.0945525 0.0209824 -0 144.582 449 306515
6.27621 30.0398 0.7 30.6885 0.205967 0 -0 155.457 507 306515
6.27621 30.0329 1.34387 30.6885 0.206013 0.0209824 -0 155.832 509 306515
-7.24178 29.8148 0.0561301 30.6885 -0.238277 -0.0209824 -0.0707397 138.957 419 306515
6.84348 30.3091 0.7 31.0721 0.222066 0 0.0707397 159.207 527 306515
6.84348 30.3021 1.35192 31.0721 0.222116 0.0209824 0.0707397 159.019 526 306515
6.35466 30.4153 0.7 31.0721 0.205967 0 0.0707397 162.207 543 306515
6.35466 30.4083 1.35192 31.0721 0.206013 0.0209824 0.0707397 162.394 544 306515
6.84348 30.3091 0.7 31.0721 0.222066 0 -0 166.332 565 306515
6.84348 30.3021 1.35192 31.0721 0.222116 0.0209824 -0 166.144 564 306515
6.35466 30.4153 0.7 31.0721 0.205967 0 -0 169.332 581 306515
6.35466 30.4083 1.35192 31.0721 0.206013 0.0209824 -0 169.332 581 306515
6.84348 30.3091 0.7 31.0721 0.222066 0 -0.0707397 158.832 525 306515
6.84348 30.3021 1.35192 31.0721 0.222116 0.0209824 -0.0707397 158.644 524 306515
6.35466 30.4153 0.7 31.0721 0.205967 0 -0.0707397 161.832 541 306515
6.35466 30.4083 1.35192 31.0721 0.206013 0.0209824 -0.0707397 162.019 542 306515
6.88573 30.4962 0.7 31.2639 0.222066 0 -0 156.207 511 306515
6.88573 30.4891 1.35594 31.2639 0.222116 0.0209824 -0 155.082 505 306515
6.39389 30.6031 0.7 31.2639 0.205967 0 -0 159.394 528 306515
6.39389 30.5961 1.35594 31.2639 0.206013 0.0209824 -0 159.207 527 306515
6.39389 30.6031 0.7 31.2639 0.205967 0 -0.0707397 153.207 495 306515
6.92797 30.6833 0.7 31.4557 0.222066 0 -0 153.207 495 306515
6.92797 30.6762 1.35997 31.4557 0.222116 0.0209824 -0 153.582 497 306515
6.43311 30.7908 0.7 31.4557 0.205967 0 -0 154.894 504 306515
6.43311 30.7838 1.35997 31.4557 0.206013 0.0209824 -0 155.457 507 306515
1.48456 31.4206 0.7 31.4557 0.047213 0 -0 153.207 495 306515
1.52077 32.187 0.7 32.2229 0.047213 0 -0 155.832 509 306515
1.52077 32.1799 0.0239366 32.2229 0.0472234 -0.0209824 -0 154.144 500 306515
1.01385 32.2069 0.7 32.2229 0.0314688 0 -0 153.019 494 306515
1.53888 32.5702 0.7 32.6065 0.047213 0 0.0707397 160.894 536 306515
1.53888 32.563 0.0158883 32.6065 0.0472234 -0.0209824 0.0707397 160.144 532 306515
1.02592 32.5904 0.7 32.6065 0.0314688 0 0.0707397 157.894 520 306515
1.02592 32.5832 0.0158883 32.6065 0.0314757 -0.0209824 0.0707397 156.582 513 306515
1.53888 32.5702 0.7 32.6065 0.047213 0 -0 168.394 576 306515
1.53888 32.563 0.0158883 32.6065 0.0472234 -0.0209824 -0 167.644 572 306515
1.02592 32.5904 0.7 32.6065 0.0314688 0 -0 165.394 560 306515
1.02592 32.5832 0.0158883 32.6065 0.0314757 -0.0209824 -0 164.082 553 306515
1.53888 32.5702 0.7 32.6065 0.047213 0 -0.0707397 161.457 539 306515
1.53888 32.563 0.0158883 32.6065 0.0472234 -0.0209824 -0.0707397 160.519 534 306515
1.02592 32.5904 0.7 32.6065 0.0314688 0 -0.0707397 158.269 522 306515
1.02592 32.5832 0.0158883 32.6065 0.0314757 -0.0209824 -0.0707397 157.144 516 306515
1.54793 32.7618 0.7 32.7983 0.047213 0 -0 158.519 518 306515
1.54793 32.7545 0.0118641 32.7983 0.0472234 -0.0209824 -0 159.457 523 306515
1.03195 32.7821 0.7 32.7983 0.0314688 0 -0 155.144 500 306515
1.03195 32.7748 0.0118641 32.7983 0.0314757 -0.0209824 -0 155.707 503 306515
1.54793 32.7545 0.0118641 32.7983 0.0472234 -0.0209824 -0.0707397 153.457 491 306515
-6.74692 32.2854 0.00783986 32.9901 -0.206013 -0.0209824 0.0707397 139.207 415 306515
-7.26592 32.18 0.7 32.9901 -0.222066 0 0.0707397 137.707 407 306515
-7.26592 32.1726 0.00783986 32.9901 -0.222116 -0.0209824 0.0707397 142.394 432 306515
-7.26592 32.1502 -0.68432 32.9901 -0.222265 -0.041974 0.0707397 137.144 404 306515
-7.26592 32.1726 0.00783986 32.9901 -0.222116 -0.0209824 -0 149.707 471 306515
1.55698 32.9534 0.7 32.9901 0.047213 0 -0 154.019 494 306515
-6.74692 32.2854 0.00783986 32.9901 -0.206013 -0.0209824 -0.0707397 140.144 420 306515
-7.26592 32.1726 0.00783986 32.9901 -0.222116 -0.0209824 -0.0707397 142.957 435 306515
-22.8357 23.5563 4.1608 32.9901 -0.769868 0.105098 -0.0707397 140.894 424 306515
5.28046 32.96 4.22116 33.5655 0.158858 0.105098 -0 143.894 440 306515
3.69633 33.175 4.22116 33.5655 0.110961 0.105098 -0 143.894 440 306515
10.0329 31.8369 4.22116 33.5655 0.305283 0.105098 -0.0707397 135.832 397 306515
-16.463 29.4708 0.7 33.7573 -0.509437 0 -0 137.519 406 306515
-16.463 29.4623 1.40826 33.7573 -0.50956 0.0209824 -0 138.832 413 306515
-16.994 29.1678 0.7 33.7573 -0.52755 0 -0 139.582 417 306515
-16.994 29.1592 1.40826 33.7573 -0.527678 0.0209824 -0 139.957 419 306515
10.2622 32.7631 0.7 34.3327 0.303544 0 -0 137.207 399 306515
10.2622 32.5646 4.30165 34.3327 0.305283 0.105098 -0 136.832 397 306515
-15.7509 30.7222 0.7 34.5245 -0.473746 0 -0 137.207 399 306515
-15.7509 30.7137 -0.0243536 34.5245 -0.473858 -0.0209824 -0 137.207 399 306515
19.0097 28.8197 0.7 34.5245 0.583099 0 -0 139.644 412 306515
19.0097 28.8106 -0.0243536 34.5245 0.583244 -0.0209824 -0 139.644 412 306515
10.3195 32.7465 4.32177 34.5245 0.305283 0.105098 -0 137.957 403 306515
-17.1178 30.6341 1.43643 35.0999 -0.50956 0.0209824 0.0707397 142.832 429 306515
5.52186 34.5375 3.6457 35.0999 0.158538 0.0840222 0.0707397 145.082 441 306515
4.96967 34.6213 3.6457 35.0999 0.14257 0.0840222 0.0707397 142.457 427 306515
5.52186 34.5375 3.6457 35.0999 0.158538 0.0840222 -0 152.019 478 306515
-17.1178 30.6341 1.43643 35.0999 -0.50956 0.0209824 -0.0707397 142.269 426 306515
5.52186 34.5375 3.6457 35.0999 0.158538 0.0840222 -0.0707397 144.519 438 306515
5.55203 34.6551 4.40225 35.2917 0.158858 0.105098 0.0707397 138.144 404 306515
4.99683 34.6526 5.1427 35.2917 0.143211 0.12622 0.0707397 139.269 410 306515
4.99683 34.7395 4.40225 35.2917 0.142857 0.105098 0.0707397 140.957 419 306515
4.99683 34.8104 3.6618 35.2917 0.14257 0.0840222 0.0707397 137.207 399 306515
4.99683 34.7395 4.40225 35.2917 0.142857 0.105098 -0 147.144 452 306515
-7.21764 34.5458 0.7 35.2917 -0.205967 0 -0.0707397 135.332 389 306515
-7.21764 34.5379 -0.0404503 35.2917 -0.206013 -0.0209824 -0.0707397 136.269 394 306515
5.55203 34.6551 4.40225 35.2917 0.158858 0.105098 -0.0707397 137.394 400 306515
4.99683 34.6526 5.1427 35.2917 0.143211 0.12622 -0.0707397 136.457 395 306515
4.99683 34.7395 4.40225 35.2917 0.142857 0.105098 -0.0707397 139.644 412 306515
4.99683 34.8104 3.6618 35.2917 0.14257 0.0840222 -0.0707397 137.019 398 306515
-17.4919 31.3127 0.7 35.8672 -0.509437 0 0.0707397 134.957 387 306515
18.6204 30.6551 0.7 35.8672 0.545856 0 0.0707397 134.207 383 306515
-18.0562 30.9908 0.7 35.8672 -0.52755 0 0.0707397 136.269 394 306515
18.0562 30.9908 0.7 35.8672 0.52755 0 0.0707397 134.019 382 306515
5.64255 35.2924 3.71009 35.8672 0.158538 0.0840222 0.0707397 135.894 392 306515
6.77106 35.0934 3.71009 35.8672 0.190602 0.0840222 -0 146.582 449 306515
6.20681 35.1976 3.71009 35.8672 0.174548 0.0840222 -0 145.832 445 306515
5.64255 35.2924 3.71009 35.8672 0.158538 0.0840222 -0.0707397 135.332 389 306515
-17.5855 31.4802 0.7 36.059 -0.509437 0 0.0707397 134.394 384 306515
5.67273 35.4085 4.48274 36.059 0.158858 0.105098 0.0707397 135.894 392 306515
5.67273 35.4811 3.72619 36.059 0.158538 0.0840222 0.0707397 139.644 412 306515
5.10545 35.5672 3.72619 36.059 0.14257 0.0840222 0.0707397 136.082 393 306515
7.37455 35.1668 3.72619 36.059 0.206706 0.0840222 -0 144.894 440 306515
6.80727 35.281 3.72619 36.059 0.190602 0.0840222 -0 145.082 441 306515
5.67273 35.4811 3.72619 36.059 0.158538 0.0840222 -0 146.207 447 306515
5.67273 35.4085 4.48274 36.059 0.158858 0.105098 -0.0707397 137.582 401 306515
5.67273 35.4811 3.72619 36.059 0.158538 0.0840222 -0.0707397 140.207 415 306515
5.10545 35.4947 4.48274 36.059 0.142857 0.105098 -0.0707397 135.332 389 306515
5.10545 35.5672 3.72619 36.059 0.14257 0.0840222 -0.0707397 136.832 397 306515
1.72897 36.5855 -0.0686197 36.6344 0.0472234 -0.0209824 0.0707397 148.707 455 306515
1.72897 36.5855 1.46862 36.6344 0.0472234 0.0209824 0.0707397 153.582 481 306515
1.15265 36.6082 1.46862 36.6344 0.0314757 0.0209824 0.0707397 153.957 483 306515
1.72897 36.5855 1.46862 36.6344 0.0472234 0.0209824 -0 160.894 520 306515
1.15265 36.6082 1.46862 36.6344 0.0314757 0.0209824 -0 160.707 519 306515
1.72897 36.5855 1.46862 36.6344 0.0472234 0.0209824 -0.0707397 153.582 481 306515
1.15265 36.6082 -0.0686197 36.6344 0.0314757 -0.0209824 -0.0707397 148.144 452 306515
1.15265 36.6082 1.46862 36.6344 0.0314757 0.0209824 -0.0707397 153.582 481 306515
1.73803 36.777 -0.0726438 36.8262 0.0472234 -0.0209824 0.0707397 153.582 481 306515
1.73803 36.777 1.47264 36.8262 0.0472234 0.0209824 0.0707397 155.644 492 306515
1.15868 36.7998 -0.0726438 36.8262 0.0314757 -0.0209824 0.0707397 152.082 473 306515
1.15868 36.7998 1.47264 36.8262 0.0314757 0.0209824 0.0707397 155.269 490 306515
1.73803 36.777 -0.0726438 36.8262 0.0472234 -0.0209824 -0 161.269 522 306515
1.73803 36.777 1.47264 36.8262 0.0472234 0.0209824 -0 163.332 533 306515
1.15868 36.7998 -0.0726438 36.8262 0.0314757 -0.0209824 -0 159.957 515 306515
1.15868 36.7998 1.47264 36.8262 0.0314757 0.0209824 -0 163.144 532 306515
1.73803 36.777 -0.0726438 36.8262 0.0472234 -0.0209824 -0.0707397 154.519 486 306515
1.73803 36.777 1.47264 36.8262 0.0472234 0.0209824 -0.0707397 156.582 497 306515
1.15868 36.7998 -0.0726438 36.8262 0.0314757 -0.0209824 -0.0707397 153.019 478 306515
1.15868 36.7998 1.47264 36.8262 0.0314757 0.0209824 -0.0707397 156.207 495 306515
8.23752 36.2716 4.62358 37.4016 0.223319 0.105098 0.0707397 139.519 406 306515
8.23752 36.2716 4.62358 37.4016 0.223319 0.105098 -0 146.269 442 306515
8.23752 36.3479 3.83887 37.4016 0.222865 0.0840222 -0 144.207 431 306515
7.64913 36.4002 4.62358 37.4016 0.207126 0.105098 -0 145.707 439 306515
7.64913 36.4762 3.83887 37.4016 0.206706 0.0840222 -0 143.644 428 306515
-6.50553 37.0262 0.7 37.5934 -0.173925 0 0.0707397 135.019 382 306515
-7.09694 36.9174 0.7 37.5934 -0.189921 0 0.0707397 139.332 405 306515
-7.09694 36.909 -0.0887406 37.5934 -0.189964 -0.0209824 0.0707397 136.332 389 306515
-7.09694 36.9174 0.7 37.5934 -0.189921 0 -0 146.457 443 306515
-7.09694 36.909 -0.0887406 37.5934 -0.189964 -0.0209824 -0 143.644 428 306515
-6.50553 37.0262 0.7 37.5934 -0.173925 0 -0.0707397 134.832 381 306515
-7.09694 36.9174 0.7 37.5934 -0.189921 0 -0.0707397 139.144 404 306515
-7.09694 36.909 -0.0887406 37.5934 -0.189964 -0.0209824 -0.0707397 136.332 389 306515
-18.0139 33.4977 3.90325 38.1688 -0.493402 0.0840222 -0 137.269 394 306515
-18.6144 33.1678 3.90325 38.1688 -0.511416 0.0840222 -0 137.269 394 306515
-19.8153 32.4646 3.90325 38.1688 -0.548008 0.0840222 -0 135.582 385 306515
-22.2172 30.9432 3.10244 38.1688 -0.622704 0.0629841 -0 135.394 384 306515
6.60511 37.4562 3.90325 38.1688 0.174548 0.0840222 -0 138.582 401 306515
6.00464 37.4802 4.70407 38.1688 0.158858 0.105098 -0 137.082 393 306515
6.00464 37.5572 3.90325 38.1688 0.158538 0.0840222 -0 135.957 387 306515
6.00464 37.4802 4.70407 38.1688 0.158858 0.105098 -0.0707397 135.582 385 306515
6.00464 37.5572 3.90325 38.1688 0.158538 0.0840222 -0.0707397 134.832 381 306515
24.1393 29.8133 0.7 38.3606 0.680617 0 -0 139.519 406 306515
7.24178 37.6364 2.30967 38.3606 0.190091 0.041974 -0 140.457 411 306515
7.24178 37.6622 1.50484 38.3606 0.189964 0.0209824 -0 139.332 405 306515
6.6383 37.7475 2.30967 38.3606 0.17408 0.041974 -0 138.582 401 306515
24.5014 30.2605 0.7 38.936 0.680617 0 0.0707397 134.519 374 306515
24.5014 30.2494 1.51691 38.936 0.680795 0.0209824 0.0707397 133.394 368 306515
24.5014 30.2605 0.7 38.936 0.680617 0 -0 141.082 409 306515
24.5014 30.2494 1.51691 38.936 0.680795 0.0209824 -0 140.332 405 306515
24.5014 30.2605 0.7 38.936 0.680617 0 -0.0707397 133.582 369 306515
6.15551 38.6319 1.52093 39.1278 0.158009 0.0209824 0.0707397 134.894 376 306515
6.15551 38.6319 1.52093 39.1278 0.158009 0.0209824 -0 141.832 413 306515
6.15551 38.6319 1.52093 39.1278 0.158009 0.0209824 -0.0707397 135.269 378 306515
5.53996 38.7249 1.52093 39.1278 0.142095 0.0209824 -0.0707397 133.582 369 306515
7.49524 38.9537 2.36601 39.7032 0.190091 0.041974 -0 139.019 398 306515
6.87064 39.0687 2.36601 39.7032 0.17408 0.041974 -0 139.582 401 306515
6.87064 39.0953 1.53301 39.7032 0.173964 0.0209824 -0 139.207 399 306515
-6.90383 39.2931 0.7 39.895 -0.173925 0 0.0707397 134.519 374 306515
-6.90383 39.2931 0.7 39.895 -0.173925 0 -0 142.019 414 306515
-6.90383 39.2931 0.7 39.895 -0.173925 0 -0.0707397 134.332 373 306515
-20.3735 34.9579 -0.149103 40.4704 -0.527678 -0.0209824 -0 137.144 388 306515
8.91342 39.3944 3.24731 40.4704 0.222515 0.0629841 -0 139.019 398 306515
8.91342 39.4675 1.5491 40.4704 0.222116 0.0209824 -0 138.457 395 306515
8.27675 39.6059 1.5491 40.4704 0.206013 0.0209824 -0 138.644 396 306515
-15.3526 37.6429 1.55313 40.6622 -0.387253 0.0209824 -0.0707397 133.957 371 306515
-20.111 36.0012 0.7 41.2376 -0.509437 0 -0 136.832 381 306515
-20.111 35.9908 1.5652 41.2376 -0.50956 0.0209824 -0 138.707 391 306515
-20.7598 35.6206 1.5652 41.2376 -0.527678 0.0209824 -0 135.332 373 306515
7.82112 40.6752 1.56922 41.4294 0.189964 0.0209824 -0 139.457 395 306515
7.16936 40.7673 2.43845 41.4294 0.17408 0.041974 -0 139.082 393 306515
7.16936 40.7951 1.56922 41.4294 0.173964 0.0209824 -0 140.394 400 306515
-6.6383 41.6618 1.58532 42.1967 -0.158009 0.0209824 0.0707397 140.019 398 306515
-7.30213 41.5506 1.58532 42.1967 -0.173964 0.0209824 0.0707397 139.269 394 306515
-6.6383 41.6618 1.58532 42.1967 -0.158009 0.0209824 -0 146.957 435 306515
-7.30213 41.5506 1.58532 42.1967 -0.173964 0.0209824 -0 146.394 432 306515
-6.6383 41.6618 1.58532 42.1967 -0.158009 0.0209824 -0.0707397 138.707 391 306515
-7.30213 41.5506 1.58532 42.1967 -0.173964 0.0209824 -0.0707397 139.082 393 306515
29.2085 30.4407 1.58532 42.1967 0.764744 0.0209824 -0.0707397 137.019 382 306515
28.9339 31.5004 0.7 42.7721 0.742956 0 0.0707397 145.644 428 306515
28.9339 31.4876 1.59739 42.7721 0.743158 0.0209824 0.0707397 144.332 421 306515
28.261 32.1055 0.7 42.7721 0.721799 0 0.0707397 147.894 440 306515
28.261 32.0929 1.59739 42.7721 0.721993 0.0209824 0.0707397 146.582 433 306515
28.9339 31.5004 0.7 42.7721 0.742956 0 -0 148.269 442 306515
28.9339 31.4876 1.59739 42.7721 0.743158 0.0209824 -0 146.957 435 306515
28.261 32.1055 0.7 42.7721 0.721799 0 -0 150.707 455 306515
28.261 32.0929 1.59739 42.7721 0.721993 0.0209824 -0 149.207 447 306515
28.9339 31.5004 0.7 42.7721 0.742956 0 -0.0707397 135.332 373 306515
28.261 32.1055 0.7 42.7721 0.721799 0 -0.0707397 138.144 388 306515
28.261 32.0929 1.59739 42.7721 0.721993 0.0209824 -0.0707397 136.269 378 306515
-21.5322 36.946 1.59739 42.7721 -0.527678 0.0209824 -0.0707397 134.582 369 306515
29.0637 31.6417 0.7 42.9639 0.742956 0 0.0707397 138.707 391 306515
29.0637 31.6288 1.60142 42.9639 0.743158 0.0209824 0.0707397 137.582 385 306515
28.3878 32.2495 0.7 42.9639 0.721799 0 0.0707397 142.082 409 306515
28.3878 32.2369 1.60142 42.9639 0.721993 0.0209824 0.0707397 140.394 400 306515
27.7119 32.8321 0.7 42.9639 0.701029 0 0.0707397 137.207 383 306515
29.0637 31.6417 0.7 42.9639 0.742956 0 -0 143.957 419 306515
29.0637 31.6288 1.60142 42.9639 0.743158 0.0209824 -0 143.019 414 306515
28.3878 32.2495 0.7 42.9639 0.721799 0 -0 147.144 436 306515
28.3878 32.2369 1.60142 42.9639 0.721993 0.0209824 -0 145.457 427 306515
28.3878 32.2495 0.7 42.9639 0.721799 0 -0.0707397 135.894 376 306515
6.84952 42.9874 1.61349 43.5393 0.158009 0.0209824 0.0707397 137.832 381 306515
6.16457 43.0619 2.52698 43.5393 0.14219 0.041974 0.0707397 137.269 378 306515
6.16457 43.091 1.61349 43.5393 0.142095 0.0209824 0.0707397 139.519 390 306515
6.84952 42.9874 1.61349 43.5393 0.158009 0.0209824 -0 144.207 415 306515
6.16457 43.0619 2.52698 43.5393 0.14219 0.041974 -0 143.832 413 306515
6.16457 43.091 1.61349 43.5393 0.142095 0.0209824 -0 146.269 426 306515
6.84952 42.9874 1.61349 43.5393 0.158009 0.0209824 -0.0707397 137.644 380 306515
6.16457 43.0619 2.52698 43.5393 0.14219 0.041974 -0.0707397 136.894 376 306515
6.16457 43.091 1.61349 43.5393 0.142095 0.0209824 -0.0707397 139.519 390 306515
28.2067 33.4058 1.61751 43.7311 0.701215 0.0209824 0.0707397 135.019 366 306515
6.19172 43.2808 1.61751 43.7311 0.142095 0.0209824 0.0707397 132.207 351 306515
5.50375 43.3445 2.53503 43.7311 0.126301 0.041974 0.0707397 132.394 352 306515
5.50375 43.3737 1.61751 43.7311 0.126217 0.0209824 0.0707397 132.207 351 306515
4.81578 43.4651 0.7 43.7311 0.110346 0 0.0707397 133.707 359 306515
4.81578 43.4264 2.53503 43.7311 0.110444 0.041974 0.0707397 133.144 356 306515
28.2067 33.4184 0.7 43.7311 0.701029 0 -0 144.207 415 306515
28.8947 32.8253 0.7 43.7311 0.721799 0 -0.0707397 135.207 367 306515
28.8947 32.8125 1.61751 43.7311 0.721993 0.0209824 -0.0707397 134.832 365 306515
28.2067 33.4184 0.7 43.7311 0.701029 0 -0.0707397 137.832 381 306515
28.2067 33.4058 1.61751 43.7311 0.701215 0.0209824 -0.0707397 137.269 378 306515
-16.0315 41.3044 0.7 44.3065 -0.370232 0 0.0707397 139.332 389 306515
-16.0315 41.294 -0.229587 44.3065 -0.370317 -0.0209824 0.0707397 137.644 380 306515
-16.7285 41.0271 0.7 44.3065 -0.387164 0 0.0707397 136.707 375 306515
-16.0315 41.3044 0.7 44.3065 -0.370232 0 -0 146.269 426 306515
-16.0315 41.294 -0.229587 44.3065 -0.370317 -0.0209824 -0 144.394 416 306515
-16.7285 41.0271 0.7 44.3065 -0.387164 0 -0 143.082 409 306515
-16.0315 41.3044 0.7 44.3065 -0.370232 0 -0.0707397 139.519 390 306515
-16.0315 41.294 -0.229587 44.3065 -0.370317 -0.0209824 -0.0707397 137.832 381 306515
-16.7285 41.0271 0.7 44.3065 -0.387164 0 -0.0707397 136.519 374 306515
-16.1009 41.4832 0.7 44.4983 -0.370232 0 0.0707397 132.207 351 306515
0 44.4885 -0.233611 44.4983 0 -0.0209824 -0 145.144 420 306515
-16.1009 41.4832 0.7 44.4983 -0.370232 0 -0 140.269 394 306515
-16.1009 41.4832 0.7 44.4983 -0.370232 0 -0.0707397 133.894 360 306515
-16.1009 41.4727 -0.233611 44.4983 -0.370317 -0.0209824 -0.0707397 131.457 347 306515
-16.1009 41.4727 1.63361 44.4983 -0.370317 0.0209824 -0.0707397 131.269 346 306515
-16.8009 41.2047 0.7 44.4983 -0.387164 0 -0.0707397 131.269 346 306515
-16.8009 41.1941 1.63361 44.4983 -0.387253 0.0209824 -0.0707397 131.269 346 306515
6.30035 44.0401 1.63361 44.4983 0.142095 0.0209824 -0.0707397 131.082 345 306515
0 45.0638 -0.245684 45.0737 0 -0.0209824 0.0707397 144.207 415 306515
-2.12727 45.0235 0.7 45.0737 -0.047213 0 0.0707397 145.332 421 306515
-2.12727 45.0135 -0.245684 45.0737 -0.0472234 -0.0209824 0.0707397 143.269 410 306515
-2.83636 44.9844 0.7 45.0737 -0.0629689 0 0.0707397 141.582 401 306515
0 45.0638 -0.245684 45.0737 0 -0.0209824 -0 152.082 457 306515
-2.12727 45.0235 0.7 45.0737 -0.047213 0 -0 152.644 460 306515
-2.12727 45.0135 -0.245684 45.0737 -0.0472234 -0.0209824 -0 150.582 449 306515
0 45.0638 -0.245684 45.0737 0 -0.0209824 -0.0707397 145.894 424 306515
-2.12727 45.0235 0.7 45.0737 -0.047213 0 -0.0707397 145.894 424 306515
-2.12727 45.0135 -0.245684 45.0737 -0.0472234 -0.0209824 -0.0707397 144.207 415 306515
-2.83636 44.9844 0.7 45.0737 -0.0629689 0 -0.0707397 142.519 406 306515
-2.13633 45.2151 0.7 45.2655 -0.047213 0 0.0707397 137.832 381 306515
-4.27265 45.0634 0.7 45.2655 -0.0945316 0 0.0707397 137.082 377 306515
-17.0906 41.6453 5.44854 45.2655 -0.389427 0.105098 0.0707397 132.394 352 306515
0 45.2555 -0.249708 45.2655 0 -0.0209824 -0 144.019 414 306515
-2.13633 45.2151 0.7 45.2655 -0.047213 0 -0 145.144 420 306515
-2.13633 45.2151 0.7 45.2655 -0.047213 0 -0.0707397 139.144 388 306515
-17.0906 41.6453 5.44854 45.2655 -0.389427 0.105098 -0.0707397 130.894 344 306515
-6.5176 45.5587 -0.265805 46.0327 -0.142095 -0.0209824 0.0707397 141.582 401 306515
-7.24178 45.4595 0.7 46.0327 -0.157974 0 0.0707397 141.207 399 306515
-7.24178 45.4493 -0.265805 46.0327 -0.158009 -0.0209824 0.0707397 142.332 405 306515
-7.24178 45.4493 -0.265805 46.0327 -0.158009 -0.0209824 -0 149.832 445 306515
-7.24178 45.4493 -0.265805 46.0327 -0.158009 -0.0209824 -0.0707397 142.894 408 306515
-12.4649 44.9104 0.7 46.6081 -0.270736 0 0.0707397 131.707 343 306515
-11.7317 45.1075 0.7 46.6081 -0.254446 0 -0 137.519 374 306515
-12.4649 44.9104 0.7 46.6081 -0.270736 0 -0 138.832 381 306515
-11.7317 45.1075 0.7 46.6081 -0.254446 0 -0.0707397 132.457 347 306515
-12.4649 44.9104 0.7 46.6081 -0.270736 0 -0.0707397 132.269 346 306515
-11.78 45.2931 0.7 46.7999 -0.254446 0 0.0707397 132.644 348 306515
-11.78 45.2931 0.7 46.7999 -0.254446 0 -0 140.332 389 306515
-11.78 45.2825 1.6819 46.7999 -0.254503 0.0209824 -0 137.707 375 306515
-11.0437 45.4782 0.7 46.7999 -0.238224 0 -0.0707397 131.519 342 306515
-11.78 45.2931 0.7 46.7999 -0.254446 0 -0.0707397 134.707 359 306515
-11.78 45.2825 1.6819 46.7999 -0.254503 0.0209824 -0.0707397 132.457 347 306515
-15.7147 44.8963 0.7 47.5671 -0.336693 0 -0 138.082 377 306515
-2.27211 48.0889 0.7 48.1425 -0.047213 0 0.0707397 132.269 346 306515
-23.4785 41.92 3.73021 48.1425 -0.510548 0.0629841 0.0707397 133.207 351 306515
-24.2358 41.4867 3.73021 48.1425 -0.528708 0.0629841 0.0707397 131.707 343 306515
24.2358 41.5972 0.7 48.1425 0.52755 0 0.0707397 132.832 349 306515
24.2358 41.5481 -1.32014 48.1425 0.528064 -0.041974 0.0707397 132.269 346 306515
23.4785 42.0294 0.7 48.1425 0.509437 0 0.0707397 134.332 357 306515
24.2358 41.5972 0.7 48.1425 0.52755 0 -0.0707397 134.144 356 306515
23.4785 42.0294 0.7 48.1425 0.509437 0 -0.0707397 133.957 355 306515
-23.572 42.148 -1.32819 48.3344 -0.50993 -0.041974 0.0707397 133.019 350 306515
-24.3324 41.7137 -1.32819 48.3344 -0.528064 -0.041974 0.0707397 131.894 344 306515
24.3324 41.763 0.7 48.3344 0.52755 0 0.0707397 133.957 355 306515
24.3324 41.7137 -1.32819 48.3344 0.528064 -0.041974 0.0707397 131.894 344 306515
-1.52077 48.2998 -0.314095 48.3344 -0.0314757 -0.0209824 -0.0707397 133.394 352 306515
-2.28116 48.2698 -0.314095 48.3344 -0.0472234 -0.0209824 -0.0707397 132.457 347 306515
-23.572 42.148 -1.32819 48.3344 -0.50993 -0.041974 -0.0707397 133.394 352 306515
-24.3324 41.763 0.7 48.3344 -0.52755 0 -0.0707397 131.707 343 306515
-24.3324 41.7137 -1.32819 48.3344 -0.528064 -0.041974 -0.0707397 132.457 347 306515
-24.3324 41.7506 1.7141 48.3344 -0.527678 0.0209824 -0.0707397 131.707 343 306515
24.3324 41.763 0.7 48.3344 0.52755 0 -0.0707397 133.582 353 306515
24.6221 42.2601 0.7 48.9098 0.52755 0 -0 135.519 358 306515
24.6221 42.2477 1.72617 48.9098 0.527678 0.0209824 -0 135.707 359 306515
10.0027 47.865 1.72617 48.9098 0.206013 0.0209824 -0 135.707 359 306515
9.23327 48.0303 0.7 48.9098 0.189921 0 -0 137.207 367 306515
9.23327 48.0194 1.72617 48.9098 0.189964 0.0209824 -0 139.082 377 306515
10.0419 48.0637 0.7 49.1016 0.205967 0 0.0707397 138.519 374 306515
10.0419 48.0527 1.73019 49.1016 0.206013 0.0209824 0.0707397 139.269 378 306515
9.26948 48.2077 1.73019 49.1016 0.189964 0.0209824 0.0707397 139.082 377 306515
4.63474 48.8823 0.7 49.1016 0.0945316 0 0.0707397 136.832 365 306515
10.0419 48.0637 0.7 49.1016 0.205967 0 -0 144.707 407 306515
10.0419 48.0527 1.73019 49.1016 0.206013 0.0209824 -0 145.832 413 306515
9.26948 48.2077 1.73019 49.1016 0.189964 0.0209824 -0 146.394 416 306515
4.63474 48.8823 0.7 49.1016 0.0945316 0 -0 145.082 409 306515
10.0419 48.0637 0.7 49.1016 0.205967 0 -0.0707397 136.269 362 306515
10.0419 48.0527 1.73019 49.1016 0.206013 0.0209824 -0.0707397 137.957 371 306515
9.26948 48.2077 1.73019 49.1016 0.189964 0.0209824 -0.0707397 138.519 374 306515
4.63474 48.8823 0.7 49.1016 0.0945316 0 -0.0707397 138.144 372 306515
4.63474 48.8715 1.73019 49.1016 0.0945525 0.0209824 -0.0707397 136.832 365 306515
3.86228 48.9494 0.7 49.1016 0.0787404 0 -0.0707397 136.082 361 306515
-25.0083 42.923 0.7 49.677 -0.52755 0 -0 132.707 343 306515
-25.0083 42.9104 1.74226 49.677 -0.527678 0.0209824 -0 133.457 347 306515
8.5966 48.9275 0.7 49.677 0.173925 0 -0 134.019 350 306515
8.5966 48.9164 1.74226 49.677 0.173964 0.0209824 -0 134.019 350 306515
6.25207 49.1827 3.82679 49.677 0.126441 0.0629841 -0 134.394 352 306515
6.25207 49.2379 2.78453 49.677 0.126301 0.041974 -0 134.394 352 306515
-27.4584 41.6285 0.7 49.8688 -0.583099 0 -0 134.957 355 306515
-28.2429 41.1003 0.7 49.8688 -0.602065 0 -0 134.582 353 306515
-28.2429 41.0869 1.74629 49.8688 -0.602216 0.0209824 -0 135.144 356 306515
16.475 47.0571 1.74629 49.8688 0.336771 0.0209824 -0 134.957 355 306515
-24.6009 44.0387 0.7 50.4442 -0.509437 0 -0 132.894 344 306515
-24.6009 44.026 1.75836 50.4442 -0.50956 0.0209824 -0 132.894 344 306515
-30.156 40.438 0.7 50.4442 -0.640765 0 -0 135.144 356 306515
-30.156 40.4242 1.75836 50.4442 -0.640929 0.0209824 -0 132.519 342 306515
-29.474 41.1738 0.7 50.636 -0.621281 0 -0 133.082 345 306515
3.22259 51.0986 1.77446 51.2114 0.0629827 0.0209824 -0 134.394 352 306515
2.41694 51.143 1.77446 51.2114 0.0472234 0.0209824 -0 134.207 351 306515
33.1553 39.2812 0.7 51.4032 0.701029 0 -0 133.457 347 306515
4.85199 51.1737 0.7 51.4032 0.0945316 0 -0 136.457 363 306515
4.04333 51.2439 0.7 51.4032 0.0787404 0 -0 135.332 357 306515
0 52.3622 0.7 52.3622 0 0 -0 144.207 399 306515
0 52.3507 1.7986 52.3622 0 0.0209824 -0 142.894 392 306515
-0.823752 52.3557 0.7 52.3622 -0.0157325 0 -0 143.082 393 306515
-0.823752 52.3442 1.7986 52.3622 -0.0157359 0.0209824 -0 142.332 389 306515
0 52.7458 0.7 52.7458 0 0 0.0707397 149.082 425 306515
0 52.7342 1.80665 52.7458 0 0.0209824 0.0707397 147.394 416 306515
-0.829787 52.7393 0.7 52.7458 -0.0157325 0 0.0707397 148.332 421 306515
-0.829787 52.7277 1.80665 52.7458 -0.0157359 0.0209824 0.0707397 147.394 416 306515
0 52.7458 0.7 52.7458 0 0 -0 156.394 464 306515
0 52.7342 1.80665 52.7458 0 0.0209824 -0 155.269 458 306515
-0.829787 52.7393 0.7 52.7458 -0.0157325 0 -0 156.207 463 306515
-0.829787 52.7277 1.80665 52.7458 -0.0157359 0.0209824 -0 155.269 458 306515
0 52.7458 0.7 52.7458 0 0 -0.0707397 149.832 429 306515
0 52.7342 1.80665 52.7458 0 0.0209824 -0.0707397 148.519 422 306515
-0.829787 52.7393 0.7 52.7458 -0.0157325 0 -0.0707397 149.644 428 306515
-0.829787 52.7277 1.80665 52.7458 -0.0157359 0.0209824 -0.0707397 148.894 424 306515
1.66561 52.8998 1.81068 52.9376 0.0314757 0.0209824 0.0707397 140.082 377 306515
1.66561 52.9114 0.7 52.9376 0.0314688 0 -0 146.457 411 306515
1.66561 52.8648 2.92135 52.9376 0.0314966 0.041974 -0 147.394 416 306515
1.66561 52.8998 1.81068 52.9376 0.0314757 0.0209824 -0 149.082 425 306515
0.832805 52.8844 2.92135 52.9376 0.0157463 0.041974 -0 146.082 409 306515
0.832805 52.9194 1.81068 52.9376 0.0157359 0.0209824 -0 146.832 413 306515
1.66561 52.8648 2.92135 52.9376 0.0314966 0.041974 -0.0707397 141.019 382 306515
1.66561 52.8998 1.81068 52.9376 0.0314757 0.0209824 -0.0707397 142.332 389 306515
2.50747 53.0702 0.7 53.1294 0.047213 0 -0 153.394 448 306515
1.67164 53.1031 0.7 53.1294 0.0314688 0 -0 154.707 455 306515
-2.52557 53.4534 0.7 53.513 -0.047213 0 0.0707397 147.394 416 306515
-2.52557 53.4416 -0.422748 53.513 -0.0472234 -0.0209824 0.0707397 145.894 408 306515
-3.36743 53.407 0.7 53.513 -0.0629689 0 0.0707397 147.582 417 306515
-2.52557 53.4534 0.7 53.513 -0.047213 0 -0 155.644 460 306515
-3.36743 53.407 0.7 53.513 -0.0629689 0 -0 155.082 457 306515
-2.52557 53.4534 0.7 53.513 -0.047213 0 -0.0707397 148.332 421 306515
-2.52557 53.4416 -0.422748 53.513 -0.0472234 -0.0209824 -0.0707397 146.269 410 306515
-3.36743 53.407 0.7 53.513 -0.0629689 0 -0.0707397 147.957 419 306515
-3.3795 53.5866 -0.426772 53.7048 -0.0629827 -0.0209824 0.0707397 142.144 388 306515
-4.22437 53.5266 -0.426772 53.7048 -0.0787578 -0.0209824 0.0707397 145.519 406 306515
-4.22437 53.5266 -0.426772 53.7048 -0.0787578 -0.0209824 -0 152.269 442 306515
-3.3795 53.5984 0.7 53.7048 -0.0629689 0 -0.0707397 142.894 392 306515
-3.3795 53.5866 -0.426772 53.7048 -0.0629827 -0.0209824 -0.0707397 143.269 394 306515
-3.3795 53.5866 1.82677 53.7048 -0.0629827 0.0209824 -0.0707397 142.707 391 306515
-4.22437 53.5384 0.7 53.7048 -0.0787404 0 -0.0707397 145.332 405 306515
-4.22437 53.5266 -0.426772 53.7048 -0.0787578 -0.0209824 -0.0707397 145.144 404 306515
-5.93524 53.5688 0.7 53.8966 -0.110346 0 -0 158.269 474 306515
-8.47892 53.2255 0.7 53.8966 -0.157974 0 -0 156.582 465 306515
-9.39319 53.4613 0.7 54.2802 -0.173925 0 0.0707397 149.832 429 306515
-6.83141 53.8486 0.7 54.2802 -0.126189 0 -0.0707397 150.207 431 306515
-9.39319 53.4613 0.7 54.2802 -0.173925 0 -0.0707397 150.582 433 306515
-12.8542 52.9337 0.7 54.472 -0.238224 0 0.0707397 141.582 385 306515
-41.1333 35.7107 0.7 54.472 -0.855848 0 -0.0707397 141.582 385 306515
0 55.0353 1.85494 55.0475 0 0.0209824 0.0707397 140.707 375 306515
1.73199 54.9717 -1.60988 55.0475 0.0314966 -0.041974 0.0707397 140.144 372 306515
0.865996 55.0285 1.85494 55.0475 0.0157359 0.0209824 0.0707397 141.832 381 306515
0.865996 55.0285 1.85494 55.0475 0.0157359 0.0209824 -0 149.332 421 306515
0 55.0353 1.85494 55.0475 0 0.0209824 -0.0707397 140.519 374 306515
1.73199 54.9717 -1.60988 55.0475 0.0314966 -0.041974 -0.0707397 140.519 374 306515
0.865996 55.0285 1.85494 55.0475 0.0157359 0.0209824 -0.0707397 141.644 380 306515
-0.869014 55.2203 1.85897 55.2393 -0.0157359 0.0209824 0.0707397 136.957 355 306515
-0.869014 55.2203 1.85897 55.2393 -0.0157359 0.0209824 -0 145.957 403 306515
0 55.1906 3.01793 55.2393 0 0.041974 -0.0707397 134.519 342 306515
0 55.2271 1.85897 55.2393 0 0.0209824 -0.0707397 136.394 352 306515
-0.869014 55.1838 3.01793 55.2393 -0.0157463 0.041974 -0.0707397 136.582 353 306515
-0.869014 55.2203 1.85897 55.2393 -0.0157359 0.0209824 -0.0707397 139.207 367 306515
-4.39033 55.6294 1.87104 55.8147 -0.0787578 0.0209824 -0.0707397 142.957 387 306515
-4.40542 55.8329 0.7 56.0065 -0.0787404 0 0.0707397 138.082 361 306515
-4.40542 55.7835 -1.65013 56.0065 -0.07881 -0.041974 0.0707397 139.957 371 306515
-4.40542 55.8206 1.87506 56.0065 -0.0787578 0.0209824 0.0707397 137.707 359 306515
-4.40542 55.7835 -1.65013 56.0065 -0.07881 -0.041974 -0.0707397 142.019 382 306515
-18.6928 53.4049 0.7 56.5819 -0.336693 0 0.0707397 135.644 348 306515
-19.6494 53.2649 0.7 56.7737 -0.353411 0 0.0707397 142.394 384 306515
-19.6494 53.2516 -0.491159 56.7737 -0.353492 -0.0209824 0.0707397 141.457 379 306515
-20.5425 52.9269 0.7 56.7737 -0.370232 0 0.0707397 142.394 384 306515
-20.5425 52.9135 -0.491159 56.7737 -0.370317 -0.0209824 0.0707397 139.582 369 306515
-19.6494 53.2649 0.7 56.7737 -0.353411 0 -0 150.082 425 306515
-19.6494 53.2516 -0.491159 56.7737 -0.353492 -0.0209824 -0 148.582 417 306515
-20.5425 52.9269 0.7 56.7737 -0.370232 0 -0 149.894 424 306515
-20.5425 52.9135 -0.491159 56.7737 -0.370317 -0.0209824 -0 146.519 406 306515
-19.6494 53.2649 0.7 56.7737 -0.353411 0 -0.0707397 142.957 387 306515
-19.6494 53.2516 -0.491159 56.7737 -0.353492 -0.0209824 -0.0707397 141.457 379 306515
-20.5425 52.9269 0.7 56.7737 -0.370232 0 -0.0707397 143.332 389 306515
-20.5425 52.9135 -0.491159 56.7737 -0.370317 -0.0209824 -0.0707397 139.957 371 306515
-19.7157 53.4449 0.7 56.9655 -0.353411 0 -0 149.332 421 306515
-16.2397 54.9491 -1.70646 57.3491 -0.287361 -0.041974 -0 140.894 376 306515
-19.8485 53.8048 0.7 57.3491 -0.353411 0 -0 140.707 375 306515
-15.3888 55.3923 -1.71451 57.5409 -0.270981 -0.041974 0.0707397 143.332 389 306515
-16.294 55.1328 -1.71451 57.5409 -0.287361 -0.041974 0.0707397 147.082 409 306515
-16.294 55.0667 -2.92177 57.5409 -0.287687 -0.0629841 0.0707397 142.394 384 306515
-17.1992 54.8572 -1.71451 57.5409 -0.303821 -0.041974 0.0707397 142.957 387 306515
-15.3888 55.3923 -1.71451 57.5409 -0.270981 -0.041974 -0 149.707 423 306515
-16.294 55.1328 -1.71451 57.5409 -0.287361 -0.041974 -0 154.394 448 306515
-16.294 55.0667 -2.92177 57.5409 -0.287687 -0.0629841 -0 149.707 423 306515
-17.1992 54.8572 -1.71451 57.5409 -0.303821 -0.041974 -0 150.082 425 306515
-15.3888 55.3923 -1.71451 57.5409 -0.270981 -0.041974 -0.0707397 142.957 387 306515
-16.294 55.1328 -1.71451 57.5409 -0.287361 -0.041974 -0.0707397 147.457 411 306515
-16.294 55.0667 -2.92177 57.5409 -0.287687 -0.0629841 -0.0707397 142.582 385 306515
-17.1992 54.8572 -1.71451 57.5409 -0.303821 -0.041974 -0.0707397 142.957 387 306515
44.7995 37.0004 1.91933 58.1163 0.880455 0.0209824 -0 134.144 340 306515
29.2568 50.2002 1.91933 58.1163 0.527678 0.0209824 -0 135.269 346 306515
28.3425 50.7366 0.7 58.1163 0.509437 0 -0 134.144 340 306515
27.4282 51.2367 0.7 58.1163 0.491506 0 -0 136.394 352 306515
27.4282 51.2222 1.91933 58.1163 0.491624 0.0209824 -0 134.519 342 306515
-12.0425 57.586 3.17085 58.8835 -0.206151 0.041974 -0 135.707 343 306515
-27.8809 52.0822 0.7 59.0753 -0.491506 0 -0 135.519 342 306515
-28.8102 51.5739 0.7 59.0753 -0.509437 0 -0 135.707 343 306515
7.43489 58.6056 0.7 59.0753 0.126189 0 -0 136.082 345 306515
7.43489 58.5925 1.93945 59.0753 0.126217 0.0209824 -0 137.582 353 306515
30.0292 51.5256 1.95152 59.6507 0.527678 0.0209824 -0 135.707 343 306515
29.0908 52.0612 1.95152 59.6507 0.50956 0.0209824 -0 136.457 347 306515
39.9203 45.3508 0.7 60.4179 0.721799 0 -0 135.894 344 306515
30.4155 52.1421 3.23524 60.4179 0.528064 0.041974 -0 136.269 346 306515
30.4155 52.1883 1.96762 60.4179 0.527678 0.0209824 -0 138.332 357 306515
29.465 52.685 3.23524 60.4179 0.50993 0.041974 -0 136.269 346 306515
29.465 52.7308 1.96762 60.4179 0.50956 0.0209824 -0 138.144 356 306515
30.512 52.3694 0.7 60.6097 0.52755 0 -0 139.644 364 306515
30.512 52.354 1.97164 60.6097 0.527678 0.0209824 -0 140.582 369 306515
29.5585 52.9135 0.7 60.6097 0.509437 0 -0 141.144 372 306515
29.5585 52.8982 1.97164 60.6097 0.50956 0.0209824 -0 141.144 372 306515
30.512 52.354 1.97164 60.6097 0.527678 0.0209824 -0.0707397 135.144 340 306515
29.5585 52.9135 0.7 60.6097 0.509437 0 -0.0707397 134.394 336 306515
29.5585 52.8982 1.97164 60.6097 0.50956 0.0209824 -0.0707397 135.707 343 306515
-22.2081 57.2183 0.7 61.377 -0.370232 0 -0 134.957 339 306515
-23.1737 56.8341 0.7 61.377 -0.387164 0 -0 135.332 341 306515
-23.1737 56.8195 1.98774 61.377 -0.387253 0.0209824 -0 134.957 339 306515
11.5868 60.2596 1.98774 61.377 0.189964 0.0209824 -0 135.144 340 306515
33.2398 52.4425 3.30767 62.1442 0.564926 0.041974 -0 136.519 342 306515
33.2398 52.4911 2.00384 62.1442 0.564507 0.0209824 -0 139.144 356 306515
-6.99133 63.0866 -0.632006 63.4868 -0.110371 -0.0209824 -0 137.269 346 306515
-6.99133 63.0444 -1.96401 63.4868 -0.110444 -0.041974 -0 135.957 339 306515
-7.9901 62.9679 -0.632006 63.4868 -0.126217 -0.0209824 -0 136.332 341 306515
37.4008 52.1775 3.39621 64.254 0.621912 0.041974 -0 137.082 345 306515
37.4008 52.2297 2.0481 64.254 0.621438 0.0209824 -0 139.519 358 306515
36.3899 52.8874 3.39621 64.254 0.60267 0.041974 -0 137.082 345 306515
36.3899 52.9389 2.0481 64.254 0.602216 0.0209824 -0 139.332 357 306515
15.5698 64.1169 0.7 65.9802 0.238224 0 -0 137.144 340 306515
-46.3353 48.3105 0.7 66.9392 -0.764533 0 -0 138.269 346 306515
-46.3353 48.29 -0.704441 66.9392 -0.764744 -0.0209824 -0 136.957 339 306515
-47.3884 47.2779 0.7 66.9392 -0.786565 0 -0 137.894 344 306515
13.7684 65.8848 2.11249 67.3228 0.206013 0.0209824 -0 138.644 348 306515
12.7093 66.0519 3.52498 67.3228 0.190091 0.041974 -0 140.519 358 306515
12.7093 66.0972 2.11249 67.3228 0.189964 0.0209824 -0 141.644 364 306515
1.08325 68.8336 2.14468 68.8573 0.0157359 0.0209824 -0 137.144 340 306515
2.17253 69.0149 0.7 69.0491 0.0314688 0 -0 137.332 341 306515
2.17253 68.9997 2.14871 69.0491 0.0314757 0.0209824 -0 138.082 345 306515
1.08627 69.0253 2.14871 69.0491 0.0157359 0.0209824 -0 138.457 347 306515
8.81083 69.4359 2.16883 70.0081 0.126217 0.0209824 -0 137.957 339 306515
-13.3611 69.4392 3.66985 70.7753 -0.190091 0.041974 -0 141.519 358 306515
-13.3611 69.4868 2.18492 70.7753 -0.189964 0.0209824 -0 140.582 353 306515
-14.4745 69.2157 3.66985 70.7753 -0.206151 0.041974 -0 139.832 349 306515
-18.0079 69.1739 3.70204 71.5425 -0.254675 0.041974 -0 139.269 346 306515
-18.0079 69.2228 2.20102 71.5425 -0.254503 0.0209824 -0 140.207 351 306515
2.26306 71.8747 2.20907 71.9261 0.0314757 0.0209824 0.0707397 138.894 344 306515
2.26306 71.8905 0.7 71.9261 0.0314688 0 -0 145.457 379 306515
2.26306 71.8747 2.20907 71.9261 0.0314757 0.0209824 -0 146.394 384 306515
2.26306 71.8905 0.7 71.9261 0.0314688 0 -0.0707397 138.894 344 306515
2.26306 71.8747 2.20907 71.9261 0.0314757 0.0209824 -0.0707397 140.207 351 306515
3.40364 72.0217 2.21309 72.1179 0.0472234 0.0209824 -0 139.644 348 306515
2.26909 72.0822 0.7 72.1179 0.0314688 0 -0 139.457 347 306515
2.26909 72.0663 2.21309 72.1179 0.0314757 0.0209824 -0 143.582 369 306515
1.13455 72.0931 2.21309 72.1179 0.0157359 0.0209824 -0 139.832 349 306515
2.26909 72.0663 2.21309 72.1179 0.0314757 0.0209824 -0.0707397 139.082 345 306515
2.27513 72.2739 0.7 72.3097 0.0314688 0 -0 138.519 342 306515
2.27513 72.258 2.21712 72.3097 0.0314757 0.0209824 -0 140.582 353 306515
-6.86159 72.3527 2.22517 72.6933 -0.0945525 0.0209824 -0 139.082 345 306515
-8.00518 72.1868 3.75033 72.6933 -0.110444 0.041974 -0 138.894 344 306515
-8.00518 72.2351 2.22517 72.6933 -0.110371 0.0209824 -0 138.894 344 306515
-9.14878 72.0992 2.22517 72.6933 -0.126217 0.0209824 -0 140.207 351 306515
-10.2924 71.9448 2.22517 72.6933 -0.142095 0.0209824 -0 140.582 353 306515
24.1423 68.8203 5.29964 73.0769 0.337389 0.0629841 -0 138.707 343 306515
24.1423 68.9056 3.76643 73.0769 0.337002 0.041974 -0 140.207 351 306515
22.9927 69.2977 3.76643 73.0769 0.320366 0.041974 -0 138.519 342 306515
