1.43629 2.22362 0.249291 2.68524 0.573504 -0.168645 -0 98.7067 423 307429
1.39404 2.25034 0.249291 2.68524 0.554621 -0.168645 -0 98.5192 422 307429
1.09834 2.40854 0.249291 2.68524 0.427848 -0.168645 -0 97.2067 415 307429
1.26731 2.53734 0.217098 2.87704 0.463219 -0.168645 -0 105.707 439 307429
1.22205 2.55945 0.217098 2.87704 0.445458 -0.168645 -0 104.957 435 307429
0.995745 2.644 0.156735 2.87704 0.360177 -0.189968 -0.0707397 98.2067 399 307429
1.30352 2.74145 0.249291 3.06885 0.443845 -0.147399 -0 102.519 422 307429
1.30352 2.73008 0.184904 3.06885 0.445458 -0.168645 -0 101.394 416 307429
1.20696 2.78531 0.249291 3.06885 0.408907 -0.147399 -0 101.582 417 307429
1.15868 2.80573 0.249291 3.06885 0.391638 -0.147399 -0 103.832 429 307429
1.12851 3.03147 0.289533 3.26065 0.356371 -0.12622 0.0707397 99.7067 407 307429
1.12851 3.02142 0.221122 3.26065 0.357458 -0.147399 0.0707397 102.144 420 307429
1.07721 3.04009 0.221122 3.26065 0.340533 -0.147399 0.0707397 98.2067 399 307429
1.12851 3.02142 0.221122 3.26065 0.357458 -0.147399 -0 109.644 460 307429
1.12851 3.03147 0.289533 3.26065 0.356371 -0.12622 -0.0707397 100.457 411 307429
1.12851 3.02142 0.221122 3.26065 0.357458 -0.147399 -0.0707397 102.519 422 307429
1.07721 3.04009 0.221122 3.26065 0.340533 -0.147399 -0.0707397 98.3942 400 307429
1.79234 2.91857 0.265388 3.45245 0.550734 -0.12622 -0 103.082 425 307429
1.30352 3.16724 0.265388 3.45245 0.390435 -0.12622 -0 103.082 425 307429
1.24921 3.17834 0.192952 3.45245 0.37449 -0.147399 -0 102.144 420 307429
1.19489 3.19915 0.192952 3.45245 0.357458 -0.147399 -0 103.644 428 307429
1.19489 3.19915 0.192952 3.45245 0.357458 -0.147399 -0.0707397 98.0192 398 307429
1.94925 3.04476 0.241243 3.64426 0.569452 -0.12622 0.0707397 97.4567 379 307429
1.71992 3.17994 0.241243 3.64426 0.495804 -0.12622 0.0707397 99.7067 391 307429
1.08928 3.45658 0.317702 3.64426 0.305283 -0.105098 0.0707397 100.269 394 307429
1.08928 3.44726 0.241243 3.64426 0.306057 -0.12622 0.0707397 101.207 399 307429
1.94925 3.04476 0.241243 3.64426 0.569452 -0.12622 -0.0707397 98.3942 384 307429
1.71992 3.17994 0.241243 3.64426 0.495804 -0.12622 -0.0707397 100.457 395 307429
1.93114 3.29 0.297581 3.83606 0.530786 -0.105098 0.0707397 101.019 398 307429
1.5087 3.4937 0.217098 3.83606 0.407646 -0.12622 0.0707397 101.019 398 307429
1.44836 3.51915 0.217098 3.83606 0.390435 -0.12622 0.0707397 102.519 406 307429
1.14662 3.6385 0.297581 3.83606 0.305283 -0.105098 0.0707397 102.332 405 307429
1.14662 3.6287 0.217098 3.83606 0.306057 -0.12622 0.0707397 101.582 401 307429
1.08627 3.65697 0.297581 3.83606 0.288739 -0.105098 0.0707397 101.957 403 307429
1.5087 3.4937 0.217098 3.83606 0.407646 -0.12622 -0.0707397 102.144 404 307429
1.44836 3.51915 0.217098 3.83606 0.390435 -0.12622 -0.0707397 103.269 410 307429
1.14662 3.6385 0.297581 3.83606 0.305283 -0.105098 -0.0707397 102.332 405 307429
1.52077 3.70572 0.27746 4.02786 0.389427 -0.105098 0.0707397 104.957 419 307429
1.52077 3.69511 0.192952 4.02786 0.390435 -0.12622 0.0707397 104.207 415 307429
1.20395 3.82043 0.27746 4.02786 0.305283 -0.105098 -0.0707397 104.582 417 307429
1.14058 3.83982 0.27746 4.02786 0.288739 -0.105098 -0.0707397 104.582 417 307429
1.59319 3.88219 0.257339 4.21967 0.389427 -0.105098 0.0707397 108.144 436 307429
1.19489 4.02267 0.257339 4.21967 0.288739 -0.105098 0.0707397 109.269 442 307429
1.12851 4.04179 0.257339 4.21967 0.272276 -0.105098 0.0707397 108.894 440 307429
1.59319 3.88219 0.257339 4.21967 0.389427 -0.105098 -0 115.644 476 307429
1.19489 4.02267 0.257339 4.21967 0.288739 -0.105098 -0 116.582 481 307429
1.12851 4.04179 0.257339 4.21967 0.272276 -0.105098 -0 116.394 480 307429
1.59319 3.88219 0.257339 4.21967 0.389427 -0.105098 -0.0707397 108.707 439 307429
1.19489 4.02267 0.257339 4.21967 0.288739 -0.105098 -0.0707397 108.894 440 307429
1.12851 4.04179 0.257339 4.21967 0.272276 -0.105098 -0.0707397 109.082 441 307429
1.73501 4.02947 0.237219 4.41147 0.406588 -0.105098 0.0707397 106.269 410 307429
1.66561 4.05865 0.237219 4.41147 0.389427 -0.105098 0.0707397 107.019 414 307429
1.24921 4.20552 0.237219 4.41147 0.288739 -0.105098 0.0707397 106.269 410 307429
1.17981 4.22551 0.237219 4.41147 0.272276 -0.105098 0.0707397 106.457 411 307429
1.66561 4.05865 0.237219 4.41147 0.389427 -0.105098 -0.0707397 108.707 423 307429
1.44836 4.35237 0.313678 4.60327 0.321247 -0.0840222 0.0707397 111.332 437 307429
1.44836 4.34272 0.217098 4.60327 0.321913 -0.105098 0.0707397 111.519 438 307429
1.44836 4.35237 0.313678 4.60327 0.321247 -0.0840222 -0 119.207 479 307429
1.44836 4.34272 0.217098 4.60327 0.321913 -0.105098 -0 119.582 481 307429
1.44836 4.35237 0.313678 4.60327 0.321247 -0.0840222 -0.0707397 112.269 442 307429
1.44836 4.34272 0.217098 4.60327 0.321913 -0.105098 -0.0707397 112.644 444 307429
1.20696 4.62321 0.297581 4.79507 0.255367 -0.0840222 0.0707397 109.644 428 307429
1.20696 4.61334 0.196977 4.79507 0.255889 -0.105098 0.0707397 109.269 426 307429
1.13153 4.64225 0.297581 4.79507 0.239084 -0.0840222 0.0707397 110.207 431 307429
1.13153 4.63242 0.196977 4.79507 0.239572 -0.105098 0.0707397 109.832 429 307429
1.20696 4.62321 0.297581 4.79507 0.255367 -0.0840222 -0 117.332 469 307429
1.20696 4.61334 0.196977 4.79507 0.255889 -0.105098 -0 117.332 469 307429
1.13153 4.64225 0.297581 4.79507 0.239084 -0.0840222 -0 117.894 472 307429
1.13153 4.63242 0.196977 4.79507 0.239572 -0.105098 -0 117.707 471 307429
1.20696 4.62321 0.297581 4.79507 0.255367 -0.0840222 -0.0707397 110.207 431 307429
1.20696 4.61334 0.196977 4.79507 0.255889 -0.105098 -0.0707397 110.394 432 307429
1.13153 4.64225 0.297581 4.79507 0.239084 -0.0840222 -0.0707397 111.332 437 307429
1.13153 4.63242 0.196977 4.79507 0.239572 -0.105098 -0.0707397 111.332 437 307429
1.80441 4.63011 0.281485 4.98688 0.371606 -0.0840222 0.0707397 102.894 392 307429
1.56905 4.71507 0.281485 4.98688 0.321247 -0.0840222 0.0707397 105.332 405 307429
1.56905 4.71507 0.281485 4.98688 0.321247 -0.0840222 -0 112.644 444 307429
1.80441 4.63011 0.281485 4.98688 0.371606 -0.0840222 -0.0707397 102.707 391 307429
1.56905 4.71507 0.281485 4.98688 0.321247 -0.0840222 -0.0707397 104.582 401 307429
1.46646 4.94766 0.265388 5.17868 0.288146 -0.0840222 0.0707397 112.394 432 307429
1.46646 4.93691 0.156735 5.17868 0.288739 -0.105098 0.0707397 108.832 413 307429
1.38499 4.97108 0.265388 5.17868 0.271719 -0.0840222 0.0707397 109.019 414 307429
1.22205 5.01363 0.265388 5.17868 0.239084 -0.0840222 0.0707397 107.519 406 307429
1.46646 4.94766 0.265388 5.17868 0.288146 -0.0840222 -0 119.707 471 307429
1.38499 4.97108 0.265388 5.17868 0.271719 -0.0840222 -0 116.519 454 307429
1.46646 4.94766 0.265388 5.17868 0.288146 -0.0840222 -0.0707397 112.582 433 307429
1.46646 4.93691 0.156735 5.17868 0.288739 -0.105098 -0.0707397 109.019 414 307429
1.38499 4.97108 0.265388 5.17868 0.271719 -0.0840222 -0.0707397 110.144 420 307429
1.14058 5.03278 0.265388 5.17868 0.222865 -0.0840222 -0.0707397 107.894 408 307429
1.60526 5.1051 0.249291 5.37048 0.304653 -0.0840222 0.0707397 109.207 415 307429
1.52077 5.13091 0.249291 5.37048 0.288146 -0.0840222 0.0707397 109.207 415 307429
1.26731 5.19932 0.249291 5.37048 0.239084 -0.0840222 0.0707397 110.894 424 307429
1.18282 5.21918 0.249291 5.37048 0.222865 -0.0840222 0.0707397 109.207 415 307429
1.52077 5.13091 0.249291 5.37048 0.288146 -0.0840222 -0 116.707 455 307429
1.26731 5.19932 0.249291 5.37048 0.239084 -0.0840222 -0 119.144 468 307429
1.18282 5.21918 0.249291 5.37048 0.222865 -0.0840222 -0 117.269 458 307429
1.60526 5.1051 0.249291 5.37048 0.304653 -0.0840222 -0.0707397 109.207 415 307429
1.52077 5.13091 0.249291 5.37048 0.288146 -0.0840222 -0.0707397 110.519 422 307429
1.26731 5.19932 0.249291 5.37048 0.239084 -0.0840222 -0.0707397 112.394 432 307429
1.18282 5.21918 0.249291 5.37048 0.222865 -0.0840222 -0.0707397 110.707 423 307429
2.10012 5.12939 0.233194 5.56229 0.388608 -0.0840222 -0.0707397 103.394 384 307429
1.66259 5.28743 0.233194 5.56229 0.304653 -0.0840222 -0.0707397 106.207 399 307429
1.48758 5.33931 0.233194 5.56229 0.271719 -0.0840222 -0.0707397 107.707 407 307429
1.26731 5.6011 0.337823 5.75409 0.222515 -0.0629841 0.0707397 109.207 415 307429
1.26731 5.59198 0.217098 5.75409 0.222865 -0.0840222 0.0707397 112.394 432 307429
1.17679 5.61173 0.217098 5.75409 0.206706 -0.0840222 0.0707397 108.644 412 307429
1.26731 5.6011 0.337823 5.75409 0.222515 -0.0629841 -0 116.332 453 307429
1.26731 5.59198 0.217098 5.75409 0.222865 -0.0840222 -0 119.707 471 307429
1.17679 5.61173 0.217098 5.75409 0.206706 -0.0840222 -0 115.957 451 307429
1.26731 5.6011 0.337823 5.75409 0.222515 -0.0629841 -0.0707397 108.457 411 307429
1.26731 5.59198 0.217098 5.75409 0.222865 -0.0840222 -0.0707397 112.394 432 307429
1.17679 5.61173 0.217098 5.75409 0.206706 -0.0840222 -0.0707397 109.019 414 307429
-2.76998 5.89743 0.973645 6.5213 -0.439109 0.041974 1.55627 115.144 436 307429
-2.76998 5.90219 0.836822 6.5213 -0.438799 0.0209824 1.55627 114.957 435 307429
-2.87257 5.82891 1.24729 6.5213 -0.457883 0.0840222 1.55627 114.207 431 307429
-2.87257 5.84815 0.973645 6.5213 -0.456578 0.041974 1.55627 115.144 436 307429
-2.87257 5.85295 0.836822 6.5213 -0.456253 0.0209824 1.55627 117.394 448 307429
-2.76998 5.87835 1.24729 6.5213 -0.440357 0.0840222 1.34406 115.894 440 307429
-2.76998 5.88949 1.11047 6.5213 -0.439628 0.0629841 1.34406 114.957 435 307429
-2.87257 5.81444 1.38411 6.5213 -0.458869 0.105098 1.34406 113.269 426 307429
-2.87257 5.82891 1.24729 6.5213 -0.457883 0.0840222 1.34406 117.582 449 307429
-2.87257 5.84014 1.11047 6.5213 -0.45712 0.0629841 1.34406 113.082 425 307429
-2.76998 5.87835 1.24729 6.5213 -0.440357 0.0840222 1.48553 127.332 501 307429
-2.76998 5.88949 1.11047 6.5213 -0.439628 0.0629841 1.48553 125.644 492 307429
-2.87257 5.82891 1.24729 6.5213 -0.457883 0.0840222 1.48553 127.707 503 307429
-2.87257 5.84014 1.11047 6.5213 -0.45712 0.0629841 1.48553 126.582 497 307429
-2.68851 5.72398 0.434404 6.3295 -0.439109 -0.041974 0.707397 114.957 435 307429
-2.76998 5.87835 1.24729 6.5213 -0.440357 0.0840222 1.41479 128.832 509 307429
-2.76998 5.88949 1.11047 6.5213 -0.439628 0.0629841 1.41479 126.582 497 307429
-2.87257 5.82891 1.24729 6.5213 -0.457883 0.0840222 1.41479 129.207 511 307429
-2.87257 5.84014 1.11047 6.5213 -0.45712 0.0629841 1.41479 126.394 496 307429
-2.76998 5.89743 0.426355 6.5213 -0.439109 -0.041974 0.707397 117.207 447 307429
-2.76998 5.88949 0.289533 6.5213 -0.439628 -0.0629841 0.707397 114.207 431 307429
1.21602 5.80817 0.325751 5.94589 0.206382 -0.0629841 -0 112.707 423 307429
1.21602 5.79879 0.201001 5.94589 0.206706 -0.0840222 -0 114.394 432 307429
1.12248 5.82697 0.325751 5.94589 0.190303 -0.0629841 -0 110.269 410 307429
1.15868 6.01494 0.313678 6.1377 0.190303 -0.0629841 0.0707397 111.207 415 307429
1.15868 6.00528 0.184904 6.1377 0.190602 -0.0840222 0.0707397 110.832 413 307429
0.965571 6.03934 0.184904 6.1377 0.158538 -0.0840222 0.0707397 108.019 398 307429
0.965571 6.02697 0.0561301 6.1377 0.158858 -0.105098 0.0707397 107.269 394 307429
1.15868 6.01494 0.313678 6.1377 0.190303 -0.0629841 -0 118.519 454 307429
1.15868 6.00528 0.184904 6.1377 0.190602 -0.0840222 -0 118.332 453 307429
1.15868 6.01494 0.313678 6.1377 0.190303 -0.0629841 -0.0707397 111.394 416 307429
1.15868 6.00528 0.184904 6.1377 0.190602 -0.0840222 -0.0707397 110.832 413 307429
1.06213 6.03274 0.313678 6.1377 0.174275 -0.0629841 -0.0707397 107.644 396 307429
0.965571 6.03934 0.184904 6.1377 0.158538 -0.0840222 -0.0707397 108.207 399 307429
0.965571 6.02697 0.0561301 6.1377 0.158858 -0.105098 -0.0707397 107.644 396 307429
2.29021 5.87668 0.168807 6.3295 0.371606 -0.0840222 0.0707397 105.957 387 307429
1.19489 6.20291 0.301606 6.3295 0.190303 -0.0629841 0.0707397 110.082 409 307429
1.19489 6.19295 0.168807 6.3295 0.190602 -0.0840222 0.0707397 109.332 405 307429
1.09532 6.22126 0.301606 6.3295 0.174275 -0.0629841 0.0707397 108.019 398 307429
1.09532 6.21133 0.168807 6.3295 0.174548 -0.0840222 0.0707397 106.332 389 307429
1.19489 6.20291 0.301606 6.3295 0.190303 -0.0629841 -0 117.957 451 307429
1.19489 6.19295 0.168807 6.3295 0.190602 -0.0840222 -0 117.957 451 307429
1.19489 6.20291 0.301606 6.3295 0.190303 -0.0629841 -0.0707397 111.207 415 307429
1.19489 6.19295 0.168807 6.3295 0.190602 -0.0840222 -0.0707397 111.207 415 307429
1.09532 6.22126 0.301606 6.3295 0.174275 -0.0629841 -0.0707397 109.519 406 307429
1.09532 6.21133 0.168807 6.3295 0.174548 -0.0840222 -0.0707397 107.832 397 307429
1.74406 6.27034 0.289533 6.5213 0.271288 -0.0629841 0.0707397 114.207 431 307429
1.84665 6.24089 0.289533 6.5213 0.287687 -0.0629841 -0 120.394 464 307429
1.74406 6.27034 0.289533 6.5213 0.271288 -0.0629841 -0 121.894 472 307429
1.74406 6.25988 0.152711 6.5213 0.271719 -0.0840222 -0 119.832 461 307429
1.64147 6.29797 0.289533 6.5213 0.254962 -0.0629841 -0 118.894 456 307429
-2.85145 6.07578 0.840847 6.7131 -0.438799 0.0209824 1.55627 119.207 447 307429
-2.95706 6.00035 1.26339 6.7131 -0.457883 0.0840222 1.55627 116.582 433 307429
-2.95706 6.02509 0.840847 6.7131 -0.456253 0.0209824 1.55627 120.707 455 307429
-2.85145 6.05125 1.26339 6.7131 -0.440357 0.0840222 1.34406 119.207 447 307429
-2.85145 6.06271 1.12254 6.7131 -0.439628 0.0629841 1.34406 116.957 435 307429
-2.95706 5.98545 1.40423 6.7131 -0.458869 0.105098 1.34406 116.019 430 307429
-2.95706 6.00035 1.26339 6.7131 -0.457883 0.0840222 1.34406 120.144 452 307429
-2.95706 6.01191 1.12254 6.7131 -0.45712 0.0629841 1.34406 115.832 429 307429
-2.85145 6.05125 1.26339 6.7131 -0.440357 0.0840222 1.48553 129.519 502 307429
-2.85145 6.06271 1.12254 6.7131 -0.439628 0.0629841 1.48553 128.019 494 307429
-2.95706 6.00035 1.26339 6.7131 -0.457883 0.0840222 1.48553 129.707 503 307429
-2.95706 6.01191 1.12254 6.7131 -0.45712 0.0629841 1.48553 129.144 500 307429
-2.85145 6.05125 1.26339 6.7131 -0.440357 0.0840222 1.41479 131.394 512 307429
-2.85145 6.06271 1.12254 6.7131 -0.439628 0.0629841 1.41479 128.957 499 307429
-2.95706 6.00035 1.26339 6.7131 -0.457883 0.0840222 1.41479 131.582 513 307429
-2.95706 6.01191 1.12254 6.7131 -0.45712 0.0629841 1.41479 129.144 500 307429
1.79536 6.46857 0.7 6.7131 0.270736 0 0.0707397 121.269 458 307429
1.68975 6.49696 0.7 6.7131 0.254446 0 0.0707397 122.957 467 307429
1.79536 6.46857 0.7 6.7131 0.270736 0 -0 128.207 495 307429
1.68975 6.49696 0.7 6.7131 0.254446 0 -0 129.519 502 307429
1.68975 6.49544 0.559153 6.7131 0.254503 -0.0209824 -0 125.019 478 307429
1.68975 6.49544 0.840847 6.7131 0.254503 0.0209824 -0 125.207 479 307429
1.68975 6.49696 0.7 6.7131 0.254446 0 -0.0707397 122.582 465 307429
1.84665 6.65339 0.7 6.90491 0.270736 0 0.0707397 123.894 472 307429
1.73803 6.68259 0.7 6.90491 0.254446 0 0.0707397 124.457 475 307429
1.84665 6.65339 0.7 6.90491 0.270736 0 -0 131.582 513 307429
1.73803 6.68259 0.7 6.90491 0.254446 0 -0 132.519 518 307429
1.73803 6.68102 0.555129 6.90491 0.254503 -0.0209824 -0 128.582 497 307429
1.84665 6.65339 0.7 6.90491 0.270736 0 -0.0707397 125.207 479 307429
1.84665 6.65181 0.555129 6.90491 0.270797 -0.0209824 -0.0707397 121.269 458 307429
1.73803 6.68259 0.7 6.90491 0.254446 0 -0.0707397 126.144 484 307429
1.73803 6.68102 0.555129 6.90491 0.254503 -0.0209824 -0.0707397 122.394 464 307429
1.73803 6.68102 0.844871 6.90491 0.254503 0.0209824 -0.0707397 121.832 461 307429
1.78631 6.85368 0.253315 7.09671 0.254962 -0.0629841 -0 121.644 460 307429
1.67466 6.88986 0.40221 7.09671 0.238438 -0.041974 -0 121.082 457 307429
1.67466 6.88181 0.253315 7.09671 0.238706 -0.0629841 -0 125.207 479 307429
1.56302 6.90802 0.253315 7.09671 0.222515 -0.0629841 -0 123.894 472 307429
1.83458 7.05384 0.7 7.28851 0.254446 0 -0 121.082 457 307429
3.05965 6.8097 0.22917 7.48032 0.422278 -0.0629841 -0 113.144 404 307429
2.41393 7.26644 0.217098 7.67212 0.320732 -0.0629841 -0 113.332 405 307429
1.44836 7.51868 0.217098 7.67212 0.190303 -0.0629841 -0 118.582 433 307429
1.20696 7.56974 0.378065 7.67212 0.158115 -0.041974 -0 112.582 401 307429
1.20696 7.56118 0.217098 7.67212 0.158291 -0.0629841 -0 113.332 405 307429
2.84542 7.32366 0.370017 7.86392 0.370574 -0.041974 0.0707397 110.707 391 307429
2.84542 7.31436 0.205025 7.86392 0.371003 -0.0629841 0.0707397 113.332 405 307429
2.47427 7.45723 0.370017 7.86392 0.320366 -0.041974 0.0707397 115.207 415 307429
2.47427 7.4481 0.205025 7.86392 0.320732 -0.0629841 0.0707397 116.332 421 307429
1.85571 7.64005 0.535008 7.86392 0.238277 -0.0209824 -0 126.832 477 307429
1.85571 7.63471 0.370017 7.86392 0.238438 -0.041974 -0 127.207 479 307429
1.73199 7.66904 0.535008 7.86392 0.222116 -0.0209824 -0 124.019 462 307429
1.73199 7.66372 0.370017 7.86392 0.222265 -0.041974 -0 124.582 465 307429
2.84542 7.32366 0.370017 7.86392 0.370574 -0.041974 -0.0707397 110.519 390 307429
2.84542 7.31436 0.205025 7.86392 0.371003 -0.0629841 -0.0707397 112.582 401 307429
2.47427 7.45723 0.370017 7.86392 0.320366 -0.041974 -0.0707397 114.644 412 307429
2.47427 7.4481 0.205025 7.86392 0.320732 -0.0629841 -0.0707397 115.582 417 307429
2.0277 7.78902 0.361968 8.05573 0.254675 -0.041974 0.0707397 126.457 475 307429
1.90097 7.8264 0.530984 8.05573 0.238277 -0.0209824 0.0707397 126.832 477 307429
1.90097 7.82092 0.361968 8.05573 0.238438 -0.041974 0.0707397 131.894 504 307429
1.90097 7.81178 0.192952 8.05573 0.238706 -0.0629841 0.0707397 128.707 487 307429
1.77424 7.85064 0.361968 8.05573 0.222265 -0.041974 0.0707397 127.957 483 307429
1.90097 7.8264 0.530984 8.05573 0.238277 -0.0209824 -0 134.332 517 307429
1.90097 7.82092 0.361968 8.05573 0.238438 -0.041974 -0 139.394 544 307429
1.90097 7.81178 0.192952 8.05573 0.238706 -0.0629841 -0 136.394 528 307429
1.77424 7.85064 0.361968 8.05573 0.222265 -0.041974 -0 135.457 523 307429
1.90097 7.8264 0.530984 8.05573 0.238277 -0.0209824 -0.0707397 127.394 480 307429
1.90097 7.82092 0.361968 8.05573 0.238438 -0.041974 -0.0707397 132.457 507 307429
1.90097 7.81178 0.192952 8.05573 0.238706 -0.0629841 -0.0707397 129.457 491 307429
1.77424 7.85064 0.361968 8.05573 0.222265 -0.041974 -0.0707397 128.519 486 307429
1.94623 8.00713 0.35392 8.24753 0.238438 -0.041974 0.0707397 125.207 463 307429
1.94623 8.00713 0.35392 8.24753 0.238438 -0.041974 -0 133.269 506 307429
1.94623 7.99778 0.18088 8.24753 0.238706 -0.0629841 -0 131.582 497 307429
1.81648 8.03756 0.35392 8.24753 0.222265 -0.041974 -0 128.582 481 307429
1.94623 8.00713 0.35392 8.24753 0.238438 -0.041974 -0.0707397 126.894 472 307429
1.94623 7.99778 0.18088 8.24753 0.238706 -0.0629841 -0.0707397 125.582 465 307429
1.99149 8.19334 0.345872 8.43933 0.238438 -0.041974 -0 124.644 460 307429
1.46043 8.30446 0.345872 8.43933 0.17408 -0.041974 -0 117.144 420 307429
1.46043 8.29502 0.168807 8.43933 0.174275 -0.0629841 -0 117.707 423 307429
2.4441 8.26993 0.337823 8.63113 0.287361 -0.041974 -0 119.957 435 307429
1.6294 8.4682 0.337823 8.63113 0.190091 -0.041974 -0 121.644 444 307429
1.49362 8.4932 0.337823 8.63113 0.17408 -0.041974 -0 119.582 433 307429
4.68 7.69546 0.321726 9.01474 0.546391 -0.041974 -0 114.457 395 307429
3.26182 8.39541 0.321726 9.01474 0.370574 -0.041974 -0 115.582 401 307429
3.12 8.44914 0.321726 9.01474 0.353736 -0.041974 -0 118.582 417 307429
3.76573 8.39229 0.313678 9.20654 0.421783 -0.041974 -0 117.269 410 307429
3.62089 8.45579 0.313678 9.20654 0.40459 -0.041974 -0 120.644 428 307429
3.62089 8.44475 0.120517 9.20654 0.405063 -0.0629841 -0 116.707 407 307429
3.47605 8.51635 0.313678 9.20654 0.387523 -0.041974 -0 117.082 409 307429
4.28774 8.35396 0.30563 9.39835 0.474198 -0.041974 -0 121.957 435 307429
3.8472 8.9913 0.494766 9.78195 0.404307 -0.0209824 -0 119.582 417 307429
3.8472 8.98427 0.289533 9.78195 0.40459 -0.041974 -0 120.894 424 307429
3.69331 9.0556 0.494766 9.78195 0.387253 -0.0209824 -0 118.269 410 307429
3.69331 9.04862 0.289533 9.78195 0.387523 -0.041974 -0 119.582 417 307429
-1.72596 9.82105 0.490742 9.97375 -0.173964 -0.0209824 -0 114.332 389 307429
-2.03977 9.7607 0.490742 9.97375 -0.206013 -0.0209824 -0 117.519 406 307429
-2.3234 10.2806 0.257339 10.5492 -0.222265 -0.041974 -0 122.082 425 307429
-2.48936 10.2417 0.257339 10.5492 -0.238438 -0.041974 -0 121.332 421 307429
8.13192 6.71624 0.47867 10.5492 0.880455 -0.0209824 -0 121.332 421 307429
8.13192 6.70529 0.257339 10.5492 0.881256 -0.041974 -0 124.519 438 307429
8.13192 6.70529 0.257339 10.5492 0.881256 -0.041974 -0.0707397 118.332 405 307429
6.23095 9.44348 0.462573 11.3164 0.583244 -0.0209824 0.0707397 118.582 401 307429
6.23095 9.43452 0.225146 11.3164 0.58368 -0.041974 0.0707397 118.582 401 307429
6.05292 9.55856 0.462573 11.3164 0.564507 -0.0209824 0.0707397 123.644 428 307429
6.05292 9.54971 0.225146 11.3164 0.564926 -0.041974 0.0707397 125.144 436 307429
6.05292 9.55856 0.462573 11.3164 0.564507 -0.0209824 -0 131.519 470 307429
6.05292 9.54971 0.225146 11.3164 0.564926 -0.041974 -0 132.832 477 307429
6.05292 9.55856 0.462573 11.3164 0.564507 -0.0209824 -0.0707397 124.582 433 307429
6.05292 9.54971 0.225146 11.3164 0.564926 -0.041974 -0.0707397 125.894 440 307429
6.15551 9.71157 0.217098 11.5082 0.564926 -0.041974 -0 121.957 419 307429
5.97447 9.53489 3.11451 11.5082 0.559742 0.211379 -0 121.582 417 307429
5.97447 9.59279 2.87306 11.5082 0.557021 0.189968 -0 123.832 429 307429
1.39404 12.5708 0.168807 12.659 0.110444 -0.041974 -0 120.519 406 307429
6.15551 11.4954 0.426355 13.0426 0.491624 -0.0209824 -0 140.082 505 307429
5.95033 11.6029 0.426355 13.0426 0.473858 -0.0209824 -0 138.207 495 307429
6.24604 11.6645 0.422331 13.2344 0.491624 -0.0209824 -0 144.207 527 307429
6.24604 11.6545 0.144662 13.2344 0.491978 -0.041974 -0 141.207 511 307429
6.03783 11.7736 0.422331 13.2344 0.473858 -0.0209824 -0 142.144 516 307429
6.03783 11.7637 0.144662 13.2344 0.474198 -0.041974 -0 138.582 497 307429
6.33656 11.8335 0.418307 13.4262 0.491624 -0.0209824 0.0707397 145.894 536 307429
6.33656 11.8234 0.136614 13.4262 0.491978 -0.041974 0.0707397 142.144 516 307429
6.12534 11.9442 0.418307 13.4262 0.473858 -0.0209824 0.0707397 143.644 524 307429
6.33656 11.8335 0.418307 13.4262 0.491624 -0.0209824 -0 153.582 577 307429
6.33656 11.8234 0.136614 13.4262 0.491978 -0.041974 -0 150.019 558 307429
6.12534 11.9442 0.418307 13.4262 0.473858 -0.0209824 -0 151.332 565 307429
6.33656 11.8335 0.418307 13.4262 0.491624 -0.0209824 -0.0707397 146.832 541 307429
6.33656 11.8234 0.136614 13.4262 0.491978 -0.041974 -0.0707397 143.082 521 307429
6.12534 11.9442 0.418307 13.4262 0.473858 -0.0209824 -0.0707397 144.582 529 307429
6.42708 12.0026 0.414283 13.618 0.491624 -0.0209824 -0 141.457 507 307429
6.42708 11.8382 2.70002 13.618 0.497384 0.147399 -0 139.957 499 307429
6.21284 12.1148 0.414283 13.618 0.473858 -0.0209824 -0 139.207 495 307429
6.21284 11.9007 2.98574 13.618 0.481138 0.168645 -0 138.269 490 307429
6.21284 11.952 2.70002 13.618 0.479374 0.147399 -0 142.394 512 307429
6.5176 12.1716 0.410259 13.8098 0.491624 -0.0209824 -0 138.644 492 307429
6.1193 13.6519 0.7 14.9606 0.421388 0 -0 132.332 453 307429
6.1193 13.6483 0.386113 14.9606 0.421486 -0.0209824 -0 129.707 439 307429
5.88395 13.755 0.7 14.9606 0.404213 0 -0 129.332 437 307429
-7.15126 13.2981 -0.571643 15.1524 -0.493402 -0.0840222 -0 127.332 421 307429
-7.38963 13.2284 0.7 15.1524 -0.509437 0 -0 128.644 428 307429
-7.38963 13.2245 0.382089 15.1524 -0.50956 -0.0209824 -0 128.082 425 307429
-7.38963 13.1939 -0.253732 15.1524 -0.510548 -0.0629841 -0 126.582 417 307429
-7.38963 13.1671 -0.571643 15.1524 -0.511416 -0.0840222 -0 131.269 442 307429
-7.38963 13.1325 -0.889554 15.1524 -0.512539 -0.105098 -0 126.394 416 307429
6.82538 15.2271 0.7 16.6869 0.421388 0 0.0707397 146.144 516 307429
6.56286 15.3421 0.7 16.6869 0.404213 0 0.0707397 149.894 536 307429
6.56286 15.3381 1.0501 16.6869 0.404307 0.0209824 0.0707397 149.707 535 307429
6.82538 15.2271 0.7 16.6869 0.421388 0 -0 153.832 557 307429
6.56286 15.3421 0.7 16.6869 0.404213 0 -0 157.394 576 307429
6.56286 15.3381 1.0501 16.6869 0.404307 0.0209824 -0 157.207 575 307429
6.82538 15.2271 0.7 16.6869 0.421388 0 -0.0707397 146.519 518 307429
6.56286 15.3421 0.7 16.6869 0.404213 0 -0.0707397 150.269 538 307429
6.56286 15.3381 1.0501 16.6869 0.404307 0.0209824 -0.0707397 150.082 537 307429
6.6383 15.5184 0.7 16.8787 0.404213 0 0.0707397 149.894 536 307429
6.6383 15.5144 1.05413 16.8787 0.404307 0.0209824 0.0707397 149.332 533 307429
6.6383 15.5184 0.7 16.8787 0.404213 0 -0 157.957 579 307429
6.6383 15.5144 1.05413 16.8787 0.404307 0.0209824 -0 157.582 577 307429
6.6383 15.5184 0.7 16.8787 0.404213 0 -0.0707397 151.207 543 307429
6.6383 15.5144 1.05413 16.8787 0.404307 0.0209824 -0.0707397 150.832 541 307429
6.73486 16.5174 0.7 17.8377 0.387164 0 0.0707397 148.832 525 307429
6.73486 16.5132 0.325751 17.8377 0.387253 -0.0209824 0.0707397 149.207 527 307429
6.45424 16.6291 0.7 17.8377 0.370232 0 0.0707397 145.832 509 307429
6.45424 16.6248 0.325751 17.8377 0.370317 -0.0209824 0.0707397 146.207 511 307429
6.73486 16.5174 0.7 17.8377 0.387164 0 -0 156.332 565 307429
6.73486 16.5132 0.325751 17.8377 0.387253 -0.0209824 -0 156.707 567 307429
6.45424 16.6291 0.7 17.8377 0.370232 0 -0 153.144 548 307429
6.45424 16.6248 0.325751 17.8377 0.370317 -0.0209824 -0 153.332 549 307429
6.73486 16.5174 0.7 17.8377 0.387164 0 -0.0707397 149.207 527 307429
6.73486 16.5132 0.325751 17.8377 0.387253 -0.0209824 -0.0707397 149.582 529 307429
6.45424 16.6291 0.7 17.8377 0.370232 0 -0.0707397 145.832 509 307429
6.45424 16.6248 0.325751 17.8377 0.370317 -0.0209824 -0.0707397 146.207 511 307429
6.80727 16.695 0.7 18.0295 0.387164 0 0.0707397 142.644 492 307429
6.80727 16.6907 0.321726 18.0295 0.387253 -0.0209824 0.0707397 142.832 493 307429
6.80727 16.695 0.7 18.0295 0.387164 0 -0 150.519 534 307429
6.80727 16.6907 0.321726 18.0295 0.387253 -0.0209824 -0 151.082 537 307429
6.52364 16.8079 0.7 18.0295 0.370232 0 -0 147.332 517 307429
6.52364 16.8036 0.321726 18.0295 0.370317 -0.0209824 -0 147.519 518 307429
6.80727 16.695 0.7 18.0295 0.387164 0 -0.0707397 144.332 501 307429
6.80727 16.6907 0.321726 18.0295 0.387253 -0.0209824 -0.0707397 144.894 504 307429
6.87969 16.8726 0.7 18.2213 0.387164 0 -0 146.832 509 307429
6.87969 16.8683 0.317702 18.2213 0.387253 -0.0209824 -0 145.707 503 307429
6.59304 16.9867 0.7 18.2213 0.370232 0 -0 146.457 507 307429
6.59304 16.9824 0.317702 18.2213 0.370317 -0.0209824 -0 145.707 503 307429
3.04758 19.1309 0.7 19.3721 0.157974 0 0.0707397 138.082 457 307429
2.74282 19.1769 0.7 19.3721 0.142064 0 0.0707397 138.832 461 307429
6.46329 18.4654 0.7 19.5639 0.336693 0 -0 152.707 535 307429
6.46329 18.4609 0.289533 19.5639 0.336771 -0.0209824 -0 153.082 537 307429
6.15551 18.5658 0.289533 19.5639 0.320146 -0.0209824 -0 151.019 526 307429
6.21586 18.7524 0.7 19.7557 0.320073 0 -0 152.332 533 307429
5.90507 18.8525 0.7 19.7557 0.303544 0 -0 151.582 529 307429
6.27621 18.9344 0.7 19.9475 0.320073 0 0.0707397 159.644 572 307429
6.27621 18.9298 0.281485 19.9475 0.320146 -0.0209824 0.0707397 155.519 550 307429
6.27621 18.9298 1.11852 19.9475 0.320146 0.0209824 0.0707397 155.707 551 307429
5.9624 19.0356 0.7 19.9475 0.303544 0 0.0707397 158.707 567 307429
6.27621 18.9344 0.7 19.9475 0.320073 0 -0 167.144 612 307429
6.27621 18.9298 0.281485 19.9475 0.320146 -0.0209824 -0 163.207 591 307429
6.27621 18.9298 1.11852 19.9475 0.320146 0.0209824 -0 163.207 591 307429
5.9624 19.0356 0.7 19.9475 0.303544 0 -0 166.207 607 307429
6.27621 18.9344 0.7 19.9475 0.320073 0 -0.0707397 160.394 576 307429
6.27621 18.9298 0.281485 19.9475 0.320146 -0.0209824 -0.0707397 156.457 555 307429
6.27621 18.9298 1.11852 19.9475 0.320146 0.0209824 -0.0707397 156.269 554 307429
5.9624 19.0356 0.7 19.9475 0.303544 0 -0.0707397 159.269 570 307429
6.33656 19.1165 0.7 20.1393 0.320073 0 0.0707397 153.644 540 307429
6.01973 19.2186 0.7 20.1393 0.303544 0 0.0707397 151.207 527 307429
6.33656 19.1165 0.7 20.1393 0.320073 0 -0 161.707 583 307429
6.33656 19.1118 0.27746 20.1393 0.320146 -0.0209824 -0 157.957 563 307429
6.33656 19.1118 1.12254 20.1393 0.320146 0.0209824 -0 157.957 563 307429
6.01973 19.2186 0.7 20.1393 0.303544 0 -0 160.394 576 307429
6.33656 19.1165 0.7 20.1393 0.320073 0 -0.0707397 155.519 550 307429
6.01973 19.2186 0.7 20.1393 0.303544 0 -0.0707397 154.394 544 307429
6.07706 19.4016 0.7 20.3311 0.303544 0 -0 151.394 528 307429
1.59923 20.2681 0.7 20.3311 0.0787404 0 -0 146.144 500 307429
1.59923 20.2636 1.12656 20.3311 0.0787578 0.0209824 -0 145.582 497 307429
1.93718 20.4268 1.13059 20.5229 0.0945525 0.0209824 -0 148.269 506 307429
1.61431 20.4548 1.13059 20.5229 0.0787578 0.0209824 -0 149.207 511 307429
1.29145 20.4822 0.7 20.5229 0.0629689 0 -0 152.019 526 307429
1.29145 20.4777 1.13059 20.5229 0.0629827 0.0209824 -0 150.707 519 307429
0.968588 20.5 0.7 20.5229 0.047213 0 -0 148.644 508 307429
1.95528 20.6222 0.7 20.7147 0.0945316 0 0.0707397 151.082 521 307429
1.95528 20.6177 1.13461 20.7147 0.0945525 0.0209824 0.0707397 154.457 539 307429
1.6294 20.6505 0.7 20.7147 0.0787404 0 0.0707397 152.394 528 307429
1.6294 20.646 1.13461 20.7147 0.0787578 0.0209824 0.0707397 154.457 539 307429
1.95528 20.6222 0.7 20.7147 0.0945316 0 -0 159.332 565 307429
1.95528 20.6177 1.13461 20.7147 0.0945525 0.0209824 -0 162.144 580 307429
1.6294 20.6505 0.7 20.7147 0.0787404 0 -0 160.082 569 307429
1.6294 20.646 1.13461 20.7147 0.0787578 0.0209824 -0 162.144 580 307429
1.95528 20.6222 0.7 20.7147 0.0945316 0 -0.0707397 151.644 524 307429
1.95528 20.6177 1.13461 20.7147 0.0945525 0.0209824 -0.0707397 154.832 541 307429
1.6294 20.6505 0.7 20.7147 0.0787404 0 -0.0707397 152.207 527 307429
1.6294 20.646 1.13461 20.7147 0.0787578 0.0209824 -0.0707397 154.644 540 307429
4.93346 20.3161 0.7 20.9065 0.238224 0 0.0707397 147.144 500 307429
4.93346 20.3114 1.13864 20.9065 0.238277 0.0209824 0.0707397 147.894 504 307429
4.60457 20.3884 1.13864 20.9065 0.222116 0.0209824 0.0707397 145.832 493 307429
4.93346 20.3161 0.7 20.9065 0.238224 0 -0 155.207 543 307429
4.93346 20.3114 1.13864 20.9065 0.238277 0.0209824 -0 156.144 548 307429
1.64449 20.8371 1.13864 20.9065 0.0787578 0.0209824 -0 155.019 542 307429
4.93346 20.3161 0.7 20.9065 0.238224 0 -0.0707397 148.832 509 307429
4.93346 20.3114 1.13864 20.9065 0.238277 0.0209824 -0.0707397 149.957 515 307429
4.60457 20.3884 1.13864 20.9065 0.222116 0.0209824 -0.0707397 147.707 503 307429
1.64449 20.8417 0.7 20.9065 0.0787404 0 -0.0707397 147.894 504 307429
1.64449 20.8371 1.13864 20.9065 0.0787578 0.0209824 -0.0707397 148.457 507 307429
1.99149 21.0041 0.7 21.0983 0.0945316 0 -0 147.519 502 307429
1.99149 20.9995 1.14266 21.0983 0.0945525 0.0209824 -0 151.832 525 307429
1.65957 21.0283 1.14266 21.0983 0.0787578 0.0209824 -0 151.457 523 307429
5.02398 20.684 1.14668 21.2901 0.238277 0.0209824 -0 145.457 491 307429
3.68426 20.9499 1.59337 21.2901 0.17408 0.041974 -0 145.644 492 307429
3.68426 20.9642 1.14668 21.2901 0.173964 0.0209824 -0 144.332 485 307429
1.67466 21.2242 0.7 21.2901 0.0787404 0 -0 146.019 494 307429
1.67466 21.2195 1.14668 21.2901 0.0787578 0.0209824 -0 146.019 494 307429
3.71745 21.153 1.15071 21.4819 0.173964 0.0209824 0.0707397 148.457 507 307429
1.3518 21.4394 0.7 21.4819 0.0629689 0 0.0707397 151.082 521 307429
1.3518 21.4346 0.249291 21.4819 0.0629827 -0.0209824 0.0707397 148.269 506 307429
1.3518 21.4346 1.15071 21.4819 0.0629827 0.0209824 0.0707397 149.394 512 307429
1.01385 21.458 0.7 21.4819 0.047213 0 0.0707397 147.894 504 307429
1.3518 21.4394 0.7 21.4819 0.0629689 0 -0 158.582 561 307429
1.3518 21.4346 1.15071 21.4819 0.0629827 0.0209824 -0 157.082 553 307429
3.71745 21.153 1.15071 21.4819 0.173964 0.0209824 -0.0707397 149.394 512 307429
1.3518 21.4394 0.7 21.4819 0.0629689 0 -0.0707397 151.457 523 307429
1.3518 21.4346 0.249291 21.4819 0.0629827 -0.0209824 -0.0707397 148.644 508 307429
1.3518 21.4346 1.15071 21.4819 0.0629827 0.0209824 -0.0707397 149.957 515 307429
1.36387 21.6308 0.7 21.6737 0.0629689 0 0.0707397 146.019 494 307429
1.36387 21.6308 0.7 21.6737 0.0629689 0 -0 154.082 537 307429
1.36387 21.6308 0.7 21.6737 0.0629689 0 -0.0707397 147.894 504 307429
5.15977 21.2431 1.15876 21.8655 0.238277 0.0209824 0.0707397 149.019 510 307429
4.81578 21.3089 1.61751 21.8655 0.222265 0.041974 0.0707397 149.957 515 307429
4.81578 21.3237 1.15876 21.8655 0.222116 0.0209824 0.0707397 153.894 536 307429
4.4718 21.3985 1.15876 21.8655 0.206013 0.0209824 0.0707397 149.394 512 307429
5.15977 21.2431 1.15876 21.8655 0.238277 0.0209824 -0 156.519 550 307429
4.81578 21.3089 1.61751 21.8655 0.222265 0.041974 -0 157.832 557 307429
4.81578 21.3237 1.15876 21.8655 0.222116 0.0209824 -0 161.582 577 307429
4.4718 21.3985 1.15876 21.8655 0.206013 0.0209824 -0 156.894 552 307429
5.15977 21.2431 1.15876 21.8655 0.238277 0.0209824 -0.0707397 149.207 511 307429
4.81578 21.3089 1.61751 21.8655 0.222265 0.041974 -0.0707397 151.082 521 307429
4.81578 21.3237 1.15876 21.8655 0.222116 0.0209824 -0.0707397 154.832 541 307429
4.4718 21.3985 1.15876 21.8655 0.206013 0.0209824 -0.0707397 150.144 516 307429
4.85803 21.5107 1.16278 22.0573 0.222116 0.0209824 0.0707397 148.332 501 307429
5.20503 21.4294 1.16278 22.0573 0.238277 0.0209824 -0 153.957 531 307429
4.85803 21.4958 1.62556 22.0573 0.222265 0.041974 -0 152.082 521 307429
4.85803 21.5107 1.16278 22.0573 0.222116 0.0209824 -0 157.332 549 307429
5.20503 21.4294 1.16278 22.0573 0.238277 0.0209824 -0.0707397 147.957 499 307429
4.85803 21.4958 1.62556 22.0573 0.222265 0.041974 -0.0707397 146.644 492 307429
4.85803 21.5107 1.16278 22.0573 0.222116 0.0209824 -0.0707397 151.519 518 307429
4.51103 21.5862 1.16278 22.0573 0.206013 0.0209824 -0.0707397 146.082 489 307429
4.90027 21.6827 1.63361 22.2491 0.222265 0.041974 -0 146.269 490 307429
4.90027 21.6978 1.16681 22.2491 0.222116 0.0209824 -0 149.082 505 307429
2.80015 22.0722 0.7 22.2491 0.126189 0 -0 142.519 470 307429
2.80015 22.0673 1.16681 22.2491 0.126217 0.0209824 -0 142.144 468 307429
1.79536 22.7538 0.7 22.8246 0.0787404 0 0.0707397 152.894 520 307429
1.43629 22.7793 0.7 22.8246 0.0629689 0 0.0707397 155.332 533 307429
1.43629 22.7743 1.17888 22.8246 0.0629827 0.0209824 0.0707397 151.207 511 307429
1.07721 22.7991 0.7 22.8246 0.047213 0 0.0707397 152.707 519 307429
1.79536 22.7538 0.7 22.8246 0.0787404 0 -0 160.207 559 307429
1.43629 22.7793 0.7 22.8246 0.0629689 0 -0 162.269 570 307429
1.43629 22.7743 1.17888 22.8246 0.0629827 0.0209824 -0 158.332 549 307429
1.07721 22.7991 0.7 22.8246 0.047213 0 -0 159.644 556 307429
1.79536 22.7538 0.7 22.8246 0.0787404 0 -0.0707397 152.894 520 307429
1.43629 22.7793 0.7 22.8246 0.0629689 0 -0.0707397 154.957 531 307429
1.43629 22.7743 1.17888 22.8246 0.0629827 0.0209824 -0.0707397 151.019 510 307429
1.07721 22.7991 0.7 22.8246 0.047213 0 -0.0707397 152.519 518 307429
1.81044 22.945 0.7 23.0164 0.0787404 0 0.0707397 152.144 516 307429
1.44836 22.9707 0.7 23.0164 0.0629689 0 0.0707397 155.707 535 307429
1.44836 22.9657 1.1829 23.0164 0.0629827 0.0209824 0.0707397 152.332 517 307429
1.08627 22.9907 0.7 23.0164 0.047213 0 0.0707397 154.019 526 307429
1.08627 22.9856 1.1829 23.0164 0.0472234 0.0209824 0.0707397 151.207 511 307429
1.81044 22.945 0.7 23.0164 0.0787404 0 -0 159.832 557 307429
1.44836 22.9707 0.7 23.0164 0.0629689 0 -0 163.394 576 307429
1.44836 22.9657 1.1829 23.0164 0.0629827 0.0209824 -0 160.019 558 307429
1.08627 22.9907 0.7 23.0164 0.047213 0 -0 161.894 568 307429
1.81044 22.945 0.7 23.0164 0.0787404 0 -0.0707397 153.082 521 307429
1.44836 22.9707 0.7 23.0164 0.0629689 0 -0.0707397 156.644 540 307429
1.44836 22.9657 1.1829 23.0164 0.0629827 0.0209824 -0.0707397 153.082 521 307429
1.08627 22.9907 0.7 23.0164 0.047213 0 -0.0707397 154.957 531 307429
1.08627 22.9856 1.1829 23.0164 0.0472234 0.0209824 -0.0707397 152.332 517 307429
-14.4745 18.6295 0.7 23.5918 -0.660537 0 0.0707397 134.144 420 307429
-14.4745 18.623 0.205025 23.5918 -0.660708 -0.0209824 0.0707397 133.582 417 307429
-14.8456 18.3352 0.7 23.5918 -0.680617 0 0.0707397 138.457 443 307429
-14.8456 18.3285 0.205025 23.5918 -0.680795 -0.0209824 0.0707397 136.207 431 307429
-14.8456 18.3352 0.7 23.5918 -0.680617 0 -0 145.582 481 307429
-14.8456 18.3285 0.205025 23.5918 -0.680795 -0.0209824 -0 143.519 470 307429
-13.7322 19.1833 0.7 23.5918 -0.621281 0 -0.0707397 133.957 419 307429
-13.7322 19.1769 1.19497 23.5918 -0.621438 0.0209824 -0.0707397 133.957 419 307429
-14.8456 18.3352 0.7 23.5918 -0.680617 0 -0.0707397 138.269 442 307429
-14.8456 18.3285 0.205025 23.5918 -0.680795 -0.0209824 -0.0707397 136.394 432 307429
-15.2168 18.0283 0.7 23.5918 -0.701029 0 -0.0707397 134.332 421 307429
-7.10901 22.6908 0.201001 23.7836 -0.303613 -0.0209824 0.0707397 136.957 435 307429
-14.5922 18.781 0.7 23.7836 -0.660537 0 0.0707397 139.207 447 307429
-14.9663 18.4842 0.7 23.7836 -0.680617 0 0.0707397 139.582 449 307429
-14.5922 18.781 0.7 23.7836 -0.660537 0 -0 146.332 485 307429
-14.9663 18.4842 0.7 23.7836 -0.680617 0 -0 147.082 489 307429
-14.5922 18.781 0.7 23.7836 -0.660537 0 -0.0707397 139.207 447 307429
-14.9663 18.4842 0.7 23.7836 -0.680617 0 -0.0707397 140.707 455 307429
-14.9663 18.4775 0.201001 23.7836 -0.680795 -0.0209824 -0.0707397 138.082 441 307429
1.52077 24.1193 0.7 24.1672 0.0629689 0 0.0707397 149.144 500 307429
1.52077 24.1139 1.20705 24.1672 0.0629827 0.0209824 0.0707397 147.269 490 307429
1.14058 24.1402 0.7 24.1672 0.047213 0 0.0707397 149.332 501 307429
1.14058 24.1349 1.20705 24.1672 0.0472234 0.0209824 0.0707397 147.457 491 307429
1.52077 24.1193 0.7 24.1672 0.0629689 0 -0 156.457 539 307429
1.52077 24.1139 1.20705 24.1672 0.0629827 0.0209824 -0 154.582 529 307429
1.14058 24.1402 0.7 24.1672 0.047213 0 -0 156.457 539 307429
1.14058 24.1349 1.20705 24.1672 0.0472234 0.0209824 -0 154.582 529 307429
1.52077 24.1193 0.7 24.1672 0.0629689 0 -0.0707397 148.957 499 307429
1.52077 24.1139 1.20705 24.1672 0.0629827 0.0209824 -0.0707397 147.082 489 307429
1.14058 24.1402 0.7 24.1672 0.047213 0 -0.0707397 149.144 500 307429
1.14058 24.1349 1.20705 24.1672 0.0472234 0.0209824 -0.0707397 147.269 490 307429
1.53284 24.3107 0.7 24.359 0.0629689 0 0.0707397 150.519 502 307429
1.53284 24.3053 1.21107 24.359 0.0629827 0.0209824 0.0707397 149.394 496 307429
1.14963 24.3318 0.7 24.359 0.047213 0 0.0707397 150.332 501 307429
1.14963 24.3265 1.21107 24.359 0.0472234 0.0209824 0.0707397 149.019 494 307429
1.53284 24.3107 0.7 24.359 0.0629689 0 -0 158.207 543 307429
1.53284 24.3053 1.21107 24.359 0.0629827 0.0209824 -0 157.082 537 307429
1.14963 24.3318 0.7 24.359 0.047213 0 -0 158.394 544 307429
1.14963 24.3265 1.21107 24.359 0.0472234 0.0209824 -0 156.894 536 307429
1.53284 24.3107 0.7 24.359 0.0629689 0 -0.0707397 151.832 509 307429
1.53284 24.3053 1.21107 24.359 0.0629827 0.0209824 -0.0707397 150.707 503 307429
1.14963 24.3318 0.7 24.359 0.047213 0 -0.0707397 151.832 509 307429
1.14963 24.3265 1.21107 24.359 0.0472234 0.0209824 -0.0707397 150.332 501 307429
-13.1318 20.7436 0.7 24.5508 -0.564368 0 -0 134.207 415 307429
10.0419 22.4031 0.7 24.5508 0.421388 0 -0 135.519 422 307429
9.65571 22.5723 0.7 24.5508 0.404213 0 -0 135.332 421 307429
4.24851 24.1749 1.2151 24.5508 0.173964 0.0209824 -0 134.019 414 307429
3.86228 24.2451 0.7 24.5508 0.157974 0 -0 134.019 414 307429
3.86228 24.2396 1.2151 24.5508 0.158009 0.0209824 -0 135.144 420 307429
3.47605 24.3035 0.7 24.5508 0.142064 0 -0 134.019 414 307429
-15.4159 19.8412 0.7 25.1262 -0.660537 0 -0 134.957 419 307429
-15.8112 19.5277 0.7 25.1262 -0.680617 0 -0 135.332 421 307429
9.48673 23.2664 0.7 25.1262 0.387164 0 -0 136.644 428 307429
9.48673 23.2605 1.22717 25.1262 0.387253 0.0209824 -0 134.957 419 307429
9.09145 23.4237 0.7 25.1262 0.370232 0 -0 137.957 435 307429
9.09145 23.4178 0.172832 25.1262 0.370317 -0.0209824 -0 135.519 422 307429
11.1523 22.7232 1.23119 25.318 0.456253 0.0209824 0.0707397 134.207 415 307429
11.1523 22.7294 0.7 25.318 0.456145 0 -0 138.332 437 307429
11.1523 22.7046 1.76239 25.318 0.456578 0.041974 -0 139.644 444 307429
11.1523 22.7232 1.23119 25.318 0.456253 0.0209824 -0 140.957 451 307429
-16.294 20.124 0.7 25.8934 -0.680617 0 0.0707397 135.207 415 307429
-16.7014 19.7872 0.7 25.8934 -0.701029 0 0.0707397 136.144 420 307429
-16.294 20.124 0.7 25.8934 -0.680617 0 -0 141.394 448 307429
-16.294 20.1166 0.156735 25.8934 -0.680795 -0.0209824 -0 139.519 438 307429
-16.7014 19.7872 0.7 25.8934 -0.701029 0 -0 142.707 455 307429
-16.7014 19.7797 0.156735 25.8934 -0.701215 -0.0209824 -0 141.394 448 307429
-16.7014 19.7872 0.7 25.8934 -0.701029 0 -0.0707397 135.957 419 307429
-16.4147 20.273 0.7 26.0852 -0.680617 0 0.0707397 142.332 453 307429
-16.4147 20.2656 0.152711 26.0852 -0.680795 -0.0209824 0.0707397 139.894 440 307429
-16.8251 19.9338 0.7 26.0852 -0.701029 0 0.0707397 142.707 455 307429
-16.8251 19.9263 0.152711 26.0852 -0.701215 -0.0209824 0.0707397 140.644 444 307429
-16.4147 20.273 0.7 26.0852 -0.680617 0 -0 150.019 494 307429
-16.4147 20.2656 0.152711 26.0852 -0.680795 -0.0209824 -0 147.394 480 307429
-16.8251 19.9338 0.7 26.0852 -0.701029 0 -0 150.207 495 307429
-16.8251 19.9263 0.152711 26.0852 -0.701215 -0.0209824 -0 148.144 484 307429
-16.4147 20.273 0.7 26.0852 -0.680617 0 -0.0707397 142.894 456 307429
-16.4147 20.2656 0.152711 26.0852 -0.680795 -0.0209824 -0.0707397 140.269 442 307429
-16.8251 19.9338 0.7 26.0852 -0.701029 0 -0.0707397 143.269 458 307429
-16.8251 19.9263 0.152711 26.0852 -0.701215 -0.0209824 -0.0707397 141.207 447 307429
6.71072 25.583 4.05617 26.6606 0.256532 0.12622 -0 137.269 426 307429
6.2913 25.6894 4.05617 26.6606 0.240172 0.12622 -0 138.957 435 307429
6.75899 25.8347 3.51693 26.8524 0.255889 0.105098 0.0707397 135.207 415 307429
6.75899 25.7671 4.08032 26.8524 0.256532 0.12622 -0 141.207 447 307429
6.75899 25.8347 3.51693 26.8524 0.255889 0.105098 -0 142.332 453 307429
6.33656 25.8742 4.08032 26.8524 0.240172 0.12622 -0 141.207 447 307429
6.33656 25.9416 3.51693 26.8524 0.239572 0.105098 -0 142.894 456 307429
-15.2077 22.1309 0.7 26.8524 -0.602065 0 -0.0707397 132.019 398 307429
6.75899 25.8347 3.51693 26.8524 0.255889 0.105098 -0.0707397 135.207 415 307429
-15.5336 22.6051 0.7 27.4278 -0.602065 0 -0 135.457 411 307429
-15.9651 22.3025 0.7 27.4278 -0.621281 0 -0 139.019 430 307429
-15.9651 22.2951 0.124541 27.4278 -0.621438 -0.0209824 -0 136.019 414 307429
-16.3966 21.9872 0.7 27.4278 -0.640765 0 -0 137.707 423 307429
-16.3966 21.9797 0.124541 27.4278 -0.640929 -0.0209824 -0 136.019 414 307429
10.4282 25.5753 0.7 27.6196 0.387164 0 0.0707397 136.582 417 307429
10.8627 25.3938 0.7 27.6196 0.404213 0 -0 142.019 446 307429
10.4282 25.5753 0.7 27.6196 0.387164 0 -0 143.707 455 307429
10.8627 25.3938 0.7 27.6196 0.404213 0 -0.0707397 135.457 411 307429
10.4282 25.5753 0.7 27.6196 0.387164 0 -0.0707397 136.582 417 307429
11.089 25.9229 0.7 28.195 0.404213 0 -0 140.519 438 307429
10.6454 26.1081 0.7 28.195 0.387164 0 -0 141.269 442 307429
6.65339 26.1171 8.98178 28.195 0.249446 0.298128 -0 142.207 447 307429
6.20983 26.2261 8.98178 28.195 0.232498 0.298128 -0 141.269 442 307429
10.6454 26.1081 0.7 28.195 0.387164 0 -0.0707397 135.457 411 307429
-16.0768 23.3955 0.7 28.3868 -0.602065 0 -0 141.457 443 307429
-16.0768 23.3879 1.29558 28.3868 -0.602216 0.0209824 -0 140.332 437 307429
-16.5233 23.0823 0.7 28.3868 -0.621281 0 -0 141.457 443 307429
-19.6494 20.487 0.7 28.3868 -0.764533 0 -0 141.082 441 307429
-16.4026 23.8698 0.7 28.9622 -0.602065 0 -0 138.894 424 307429
2.73377 28.8329 0.7 28.9622 0.0945316 0 -0 135.894 408 307429
2.73377 28.8265 1.30765 28.9622 0.0945525 0.0209824 -0 137.019 414 307429
-16.0526 24.3366 0.7 29.1541 -0.583099 0 0.0707397 140.019 430 307429
-16.0526 24.3366 0.7 29.1541 -0.583099 0 -0 146.582 465 307429
-16.0526 24.329 1.31168 29.1541 -0.583244 0.0209824 -0 144.707 455 307429
-16.5113 24.0278 0.7 29.1541 -0.602065 0 -0 143.019 446 307429
-16.5113 24.0201 1.31168 29.1541 -0.602216 0.0209824 -0 142.457 443 307429
-16.0526 24.3366 0.7 29.1541 -0.583099 0 -0.0707397 139.644 428 307429
-15.9017 25.1192 0.7 29.7295 -0.564368 0 -0 142.269 442 307429
-16.3694 24.817 0.7 29.7295 -0.583099 0 -0 144.144 452 307429
-16.3694 24.8091 0.076251 29.7295 -0.583244 -0.0209824 -0 141.519 438 307429
3.74159 29.4865 1.32375 29.7295 0.126217 0.0209824 -0 141.519 438 307429
3.27389 29.5421 1.32375 29.7295 0.110371 0.0209824 -0 141.332 437 307429
3.35838 30.3044 1.33985 30.4967 0.110371 0.0209824 -0 143.082 441 307429
2.87861 30.3605 0.7 30.4967 0.0945316 0 -0 143.082 441 307429
2.87861 30.3538 1.33985 30.4967 0.0945525 0.0209824 -0 144.957 451 307429
-7.24178 29.8148 0.0561301 30.6885 -0.238277 -0.0209824 0.0707397 138.394 416 307429
6.27621 30.0398 0.7 30.6885 0.205967 0 -0 155.269 506 307429
6.27621 30.0329 1.34387 30.6885 0.206013 0.0209824 -0 156.019 510 307429
-7.24178 29.8148 0.0561301 30.6885 -0.238277 -0.0209824 -0.0707397 138.957 419 307429
6.84348 30.3091 0.7 31.0721 0.222066 0 0.0707397 158.082 521 307429
6.84348 30.3021 1.35192 31.0721 0.222116 0.0209824 0.0707397 157.894 520 307429
6.35466 30.4153 0.7 31.0721 0.205967 0 0.0707397 160.894 536 307429
6.35466 30.4083 1.35192 31.0721 0.206013 0.0209824 0.0707397 161.269 538 307429
6.84348 30.3091 0.7 31.0721 0.222066 0 -0 166.144 564 307429
6.84348 30.3021 1.35192 31.0721 0.222116 0.0209824 -0 166.144 564 307429
6.35466 30.4153 0.7 31.0721 0.205967 0 -0 169.144 580 307429
6.35466 30.4083 1.35192 31.0721 0.206013 0.0209824 -0 169.332 581 307429
6.84348 30.3091 0.7 31.0721 0.222066 0 -0.0707397 159.582 529 307429
6.84348 30.3021 1.35192 31.0721 0.222116 0.0209824 -0.0707397 159.582 529 307429
6.35466 30.4153 0.7 31.0721 0.205967 0 -0.0707397 162.582 545 307429
6.35466 30.4083 1.35192 31.0721 0.206013 0.0209824 -0.0707397 162.957 547 307429
6.88573 30.4962 0.7 31.2639 0.222066 0 -0 156.207 511 307429
6.88573 30.4891 1.35594 31.2639 0.222116 0.0209824 -0 155.082 505 307429
6.39389 30.6031 0.7 31.2639 0.205967 0 -0 159.207 527 307429
6.39389 30.5961 1.35594 31.2639 0.206013 0.0209824 -0 159.207 527 307429
6.39389 30.6031 0.7 31.2639 0.205967 0 -0.0707397 153.957 499 307429
6.39389 30.5961 1.35594 31.2639 0.206013 0.0209824 -0.0707397 153.582 497 307429
6.92797 30.6833 0.7 31.4557 0.222066 0 -0 153.207 495 307429
6.92797 30.6762 1.35997 31.4557 0.222116 0.0209824 -0 153.582 497 307429
6.43311 30.7908 0.7 31.4557 0.205967 0 -0 154.894 504 307429
6.43311 30.7838 1.35997 31.4557 0.206013 0.0209824 -0 155.644 508 307429
1.48456 31.4206 0.7 31.4557 0.047213 0 -0 153.019 494 307429
1.52077 32.187 0.7 32.2229 0.047213 0 -0 155.644 508 307429
1.52077 32.1799 0.0239366 32.2229 0.0472234 -0.0209824 -0 154.144 500 307429
1.01385 32.2069 0.7 32.2229 0.0314688 0 -0 152.832 493 307429
1.53888 32.5702 0.7 32.6065 0.047213 0 0.0707397 160.894 536 307429
1.53888 32.563 0.0158883 32.6065 0.0472234 -0.0209824 0.0707397 160.144 532 307429
1.02592 32.5904 0.7 32.6065 0.0314688 0 0.0707397 157.894 520 307429
1.02592 32.5832 0.0158883 32.6065 0.0314757 -0.0209824 0.0707397 156.582 513 307429
1.53888 32.5702 0.7 32.6065 0.047213 0 -0 168.394 576 307429
1.53888 32.563 0.0158883 32.6065 0.0472234 -0.0209824 -0 167.457 571 307429
1.02592 32.5904 0.7 32.6065 0.0314688 0 -0 165.394 560 307429
1.02592 32.5832 0.0158883 32.6065 0.0314757 -0.0209824 -0 163.894 552 307429
1.53888 32.5702 0.7 32.6065 0.047213 0 -0.0707397 161.457 539 307429
1.53888 32.563 0.0158883 32.6065 0.0472234 -0.0209824 -0.0707397 160.519 534 307429
1.02592 32.5904 0.7 32.6065 0.0314688 0 -0.0707397 158.457 523 307429
1.02592 32.5832 0.0158883 32.6065 0.0314757 -0.0209824 -0.0707397 157.144 516 307429
1.54793 32.7618 0.7 32.7983 0.047213 0 -0 158.519 518 307429
1.54793 32.7545 0.0118641 32.7983 0.0472234 -0.0209824 -0 159.269 522 307429
1.03195 32.7821 0.7 32.7983 0.0314688 0 -0 154.957 499 307429
1.03195 32.7748 0.0118641 32.7983 0.0314757 -0.0209824 -0 155.519 502 307429
1.54793 32.7545 0.0118641 32.7983 0.0472234 -0.0209824 -0.0707397 153.269 490 307429
-6.74692 32.2854 0.00783986 32.9901 -0.206013 -0.0209824 0.0707397 138.832 413 307429
-7.26592 32.18 0.7 32.9901 -0.222066 0 0.0707397 137.519 406 307429
-7.26592 32.1726 0.00783986 32.9901 -0.222116 -0.0209824 0.0707397 142.019 430 307429
-22.8357 23.5563 4.1608 32.9901 -0.769868 0.105098 0.0707397 137.332 405 307429
-7.26592 32.1726 0.00783986 32.9901 -0.222116 -0.0209824 -0 149.519 470 307429
1.55698 32.9534 0.7 32.9901 0.047213 0 -0 154.207 495 307429
1.55698 32.9461 0.00783986 32.9901 0.0472234 -0.0209824 -0 153.082 489 307429
-6.74692 32.2854 0.00783986 32.9901 -0.206013 -0.0209824 -0.0707397 139.394 416 307429
-7.26592 32.18 0.7 32.9901 -0.222066 0 -0.0707397 137.894 408 307429
-7.26592 32.1726 0.00783986 32.9901 -0.222116 -0.0209824 -0.0707397 142.582 433 307429
-22.8357 23.5563 -2.7608 32.9901 -0.769868 -0.105098 -0.0707397 137.707 407 307429
-22.8357 23.5563 4.1608 32.9901 -0.769868 0.105098 -0.0707397 139.582 417 307429
-23.3547 23.0418 4.1608 32.9901 -0.792142 0.105098 -0.0707397 138.644 412 307429
5.28046 32.96 4.22116 33.5655 0.158858 0.105098 -0 143.707 439 307429
3.69633 33.175 4.22116 33.5655 0.110961 0.105098 -0 144.082 441 307429
5.28046 32.96 4.22116 33.5655 0.158858 0.105098 -0.0707397 137.519 406 307429
4.75242 33.0403 4.22116 33.5655 0.142857 0.105098 -0.0707397 136.582 401 307429
-16.994 29.1592 1.40826 33.7573 -0.527678 0.0209824 0.0707397 132.832 381 307429
-16.463 29.4708 0.7 33.7573 -0.509437 0 -0 137.894 408 307429
-16.463 29.4623 1.40826 33.7573 -0.50956 0.0209824 -0 139.394 416 307429
-16.994 29.1678 0.7 33.7573 -0.52755 0 -0 139.957 419 307429
-16.994 29.1592 1.40826 33.7573 -0.527678 0.0209824 -0 140.332 421 307429
-16.994 29.1592 1.40826 33.7573 -0.527678 0.0209824 -0.0707397 133.207 383 307429
10.2622 32.7631 0.7 34.3327 0.303544 0 -0 137.207 399 307429
10.2622 32.5646 4.30165 34.3327 0.305283 0.105098 -0 136.832 397 307429
19.0097 28.8197 0.7 34.5245 0.583099 0 -0 137.957 403 307429
19.0097 28.8106 -0.0243536 34.5245 0.583244 -0.0209824 -0 138.519 406 307429
18.4665 29.1617 -0.0243536 34.5245 0.564507 -0.0209824 -0 136.082 393 307429
-17.3803 29.8307 0.7 34.5245 -0.52755 0 -0 136.082 393 307429
10.3195 32.7465 4.32177 34.5245 0.305283 0.105098 -0 137.957 403 307429
-16.5656 30.9362 1.43643 35.0999 -0.491624 0.0209824 0.0707397 143.582 433 307429
-17.1178 30.6341 1.43643 35.0999 -0.50956 0.0209824 0.0707397 145.644 444 307429
5.52186 34.5375 3.6457 35.0999 0.158538 0.0840222 0.0707397 143.394 432 307429
-17.1178 30.6341 1.43643 35.0999 -0.50956 0.0209824 -0 152.957 483 307429
5.52186 34.5375 3.6457 35.0999 0.158538 0.0840222 -0 151.644 476 307429
-16.5656 30.9362 1.43643 35.0999 -0.491624 0.0209824 -0.0707397 143.582 433 307429
-17.1178 30.6341 1.43643 35.0999 -0.50956 0.0209824 -0.0707397 145.832 445 307429
5.52186 34.5375 3.6457 35.0999 0.158538 0.0840222 -0.0707397 145.457 443 307429
-7.21764 34.5379 -0.0404503 35.2917 -0.206013 -0.0209824 0.0707397 135.707 391 307429
5.55203 34.6551 4.40225 35.2917 0.158858 0.105098 0.0707397 137.207 399 307429
4.99683 34.6526 5.1427 35.2917 0.143211 0.12622 0.0707397 138.519 406 307429
4.99683 34.7395 4.40225 35.2917 0.142857 0.105098 0.0707397 140.019 414 307429
4.99683 34.8104 3.6618 35.2917 0.14257 0.0840222 0.0707397 137.207 399 307429
4.99683 34.7395 4.40225 35.2917 0.142857 0.105098 -0 147.707 455 307429
5.55203 34.568 5.1427 35.2917 0.159252 0.12622 -0.0707397 138.144 404 307429
5.55203 34.6551 4.40225 35.2917 0.158858 0.105098 -0.0707397 140.394 416 307429
5.55203 34.7262 3.6618 35.2917 0.158538 0.0840222 -0.0707397 138.332 405 307429
4.99683 34.6526 5.1427 35.2917 0.143211 0.12622 -0.0707397 138.332 405 307429
4.99683 34.7395 4.40225 35.2917 0.142857 0.105098 -0.0707397 141.707 423 307429
4.99683 34.8104 3.6618 35.2917 0.14257 0.0840222 -0.0707397 139.269 410 307429
5.64255 35.2924 3.71009 35.8672 0.158538 0.0840222 0.0707397 136.269 394 307429
6.77106 35.0934 3.71009 35.8672 0.190602 0.0840222 -0 146.582 449 307429
6.20681 35.1976 3.71009 35.8672 0.174548 0.0840222 -0 146.019 446 307429
-17.4919 31.3127 0.7 35.8672 -0.509437 0 -0.0707397 137.207 399 307429
5.67273 35.4085 4.48274 36.059 0.158858 0.105098 0.0707397 138.519 406 307429
5.67273 35.4811 3.72619 36.059 0.158538 0.0840222 0.0707397 141.707 423 307429
5.67273 35.5375 2.96964 36.059 0.158291 0.0629841 0.0707397 136.269 394 307429
7.37455 35.1668 3.72619 36.059 0.206706 0.0840222 -0 144.894 440 307429
6.80727 35.281 3.72619 36.059 0.190602 0.0840222 -0 145.269 442 307429
5.67273 35.4811 3.72619 36.059 0.158538 0.0840222 -0 145.832 445 307429
1.72897 36.5855 -0.0686197 36.6344 0.0472234 -0.0209824 0.0707397 148.332 453 307429
1.72897 36.5855 1.46862 36.6344 0.0472234 0.0209824 0.0707397 153.957 483 307429
1.15265 36.6082 1.46862 36.6344 0.0314757 0.0209824 0.0707397 153.957 483 307429
1.72897 36.5855 1.46862 36.6344 0.0472234 0.0209824 -0 160.894 520 307429
1.15265 36.6082 1.46862 36.6344 0.0314757 0.0209824 -0 160.894 520 307429
1.72897 36.5855 1.46862 36.6344 0.0472234 0.0209824 -0.0707397 153.394 480 307429
1.15265 36.6082 1.46862 36.6344 0.0314757 0.0209824 -0.0707397 153.582 481 307429
1.73803 36.777 -0.0726438 36.8262 0.0472234 -0.0209824 0.0707397 153.582 481 307429
1.73803 36.777 1.47264 36.8262 0.0472234 0.0209824 0.0707397 155.832 493 307429
1.15868 36.7998 -0.0726438 36.8262 0.0314757 -0.0209824 0.0707397 152.082 473 307429
1.15868 36.7998 1.47264 36.8262 0.0314757 0.0209824 0.0707397 155.269 490 307429
1.73803 36.777 -0.0726438 36.8262 0.0472234 -0.0209824 -0 161.082 521 307429
1.73803 36.777 1.47264 36.8262 0.0472234 0.0209824 -0 163.332 533 307429
1.15868 36.7998 -0.0726438 36.8262 0.0314757 -0.0209824 -0 159.582 513 307429
1.15868 36.7998 1.47264 36.8262 0.0314757 0.0209824 -0 163.144 532 307429
1.73803 36.777 -0.0726438 36.8262 0.0472234 -0.0209824 -0.0707397 154.332 485 307429
1.73803 36.777 1.47264 36.8262 0.0472234 0.0209824 -0.0707397 156.394 496 307429
1.15868 36.7998 -0.0726438 36.8262 0.0314757 -0.0209824 -0.0707397 152.832 477 307429
1.15868 36.7998 1.47264 36.8262 0.0314757 0.0209824 -0.0707397 156.207 495 307429
5.88395 36.8022 3.83887 37.4016 0.158538 0.0840222 0.0707397 136.707 391 307429
8.23752 36.2716 4.62358 37.4016 0.223319 0.105098 -0 146.832 445 307429
8.23752 36.3479 3.83887 37.4016 0.222865 0.0840222 -0 144.582 433 307429
7.64913 36.4002 4.62358 37.4016 0.207126 0.105098 -0 146.269 442 307429
7.64913 36.4762 3.83887 37.4016 0.206706 0.0840222 -0 144.394 432 307429
8.23752 36.2716 4.62358 37.4016 0.223319 0.105098 -0.0707397 140.269 410 307429
7.64913 36.4002 4.62358 37.4016 0.207126 0.105098 -0.0707397 140.082 409 307429
-6.50553 37.0262 0.7 37.5934 -0.173925 0 0.0707397 135.394 384 307429
-7.09694 36.9174 0.7 37.5934 -0.189921 0 0.0707397 139.332 405 307429
-7.09694 36.909 -0.0887406 37.5934 -0.189964 -0.0209824 0.0707397 136.332 389 307429
-7.09694 36.9174 0.7 37.5934 -0.189921 0 -0 146.644 444 307429
-7.09694 36.909 -0.0887406 37.5934 -0.189964 -0.0209824 -0 143.644 428 307429
-7.09694 36.9174 0.7 37.5934 -0.189921 0 -0.0707397 139.144 404 307429
-7.09694 36.909 -0.0887406 37.5934 -0.189964 -0.0209824 -0.0707397 136.144 388 307429
6.00464 37.4802 4.70407 38.1688 0.158858 0.105098 0.0707397 137.269 394 307429
6.00464 37.5572 3.90325 38.1688 0.158538 0.0840222 0.0707397 137.082 393 307429
-18.0139 33.4977 3.90325 38.1688 -0.493402 0.0840222 -0 137.832 397 307429
-18.6144 33.1678 3.90325 38.1688 -0.511416 0.0840222 -0 137.457 395 307429
6.60511 37.4562 3.90325 38.1688 0.174548 0.0840222 -0 137.832 397 307429
6.00464 37.4802 4.70407 38.1688 0.158858 0.105098 -0 139.519 406 307429
6.00464 37.5572 3.90325 38.1688 0.158538 0.0840222 -0 139.519 406 307429
24.1393 29.8133 0.7 38.3606 0.680617 0 0.0707397 138.207 399 307429
24.1393 29.8024 1.50484 38.3606 0.680795 0.0209824 0.0707397 135.207 383 307429
24.1393 29.8133 0.7 38.3606 0.680617 0 -0 144.582 433 307429
24.1393 29.8133 0.7 38.3606 0.680617 0 -0.0707397 136.144 388 307429
24.5014 30.2494 1.51691 38.936 0.680795 0.0209824 0.0707397 133.207 367 307429
4.28774 38.6906 1.51691 38.936 0.110371 0.0209824 -0.0707397 133.394 368 307429
3.6752 38.7622 0.7 38.936 0.0945316 0 -0.0707397 133.582 369 307429
-15.3888 35.9746 0.7 39.1278 -0.404213 0 0.0707397 134.144 372 307429
-15.3888 35.9652 -0.120934 39.1278 -0.404307 -0.0209824 0.0707397 133.582 369 307429
6.15551 38.6319 1.52093 39.1278 0.158009 0.0209824 0.0707397 135.269 378 307429
5.53996 38.7249 1.52093 39.1278 0.142095 0.0209824 0.0707397 133.957 371 307429
-15.6151 36.5036 0.7 39.7032 -0.404213 0 -0 142.207 415 307429
-15.6151 36.4941 -0.133007 39.7032 -0.404307 -0.0209824 -0 140.707 407 307429
7.49524 38.9804 1.53301 39.7032 0.189964 0.0209824 -0 140.707 407 307429
-6.90383 39.2931 0.7 39.895 -0.173925 0 0.0707397 134.707 375 307429
-15.6905 36.68 0.7 39.895 -0.404213 0 0.0707397 139.957 403 307429
-15.6905 36.68 0.7 39.895 -0.404213 0 -0 145.019 430 307429
-6.90383 39.2931 0.7 39.895 -0.173925 0 -0.0707397 134.894 376 307429
6.27621 39.3894 1.53703 39.895 0.158009 0.0209824 -0.0707397 133.207 367 307429
8.91342 39.3944 3.24731 40.4704 0.222515 0.0629841 -0 139.019 398 307429
8.91342 39.4675 1.5491 40.4704 0.222116 0.0209824 -0 138.644 396 307429
8.27675 39.6059 1.5491 40.4704 0.206013 0.0209824 -0 138.644 396 307429
-15.3526 37.6429 1.55313 40.6622 -0.387253 0.0209824 -0 144.832 429 307429
-15.9923 37.3854 0.7 40.6622 -0.404213 0 -0 145.582 433 307429
-15.9923 37.3756 1.55313 40.6622 -0.404307 0.0209824 -0 147.457 443 307429
-15.9923 37.3756 1.55313 40.6622 -0.404307 0.0209824 -0.0707397 140.894 408 307429
-16.2186 37.9144 0.7 41.2376 -0.404213 0 -0 139.832 397 307429
-16.2186 37.9045 1.5652 41.2376 -0.404307 0.0209824 -0 140.957 403 307429
-20.111 35.9908 1.5652 41.2376 -0.50956 0.0209824 -0 139.082 393 307429
8.47288 40.5445 1.56922 41.4294 0.206013 0.0209824 -0 137.582 385 307429
7.82112 40.6752 1.56922 41.4294 0.189964 0.0209824 -0 138.332 389 307429
7.16936 40.7673 2.43845 41.4294 0.17408 0.041974 -0 137.957 387 307429
7.16936 40.7951 1.56922 41.4294 0.173964 0.0209824 -0 138.894 392 307429
32.3798 26.7573 0.7 42.0049 0.880188 0 -0 138.894 392 307429
31.719 27.5375 0.7 42.0049 0.855848 0 -0 139.269 394 307429
-6.6383 41.6618 1.58532 42.1967 -0.158009 0.0209824 0.0707397 140.207 399 307429
-7.30213 41.5506 1.58532 42.1967 -0.173964 0.0209824 0.0707397 140.019 398 307429
-6.6383 41.6618 1.58532 42.1967 -0.158009 0.0209824 -0 146.582 433 307429
-7.30213 41.5506 1.58532 42.1967 -0.173964 0.0209824 -0 146.394 432 307429
-6.6383 41.6618 1.58532 42.1967 -0.158009 0.0209824 -0.0707397 138.519 390 307429
-7.30213 41.5506 1.58532 42.1967 -0.173964 0.0209824 -0.0707397 138.519 390 307429
29.8723 29.7895 1.58532 42.1967 0.786786 0.0209824 -0.0707397 135.707 375 307429
29.2085 30.4407 1.58532 42.1967 0.764744 0.0209824 -0.0707397 137.019 382 307429
-21.2426 36.4167 2.47064 42.1967 -0.528064 0.041974 -0.0707397 135.519 374 307429
28.9339 31.5004 0.7 42.7721 0.742956 0 0.0707397 142.832 413 307429
28.9339 31.4876 1.59739 42.7721 0.743158 0.0209824 0.0707397 141.519 406 307429
28.261 32.1055 0.7 42.7721 0.721799 0 0.0707397 145.082 425 307429
28.261 32.0929 1.59739 42.7721 0.721993 0.0209824 0.0707397 143.582 417 307429
28.9339 31.5004 0.7 42.7721 0.742956 0 -0 148.832 445 307429
28.9339 31.4876 1.59739 42.7721 0.743158 0.0209824 -0 147.519 438 307429
28.261 32.1055 0.7 42.7721 0.721799 0 -0 151.457 459 307429
28.261 32.0929 1.59739 42.7721 0.721993 0.0209824 -0 149.957 451 307429
28.9339 31.5004 0.7 42.7721 0.742956 0 -0.0707397 140.582 401 307429
28.9339 31.4876 1.59739 42.7721 0.743158 0.0209824 -0.0707397 139.269 394 307429
28.261 32.1055 0.7 42.7721 0.721799 0 -0.0707397 143.582 417 307429
28.261 32.0929 1.59739 42.7721 0.721993 0.0209824 -0.0707397 142.082 409 307429
29.0637 31.6417 0.7 42.9639 0.742956 0 0.0707397 136.832 381 307429
29.0637 31.6288 1.60142 42.9639 0.743158 0.0209824 0.0707397 135.707 375 307429
28.3878 32.2495 0.7 42.9639 0.721799 0 0.0707397 138.894 392 307429
28.3878 32.2369 1.60142 42.9639 0.721993 0.0209824 0.0707397 137.394 384 307429
29.0637 31.6417 0.7 42.9639 0.742956 0 -0 144.144 420 307429
29.0637 31.6288 1.60142 42.9639 0.743158 0.0209824 -0 143.582 417 307429
28.3878 32.2495 0.7 42.9639 0.721799 0 -0 147.144 436 307429
28.3878 32.2369 1.60142 42.9639 0.721993 0.0209824 -0 146.019 430 307429
29.0637 31.6417 0.7 42.9639 0.742956 0 -0.0707397 137.019 382 307429
29.0637 31.6288 1.60142 42.9639 0.743158 0.0209824 -0.0707397 136.457 379 307429
28.3878 32.2495 0.7 42.9639 0.721799 0 -0.0707397 140.207 399 307429
28.3878 32.2369 1.60142 42.9639 0.721993 0.0209824 -0.0707397 138.894 392 307429
6.84952 42.9874 1.61349 43.5393 0.158009 0.0209824 0.0707397 136.707 375 307429
6.16457 43.0619 2.52698 43.5393 0.14219 0.041974 0.0707397 136.519 374 307429
6.16457 43.091 1.61349 43.5393 0.142095 0.0209824 0.0707397 138.957 387 307429
6.84952 42.9874 1.61349 43.5393 0.158009 0.0209824 -0 143.457 411 307429
6.16457 43.0619 2.52698 43.5393 0.14219 0.041974 -0 143.644 412 307429
6.16457 43.091 1.61349 43.5393 0.142095 0.0209824 -0 146.082 425 307429
6.84952 42.9874 1.61349 43.5393 0.158009 0.0209824 -0.0707397 137.082 377 307429
6.16457 43.0619 2.52698 43.5393 0.14219 0.041974 -0.0707397 137.082 377 307429
6.16457 43.091 1.61349 43.5393 0.142095 0.0209824 -0.0707397 139.519 390 307429
28.2067 33.4184 0.7 43.7311 0.701029 0 0.0707397 137.269 378 307429
28.2067 33.4058 1.61751 43.7311 0.701215 0.0209824 0.0707397 136.332 373 307429
6.19172 43.2808 1.61751 43.7311 0.142095 0.0209824 0.0707397 132.394 352 307429
5.50375 43.3737 1.61751 43.7311 0.126217 0.0209824 0.0707397 132.957 355 307429
-24.0789 36.4011 3.45254 43.7311 -0.58441 0.0629841 -0.0707397 132.582 353 307429
6.87969 43.1768 1.61751 43.7311 0.158009 0.0209824 -0.0707397 131.644 348 307429
6.19172 43.2808 1.61751 43.7311 0.142095 0.0209824 -0.0707397 134.457 363 307429
5.50375 43.3445 2.53503 43.7311 0.126301 0.041974 -0.0707397 133.894 360 307429
5.50375 43.3737 1.61751 43.7311 0.126217 0.0209824 -0.0707397 133.332 357 307429
4.81578 43.4264 2.53503 43.7311 0.110444 0.041974 -0.0707397 132.957 355 307429
-16.0315 41.3044 0.7 44.3065 -0.370232 0 0.0707397 138.957 387 307429
-16.0315 41.294 -0.229587 44.3065 -0.370317 -0.0209824 0.0707397 136.707 375 307429
-16.7285 41.0271 0.7 44.3065 -0.387164 0 0.0707397 135.207 367 307429
-16.0315 41.3044 0.7 44.3065 -0.370232 0 -0 145.144 420 307429
-16.0315 41.294 -0.229587 44.3065 -0.370317 -0.0209824 -0 142.894 408 307429
6.27319 43.8503 1.62959 44.3065 0.142095 0.0209824 -0 142.894 408 307429
-16.0315 41.3044 0.7 44.3065 -0.370232 0 -0.0707397 138.207 383 307429
-16.0315 41.294 -0.229587 44.3065 -0.370317 -0.0209824 -0.0707397 136.519 374 307429
6.27319 43.8207 2.55917 44.3065 0.14219 0.041974 -0.0707397 136.332 373 307429
6.27319 43.8503 1.62959 44.3065 0.142095 0.0209824 -0.0707397 137.082 377 307429
-16.1009 41.4832 0.7 44.4983 -0.370232 0 0.0707397 132.019 350 307429
6.30035 44.0401 1.63361 44.4983 0.142095 0.0209824 0.0707397 131.269 346 307429
0 44.4885 -0.233611 44.4983 0 -0.0209824 -0 145.144 420 307429
-16.1009 41.4832 0.7 44.4983 -0.370232 0 -0 140.082 393 307429
-16.1009 41.4832 0.7 44.4983 -0.370232 0 -0.0707397 133.707 359 307429
-16.1009 41.4727 -0.233611 44.4983 -0.370317 -0.0209824 -0.0707397 131.269 346 307429
0 45.0638 -0.245684 45.0737 0 -0.0209824 0.0707397 143.644 412 307429
-2.12727 45.0235 0.7 45.0737 -0.047213 0 0.0707397 146.082 425 307429
-2.12727 45.0135 -0.245684 45.0737 -0.0472234 -0.0209824 0.0707397 144.019 414 307429
-2.83636 44.9844 0.7 45.0737 -0.0629689 0 0.0707397 142.332 405 307429
0 45.0638 -0.245684 45.0737 0 -0.0209824 -0 152.082 457 307429
-2.12727 45.0235 0.7 45.0737 -0.047213 0 -0 152.832 461 307429
-2.12727 45.0135 -0.245684 45.0737 -0.0472234 -0.0209824 -0 150.582 449 307429
0 45.0638 -0.245684 45.0737 0 -0.0209824 -0.0707397 145.707 423 307429
-2.12727 45.0235 0.7 45.0737 -0.047213 0 -0.0707397 145.707 423 307429
-2.12727 45.0135 -0.245684 45.0737 -0.0472234 -0.0209824 -0.0707397 144.019 414 307429
-2.83636 44.9844 0.7 45.0737 -0.0629689 0 -0.0707397 142.332 405 307429
-2.13633 45.2151 0.7 45.2655 -0.047213 0 0.0707397 138.019 382 307429
-3.56054 45.1253 0.7 45.2655 -0.0787404 0 0.0707397 138.019 382 307429
-3.56054 45.1153 -0.249708 45.2655 -0.0787578 -0.0209824 0.0707397 138.207 383 307429
-4.27265 45.0634 0.7 45.2655 -0.0945316 0 0.0707397 137.832 381 307429
-2.13633 45.2151 0.7 45.2655 -0.047213 0 -0 144.957 419 307429
-2.13633 45.2151 0.7 45.2655 -0.047213 0 -0.0707397 138.207 383 307429
-16.3785 42.1022 3.54912 45.2655 -0.371003 0.0629841 -0.0707397 131.457 347 307429
-16.3785 42.1557 2.59942 45.2655 -0.370574 0.041974 -0.0707397 132.207 351 307429
-17.0906 41.8721 2.59942 45.2655 -0.387523 0.041974 -0.0707397 132.582 353 307429
-6.5176 45.5587 -0.265805 46.0327 -0.142095 -0.0209824 0.0707397 142.144 404 307429
-7.24178 45.4493 -0.265805 46.0327 -0.158009 -0.0209824 0.0707397 142.332 405 307429
-12.4649 44.9104 0.7 46.6081 -0.270736 0 -0 138.269 378 307429
-11.7317 45.1075 0.7 46.6081 -0.254446 0 -0.0707397 131.707 343 307429
-12.4649 44.9104 0.7 46.6081 -0.270736 0 -0.0707397 132.457 347 307429
-11.78 45.2931 0.7 46.7999 -0.254446 0 0.0707397 133.582 353 307429
-11.78 45.2931 0.7 46.7999 -0.254446 0 -0 140.519 390 307429
-11.78 45.2931 0.7 46.7999 -0.254446 0 -0.0707397 134.894 360 307429
-11.78 45.2825 1.6819 46.7999 -0.254503 0.0209824 -0.0707397 132.644 348 307429
-14.218 45.3925 0.7 47.5671 -0.303544 0 -0 137.707 375 307429
-15.7147 44.8963 0.7 47.5671 -0.336693 0 -0 138.082 377 307429
-15.7147 44.8963 0.7 47.5671 -0.336693 0 -0.0707397 131.707 343 307429
-2.27211 48.0889 0.7 48.1425 -0.047213 0 0.0707397 131.894 344 307429
24.2358 41.5972 0.7 48.1425 0.52755 0 0.0707397 132.832 349 307429
24.2358 41.5481 -1.32014 48.1425 0.528064 -0.041974 0.0707397 133.957 355 307429
23.4785 42.0294 0.7 48.1425 0.509437 0 0.0707397 134.144 356 307429
23.4785 41.9808 -1.32014 48.1425 0.50993 -0.041974 0.0707397 132.269 346 307429
-2.27211 48.0889 0.7 48.1425 -0.047213 0 -0.0707397 132.457 347 307429
-2.27211 48.0783 -0.310071 48.1425 -0.0472234 -0.0209824 -0.0707397 131.894 344 307429
-3.02948 48.0365 -0.310071 48.1425 -0.0629827 -0.0209824 -0.0707397 131.894 344 307429
24.2358 41.5972 0.7 48.1425 0.52755 0 -0.0707397 132.832 349 307429
24.2358 41.5481 -1.32014 48.1425 0.528064 -0.041974 -0.0707397 132.082 345 307429
23.4785 42.0294 0.7 48.1425 0.509437 0 -0.0707397 134.144 356 307429
-1.52077 48.2998 -0.314095 48.3344 -0.0314757 -0.0209824 0.0707397 133.394 352 307429
-23.572 42.148 -1.32819 48.3344 -0.50993 -0.041974 0.0707397 132.644 348 307429
24.3324 41.763 0.7 48.3344 0.52755 0 0.0707397 134.519 358 307429
-1.52077 48.2998 -0.314095 48.3344 -0.0314757 -0.0209824 -0.0707397 132.457 347 307429
-23.572 42.148 -1.32819 48.3344 -0.50993 -0.041974 -0.0707397 131.707 343 307429
25.0928 41.2607 -1.32819 48.3344 0.546391 -0.041974 -0.0707397 132.269 346 307429
25.0928 41.2981 1.7141 48.3344 0.54599 0.0209824 -0.0707397 131.707 343 307429
24.3324 41.763 0.7 48.3344 0.52755 0 -0.0707397 133.957 355 307429
24.3324 41.7137 -1.32819 48.3344 0.528064 -0.041974 -0.0707397 132.082 345 307429
24.3324 41.7506 1.7141 48.3344 0.527678 0.0209824 -0.0707397 132.269 346 307429
10.0027 47.865 1.72617 48.9098 0.206013 0.0209824 -0 135.332 357 307429
9.23327 48.0303 0.7 48.9098 0.189921 0 -0 135.332 357 307429
9.23327 48.0194 1.72617 48.9098 0.189964 0.0209824 -0 138.519 374 307429
3.8472 48.7474 1.72617 48.9098 0.0787578 0.0209824 -0 135.332 357 307429
10.0419 48.0637 0.7 49.1016 0.205967 0 0.0707397 137.582 369 307429
10.0419 48.0527 1.73019 49.1016 0.206013 0.0209824 0.0707397 138.894 376 307429
9.26948 48.2077 1.73019 49.1016 0.189964 0.0209824 0.0707397 138.707 375 307429
4.63474 48.8823 0.7 49.1016 0.0945316 0 0.0707397 136.832 365 307429
10.0419 48.0637 0.7 49.1016 0.205967 0 -0 145.082 409 307429
10.0419 48.0527 1.73019 49.1016 0.206013 0.0209824 -0 146.394 416 307429
9.26948 48.2077 1.73019 49.1016 0.189964 0.0209824 -0 146.582 417 307429
4.63474 48.8823 0.7 49.1016 0.0945316 0 -0 145.269 410 307429
10.0419 48.0637 0.7 49.1016 0.205967 0 -0.0707397 137.394 368 307429
10.0419 48.0527 1.73019 49.1016 0.206013 0.0209824 -0.0707397 139.269 378 307429
9.26948 48.2077 1.73019 49.1016 0.189964 0.0209824 -0.0707397 139.832 381 307429
4.63474 48.8823 0.7 49.1016 0.0945316 0 -0.0707397 138.144 372 307429
-25.0083 42.9104 1.74226 49.677 -0.527678 0.0209824 -0 133.082 345 307429
-25.7898 42.4453 1.74226 49.677 -0.54599 0.0209824 -0 132.894 344 307429
8.5966 48.9275 0.7 49.677 0.173925 0 -0 134.394 352 307429
8.5966 48.9164 1.74226 49.677 0.173964 0.0209824 -0 136.082 361 307429
7.81509 49.0584 0.7 49.677 0.157974 0 -0 134.394 352 307429
7.81509 49.0473 1.74226 49.677 0.158009 0.0209824 -0 136.269 362 307429
-30.156 40.438 0.7 50.4442 -0.640765 0 -0 134.957 355 307429
-30.9496 39.8339 0.7 50.4442 -0.660537 0 -0 133.269 346 307429
19.0459 46.6985 1.75836 50.4442 0.387253 0.0209824 -0 134.957 355 307429
3.98298 50.4791 0.7 50.636 0.0787404 0 -0 133.644 348 307429
3.22259 51.0986 1.77446 51.2114 0.0629827 0.0209824 -0 134.957 355 307429
33.1553 39.2812 0.7 51.4032 0.701029 0 -0 134.019 350 307429
32.3466 39.9498 0.7 51.4032 0.680617 0 -0 134.957 355 307429
4.85199 51.1737 0.7 51.4032 0.0945316 0 -0 135.707 359 307429
4.04333 51.2439 0.7 51.4032 0.0787404 0 -0 134.582 353 307429
19.6252 48.1313 0.7 51.9786 0.387164 0 0.0707397 134.832 349 307429
19.6252 48.119 1.79055 51.9786 0.387253 0.0209824 0.0707397 136.332 357 307429
20.4429 47.7773 1.79055 51.9786 0.404307 0.0209824 -0 139.894 376 307429
19.6252 48.1313 0.7 51.9786 0.387164 0 -0 142.894 392 307429
19.6252 48.119 1.79055 51.9786 0.387253 0.0209824 -0 144.582 401 307429
18.8075 48.4444 1.79055 51.9786 0.370317 0.0209824 -0 140.832 381 307429
19.6252 48.1313 0.7 51.9786 0.387164 0 -0.0707397 135.207 351 307429
19.6252 48.119 1.79055 51.9786 0.387253 0.0209824 -0.0707397 136.707 359 307429
18.8075 48.4444 1.79055 51.9786 0.370317 0.0209824 -0.0707397 133.519 342 307429
19.6976 48.2965 1.79458 52.1704 0.387253 0.0209824 0.0707397 133.519 342 307429
19.6976 48.3089 0.7 52.1704 0.387164 0 -0 141.207 383 307429
19.6976 48.2965 1.79458 52.1704 0.387253 0.0209824 -0 142.144 388 307429
18.8769 48.6355 0.7 52.1704 0.370232 0 -0 137.457 363 307429
18.8769 48.6232 1.79458 52.1704 0.370317 0.0209824 -0 137.832 365 307429
19.6976 48.3089 0.7 52.1704 0.387164 0 -0.0707397 135.019 350 307429
19.6976 48.2965 1.79458 52.1704 0.387253 0.0209824 -0.0707397 136.144 356 307429
0 52.7458 0.7 52.7458 0 0 0.0707397 149.082 425 307429
0 52.7342 1.80665 52.7458 0 0.0209824 0.0707397 147.582 417 307429
-0.829787 52.7393 0.7 52.7458 -0.0157325 0 0.0707397 148.144 420 307429
-0.829787 52.7277 1.80665 52.7458 -0.0157359 0.0209824 0.0707397 147.582 417 307429
0 52.7458 0.7 52.7458 0 0 -0 156.582 465 307429
0 52.7342 1.80665 52.7458 0 0.0209824 -0 155.457 459 307429
-0.829787 52.7393 0.7 52.7458 -0.0157325 0 -0 156.207 463 307429
-0.829787 52.7277 1.80665 52.7458 -0.0157359 0.0209824 -0 155.457 459 307429
0 52.7458 0.7 52.7458 0 0 -0.0707397 150.207 431 307429
0 52.7342 1.80665 52.7458 0 0.0209824 -0.0707397 148.894 424 307429
-0.829787 52.7393 0.7 52.7458 -0.0157325 0 -0.0707397 150.019 430 307429
-0.829787 52.7277 1.80665 52.7458 -0.0157359 0.0209824 -0.0707397 148.894 424 307429
1.66561 52.8998 1.81068 52.9376 0.0314757 0.0209824 0.0707397 141.207 383 307429
1.66561 52.8648 2.92135 52.9376 0.0314966 0.041974 -0 147.394 416 307429
1.66561 52.8998 1.81068 52.9376 0.0314757 0.0209824 -0 149.269 426 307429
0.832805 52.9194 1.81068 52.9376 0.0157359 0.0209824 -0 147.394 416 307429
1.66561 52.8648 2.92135 52.9376 0.0314966 0.041974 -0.0707397 140.644 380 307429
1.66561 52.8998 1.81068 52.9376 0.0314757 0.0209824 -0.0707397 142.144 388 307429
-2.52557 53.4534 0.7 53.513 -0.047213 0 0.0707397 147.582 417 307429
-2.52557 53.4416 -0.422748 53.513 -0.0472234 -0.0209824 0.0707397 145.707 407 307429
-3.36743 53.407 0.7 53.513 -0.0629689 0 0.0707397 147.582 417 307429
-2.52557 53.4534 0.7 53.513 -0.047213 0 -0 155.457 459 307429
-3.36743 53.407 0.7 53.513 -0.0629689 0 -0 154.894 456 307429
-2.52557 53.4534 0.7 53.513 -0.047213 0 -0.0707397 147.957 419 307429
-3.36743 53.407 0.7 53.513 -0.0629689 0 -0.0707397 147.582 417 307429
-3.3795 53.5866 -0.426772 53.7048 -0.0629827 -0.0209824 0.0707397 142.144 388 307429
-4.22437 53.5266 -0.426772 53.7048 -0.0787578 -0.0209824 0.0707397 145.332 405 307429
-4.22437 53.5266 -0.426772 53.7048 -0.0787578 -0.0209824 -0 152.269 442 307429
-3.3795 53.5984 0.7 53.7048 -0.0629689 0 -0.0707397 142.144 388 307429
-3.3795 53.5866 -0.426772 53.7048 -0.0629827 -0.0209824 -0.0707397 142.894 392 307429
-3.3795 53.5866 1.82677 53.7048 -0.0629827 0.0209824 -0.0707397 141.582 385 307429
-4.22437 53.5384 0.7 53.7048 -0.0787404 0 -0.0707397 144.582 401 307429
-4.22437 53.5266 -0.426772 53.7048 -0.0787578 -0.0209824 -0.0707397 144.582 401 307429
-9.39319 53.4613 0.7 54.2802 -0.173925 0 0.0707397 149.457 427 307429
-6.83141 53.8486 0.7 54.2802 -0.126189 0 -0.0707397 150.207 431 307429
-9.39319 53.4613 0.7 54.2802 -0.173925 0 -0.0707397 150.582 433 307429
-12.8542 52.9337 0.7 54.472 -0.238224 0 0.0707397 141.957 387 307429
-12.8542 52.9213 1.84287 54.472 -0.238277 0.0209824 0.0707397 140.832 381 307429
-41.1333 35.7107 0.7 54.472 -0.855848 0 -0.0707397 141.394 384 307429
0 55.0353 1.85494 55.0475 0 0.0209824 0.0707397 141.457 379 307429
0.865996 55.0285 1.85494 55.0475 0.0157359 0.0209824 0.0707397 141.832 381 307429
0.865996 55.0285 1.85494 55.0475 0.0157359 0.0209824 -0 149.707 423 307429
0 55.0353 1.85494 55.0475 0 0.0209824 -0.0707397 141.269 378 307429
0.865996 55.0285 1.85494 55.0475 0.0157359 0.0209824 -0.0707397 143.144 388 307429
0 55.2271 1.85897 55.2393 0 0.0209824 0.0707397 135.644 348 307429
-0.869014 55.1838 -1.61793 55.2393 -0.0157463 -0.041974 0.0707397 137.332 357 307429
-0.869014 55.2203 1.85897 55.2393 -0.0157359 0.0209824 0.0707397 138.644 364 307429
-0.869014 55.2203 1.85897 55.2393 -0.0157359 0.0209824 -0 146.894 408 307429
0 55.2393 0.7 55.2393 0 0 -0.0707397 134.519 342 307429
0 55.2271 1.85897 55.2393 0 0.0209824 -0.0707397 137.144 356 307429
-0.869014 55.1838 -1.61793 55.2393 -0.0157463 -0.041974 -0.0707397 137.707 359 307429
-0.869014 55.2203 1.85897 55.2393 -0.0157359 0.0209824 -0.0707397 139.394 368 307429
-4.39033 55.6294 1.87104 55.8147 -0.0787578 0.0209824 -0.0707397 143.144 388 307429
-4.40542 55.8329 0.7 56.0065 -0.0787404 0 0.0707397 138.832 365 307429
-4.40542 55.7835 -1.65013 56.0065 -0.07881 -0.041974 0.0707397 139.582 369 307429
-4.40542 55.8206 1.87506 56.0065 -0.0787578 0.0209824 0.0707397 138.832 365 307429
-4.40542 55.8329 0.7 56.0065 -0.0787404 0 -0.0707397 139.207 367 307429
-4.40542 55.7835 -1.65013 56.0065 -0.07881 -0.041974 -0.0707397 140.332 373 307429
-19.6494 53.2649 0.7 56.7737 -0.353411 0 0.0707397 143.332 389 307429
-19.6494 53.2516 -0.491159 56.7737 -0.353492 -0.0209824 0.0707397 141.644 380 307429
-20.5425 52.9269 0.7 56.7737 -0.370232 0 0.0707397 142.582 385 307429
-20.5425 52.9135 -0.491159 56.7737 -0.370317 -0.0209824 0.0707397 139.019 366 307429
-19.6494 53.2649 0.7 56.7737 -0.353411 0 -0 150.644 428 307429
-19.6494 53.2516 -0.491159 56.7737 -0.353492 -0.0209824 -0 149.144 420 307429
-20.5425 52.9269 0.7 56.7737 -0.370232 0 -0 150.082 425 307429
-20.5425 52.9135 -0.491159 56.7737 -0.370317 -0.0209824 -0 146.519 406 307429
-19.6494 53.2649 0.7 56.7737 -0.353411 0 -0.0707397 143.144 388 307429
-19.6494 53.2516 -0.491159 56.7737 -0.353492 -0.0209824 -0.0707397 141.644 380 307429
-20.5425 52.9269 0.7 56.7737 -0.370232 0 -0.0707397 142.582 385 307429
-20.5425 52.9135 -0.491159 56.7737 -0.370317 -0.0209824 -0.0707397 139.207 367 307429
-19.8485 53.8048 0.7 57.3491 -0.353411 0 -0 140.894 376 307429
-16.294 55.1328 -1.71451 57.5409 -0.287361 -0.041974 0.0707397 146.144 404 307429
-17.1992 54.8572 -1.71451 57.5409 -0.303821 -0.041974 0.0707397 142.207 383 307429
-16.294 55.1328 -1.71451 57.5409 -0.287361 -0.041974 -0 153.269 442 307429
-17.1992 54.8572 -1.71451 57.5409 -0.303821 -0.041974 -0 149.144 420 307429
-15.3888 55.3923 -1.71451 57.5409 -0.270981 -0.041974 -0.0707397 140.894 376 307429
-16.294 55.1328 -1.71451 57.5409 -0.287361 -0.041974 -0.0707397 145.957 403 307429
-17.1992 54.8572 -1.71451 57.5409 -0.303821 -0.041974 -0.0707397 141.457 379 307429
-15.5427 55.9994 0.7 58.1163 -0.270736 0 -0 137.707 359 307429
-15.5427 55.9861 1.91933 58.1163 -0.270797 0.0209824 -0 138.644 364 307429
-16.4569 55.7242 1.91933 58.1163 -0.287166 0.0209824 -0 136.582 353 307429
29.2568 50.2002 1.91933 58.1163 0.527678 0.0209824 -0 135.457 347 307429
27.4282 51.2367 0.7 58.1163 0.491506 0 -0 136.207 351 307429
27.4282 51.2222 1.91933 58.1163 0.491624 0.0209824 -0 135.644 348 307429
-6.48441 58.5254 0.7 58.8835 -0.110346 0 -0 135.332 341 307429
-12.0817 57.7735 3.1789 59.0753 -0.206151 0.041974 -0 134.957 339 307429
-28.8102 51.5739 0.7 59.0753 -0.509437 0 -0 135.519 342 307429
7.43489 58.5925 1.93945 59.0753 0.126217 0.0209824 -0 135.332 341 307429
-20.6451 55.9082 3.20304 59.6507 -0.353736 0.041974 -0 134.957 339 307429
30.0292 51.5256 1.95152 59.6507 0.527678 0.0209824 -0 134.957 339 307429
29.0908 52.0612 1.95152 59.6507 0.50956 0.0209824 -0 135.144 340 307429
31.0672 51.131 1.95555 59.8425 0.54599 0.0209824 -0 138.144 356 307429
28.2429 52.7436 1.95555 59.8425 0.491624 0.0209824 -0 139.082 361 307429
39.9203 45.3508 0.7 60.4179 0.721799 0 -0 136.644 348 307429
30.4155 52.1421 3.23524 60.4179 0.528064 0.041974 -0 137.019 350 307429
30.4155 52.1883 1.96762 60.4179 0.527678 0.0209824 -0 138.707 359 307429
29.465 52.685 3.23524 60.4179 0.50993 0.041974 -0 136.457 347 307429
29.465 52.7308 1.96762 60.4179 0.50956 0.0209824 -0 138.144 356 307429
30.512 52.3694 0.7 60.6097 0.52755 0 -0 139.082 361 307429
30.512 52.354 1.97164 60.6097 0.527678 0.0209824 -0 140.019 366 307429
29.5585 52.9135 0.7 60.6097 0.509437 0 -0 139.644 364 307429
29.5585 52.8982 1.97164 60.6097 0.50956 0.0209824 -0 139.832 365 307429
30.512 52.354 1.97164 60.6097 0.527678 0.0209824 -0.0707397 134.957 339 307429
29.5585 52.8982 1.97164 60.6097 0.50956 0.0209824 -0.0707397 135.332 341 307429
30.8017 52.851 1.98372 61.1852 0.527678 0.0209824 -0 135.332 341 307429
-22.2081 57.2183 0.7 61.377 -0.370232 0 -0 135.707 343 307429
-23.1737 56.8341 0.7 61.377 -0.387164 0 -0 135.894 344 307429
-23.1737 56.8195 1.98774 61.377 -0.387253 0.0209824 -0 135.519 342 307429
33.2398 52.4911 2.00384 62.1442 0.564507 0.0209824 -0 138.019 350 307429
-6.99133 63.0866 -0.632006 63.4868 -0.110371 -0.0209824 -0 136.144 340 307429
37.4008 52.1775 3.39621 64.254 0.621912 0.041974 -0 136.894 344 307429
37.4008 52.2297 2.0481 64.254 0.621438 0.0209824 -0 138.957 355 307429
36.3899 52.8874 3.39621 64.254 0.60267 0.041974 -0 137.832 349 307429
36.3899 52.9389 2.0481 64.254 0.602216 0.0209824 -0 138.207 351 307429
-8.32805 65.6312 2.08834 66.172 -0.126217 0.0209824 -0 137.144 340 307429
-46.3353 48.3105 0.7 66.9392 -0.764533 0 -0 138.457 347 307429
-47.3884 47.2779 0.7 66.9392 -0.786565 0 -0 139.394 352 307429
12.7093 66.0519 3.52498 67.3228 0.190091 0.041974 -0 141.269 362 307429
12.7093 66.0972 2.11249 67.3228 0.189964 0.0209824 -0 141.269 362 307429
11.6502 66.2469 3.52498 67.3228 0.17408 0.041974 -0 138.644 348 307429
11.6502 66.2921 2.11249 67.3228 0.173964 0.0209824 -0 137.894 344 307429
2.1665 68.808 2.14468 68.8573 0.0314757 0.0209824 -0 136.957 339 307429
2.17253 69.0149 0.7 69.0491 0.0314688 0 -0 139.957 355 307429
2.17253 68.9997 2.14871 69.0491 0.0314757 0.0209824 -0 139.582 353 307429
1.08627 69.0405 0.7 69.0491 0.0157325 0 -0 137.519 342 307429
1.08627 69.0253 2.14871 69.0491 0.0157359 0.0209824 -0 138.832 349 307429
8.81083 69.4359 2.16883 70.0081 0.126217 0.0209824 -0 139.082 345 307429
-9.99366 69.8096 3.6618 70.5835 -0.14219 0.041974 -0 140.019 350 307429
-9.99366 69.8567 2.1809 70.5835 -0.142095 0.0209824 -0 139.269 346 307429
-13.3611 69.4868 2.18492 70.7753 -0.189964 0.0209824 -0 138.519 342 307429
-16.8824 69.4572 3.70204 71.5425 -0.238438 0.041974 -0 139.457 347 307429
-16.8824 69.5058 2.20102 71.5425 -0.238277 0.0209824 -0 139.082 345 307429
-18.0079 69.1739 3.70204 71.5425 -0.254675 0.041974 -0 140.207 351 307429
-18.0079 69.2228 2.20102 71.5425 -0.254503 0.0209824 -0 141.144 356 307429
2.26306 71.8747 2.20907 71.9261 0.0314757 0.0209824 0.0707397 139.832 349 307429
2.26306 71.8905 0.7 71.9261 0.0314688 0 -0 144.894 376 307429
2.26306 71.8747 2.20907 71.9261 0.0314757 0.0209824 -0 146.394 384 307429
1.13153 71.9014 2.20907 71.9261 0.0157359 0.0209824 -0 142.644 364 307429
2.26306 71.8905 0.7 71.9261 0.0314688 0 -0.0707397 138.332 341 307429
2.26306 71.8747 2.20907 71.9261 0.0314757 0.0209824 -0.0707397 138.707 343 307429
3.40364 72.0217 2.21309 72.1179 0.0472234 0.0209824 -0 140.019 350 307429
2.26909 72.0822 0.7 72.1179 0.0314688 0 -0 138.894 344 307429
2.26909 72.0187 3.72619 72.1179 0.0314966 0.041974 -0 139.269 346 307429
2.26909 72.0663 2.21309 72.1179 0.0314757 0.0209824 -0 143.957 371 307429
1.13455 72.0931 2.21309 72.1179 0.0157359 0.0209824 -0 140.582 353 307429
2.27513 72.2739 0.7 72.3097 0.0314688 0 -0 139.082 345 307429
2.27513 72.258 2.21712 72.3097 0.0314757 0.0209824 -0 140.394 352 307429
-9.14878 72.0992 2.22517 72.6933 -0.126217 0.0209824 -0 138.894 344 307429
24.1423 68.8203 5.29964 73.0769 0.337389 0.0629841 -0 138.707 343 307429
24.1423 68.9056 3.76643 73.0769 0.337002 0.041974 -0 140.019 350 307429
