1.52983 1.91185 0.22917 2.49344 0.67485 -0.189968 -0 92.5192 390 308597
1.43629 2.22362 0.249291 2.68524 0.573504 -0.168645 -0 98.7067 423 308597
1.39404 2.25034 0.249291 2.68524 0.554621 -0.168645 -0 98.5192 422 308597
1.09834 2.40854 0.249291 2.68524 0.427848 -0.168645 -0 97.2067 415 308597
1.26731 2.53734 0.217098 2.87704 0.463219 -0.168645 -0 105.519 438 308597
1.22205 2.55945 0.217098 2.87704 0.445458 -0.168645 -0 104.582 433 308597
1.30352 2.74145 0.249291 3.06885 0.443845 -0.147399 -0 102.332 421 308597
1.30352 2.73008 0.184904 3.06885 0.445458 -0.168645 -0 101.207 415 308597
1.20696 2.78531 0.249291 3.06885 0.408907 -0.147399 -0 102.144 420 308597
1.15868 2.80573 0.249291 3.06885 0.391638 -0.147399 -0 103.832 429 308597
1.15868 2.79463 0.184904 3.06885 0.393039 -0.168645 -0 101.207 415 308597
1.12851 3.03147 0.289533 3.26065 0.356371 -0.12622 0.0707397 100.457 411 308597
1.12851 3.02142 0.221122 3.26065 0.357458 -0.147399 0.0707397 102.707 423 308597
1.07721 3.04009 0.221122 3.26065 0.340533 -0.147399 0.0707397 98.5817 401 308597
1.12851 3.02142 0.221122 3.26065 0.357458 -0.147399 -0 109.832 461 308597
1.12851 3.03147 0.289533 3.26065 0.356371 -0.12622 -0.0707397 99.8942 408 308597
1.12851 3.02142 0.221122 3.26065 0.357458 -0.147399 -0.0707397 102.519 422 308597
1.07721 3.04009 0.221122 3.26065 0.340533 -0.147399 -0.0707397 98.5817 401 308597
1.79234 2.91857 0.265388 3.45245 0.550734 -0.12622 -0 102.894 424 308597
1.30352 3.16724 0.265388 3.45245 0.390435 -0.12622 -0 103.832 429 308597
1.24921 3.18905 0.265388 3.45245 0.373346 -0.12622 -0 102.332 421 308597
1.24921 3.17834 0.192952 3.45245 0.37449 -0.147399 -0 102.332 421 308597
1.19489 3.19915 0.192952 3.45245 0.357458 -0.147399 -0 103.644 428 308597
1.19489 3.19915 0.192952 3.45245 0.357458 -0.147399 -0.0707397 97.8317 397 308597
1.94925 3.04476 0.241243 3.64426 0.569452 -0.12622 0.0707397 98.2067 383 308597
1.71992 3.17994 0.241243 3.64426 0.495804 -0.12622 0.0707397 99.8942 392 308597
1.43327 3.31902 0.241243 3.64426 0.407646 -0.12622 0.0707397 99.7067 391 308597
1.08928 3.45658 0.317702 3.64426 0.305283 -0.105098 0.0707397 100.082 393 308597
1.08928 3.44726 0.241243 3.64426 0.306057 -0.12622 0.0707397 100.832 397 308597
1.94925 3.04476 0.241243 3.64426 0.569452 -0.12622 -0.0707397 98.9567 387 308597
1.71992 3.17994 0.241243 3.64426 0.495804 -0.12622 -0.0707397 100.457 395 308597
1.43327 3.31902 0.241243 3.64426 0.407646 -0.12622 -0.0707397 99.5192 390 308597
1.44836 3.51915 0.217098 3.83606 0.390435 -0.12622 0.0707397 101.394 400 308597
1.14662 3.6385 0.297581 3.83606 0.305283 -0.105098 0.0707397 102.707 407 308597
1.14662 3.6287 0.217098 3.83606 0.306057 -0.12622 0.0707397 101.957 403 308597
1.08627 3.65697 0.297581 3.83606 0.288739 -0.105098 0.0707397 101.957 403 308597
1.93114 3.27915 0.217098 3.83606 0.532229 -0.12622 -0.0707397 101.582 401 308597
1.5087 3.4937 0.217098 3.83606 0.407646 -0.12622 -0.0707397 102.144 404 308597
1.44836 3.51915 0.217098 3.83606 0.390435 -0.12622 -0.0707397 102.519 406 308597
1.14662 3.6385 0.297581 3.83606 0.305283 -0.105098 -0.0707397 102.332 405 308597
1.52077 3.70572 0.27746 4.02786 0.389427 -0.105098 0.0707397 104.957 419 308597
1.52077 3.69511 0.192952 4.02786 0.390435 -0.12622 0.0707397 104.207 415 308597
1.45741 3.7311 0.27746 4.02786 0.372386 -0.105098 0.0707397 104.207 415 308597
1.14058 3.83982 0.27746 4.02786 0.288739 -0.105098 0.0707397 104.207 415 308597
1.52077 3.70572 0.27746 4.02786 0.389427 -0.105098 -0.0707397 104.207 415 308597
1.20395 3.82043 0.27746 4.02786 0.305283 -0.105098 -0.0707397 104.582 417 308597
1.20395 3.81013 0.192952 4.02786 0.306057 -0.12622 -0.0707397 104.394 416 308597
1.14058 3.83982 0.27746 4.02786 0.288739 -0.105098 -0.0707397 104.394 416 308597
1.59319 3.88219 0.257339 4.21967 0.389427 -0.105098 0.0707397 108.332 437 308597
1.19489 4.02267 0.257339 4.21967 0.288739 -0.105098 0.0707397 109.644 444 308597
1.12851 4.04179 0.257339 4.21967 0.272276 -0.105098 0.0707397 108.894 440 308597
1.59319 3.88219 0.257339 4.21967 0.389427 -0.105098 -0 115.832 477 308597
1.19489 4.02267 0.257339 4.21967 0.288739 -0.105098 -0 116.582 481 308597
1.12851 4.04179 0.257339 4.21967 0.272276 -0.105098 -0 116.394 480 308597
1.59319 3.88219 0.257339 4.21967 0.389427 -0.105098 -0.0707397 108.894 440 308597
1.19489 4.02267 0.257339 4.21967 0.288739 -0.105098 -0.0707397 108.894 440 308597
1.12851 4.04179 0.257339 4.21967 0.272276 -0.105098 -0.0707397 108.894 440 308597
1.66561 4.05865 0.237219 4.41147 0.389427 -0.105098 0.0707397 106.644 412 308597
1.24921 4.20552 0.237219 4.41147 0.288739 -0.105098 0.0707397 106.644 412 308597
1.17981 4.22551 0.237219 4.41147 0.272276 -0.105098 0.0707397 106.457 411 308597
1.66561 4.05865 0.237219 4.41147 0.389427 -0.105098 -0.0707397 108.332 421 308597
1.44836 4.35237 0.313678 4.60327 0.321247 -0.0840222 0.0707397 111.332 437 308597
1.44836 4.34272 0.217098 4.60327 0.321913 -0.105098 0.0707397 111.707 439 308597
1.44836 4.35237 0.313678 4.60327 0.321247 -0.0840222 -0 119.207 479 308597
1.44836 4.34272 0.217098 4.60327 0.321913 -0.105098 -0 119.394 480 308597
1.44836 4.35237 0.313678 4.60327 0.321247 -0.0840222 -0.0707397 112.082 441 308597
1.44836 4.34272 0.217098 4.60327 0.321913 -0.105098 -0.0707397 112.457 443 308597
1.20696 4.62321 0.297581 4.79507 0.255367 -0.0840222 0.0707397 109.644 428 308597
1.20696 4.61334 0.196977 4.79507 0.255889 -0.105098 0.0707397 109.269 426 308597
1.13153 4.64225 0.297581 4.79507 0.239084 -0.0840222 0.0707397 110.394 432 308597
1.13153 4.63242 0.196977 4.79507 0.239572 -0.105098 0.0707397 110.207 431 308597
1.20696 4.62321 0.297581 4.79507 0.255367 -0.0840222 -0 117.519 470 308597
1.20696 4.61334 0.196977 4.79507 0.255889 -0.105098 -0 117.519 470 308597
1.13153 4.64225 0.297581 4.79507 0.239084 -0.0840222 -0 118.082 473 308597
1.13153 4.63242 0.196977 4.79507 0.239572 -0.105098 -0 117.894 472 308597
1.20696 4.62321 0.297581 4.79507 0.255367 -0.0840222 -0.0707397 110.582 433 308597
1.20696 4.61334 0.196977 4.79507 0.255889 -0.105098 -0.0707397 110.582 433 308597
1.13153 4.64225 0.297581 4.79507 0.239084 -0.0840222 -0.0707397 111.332 437 308597
1.13153 4.63242 0.196977 4.79507 0.239572 -0.105098 -0.0707397 111.332 437 308597
1.56905 4.71507 0.281485 4.98688 0.321247 -0.0840222 0.0707397 105.519 406 308597
1.56905 4.70461 0.176856 4.98688 0.321913 -0.105098 0.0707397 104.394 400 308597
1.56905 4.71507 0.281485 4.98688 0.321247 -0.0840222 -0 112.457 443 308597
1.80441 4.63011 0.281485 4.98688 0.371606 -0.0840222 -0.0707397 102.894 392 308597
1.56905 4.71507 0.281485 4.98688 0.321247 -0.0840222 -0.0707397 104.582 401 308597
1.17679 4.82794 0.281485 4.98688 0.239084 -0.0840222 -0.0707397 104.582 401 308597
1.46646 4.94766 0.265388 5.17868 0.288146 -0.0840222 0.0707397 111.832 429 308597
1.46646 4.93691 0.156735 5.17868 0.288739 -0.105098 0.0707397 108.082 409 308597
1.38499 4.97108 0.265388 5.17868 0.271719 -0.0840222 0.0707397 108.457 411 308597
1.22205 5.01363 0.265388 5.17868 0.239084 -0.0840222 0.0707397 108.457 411 308597
1.14058 5.03278 0.265388 5.17868 0.222865 -0.0840222 0.0707397 107.707 407 308597
1.46646 4.94766 0.265388 5.17868 0.288146 -0.0840222 -0 119.332 469 308597
1.46646 4.94766 0.265388 5.17868 0.288146 -0.0840222 -0.0707397 112.582 433 308597
1.46646 4.93691 0.156735 5.17868 0.288739 -0.105098 -0.0707397 108.832 413 308597
1.38499 4.97108 0.265388 5.17868 0.271719 -0.0840222 -0.0707397 109.957 419 308597
1.14058 5.03278 0.265388 5.17868 0.222865 -0.0840222 -0.0707397 108.082 409 308597
1.60526 5.1051 0.249291 5.37048 0.304653 -0.0840222 0.0707397 109.019 414 308597
1.52077 5.13091 0.249291 5.37048 0.288146 -0.0840222 0.0707397 108.832 413 308597
1.26731 5.19932 0.249291 5.37048 0.239084 -0.0840222 0.0707397 110.332 421 308597
1.18282 5.21918 0.249291 5.37048 0.222865 -0.0840222 0.0707397 109.394 416 308597
1.60526 5.1051 0.249291 5.37048 0.304653 -0.0840222 -0 116.332 453 308597
1.52077 5.13091 0.249291 5.37048 0.288146 -0.0840222 -0 116.332 453 308597
1.26731 5.19932 0.249291 5.37048 0.239084 -0.0840222 -0 117.832 461 308597
1.18282 5.21918 0.249291 5.37048 0.222865 -0.0840222 -0 116.894 456 308597
1.60526 5.1051 0.249291 5.37048 0.304653 -0.0840222 -0.0707397 109.582 417 308597
1.52077 5.13091 0.249291 5.37048 0.288146 -0.0840222 -0.0707397 110.144 420 308597
1.26731 5.19932 0.249291 5.37048 0.239084 -0.0840222 -0.0707397 110.894 424 308597
1.18282 5.21918 0.249291 5.37048 0.222865 -0.0840222 -0.0707397 110.144 420 308597
2.10012 5.12939 0.233194 5.56229 0.388608 -0.0840222 0.0707397 102.457 379 308597
1.66259 5.28743 0.233194 5.56229 0.304653 -0.0840222 0.0707397 105.457 395 308597
2.10012 5.12939 0.233194 5.56229 0.388608 -0.0840222 -0.0707397 103.582 385 308597
1.66259 5.29644 0.349896 5.56229 0.304167 -0.0629841 -0.0707397 105.269 394 308597
1.66259 5.28743 0.233194 5.56229 0.304653 -0.0840222 -0.0707397 106.582 401 308597
1.26731 5.6011 0.337823 5.75409 0.222515 -0.0629841 0.0707397 109.394 416 308597
1.26731 5.59198 0.217098 5.75409 0.222865 -0.0840222 0.0707397 112.957 435 308597
1.17679 5.61173 0.217098 5.75409 0.206706 -0.0840222 0.0707397 109.019 414 308597
1.26731 5.6011 0.337823 5.75409 0.222515 -0.0629841 -0 116.332 453 308597
1.26731 5.59198 0.217098 5.75409 0.222865 -0.0840222 -0 119.707 471 308597
1.17679 5.61173 0.217098 5.75409 0.206706 -0.0840222 -0 115.957 451 308597
1.26731 5.6011 0.337823 5.75409 0.222515 -0.0629841 -0.0707397 108.832 413 308597
1.26731 5.59198 0.217098 5.75409 0.222865 -0.0840222 -0.0707397 112.207 431 308597
1.17679 5.61173 0.217098 5.75409 0.206706 -0.0840222 -0.0707397 108.457 411 308597
1.21602 5.80817 0.325751 5.94589 0.206382 -0.0629841 -0 112.707 423 308597
1.21602 5.79879 0.201001 5.94589 0.206706 -0.0840222 -0 114.394 432 308597
1.12248 5.82697 0.325751 5.94589 0.190303 -0.0629841 -0 110.644 412 308597
1.15868 6.01494 0.313678 6.1377 0.190303 -0.0629841 0.0707397 111.582 417 308597
1.15868 6.00528 0.184904 6.1377 0.190602 -0.0840222 0.0707397 111.207 415 308597
1.06213 6.03274 0.313678 6.1377 0.174275 -0.0629841 0.0707397 108.582 401 308597
1.15868 6.01494 0.313678 6.1377 0.190303 -0.0629841 -0 119.082 457 308597
1.15868 6.00528 0.184904 6.1377 0.190602 -0.0840222 -0 118.519 454 308597
1.15868 6.01494 0.313678 6.1377 0.190303 -0.0629841 -0.0707397 111.957 419 308597
1.15868 6.00528 0.184904 6.1377 0.190602 -0.0840222 -0.0707397 111.582 417 308597
1.06213 6.03274 0.313678 6.1377 0.174275 -0.0629841 -0.0707397 109.332 405 308597
1.19489 6.20291 0.301606 6.3295 0.190303 -0.0629841 0.0707397 110.082 409 308597
1.19489 6.19295 0.168807 6.3295 0.190602 -0.0840222 0.0707397 109.332 405 308597
1.09532 6.22126 0.301606 6.3295 0.174275 -0.0629841 0.0707397 108.582 401 308597
1.09532 6.21133 0.168807 6.3295 0.174548 -0.0840222 0.0707397 107.082 393 308597
1.19489 6.20291 0.301606 6.3295 0.190303 -0.0629841 -0 118.144 452 308597
1.19489 6.19295 0.168807 6.3295 0.190602 -0.0840222 -0 117.957 451 308597
1.19489 6.20291 0.301606 6.3295 0.190303 -0.0629841 -0.0707397 111.394 416 308597
1.19489 6.19295 0.168807 6.3295 0.190602 -0.0840222 -0.0707397 111.207 415 308597
1.09532 6.22126 0.301606 6.3295 0.174275 -0.0629841 -0.0707397 110.644 412 308597
1.09532 6.21133 0.168807 6.3295 0.174548 -0.0840222 -0.0707397 109.144 404 308597
1.74406 6.27034 0.289533 6.5213 0.271288 -0.0629841 0.0707397 114.394 432 308597
1.84665 6.24089 0.289533 6.5213 0.287687 -0.0629841 -0 120.582 465 308597
1.74406 6.27034 0.289533 6.5213 0.271288 -0.0629841 -0 122.082 473 308597
1.74406 6.25988 0.152711 6.5213 0.271719 -0.0840222 -0 120.019 462 308597
1.64147 6.29797 0.289533 6.5213 0.254962 -0.0629841 -0 118.894 456 308597
1.74406 6.27034 0.289533 6.5213 0.271288 -0.0629841 -0.0707397 115.144 436 308597
1.12851 6.39956 0.152711 6.5213 0.174548 -0.0840222 -0.0707397 105.957 387 308597
1.79536 6.46857 0.7 6.7131 0.270736 0 0.0707397 121.269 458 308597
1.68975 6.49696 0.7 6.7131 0.254446 0 0.0707397 122.957 467 308597
1.79536 6.46857 0.7 6.7131 0.270736 0 -0 128.207 495 308597
1.68975 6.49696 0.7 6.7131 0.254446 0 -0 129.519 502 308597
1.68975 6.49544 0.559153 6.7131 0.254503 -0.0209824 -0 125.207 479 308597
1.68975 6.49544 0.840847 6.7131 0.254503 0.0209824 -0 125.394 480 308597
1.68975 6.49696 0.7 6.7131 0.254446 0 -0.0707397 122.582 465 308597
1.84665 6.65339 0.7 6.90491 0.270736 0 0.0707397 123.894 472 308597
1.73803 6.68259 0.7 6.90491 0.254446 0 0.0707397 124.644 476 308597
1.84665 6.65339 0.7 6.90491 0.270736 0 -0 131.582 513 308597
1.73803 6.68259 0.7 6.90491 0.254446 0 -0 132.332 517 308597
1.73803 6.68102 0.555129 6.90491 0.254503 -0.0209824 -0 128.957 499 308597
1.84665 6.65339 0.7 6.90491 0.270736 0 -0.0707397 125.207 479 308597
1.73803 6.68259 0.7 6.90491 0.254446 0 -0.0707397 125.957 483 308597
1.73803 6.68102 0.555129 6.90491 0.254503 -0.0209824 -0.0707397 122.394 464 308597
1.73803 6.68102 0.844871 6.90491 0.254503 0.0209824 -0.0707397 121.644 460 308597
1.78631 6.85368 0.253315 7.09671 0.254962 -0.0629841 -0 122.394 464 308597
1.67466 6.88986 0.40221 7.09671 0.238438 -0.041974 -0 122.019 462 308597
1.67466 6.88181 0.253315 7.09671 0.238706 -0.0629841 -0 125.582 481 308597
1.56302 6.90802 0.253315 7.09671 0.222515 -0.0629841 -0 124.082 473 308597
1.83458 7.05384 0.7 7.28851 0.254446 0 -0 121.082 457 308597
1.37594 7.14274 0.241243 7.28851 0.190303 -0.0629841 -0 118.644 444 308597
-3.29501 7.34325 1.03803 8.05573 -0.421783 0.041974 1.76849 109.957 387 308597
-3.29501 7.34908 0.869016 8.05573 -0.421486 0.0209824 1.76849 113.519 406 308597
-3.29501 7.33352 1.20705 8.05573 -0.422278 0.0629841 1.55627 111.082 393 308597
3.05965 6.8097 0.22917 7.48032 0.422278 -0.0629841 -0 113.707 407 308597
2.41393 7.26644 0.217098 7.67212 0.320732 -0.0629841 -0 113.332 405 308597
1.20696 7.56974 0.378065 7.67212 0.158115 -0.041974 -0 112.957 403 308597
1.20696 7.56118 0.217098 7.67212 0.158291 -0.0629841 -0 113.519 406 308597
2.84542 7.31436 0.205025 7.86392 0.371003 -0.0629841 0.0707397 113.332 405 308597
2.47427 7.45723 0.370017 7.86392 0.320366 -0.041974 0.0707397 115.394 416 308597
2.47427 7.4481 0.205025 7.86392 0.320732 -0.0629841 0.0707397 116.332 421 308597
1.85571 7.64005 0.535008 7.86392 0.238277 -0.0209824 -0 126.832 477 308597
1.85571 7.63471 0.370017 7.86392 0.238438 -0.041974 -0 127.394 480 308597
1.73199 7.66904 0.535008 7.86392 0.222116 -0.0209824 -0 124.207 463 308597
1.73199 7.66372 0.370017 7.86392 0.222265 -0.041974 -0 124.957 467 308597
2.84542 7.32366 0.370017 7.86392 0.370574 -0.041974 -0.0707397 110.707 391 308597
2.84542 7.31436 0.205025 7.86392 0.371003 -0.0629841 -0.0707397 113.144 404 308597
2.47427 7.45723 0.370017 7.86392 0.320366 -0.041974 -0.0707397 115.019 414 308597
2.47427 7.4481 0.205025 7.86392 0.320732 -0.0629841 -0.0707397 116.144 420 308597
2.0277 7.78902 0.361968 8.05573 0.254675 -0.041974 0.0707397 126.644 476 308597
1.90097 7.8264 0.530984 8.05573 0.238277 -0.0209824 0.0707397 127.019 478 308597
1.90097 7.82092 0.361968 8.05573 0.238438 -0.041974 0.0707397 131.894 504 308597
1.90097 7.81178 0.192952 8.05573 0.238706 -0.0629841 0.0707397 128.894 488 308597
1.77424 7.85064 0.361968 8.05573 0.222265 -0.041974 0.0707397 127.957 483 308597
2.0277 7.78902 0.361968 8.05573 0.254675 -0.041974 -0 134.144 516 308597
1.90097 7.8264 0.530984 8.05573 0.238277 -0.0209824 -0 134.332 517 308597
1.90097 7.82092 0.361968 8.05573 0.238438 -0.041974 -0 139.394 544 308597
1.90097 7.81178 0.192952 8.05573 0.238706 -0.0629841 -0 136.394 528 308597
1.77424 7.85064 0.361968 8.05573 0.222265 -0.041974 -0 135.269 522 308597
1.90097 7.8264 0.530984 8.05573 0.238277 -0.0209824 -0.0707397 127.207 479 308597
1.90097 7.82092 0.361968 8.05573 0.238438 -0.041974 -0.0707397 132.269 506 308597
1.90097 7.81178 0.192952 8.05573 0.238706 -0.0629841 -0.0707397 129.269 490 308597
1.77424 7.85064 0.361968 8.05573 0.222265 -0.041974 -0.0707397 128.332 485 308597
-3.37346 7.52605 0.7 8.24753 -0.421388 0 1.83923 112.644 396 308597
-3.37346 7.51809 1.04608 8.24753 -0.421783 0.041974 1.83923 114.144 404 308597
-3.37346 7.52406 0.87304 8.24753 -0.421486 0.0209824 1.83923 117.894 424 308597
-3.50321 7.46454 0.87304 8.24753 -0.438799 0.0209824 1.83923 114.144 404 308597
-3.37346 7.52605 0.7 8.24753 -0.421388 0 1.98071 111.894 392 308597
-3.24371 7.58288 0.7 8.24753 -0.404213 0 1.90997 112.269 394 308597
-3.37346 7.52605 0.7 8.24753 -0.421388 0 1.90997 115.457 411 308597
-3.37346 7.52406 0.87304 8.24753 -0.421486 0.0209824 1.90997 113.207 399 308597
-3.37346 7.51809 1.04608 8.24753 -0.421783 0.041974 1.69775 120.332 437 308597
-3.37346 7.52406 0.87304 8.24753 -0.421486 0.0209824 1.69775 121.832 445 308597
-3.50321 7.45852 1.04608 8.24753 -0.439109 0.041974 1.69775 119.582 433 308597
-3.50321 7.46454 0.87304 8.24753 -0.438799 0.0209824 1.69775 121.832 445 308597
-3.37346 7.52605 0.7 8.24753 -0.421388 0 1.76849 116.019 414 308597
-3.37346 7.51809 1.04608 8.24753 -0.421783 0.041974 1.76849 117.332 421 308597
-3.37346 7.52406 0.87304 8.24753 -0.421486 0.0209824 1.76849 121.082 441 308597
-3.50321 7.46454 0.87304 8.24753 -0.438799 0.0209824 1.76849 118.644 428 308597
-3.71745 7.55783 1.23119 8.43933 -0.45712 0.0629841 1.69775 110.957 387 308597
-3.37346 7.50813 1.21912 8.24753 -0.422278 0.0629841 1.62701 118.269 426 308597
-3.50321 7.43439 1.39216 8.24753 -0.440357 0.0840222 1.62701 118.457 427 308597
-3.50321 7.44847 1.21912 8.24753 -0.439628 0.0629841 1.62701 120.894 440 308597
-3.63296 7.38606 1.21912 8.24753 -0.45712 0.0629841 1.62701 118.269 426 308597
-3.53037 7.85734 1.24327 8.63113 -0.422278 0.0629841 1.48553 113.019 398 308597
-3.66615 7.79491 1.24327 8.63113 -0.439628 0.0629841 1.48553 112.644 396 308597
-3.37346 7.49416 1.39216 8.24753 -0.422975 0.0840222 1.48553 122.957 451 308597
-3.37346 7.50813 1.21912 8.24753 -0.422278 0.0629841 1.48553 126.332 469 308597
-3.50321 7.43439 1.39216 8.24753 -0.440357 0.0840222 1.48553 121.644 444 308597
-3.50321 7.44847 1.21912 8.24753 -0.439628 0.0629841 1.48553 125.394 464 308597
-3.37346 7.49416 1.39216 8.24753 -0.422975 0.0840222 1.55627 122.019 446 308597
-3.37346 7.50813 1.21912 8.24753 -0.422278 0.0629841 1.55627 124.644 460 308597
-3.50321 7.43439 1.39216 8.24753 -0.440357 0.0840222 1.55627 120.894 440 308597
-3.50321 7.44847 1.21912 8.24753 -0.439628 0.0629841 1.55627 124.457 459 308597
-3.50321 7.45852 1.04608 8.24753 -0.439109 0.041974 1.55627 121.269 442 308597
-3.37346 7.49416 1.39216 8.24753 -0.422975 0.0840222 1.41479 112.644 396 308597
-3.37346 7.50813 1.21912 8.24753 -0.422278 0.0629841 1.41479 115.832 413 308597
-3.37346 7.51809 1.04608 8.24753 -0.421783 0.041974 1.41479 111.894 392 308597
-3.50321 7.44847 1.21912 8.24753 -0.439628 0.0629841 1.41479 113.019 398 308597
-3.45192 7.45071 -1.24771 8.43933 -0.433859 -0.232889 1.48553 112.269 394 308597
-3.45192 7.66844 1.40826 8.43933 -0.422975 0.0840222 1.48553 113.019 398 308597
-3.45192 7.68274 1.23119 8.43933 -0.422278 0.0629841 1.48553 117.332 421 308597
-3.58468 7.62169 1.23119 8.43933 -0.439628 0.0629841 1.48553 115.644 412 308597
1.94623 8.00713 0.35392 8.24753 0.238438 -0.041974 0.0707397 125.207 463 308597
1.94623 8.00713 0.35392 8.24753 0.238438 -0.041974 -0 133.082 505 308597
1.94623 7.99778 0.18088 8.24753 0.238706 -0.0629841 -0 131.582 497 308597
1.81648 8.03756 0.35392 8.24753 0.222265 -0.041974 -0 128.582 481 308597
1.94623 8.00713 0.35392 8.24753 0.238438 -0.041974 -0.0707397 126.894 472 308597
1.94623 7.99778 0.18088 8.24753 0.238706 -0.0629841 -0.0707397 125.394 464 308597
-3.58468 7.63813 0.522936 8.43933 -0.438799 -0.0209824 1.55627 119.207 431 308597
1.99149 8.19334 0.345872 8.43933 0.238438 -0.041974 -0 124.832 461 308597
1.46043 8.30446 0.345872 8.43933 0.17408 -0.041974 -0 117.144 420 308597
1.46043 8.29502 0.168807 8.43933 0.174275 -0.0629841 -0 117.519 422 308597
1.32766 8.32672 0.345872 8.43933 0.158115 -0.041974 -0 117.144 420 308597
-3.58468 7.63813 0.522936 8.43933 -0.438799 -0.0209824 1.62701 116.957 419 308597
-3.71745 7.5744 0.522936 8.43933 -0.456253 -0.0209824 1.62701 116.019 414 308597
-3.53037 7.85734 1.24327 8.63113 -0.422278 0.0629841 1.55627 111.332 389 308597
-3.66615 7.81172 0.518912 8.63113 -0.438799 -0.0209824 1.55627 111.894 392 308597
-3.66615 7.79491 1.24327 8.63113 -0.439628 0.0629841 1.55627 112.457 395 308597
-3.80193 7.74655 0.518912 8.63113 -0.456253 -0.0209824 1.55627 110.957 387 308597
2.4441 8.26993 0.337823 8.63113 0.287361 -0.041974 -0 120.144 436 308597
1.6294 8.4682 0.337823 8.63113 0.190091 -0.041974 -0 121.644 444 308597
1.49362 8.4932 0.337823 8.63113 0.17408 -0.041974 -0 119.394 432 308597
4.68 7.69546 0.321726 9.01474 0.546391 -0.041974 -0 114.832 397 308597
3.68727 8.21745 0.321726 9.01474 0.421783 -0.041974 -0 114.832 397 308597
3.26182 8.39541 0.321726 9.01474 0.370574 -0.041974 -0 115.582 401 308597
3.12 8.44914 0.321726 9.01474 0.353736 -0.041974 -0 118.957 419 308597
3.76573 8.39229 0.313678 9.20654 0.421783 -0.041974 -0 117.644 412 308597
3.62089 8.4624 0.506839 9.20654 0.404307 -0.0209824 -0 114.832 397 308597
3.62089 8.45579 0.313678 9.20654 0.40459 -0.041974 -0 120.269 426 308597
3.62089 8.44475 0.120517 9.20654 0.405063 -0.0629841 -0 116.332 405 308597
3.47605 8.51635 0.313678 9.20654 0.387523 -0.041974 -0 116.332 405 308597
4.28774 8.35396 0.30563 9.39835 0.474198 -0.041974 -0 122.332 437 308597
3.69633 8.63195 0.30563 9.39835 0.40459 -0.041974 -0 119.332 421 308597
3.54847 8.69378 0.30563 9.39835 0.387523 -0.041974 -0 116.707 407 308597
3.25277 8.80868 0.30563 9.39835 0.353736 -0.041974 -0 118.019 414 308597
3.8472 8.9913 0.494766 9.78195 0.404307 -0.0209824 -0 120.519 422 308597
3.8472 8.98427 0.289533 9.78195 0.40459 -0.041974 -0 122.019 430 308597
3.69331 9.0556 0.494766 9.78195 0.387253 -0.0209824 -0 119.207 415 308597
3.69331 9.04862 0.289533 9.78195 0.387523 -0.041974 -0 120.332 421 308597
-1.72596 9.82105 0.490742 9.97375 -0.173964 -0.0209824 -0 114.144 388 308597
-2.03977 9.7607 0.490742 9.97375 -0.206013 -0.0209824 -0 116.957 403 308597
3.99807 9.3439 0.486718 10.1656 0.404307 -0.0209824 -0 116.582 401 308597
-2.3234 10.2806 0.257339 10.5492 -0.222265 -0.041974 -0 121.894 424 308597
-2.48936 10.2417 0.257339 10.5492 -0.238438 -0.041974 -0 121.144 420 308597
8.13192 6.71624 0.47867 10.5492 0.880455 -0.0209824 -0 121.519 422 308597
8.13192 6.70529 0.257339 10.5492 0.881256 -0.041974 -0 124.519 438 308597
8.13192 6.70529 0.257339 10.5492 0.881256 -0.041974 -0.0707397 117.582 401 308597
5.84774 9.22599 0.241243 10.9328 0.564926 -0.041974 -0 118.519 406 308597
6.23095 9.43452 0.225146 11.3164 0.58368 -0.041974 0.0707397 118.582 401 308597
6.05292 9.55856 0.462573 11.3164 0.564507 -0.0209824 0.0707397 123.832 429 308597
6.05292 9.54971 0.225146 11.3164 0.564926 -0.041974 0.0707397 125.144 436 308597
6.05292 9.55856 0.462573 11.3164 0.564507 -0.0209824 -0 131.519 470 308597
6.05292 9.54971 0.225146 11.3164 0.564926 -0.041974 -0 132.832 477 308597
6.23095 9.43452 0.225146 11.3164 0.58368 -0.041974 -0.0707397 119.332 405 308597
6.05292 9.55856 0.462573 11.3164 0.564507 -0.0209824 -0.0707397 124.394 432 308597
6.05292 9.54971 0.225146 11.3164 0.564926 -0.041974 -0.0707397 125.707 439 308597
6.15551 9.72057 0.458549 11.5082 0.564507 -0.0209824 -0 120.832 413 308597
6.15551 9.71157 0.217098 11.5082 0.564926 -0.041974 -0 121.957 419 308597
5.97447 9.53489 3.11451 11.5082 0.559742 0.211379 -0 121.957 419 308597
5.97447 9.59279 2.87306 11.5082 0.557021 0.189968 -0 124.019 430 308597
1.39404 12.5708 0.168807 12.659 0.110444 -0.041974 -0 120.707 407 308597
6.15551 11.4954 0.426355 13.0426 0.491624 -0.0209824 -0 140.082 505 308597
5.95033 11.6029 0.426355 13.0426 0.473858 -0.0209824 -0 138.207 495 308597
6.24604 11.6645 0.422331 13.2344 0.491624 -0.0209824 -0 144.207 527 308597
6.24604 11.6545 0.144662 13.2344 0.491978 -0.041974 -0 141.207 511 308597
6.03783 11.7736 0.422331 13.2344 0.473858 -0.0209824 -0 142.144 516 308597
6.03783 11.7637 0.144662 13.2344 0.474198 -0.041974 -0 138.582 497 308597
6.33656 11.8335 0.418307 13.4262 0.491624 -0.0209824 0.0707397 146.082 537 308597
6.33656 11.8234 0.136614 13.4262 0.491978 -0.041974 0.0707397 142.332 517 308597
6.12534 11.9442 0.418307 13.4262 0.473858 -0.0209824 0.0707397 144.019 526 308597
6.33656 11.8335 0.418307 13.4262 0.491624 -0.0209824 -0 153.582 577 308597
6.33656 11.8234 0.136614 13.4262 0.491978 -0.041974 -0 150.019 558 308597
6.12534 11.9442 0.418307 13.4262 0.473858 -0.0209824 -0 151.332 565 308597
6.33656 11.8335 0.418307 13.4262 0.491624 -0.0209824 -0.0707397 146.644 540 308597
6.33656 11.8234 0.136614 13.4262 0.491978 -0.041974 -0.0707397 142.894 520 308597
6.12534 11.9442 0.418307 13.4262 0.473858 -0.0209824 -0.0707397 144.582 529 308597
6.42708 12.0026 0.414283 13.618 0.491624 -0.0209824 -0 141.644 508 308597
6.42708 11.8382 2.70002 13.618 0.497384 0.147399 -0 139.582 497 308597
6.21284 12.1148 0.414283 13.618 0.473858 -0.0209824 -0 139.207 495 308597
6.21284 11.9007 2.98574 13.618 0.481138 0.168645 -0 138.269 490 308597
6.21284 11.952 2.70002 13.618 0.479374 0.147399 -0 142.394 512 308597
6.5176 12.1716 0.410259 13.8098 0.491624 -0.0209824 -0 138.644 492 308597
6.1193 13.6519 0.7 14.9606 0.421388 0 -0 132.332 453 308597
6.1193 13.6483 0.386113 14.9606 0.421486 -0.0209824 -0 129.332 437 308597
5.88395 13.755 0.7 14.9606 0.404213 0 -0 129.707 439 308597
-7.38963 13.2284 0.7 15.1524 -0.509437 0 -0 129.207 431 308597
-7.38963 13.2245 0.382089 15.1524 -0.50956 -0.0209824 -0 129.207 431 308597
-7.38963 13.1671 -0.571643 15.1524 -0.511416 -0.0840222 -0 130.332 437 308597
6.82538 15.2271 0.7 16.6869 0.421388 0 0.0707397 146.332 517 308597
6.56286 15.3421 0.7 16.6869 0.404213 0 0.0707397 150.082 537 308597
6.56286 15.3381 1.0501 16.6869 0.404307 0.0209824 0.0707397 149.894 536 308597
6.82538 15.2271 0.7 16.6869 0.421388 0 -0 153.832 557 308597
6.56286 15.3421 0.7 16.6869 0.404213 0 -0 157.394 576 308597
6.56286 15.3381 1.0501 16.6869 0.404307 0.0209824 -0 157.207 575 308597
6.82538 15.2271 0.7 16.6869 0.421388 0 -0.0707397 146.332 517 308597
6.56286 15.3421 0.7 16.6869 0.404213 0 -0.0707397 150.082 537 308597
6.56286 15.3381 1.0501 16.6869 0.404307 0.0209824 -0.0707397 150.082 537 308597
6.6383 15.5184 0.7 16.8787 0.404213 0 0.0707397 150.082 537 308597
6.6383 15.5144 1.05413 16.8787 0.404307 0.0209824 0.0707397 149.519 534 308597
6.6383 15.5184 0.7 16.8787 0.404213 0 -0 157.957 579 308597
6.6383 15.5144 1.05413 16.8787 0.404307 0.0209824 -0 157.582 577 308597
6.6383 15.5184 0.7 16.8787 0.404213 0 -0.0707397 151.207 543 308597
6.6383 15.5144 1.05413 16.8787 0.404307 0.0209824 -0.0707397 150.644 540 308597
6.59002 16.158 0.333799 17.4541 0.387253 -0.0209824 -0 142.082 489 308597
6.73486 16.5174 0.7 17.8377 0.387164 0 0.0707397 149.019 526 308597
6.73486 16.5132 0.325751 17.8377 0.387253 -0.0209824 0.0707397 149.394 528 308597
6.45424 16.6291 0.7 17.8377 0.370232 0 0.0707397 146.019 510 308597
6.45424 16.6248 0.325751 17.8377 0.370317 -0.0209824 0.0707397 146.207 511 308597
6.73486 16.5174 0.7 17.8377 0.387164 0 -0 156.332 565 308597
6.73486 16.5132 0.325751 17.8377 0.387253 -0.0209824 -0 156.707 567 308597
6.45424 16.6291 0.7 17.8377 0.370232 0 -0 153.144 548 308597
6.45424 16.6248 0.325751 17.8377 0.370317 -0.0209824 -0 153.519 550 308597
6.73486 16.5174 0.7 17.8377 0.387164 0 -0.0707397 149.207 527 308597
6.73486 16.5132 0.325751 17.8377 0.387253 -0.0209824 -0.0707397 149.394 528 308597
6.45424 16.6291 0.7 17.8377 0.370232 0 -0.0707397 145.832 509 308597
6.45424 16.6248 0.325751 17.8377 0.370317 -0.0209824 -0.0707397 146.207 511 308597
6.80727 16.695 0.7 18.0295 0.387164 0 0.0707397 142.832 493 308597
6.80727 16.6907 0.321726 18.0295 0.387253 -0.0209824 0.0707397 143.019 494 308597
6.80727 16.695 0.7 18.0295 0.387164 0 -0 150.707 535 308597
6.80727 16.6907 0.321726 18.0295 0.387253 -0.0209824 -0 151.082 537 308597
6.52364 16.8079 0.7 18.0295 0.370232 0 -0 147.332 517 308597
6.52364 16.8036 0.321726 18.0295 0.370317 -0.0209824 -0 147.707 519 308597
6.80727 16.695 0.7 18.0295 0.387164 0 -0.0707397 144.332 501 308597
6.80727 16.6907 0.321726 18.0295 0.387253 -0.0209824 -0.0707397 144.894 504 308597
6.87969 16.8726 0.7 18.2213 0.387164 0 -0 146.832 509 308597
6.87969 16.8683 0.317702 18.2213 0.387253 -0.0209824 -0 145.894 504 308597
6.59304 16.9867 0.7 18.2213 0.370232 0 -0 146.644 508 308597
6.59304 16.9824 0.317702 18.2213 0.370317 -0.0209824 -0 145.707 503 308597
3.04758 19.1309 0.7 19.3721 0.157974 0 0.0707397 138.082 457 308597
2.74282 19.1769 0.7 19.3721 0.142064 0 0.0707397 139.019 462 308597
6.46329 18.4654 0.7 19.5639 0.336693 0 -0 152.519 534 308597
6.46329 18.4609 0.289533 19.5639 0.336771 -0.0209824 -0 152.894 536 308597
6.15551 18.5658 0.289533 19.5639 0.320146 -0.0209824 -0 150.832 525 308597
6.21586 18.7524 0.7 19.7557 0.320073 0 -0 152.332 533 308597
5.90507 18.8525 0.7 19.7557 0.303544 0 -0 151.582 529 308597
6.27621 18.9344 0.7 19.9475 0.320073 0 0.0707397 159.832 573 308597
6.27621 18.9298 0.281485 19.9475 0.320146 -0.0209824 0.0707397 155.707 551 308597
6.27621 18.9298 1.11852 19.9475 0.320146 0.0209824 0.0707397 155.894 552 308597
5.9624 19.0356 0.7 19.9475 0.303544 0 0.0707397 158.894 568 308597
6.27621 18.9344 0.7 19.9475 0.320073 0 -0 167.332 613 308597
6.27621 18.9298 0.281485 19.9475 0.320146 -0.0209824 -0 163.207 591 308597
6.27621 18.9298 1.11852 19.9475 0.320146 0.0209824 -0 163.207 591 308597
5.9624 19.0356 0.7 19.9475 0.303544 0 -0 166.207 607 308597
6.27621 18.9344 0.7 19.9475 0.320073 0 -0.0707397 160.207 575 308597
6.27621 18.9298 0.281485 19.9475 0.320146 -0.0209824 -0.0707397 156.457 555 308597
6.27621 18.9298 1.11852 19.9475 0.320146 0.0209824 -0.0707397 156.082 553 308597
5.9624 19.0356 0.7 19.9475 0.303544 0 -0.0707397 159.269 570 308597
6.33656 19.1165 0.7 20.1393 0.320073 0 0.0707397 153.644 540 308597
6.01973 19.2186 0.7 20.1393 0.303544 0 0.0707397 151.394 528 308597
6.33656 19.1165 0.7 20.1393 0.320073 0 -0 161.707 583 308597
6.33656 19.1118 0.27746 20.1393 0.320146 -0.0209824 -0 157.957 563 308597
6.33656 19.1118 1.12254 20.1393 0.320146 0.0209824 -0 157.957 563 308597
6.01973 19.2186 0.7 20.1393 0.303544 0 -0 160.394 576 308597
6.33656 19.1165 0.7 20.1393 0.320073 0 -0.0707397 155.332 549 308597
6.01973 19.2186 0.7 20.1393 0.303544 0 -0.0707397 154.394 544 308597
6.07706 19.4016 0.7 20.3311 0.303544 0 -0 151.394 528 308597
1.59923 20.2681 0.7 20.3311 0.0787404 0 -0 146.144 500 308597
1.59923 20.2636 1.12656 20.3311 0.0787578 0.0209824 -0 145.582 497 308597
1.93718 20.4268 1.13059 20.5229 0.0945525 0.0209824 -0 148.457 507 308597
1.61431 20.4548 1.13059 20.5229 0.0787578 0.0209824 -0 149.582 513 308597
1.29145 20.4822 0.7 20.5229 0.0629689 0 -0 152.019 526 308597
1.29145 20.4777 1.13059 20.5229 0.0629827 0.0209824 -0 150.707 519 308597
0.968588 20.5 0.7 20.5229 0.047213 0 -0 148.644 508 308597
1.95528 20.6222 0.7 20.7147 0.0945316 0 0.0707397 153.144 532 308597
1.95528 20.6177 1.13461 20.7147 0.0945525 0.0209824 0.0707397 155.957 547 308597
1.6294 20.6505 0.7 20.7147 0.0787404 0 0.0707397 153.519 534 308597
1.6294 20.646 1.13461 20.7147 0.0787578 0.0209824 0.0707397 155.582 545 308597
1.95528 20.6222 0.7 20.7147 0.0945316 0 -0 159.332 565 308597
1.95528 20.6177 1.13461 20.7147 0.0945525 0.0209824 -0 162.332 581 308597
1.6294 20.6505 0.7 20.7147 0.0787404 0 -0 160.082 569 308597
1.6294 20.646 1.13461 20.7147 0.0787578 0.0209824 -0 162.332 581 308597
1.95528 20.6222 0.7 20.7147 0.0945316 0 -0.0707397 151.644 524 308597
1.95528 20.6177 1.13461 20.7147 0.0945525 0.0209824 -0.0707397 154.457 539 308597
1.6294 20.6505 0.7 20.7147 0.0787404 0 -0.0707397 152.582 529 308597
1.6294 20.646 1.13461 20.7147 0.0787578 0.0209824 -0.0707397 154.644 540 308597
4.93346 20.3161 0.7 20.9065 0.238224 0 0.0707397 147.332 501 308597
4.93346 20.3114 1.13864 20.9065 0.238277 0.0209824 0.0707397 148.082 505 308597
4.60457 20.3884 1.13864 20.9065 0.222116 0.0209824 0.0707397 146.207 495 308597
4.93346 20.3161 0.7 20.9065 0.238224 0 -0 155.207 543 308597
4.93346 20.3114 1.13864 20.9065 0.238277 0.0209824 -0 156.144 548 308597
1.64449 20.8371 1.13864 20.9065 0.0787578 0.0209824 -0 155.207 543 308597
4.93346 20.3161 0.7 20.9065 0.238224 0 -0.0707397 148.644 508 308597
4.93346 20.3114 1.13864 20.9065 0.238277 0.0209824 -0.0707397 149.582 513 308597
4.60457 20.3884 1.13864 20.9065 0.222116 0.0209824 -0.0707397 147.519 502 308597
1.64449 20.8417 0.7 20.9065 0.0787404 0 -0.0707397 148.269 506 308597
1.64449 20.8371 1.13864 20.9065 0.0787578 0.0209824 -0.0707397 148.457 507 308597
2.3234 20.9653 1.14266 21.0983 0.110371 0.0209824 -0 145.832 493 308597
1.99149 21.0041 0.7 21.0983 0.0945316 0 -0 147.332 501 308597
1.99149 20.9995 1.14266 21.0983 0.0945525 0.0209824 -0 151.832 525 308597
1.65957 21.0283 1.14266 21.0983 0.0787578 0.0209824 -0 151.269 522 308597
5.02398 20.684 1.14668 21.2901 0.238277 0.0209824 -0 145.457 491 308597
3.68426 20.9499 1.59337 21.2901 0.17408 0.041974 -0 145.644 492 308597
3.68426 20.9642 1.14668 21.2901 0.173964 0.0209824 -0 144.332 485 308597
1.67466 21.2242 0.7 21.2901 0.0787404 0 -0 145.832 493 308597
1.67466 21.2195 1.14668 21.2901 0.0787578 0.0209824 -0 146.019 494 308597
3.71745 21.153 1.15071 21.4819 0.173964 0.0209824 0.0707397 148.644 508 308597
1.3518 21.4394 0.7 21.4819 0.0629689 0 0.0707397 151.269 522 308597
1.3518 21.4346 0.249291 21.4819 0.0629827 -0.0209824 0.0707397 148.269 506 308597
1.3518 21.4346 1.15071 21.4819 0.0629827 0.0209824 0.0707397 149.394 512 308597
1.01385 21.458 0.7 21.4819 0.047213 0 0.0707397 148.082 505 308597
1.3518 21.4394 0.7 21.4819 0.0629689 0 -0 158.582 561 308597
1.3518 21.4346 1.15071 21.4819 0.0629827 0.0209824 -0 157.082 553 308597
3.71745 21.153 1.15071 21.4819 0.173964 0.0209824 -0.0707397 149.207 511 308597
1.3518 21.4394 0.7 21.4819 0.0629689 0 -0.0707397 151.457 523 308597
1.3518 21.4346 0.249291 21.4819 0.0629827 -0.0209824 -0.0707397 148.457 507 308597
1.3518 21.4346 1.15071 21.4819 0.0629827 0.0209824 -0.0707397 149.957 515 308597
1.36387 21.6308 0.7 21.6737 0.0629689 0 0.0707397 146.019 494 308597
1.36387 21.6308 0.7 21.6737 0.0629689 0 -0 154.082 537 308597
1.36387 21.6308 0.7 21.6737 0.0629689 0 -0.0707397 147.707 503 308597
5.15977 21.2431 1.15876 21.8655 0.238277 0.0209824 0.0707397 149.394 512 308597
4.81578 21.3089 1.61751 21.8655 0.222265 0.041974 0.0707397 150.332 517 308597
4.81578 21.3237 1.15876 21.8655 0.222116 0.0209824 0.0707397 154.269 538 308597
4.4718 21.3985 1.15876 21.8655 0.206013 0.0209824 0.0707397 149.582 513 308597
5.15977 21.2431 1.15876 21.8655 0.238277 0.0209824 -0 156.519 550 308597
4.81578 21.3089 1.61751 21.8655 0.222265 0.041974 -0 157.832 557 308597
4.81578 21.3237 1.15876 21.8655 0.222116 0.0209824 -0 161.582 577 308597
4.4718 21.3985 1.15876 21.8655 0.206013 0.0209824 -0 156.894 552 308597
5.15977 21.2431 1.15876 21.8655 0.238277 0.0209824 -0.0707397 149.019 510 308597
4.81578 21.3089 1.61751 21.8655 0.222265 0.041974 -0.0707397 150.707 519 308597
4.81578 21.3237 1.15876 21.8655 0.222116 0.0209824 -0.0707397 154.457 539 308597
4.4718 21.3985 1.15876 21.8655 0.206013 0.0209824 -0.0707397 149.957 515 308597
5.20503 21.4294 1.16278 22.0573 0.238277 0.0209824 0.0707397 146.082 489 308597
4.85803 21.5107 1.16278 22.0573 0.222116 0.0209824 0.0707397 148.707 503 308597
5.20503 21.4294 1.16278 22.0573 0.238277 0.0209824 -0 153.957 531 308597
4.85803 21.4958 1.62556 22.0573 0.222265 0.041974 -0 152.082 521 308597
4.85803 21.5107 1.16278 22.0573 0.222116 0.0209824 -0 157.332 549 308597
5.20503 21.4294 1.16278 22.0573 0.238277 0.0209824 -0.0707397 147.582 497 308597
4.85803 21.4958 1.62556 22.0573 0.222265 0.041974 -0.0707397 146.082 489 308597
4.85803 21.5107 1.16278 22.0573 0.222116 0.0209824 -0.0707397 151.332 517 308597
4.90027 21.6827 1.63361 22.2491 0.222265 0.041974 -0 146.082 489 308597
4.90027 21.6978 1.16681 22.2491 0.222116 0.0209824 -0 149.082 505 308597
2.80015 22.0722 0.7 22.2491 0.126189 0 -0 142.519 470 308597
2.80015 22.0673 1.16681 22.2491 0.126217 0.0209824 -0 142.332 469 308597
1.79536 22.7538 0.7 22.8246 0.0787404 0 0.0707397 153.457 523 308597
1.43629 22.7793 0.7 22.8246 0.0629689 0 0.0707397 155.519 534 308597
1.43629 22.7743 1.17888 22.8246 0.0629827 0.0209824 0.0707397 151.394 512 308597
1.07721 22.7991 0.7 22.8246 0.047213 0 0.0707397 152.707 519 308597
1.79536 22.7538 0.7 22.8246 0.0787404 0 -0 160.582 561 308597
1.43629 22.7793 0.7 22.8246 0.0629689 0 -0 162.644 572 308597
1.43629 22.7743 1.17888 22.8246 0.0629827 0.0209824 -0 158.707 551 308597
1.07721 22.7991 0.7 22.8246 0.047213 0 -0 159.832 557 308597
1.79536 22.7538 0.7 22.8246 0.0787404 0 -0.0707397 153.082 521 308597
1.43629 22.7793 0.7 22.8246 0.0629689 0 -0.0707397 155.332 533 308597
1.43629 22.7743 1.17888 22.8246 0.0629827 0.0209824 -0.0707397 151.394 512 308597
1.07721 22.7991 0.7 22.8246 0.047213 0 -0.0707397 152.519 518 308597
1.81044 22.945 0.7 23.0164 0.0787404 0 0.0707397 152.519 518 308597
1.44836 22.9707 0.7 23.0164 0.0629689 0 0.0707397 155.894 536 308597
1.44836 22.9657 1.1829 23.0164 0.0629827 0.0209824 0.0707397 152.332 517 308597
1.08627 22.9907 0.7 23.0164 0.047213 0 0.0707397 154.207 527 308597
1.08627 22.9856 1.1829 23.0164 0.0472234 0.0209824 0.0707397 151.207 511 308597
1.81044 22.945 0.7 23.0164 0.0787404 0 -0 160.394 560 308597
1.44836 22.9707 0.7 23.0164 0.0629689 0 -0 163.582 577 308597
1.44836 22.9657 1.1829 23.0164 0.0629827 0.0209824 -0 160.207 559 308597
1.08627 22.9907 0.7 23.0164 0.047213 0 -0 161.894 568 308597
1.81044 22.945 0.7 23.0164 0.0787404 0 -0.0707397 153.457 523 308597
1.44836 22.9707 0.7 23.0164 0.0629689 0 -0.0707397 157.019 542 308597
1.44836 22.9657 1.1829 23.0164 0.0629827 0.0209824 -0.0707397 153.269 522 308597
1.08627 22.9907 0.7 23.0164 0.047213 0 -0.0707397 154.957 531 308597
-13.7322 19.1833 0.7 23.5918 -0.621281 0 0.0707397 133.207 415 308597
-13.7322 19.1769 1.19497 23.5918 -0.621438 0.0209824 0.0707397 133.207 415 308597
-14.4745 18.6295 0.7 23.5918 -0.660537 0 0.0707397 133.957 419 308597
-14.4745 18.623 0.205025 23.5918 -0.660708 -0.0209824 0.0707397 133.582 417 308597
-14.8456 18.3352 0.7 23.5918 -0.680617 0 0.0707397 138.457 443 308597
-14.8456 18.3285 0.205025 23.5918 -0.680795 -0.0209824 0.0707397 136.394 432 308597
-14.8456 18.3352 0.7 23.5918 -0.680617 0 -0 145.394 480 308597
-14.8456 18.3285 0.205025 23.5918 -0.680795 -0.0209824 -0 143.519 470 308597
-13.7322 19.1833 0.7 23.5918 -0.621281 0 -0.0707397 133.957 419 308597
-13.7322 19.1769 1.19497 23.5918 -0.621438 0.0209824 -0.0707397 133.957 419 308597
-14.1034 18.9056 1.19497 23.5918 -0.640929 0.0209824 -0.0707397 133.207 415 308597
-14.8456 18.3352 0.7 23.5918 -0.680617 0 -0.0707397 137.894 440 308597
-14.8456 18.3285 0.205025 23.5918 -0.680795 -0.0209824 -0.0707397 136.019 430 308597
-7.10901 22.6908 0.201001 23.7836 -0.303613 -0.0209824 0.0707397 136.957 435 308597
-14.5922 18.781 0.7 23.7836 -0.660537 0 0.0707397 139.394 448 308597
-14.9663 18.4842 0.7 23.7836 -0.680617 0 0.0707397 139.582 449 308597
-14.9663 18.4775 0.201001 23.7836 -0.680795 -0.0209824 0.0707397 137.332 437 308597
-14.5922 18.781 0.7 23.7836 -0.660537 0 -0 146.332 485 308597
-14.9663 18.4842 0.7 23.7836 -0.680617 0 -0 146.894 488 308597
-14.5922 18.781 0.7 23.7836 -0.660537 0 -0.0707397 139.019 446 308597
-14.9663 18.4842 0.7 23.7836 -0.680617 0 -0.0707397 140.144 452 308597
-14.9663 18.4775 0.201001 23.7836 -0.680795 -0.0209824 -0.0707397 137.519 438 308597
1.52077 24.1193 0.7 24.1672 0.0629689 0 0.0707397 149.332 501 308597
1.52077 24.1139 1.20705 24.1672 0.0629827 0.0209824 0.0707397 147.269 490 308597
1.14058 24.1402 0.7 24.1672 0.047213 0 0.0707397 149.332 501 308597
1.14058 24.1349 1.20705 24.1672 0.0472234 0.0209824 0.0707397 147.457 491 308597
1.52077 24.1193 0.7 24.1672 0.0629689 0 -0 156.269 538 308597
1.52077 24.1139 1.20705 24.1672 0.0629827 0.0209824 -0 154.582 529 308597
1.14058 24.1402 0.7 24.1672 0.047213 0 -0 156.457 539 308597
1.14058 24.1349 1.20705 24.1672 0.0472234 0.0209824 -0 154.582 529 308597
1.52077 24.1193 0.7 24.1672 0.0629689 0 -0.0707397 148.957 499 308597
1.14058 24.1402 0.7 24.1672 0.047213 0 -0.0707397 148.957 499 308597
1.14058 24.1349 1.20705 24.1672 0.0472234 0.0209824 -0.0707397 147.269 490 308597
1.53284 24.3107 0.7 24.359 0.0629689 0 0.0707397 150.519 502 308597
1.53284 24.3053 1.21107 24.359 0.0629827 0.0209824 0.0707397 149.394 496 308597
1.14963 24.3318 0.7 24.359 0.047213 0 0.0707397 150.519 502 308597
1.14963 24.3265 1.21107 24.359 0.0472234 0.0209824 0.0707397 149.207 495 308597
1.53284 24.3107 0.7 24.359 0.0629689 0 -0 158.207 543 308597
1.53284 24.3053 1.21107 24.359 0.0629827 0.0209824 -0 157.082 537 308597
1.14963 24.3318 0.7 24.359 0.047213 0 -0 158.394 544 308597
1.14963 24.3265 1.21107 24.359 0.0472234 0.0209824 -0 156.894 536 308597
1.53284 24.3107 0.7 24.359 0.0629689 0 -0.0707397 151.269 506 308597
1.53284 24.3053 1.21107 24.359 0.0629827 0.0209824 -0.0707397 150.332 501 308597
1.14963 24.3318 0.7 24.359 0.047213 0 -0.0707397 151.644 508 308597
1.14963 24.3265 1.21107 24.359 0.0472234 0.0209824 -0.0707397 150.144 500 308597
-13.1318 20.7436 0.7 24.5508 -0.564368 0 -0 134.207 415 308597
10.0419 22.4031 0.7 24.5508 0.421388 0 -0 135.519 422 308597
9.65571 22.5723 0.7 24.5508 0.404213 0 -0 134.957 419 308597
4.24851 24.1749 1.2151 24.5508 0.173964 0.0209824 -0 134.207 415 308597
3.86228 24.2451 0.7 24.5508 0.157974 0 -0 134.207 415 308597
3.86228 24.2396 1.2151 24.5508 0.158009 0.0209824 -0 135.144 420 308597
3.47605 24.3035 0.7 24.5508 0.142064 0 -0 134.394 416 308597
3.47605 24.298 1.2151 24.5508 0.142095 0.0209824 -0 134.207 415 308597
-15.0207 20.1352 1.22717 25.1262 -0.640929 0.0209824 -0 134.207 415 308597
-15.4159 19.8412 0.7 25.1262 -0.660537 0 -0 134.394 416 308597
-15.8112 19.5277 0.7 25.1262 -0.680617 0 -0 134.957 419 308597
9.48673 23.2664 0.7 25.1262 0.387164 0 -0 136.832 429 308597
9.48673 23.2605 1.22717 25.1262 0.387253 0.0209824 -0 135.144 420 308597
9.09145 23.4237 0.7 25.1262 0.370232 0 -0 137.582 433 308597
9.09145 23.4178 0.172832 25.1262 0.370317 -0.0209824 -0 135.707 423 308597
11.1523 22.7294 0.7 25.318 0.456145 0 -0 137.957 435 308597
11.1523 22.7046 1.76239 25.318 0.456578 0.041974 -0 139.457 443 308597
11.1523 22.7232 1.23119 25.318 0.456253 0.0209824 -0 140.582 449 308597
-16.294 20.124 0.7 25.8934 -0.680617 0 0.0707397 135.019 414 308597
-16.7014 19.7872 0.7 25.8934 -0.701029 0 0.0707397 136.332 421 308597
-16.7014 19.7797 0.156735 25.8934 -0.701215 -0.0209824 0.0707397 135.207 415 308597
-16.294 20.124 0.7 25.8934 -0.680617 0 -0 141.394 448 308597
-16.294 20.1166 0.156735 25.8934 -0.680795 -0.0209824 -0 139.519 438 308597
-16.7014 19.7872 0.7 25.8934 -0.701029 0 -0 142.707 455 308597
-16.7014 19.7797 0.156735 25.8934 -0.701215 -0.0209824 -0 141.394 448 308597
-16.7014 19.7872 0.7 25.8934 -0.701029 0 -0.0707397 135.582 417 308597
-16.4147 20.273 0.7 26.0852 -0.680617 0 0.0707397 142.332 453 308597
-16.4147 20.2656 0.152711 26.0852 -0.680795 -0.0209824 0.0707397 139.894 440 308597
-16.8251 19.9338 0.7 26.0852 -0.701029 0 0.0707397 142.519 454 308597
-16.8251 19.9263 0.152711 26.0852 -0.701215 -0.0209824 0.0707397 140.644 444 308597
-16.4147 20.273 0.7 26.0852 -0.680617 0 -0 150.019 494 308597
-16.4147 20.2656 0.152711 26.0852 -0.680795 -0.0209824 -0 147.394 480 308597
-16.8251 19.9338 0.7 26.0852 -0.701029 0 -0 150.207 495 308597
-16.8251 19.9263 0.152711 26.0852 -0.701215 -0.0209824 -0 148.144 484 308597
-16.4147 20.273 0.7 26.0852 -0.680617 0 -0.0707397 142.894 456 308597
-16.4147 20.2656 0.152711 26.0852 -0.680795 -0.0209824 -0.0707397 140.269 442 308597
-16.8251 19.9338 0.7 26.0852 -0.701029 0 -0.0707397 143.082 457 308597
-16.8251 19.9263 0.152711 26.0852 -0.701215 -0.0209824 -0.0707397 141.207 447 308597
6.71072 25.583 4.05617 26.6606 0.256532 0.12622 -0 136.894 424 308597
6.2913 25.6894 4.05617 26.6606 0.240172 0.12622 -0 138.582 433 308597
6.75899 25.8347 3.51693 26.8524 0.255889 0.105098 0.0707397 135.207 415 308597
6.75899 25.7671 4.08032 26.8524 0.256532 0.12622 -0 141.394 448 308597
6.75899 25.8347 3.51693 26.8524 0.255889 0.105098 -0 142.519 454 308597
6.33656 25.8742 4.08032 26.8524 0.240172 0.12622 -0 141.207 447 308597
6.33656 25.9416 3.51693 26.8524 0.239572 0.105098 -0 143.082 457 308597
6.75899 25.8347 3.51693 26.8524 0.255889 0.105098 -0.0707397 135.019 414 308597
12.5132 24.4071 0.7 27.4278 0.473746 0 -0 134.519 406 308597
-15.5336 22.6051 0.7 27.4278 -0.602065 0 -0 135.082 409 308597
-15.9651 22.3025 0.7 27.4278 -0.621281 0 -0 138.644 428 308597
-15.9651 22.2951 0.124541 27.4278 -0.621438 -0.0209824 -0 135.457 411 308597
-16.3966 21.9872 0.7 27.4278 -0.640765 0 -0 137.707 423 308597
-16.3966 21.9797 0.124541 27.4278 -0.640929 -0.0209824 -0 136.019 414 308597
10.8627 25.3938 0.7 27.6196 0.404213 0 0.0707397 135.082 409 308597
10.4282 25.5753 0.7 27.6196 0.387164 0 0.0707397 137.332 421 308597
10.8627 25.3938 0.7 27.6196 0.404213 0 -0 142.019 446 308597
10.4282 25.5753 0.7 27.6196 0.387164 0 -0 143.519 454 308597
10.8627 25.3938 0.7 27.6196 0.404213 0 -0.0707397 135.082 409 308597
11.089 25.9229 0.7 28.195 0.404213 0 -0 140.519 438 308597
10.6454 26.1081 0.7 28.195 0.387164 0 -0 141.457 443 308597
6.65339 26.1171 8.98178 28.195 0.249446 0.298128 -0 142.207 447 308597
6.20983 26.2261 8.98178 28.195 0.232498 0.298128 -0 141.082 441 308597
-16.0768 23.3955 0.7 28.3868 -0.602065 0 -0 141.269 442 308597
-16.5233 23.0823 0.7 28.3868 -0.621281 0 -0 141.269 442 308597
-19.6494 20.487 0.7 28.3868 -0.764533 0 -0 141.082 441 308597
-15.947 24.1765 0.7 28.9622 -0.583099 0 -0 140.582 433 308597
-16.4026 23.8698 0.7 28.9622 -0.602065 0 -0 138.894 424 308597
2.73377 28.8329 0.7 28.9622 0.0945316 0 -0 136.457 411 308597
2.73377 28.8265 1.30765 28.9622 0.0945525 0.0209824 -0 137.582 417 308597
-16.0526 24.3366 0.7 29.1541 -0.583099 0 -0 146.207 463 308597
-16.0526 24.329 1.31168 29.1541 -0.583244 0.0209824 -0 143.957 451 308597
-16.5113 24.0278 0.7 29.1541 -0.602065 0 -0 141.332 437 308597
-15.9017 25.1192 0.7 29.7295 -0.564368 0 -0 142.644 444 308597
-15.9017 25.1115 0.076251 29.7295 -0.564507 -0.0209824 -0 140.019 430 308597
-15.9017 25.1115 1.32375 29.7295 -0.564507 0.0209824 -0 140.019 430 308597
-16.3694 24.817 0.7 29.7295 -0.583099 0 -0 144.144 452 308597
-16.3694 24.8091 0.076251 29.7295 -0.583244 -0.0209824 -0 141.707 439 308597
-16.3694 24.8091 1.32375 29.7295 -0.583244 0.0209824 -0 140.207 431 308597
3.35838 30.3112 0.7 30.4967 0.110346 0 -0 142.332 437 308597
3.35838 30.3044 1.33985 30.4967 0.110371 0.0209824 -0 143.269 442 308597
2.87861 30.3605 0.7 30.4967 0.0945316 0 -0 143.082 441 308597
2.87861 30.3538 1.33985 30.4967 0.0945525 0.0209824 -0 144.957 451 308597
6.27621 30.0398 0.7 30.6885 0.205967 0 -0 155.269 506 308597
6.27621 30.0329 1.34387 30.6885 0.206013 0.0209824 -0 156.019 510 308597
-7.24178 29.8148 0.0561301 30.6885 -0.238277 -0.0209824 -0.0707397 138.582 417 308597
6.84348 30.3091 0.7 31.0721 0.222066 0 0.0707397 158.457 523 308597
6.84348 30.3021 1.35192 31.0721 0.222116 0.0209824 0.0707397 158.457 523 308597
6.35466 30.4153 0.7 31.0721 0.205967 0 0.0707397 161.457 539 308597
6.35466 30.4083 1.35192 31.0721 0.206013 0.0209824 0.0707397 161.832 541 308597
6.84348 30.3091 0.7 31.0721 0.222066 0 -0 166.144 564 308597
6.84348 30.3021 1.35192 31.0721 0.222116 0.0209824 -0 166.144 564 308597
6.35466 30.4153 0.7 31.0721 0.205967 0 -0 169.144 580 308597
6.35466 30.4083 1.35192 31.0721 0.206013 0.0209824 -0 169.332 581 308597
6.84348 30.3091 0.7 31.0721 0.222066 0 -0.0707397 159.207 527 308597
6.84348 30.3021 1.35192 31.0721 0.222116 0.0209824 -0.0707397 159.207 527 308597
6.35466 30.4153 0.7 31.0721 0.205967 0 -0.0707397 162.207 543 308597
6.35466 30.4083 1.35192 31.0721 0.206013 0.0209824 -0.0707397 162.582 545 308597
6.88573 30.4962 0.7 31.2639 0.222066 0 -0 156.019 510 308597
6.88573 30.4891 1.35594 31.2639 0.222116 0.0209824 -0 155.082 505 308597
6.39389 30.6031 0.7 31.2639 0.205967 0 -0 159.207 527 308597
6.39389 30.5961 1.35594 31.2639 0.206013 0.0209824 -0 159.207 527 308597
6.39389 30.6031 0.7 31.2639 0.205967 0 -0.0707397 153.394 496 308597
6.39389 30.5961 1.35594 31.2639 0.206013 0.0209824 -0.0707397 153.207 495 308597
6.92797 30.6833 0.7 31.4557 0.222066 0 -0 153.207 495 308597
6.92797 30.6762 1.35997 31.4557 0.222116 0.0209824 -0 153.582 497 308597
6.43311 30.7908 0.7 31.4557 0.205967 0 -0 154.894 504 308597
6.43311 30.7838 1.35997 31.4557 0.206013 0.0209824 -0 155.644 508 308597
1.48456 31.4206 0.7 31.4557 0.047213 0 -0 153.207 495 308597
1.52077 32.187 0.7 32.2229 0.047213 0 -0 155.832 509 308597
1.52077 32.1799 0.0239366 32.2229 0.0472234 -0.0209824 -0 154.144 500 308597
1.01385 32.2069 0.7 32.2229 0.0314688 0 -0 153.019 494 308597
1.53888 32.5702 0.7 32.6065 0.047213 0 0.0707397 161.082 537 308597
1.53888 32.563 0.0158883 32.6065 0.0472234 -0.0209824 0.0707397 160.144 532 308597
1.02592 32.5904 0.7 32.6065 0.0314688 0 0.0707397 158.082 521 308597
1.02592 32.5832 0.0158883 32.6065 0.0314757 -0.0209824 0.0707397 156.582 513 308597
1.53888 32.5702 0.7 32.6065 0.047213 0 -0 168.582 577 308597
1.53888 32.563 0.0158883 32.6065 0.0472234 -0.0209824 -0 167.644 572 308597
1.02592 32.5904 0.7 32.6065 0.0314688 0 -0 165.394 560 308597
1.02592 32.5832 0.0158883 32.6065 0.0314757 -0.0209824 -0 164.082 553 308597
1.53888 32.5702 0.7 32.6065 0.047213 0 -0.0707397 161.269 538 308597
1.53888 32.563 0.0158883 32.6065 0.0472234 -0.0209824 -0.0707397 160.332 533 308597
1.02592 32.5904 0.7 32.6065 0.0314688 0 -0.0707397 158.269 522 308597
1.02592 32.5832 0.0158883 32.6065 0.0314757 -0.0209824 -0.0707397 156.957 515 308597
1.54793 32.7618 0.7 32.7983 0.047213 0 -0 158.519 518 308597
1.54793 32.7545 0.0118641 32.7983 0.0472234 -0.0209824 -0 159.269 522 308597
1.03195 32.7821 0.7 32.7983 0.0314688 0 -0 154.957 499 308597
1.03195 32.7748 0.0118641 32.7983 0.0314757 -0.0209824 -0 155.707 503 308597
1.54793 32.7545 0.0118641 32.7983 0.0472234 -0.0209824 -0.0707397 153.269 490 308597
-6.74692 32.2854 0.00783986 32.9901 -0.206013 -0.0209824 0.0707397 139.019 414 308597
-7.26592 32.18 0.7 32.9901 -0.222066 0 0.0707397 138.082 409 308597
-7.26592 32.1726 0.00783986 32.9901 -0.222116 -0.0209824 0.0707397 142.207 431 308597
-7.26592 32.1502 -0.68432 32.9901 -0.222265 -0.041974 0.0707397 136.394 400 308597
-7.78491 32.051 0.00783986 32.9901 -0.238277 -0.0209824 0.0707397 136.207 399 308597
-7.26592 32.1726 0.00783986 32.9901 -0.222116 -0.0209824 -0 149.519 470 308597
1.55698 32.9534 0.7 32.9901 0.047213 0 -0 154.019 494 308597
-7.26592 32.1726 0.00783986 32.9901 -0.222116 -0.0209824 -0.0707397 142.582 433 308597
-22.8357 23.5563 4.1608 32.9901 -0.769868 0.105098 -0.0707397 140.707 423 308597
5.28046 32.96 4.22116 33.5655 0.158858 0.105098 -0 143.707 439 308597
3.69633 33.175 4.22116 33.5655 0.110961 0.105098 -0 144.082 441 308597
4.75242 33.0403 4.22116 33.5655 0.142857 0.105098 -0.0707397 136.019 398 308597
-16.463 29.4708 0.7 33.7573 -0.509437 0 -0 137.519 406 308597
-16.463 29.4623 1.40826 33.7573 -0.50956 0.0209824 -0 138.644 412 308597
-16.994 29.1678 0.7 33.7573 -0.52755 0 -0 139.582 417 308597
-16.994 29.1592 1.40826 33.7573 -0.527678 0.0209824 -0 139.582 417 308597
-18.3639 29.0087 0.7 34.3327 -0.564368 0 -0 134.394 384 308597
-18.3639 28.9997 1.42033 34.3327 -0.564507 0.0209824 -0 134.957 387 308597
-18.9041 28.6596 0.7 34.3327 -0.583099 0 -0 134.207 383 308597
10.2622 32.7631 0.7 34.3327 0.303544 0 -0 136.644 396 308597
10.2622 32.5646 4.30165 34.3327 0.305283 0.105098 -0 136.832 397 308597
4.32093 34.0597 0.7 34.3327 0.126189 0 -0 135.332 389 308597
-15.7509 30.7222 0.7 34.5245 -0.473746 0 -0 137.582 401 308597
19.0097 28.8197 0.7 34.5245 0.583099 0 -0 138.332 405 308597
19.0097 28.8106 -0.0243536 34.5245 0.583244 -0.0209824 -0 138.707 407 308597
-16.294 30.4376 0.7 34.5245 -0.491506 0 -0 137.582 401 308597
10.3195 32.7465 4.32177 34.5245 0.305283 0.105098 -0 138.332 405 308597
3.2588 34.179 4.32177 34.5245 0.0950577 0.105098 -0 137.582 401 308597
-16.5656 30.9362 1.43643 35.0999 -0.491624 0.0209824 0.0707397 143.394 432 308597
-17.1178 30.6341 1.43643 35.0999 -0.50956 0.0209824 0.0707397 145.644 444 308597
5.52186 34.5375 3.6457 35.0999 0.158538 0.0840222 0.0707397 144.332 437 308597
-17.1178 30.6341 1.43643 35.0999 -0.50956 0.0209824 -0 153.144 484 308597
5.52186 34.5375 3.6457 35.0999 0.158538 0.0840222 -0 151.457 475 308597
-16.5656 30.9362 1.43643 35.0999 -0.491624 0.0209824 -0.0707397 143.957 435 308597
-17.1178 30.6341 1.43643 35.0999 -0.50956 0.0209824 -0.0707397 146.207 447 308597
5.52186 34.5375 3.6457 35.0999 0.158538 0.0840222 -0.0707397 144.519 438 308597
5.55203 34.6551 4.40225 35.2917 0.158858 0.105098 0.0707397 137.582 401 308597
4.99683 34.6526 5.1427 35.2917 0.143211 0.12622 0.0707397 139.269 410 308597
4.99683 34.7395 4.40225 35.2917 0.142857 0.105098 0.0707397 140.957 419 308597
4.99683 34.8104 3.6618 35.2917 0.14257 0.0840222 0.0707397 137.957 403 308597
4.99683 34.7395 4.40225 35.2917 0.142857 0.105098 -0 147.519 454 308597
5.55203 34.568 5.1427 35.2917 0.159252 0.12622 -0.0707397 136.832 397 308597
5.55203 34.6551 4.40225 35.2917 0.158858 0.105098 -0.0707397 138.332 405 308597
4.99683 34.6526 5.1427 35.2917 0.143211 0.12622 -0.0707397 137.582 401 308597
4.99683 34.7395 4.40225 35.2917 0.142857 0.105098 -0.0707397 140.582 417 308597
4.99683 34.8104 3.6618 35.2917 0.14257 0.0840222 -0.0707397 138.144 404 308597
5.64255 35.2924 3.71009 35.8672 0.158538 0.0840222 0.0707397 135.519 390 308597
6.77106 35.0934 3.71009 35.8672 0.190602 0.0840222 -0 146.207 447 308597
6.20681 35.1976 3.71009 35.8672 0.174548 0.0840222 -0 145.457 443 308597
-17.4919 31.3127 0.7 35.8672 -0.509437 0 -0.0707397 138.144 404 308597
5.64255 35.2924 3.71009 35.8672 0.158538 0.0840222 -0.0707397 135.519 390 308597
5.67273 35.4085 4.48274 36.059 0.158858 0.105098 0.0707397 137.957 403 308597
5.67273 35.4811 3.72619 36.059 0.158538 0.0840222 0.0707397 140.957 419 308597
7.37455 35.1668 3.72619 36.059 0.206706 0.0840222 -0 144.519 438 308597
6.80727 35.281 3.72619 36.059 0.190602 0.0840222 -0 144.144 436 308597
5.67273 35.4811 3.72619 36.059 0.158538 0.0840222 -0 145.832 445 308597
5.67273 35.4811 3.72619 36.059 0.158538 0.0840222 -0.0707397 137.019 398 308597
1.72897 36.5855 -0.0686197 36.6344 0.0472234 -0.0209824 0.0707397 148.707 455 308597
1.72897 36.5855 1.46862 36.6344 0.0472234 0.0209824 0.0707397 153.957 483 308597
1.15265 36.6082 1.46862 36.6344 0.0314757 0.0209824 0.0707397 154.144 484 308597
1.72897 36.5855 1.46862 36.6344 0.0472234 0.0209824 -0 160.894 520 308597
1.15265 36.6082 1.46862 36.6344 0.0314757 0.0209824 -0 160.894 520 308597
1.72897 36.5855 1.46862 36.6344 0.0472234 0.0209824 -0.0707397 153.394 480 308597
1.15265 36.6082 1.46862 36.6344 0.0314757 0.0209824 -0.0707397 153.582 481 308597
1.73803 36.777 -0.0726438 36.8262 0.0472234 -0.0209824 0.0707397 153.582 481 308597
1.73803 36.777 1.47264 36.8262 0.0472234 0.0209824 0.0707397 156.019 494 308597
1.15868 36.7998 -0.0726438 36.8262 0.0314757 -0.0209824 0.0707397 152.082 473 308597
1.15868 36.7998 1.47264 36.8262 0.0314757 0.0209824 0.0707397 155.457 491 308597
1.73803 36.777 -0.0726438 36.8262 0.0472234 -0.0209824 -0 161.082 521 308597
1.73803 36.777 1.47264 36.8262 0.0472234 0.0209824 -0 163.332 533 308597
1.15868 36.7998 -0.0726438 36.8262 0.0314757 -0.0209824 -0 159.582 513 308597
1.15868 36.7998 1.47264 36.8262 0.0314757 0.0209824 -0 163.332 533 308597
1.73803 36.777 -0.0726438 36.8262 0.0472234 -0.0209824 -0.0707397 154.144 484 308597
1.73803 36.777 1.47264 36.8262 0.0472234 0.0209824 -0.0707397 156.582 497 308597
1.15868 36.7998 1.47264 36.8262 0.0314757 0.0209824 -0.0707397 156.394 496 308597
8.23752 36.2716 4.62358 37.4016 0.223319 0.105098 0.0707397 139.894 408 308597
7.64913 36.4002 4.62358 37.4016 0.207126 0.105098 0.0707397 139.332 405 308597
8.23752 36.2716 4.62358 37.4016 0.223319 0.105098 -0 146.832 445 308597
8.23752 36.3479 3.83887 37.4016 0.222865 0.0840222 -0 144.394 432 308597
7.64913 36.4002 4.62358 37.4016 0.207126 0.105098 -0 146.082 441 308597
7.64913 36.4762 3.83887 37.4016 0.206706 0.0840222 -0 144.207 431 308597
8.23752 36.2716 4.62358 37.4016 0.223319 0.105098 -0.0707397 139.332 405 308597
-6.50553 37.0262 0.7 37.5934 -0.173925 0 0.0707397 134.832 381 308597
-7.09694 36.9174 0.7 37.5934 -0.189921 0 0.0707397 139.144 404 308597
-7.09694 36.909 -0.0887406 37.5934 -0.189964 -0.0209824 0.0707397 136.144 388 308597
-7.09694 36.9174 0.7 37.5934 -0.189921 0 -0 146.269 442 308597
-7.09694 36.9174 0.7 37.5934 -0.189921 0 -0.0707397 139.144 404 308597
-7.09694 36.909 -0.0887406 37.5934 -0.189964 -0.0209824 -0.0707397 136.332 389 308597
-18.0139 33.4977 3.90325 38.1688 -0.493402 0.0840222 -0 137.269 394 308597
-18.6144 33.1678 3.90325 38.1688 -0.511416 0.0840222 -0 136.894 392 308597
6.60511 37.3791 4.70407 38.1688 0.1749 0.105098 -0 137.832 397 308597
6.60511 37.4562 3.90325 38.1688 0.174548 0.0840222 -0 138.207 399 308597
6.00464 37.4802 4.70407 38.1688 0.158858 0.105098 -0 138.957 403 308597
6.00464 37.5572 3.90325 38.1688 0.158538 0.0840222 -0 137.644 396 308597
24.1393 29.8133 0.7 38.3606 0.680617 0 0.0707397 137.457 395 308597
24.1393 29.8133 0.7 38.3606 0.680617 0 -0 143.832 429 308597
24.1393 29.8133 0.7 38.3606 0.680617 0 -0.0707397 135.394 384 308597
24.5014 30.2605 0.7 38.936 0.680617 0 -0.0707397 133.207 367 308597
6.15551 38.6319 1.52093 39.1278 0.158009 0.0209824 0.0707397 133.957 371 308597
7.49524 38.9537 2.36601 39.7032 0.190091 0.041974 -0 140.519 406 308597
7.49524 38.9804 1.53301 39.7032 0.189964 0.0209824 -0 140.519 406 308597
6.87064 39.0687 2.36601 39.7032 0.17408 0.041974 -0 140.332 405 308597
6.87064 39.0953 1.53301 39.7032 0.173964 0.0209824 -0 140.707 407 308597
-6.90383 39.2931 0.7 39.895 -0.173925 0 0.0707397 134.519 374 308597
-6.90383 39.2931 0.7 39.895 -0.173925 0 -0.0707397 134.519 374 308597
8.91342 39.3944 3.24731 40.4704 0.222515 0.0629841 -0 138.644 396 308597
8.91342 39.4675 1.5491 40.4704 0.222116 0.0209824 -0 138.644 396 308597
8.27675 39.6059 1.5491 40.4704 0.206013 0.0209824 -0 138.832 397 308597
-15.3526 37.6429 1.55313 40.6622 -0.387253 0.0209824 0.0707397 137.894 392 308597
-15.9923 37.3756 1.55313 40.6622 -0.404307 0.0209824 0.0707397 139.582 401 308597
-15.3526 37.6429 1.55313 40.6622 -0.387253 0.0209824 -0 143.707 423 308597
-15.9923 37.3854 0.7 40.6622 -0.404213 0 -0 144.082 425 308597
-15.9923 37.3756 1.55313 40.6622 -0.404307 0.0209824 -0 145.957 435 308597
-20.111 35.9908 1.5652 41.2376 -0.50956 0.0209824 -0 140.582 401 308597
32.3798 26.7573 0.7 42.0049 0.880188 0 -0 138.707 391 308597
31.719 27.5375 0.7 42.0049 0.855848 0 -0 139.082 393 308597
-6.6383 41.6618 1.58532 42.1967 -0.158009 0.0209824 0.0707397 139.644 396 308597
-7.30213 41.5506 1.58532 42.1967 -0.173964 0.0209824 0.0707397 139.457 395 308597
-6.6383 41.6618 1.58532 42.1967 -0.158009 0.0209824 -0 146.582 433 308597
-7.30213 41.5506 1.58532 42.1967 -0.173964 0.0209824 -0 146.394 432 308597
-6.6383 41.6618 1.58532 42.1967 -0.158009 0.0209824 -0.0707397 138.707 391 308597
-7.30213 41.5506 1.58532 42.1967 -0.173964 0.0209824 -0.0707397 138.519 390 308597
29.2085 30.4407 1.58532 42.1967 0.764744 0.0209824 -0.0707397 135.707 375 308597
-21.2426 36.449 1.58532 42.1967 -0.527678 0.0209824 -0.0707397 135.519 374 308597
28.9339 31.5004 0.7 42.7721 0.742956 0 0.0707397 143.207 415 308597
28.9339 31.4876 1.59739 42.7721 0.743158 0.0209824 0.0707397 142.269 410 308597
28.261 32.1055 0.7 42.7721 0.721799 0 0.0707397 146.019 430 308597
28.261 32.0929 1.59739 42.7721 0.721993 0.0209824 0.0707397 144.707 423 308597
28.9339 31.5004 0.7 42.7721 0.742956 0 -0 148.457 443 308597
28.9339 31.4876 1.59739 42.7721 0.743158 0.0209824 -0 147.519 438 308597
28.261 32.1055 0.7 42.7721 0.721799 0 -0 151.269 458 308597
28.261 32.0929 1.59739 42.7721 0.721993 0.0209824 -0 150.144 452 308597
28.9339 31.5004 0.7 42.7721 0.742956 0 -0.0707397 139.644 396 308597
28.9339 31.4876 1.59739 42.7721 0.743158 0.0209824 -0.0707397 138.144 388 308597
28.261 32.1055 0.7 42.7721 0.721799 0 -0.0707397 142.457 411 308597
28.261 32.0929 1.59739 42.7721 0.721993 0.0209824 -0.0707397 141.144 404 308597
29.0637 31.6417 0.7 42.9639 0.742956 0 0.0707397 137.582 385 308597
29.0637 31.6288 1.60142 42.9639 0.743158 0.0209824 0.0707397 136.832 381 308597
28.3878 32.2495 0.7 42.9639 0.721799 0 0.0707397 140.207 399 308597
28.3878 32.2369 1.60142 42.9639 0.721993 0.0209824 0.0707397 138.519 390 308597
29.0637 31.6417 0.7 42.9639 0.742956 0 -0 144.519 422 308597
29.0637 31.6288 1.60142 42.9639 0.743158 0.0209824 -0 143.957 419 308597
28.3878 32.2495 0.7 42.9639 0.721799 0 -0 147.519 438 308597
28.3878 32.2369 1.60142 42.9639 0.721993 0.0209824 -0 146.207 431 308597
29.0637 31.6417 0.7 42.9639 0.742956 0 -0.0707397 137.394 384 308597
29.0637 31.6288 1.60142 42.9639 0.743158 0.0209824 -0.0707397 136.644 380 308597
28.3878 32.2495 0.7 42.9639 0.721799 0 -0.0707397 140.207 399 308597
28.3878 32.2369 1.60142 42.9639 0.721993 0.0209824 -0.0707397 139.082 393 308597
6.84952 42.9874 1.61349 43.5393 0.158009 0.0209824 0.0707397 137.082 377 308597
6.16457 43.0619 2.52698 43.5393 0.14219 0.041974 0.0707397 137.269 378 308597
6.16457 43.091 1.61349 43.5393 0.142095 0.0209824 0.0707397 139.332 389 308597
6.84952 42.9874 1.61349 43.5393 0.158009 0.0209824 -0 143.457 411 308597
6.16457 43.0619 2.52698 43.5393 0.14219 0.041974 -0 143.832 413 308597
6.16457 43.091 1.61349 43.5393 0.142095 0.0209824 -0 146.082 425 308597
6.84952 42.9874 1.61349 43.5393 0.158009 0.0209824 -0.0707397 136.332 373 308597
6.16457 43.0619 2.52698 43.5393 0.14219 0.041974 -0.0707397 136.707 375 308597
6.16457 43.091 1.61349 43.5393 0.142095 0.0209824 -0.0707397 139.144 388 308597
6.87969 43.1768 1.61751 43.7311 0.158009 0.0209824 0.0707397 130.894 344 308597
6.19172 43.2808 1.61751 43.7311 0.142095 0.0209824 0.0707397 132.207 351 308597
5.50375 43.3445 2.53503 43.7311 0.126301 0.041974 0.0707397 131.457 347 308597
5.50375 43.3737 1.61751 43.7311 0.126217 0.0209824 0.0707397 131.644 348 308597
4.81578 43.4651 0.7 43.7311 0.110346 0 0.0707397 133.332 357 308597
28.2067 33.4184 0.7 43.7311 0.701029 0 -0.0707397 136.707 375 308597
28.2067 33.4058 1.61751 43.7311 0.701215 0.0209824 -0.0707397 135.957 371 308597
6.19172 43.2808 1.61751 43.7311 0.142095 0.0209824 -0.0707397 133.894 360 308597
5.50375 43.3737 1.61751 43.7311 0.126217 0.0209824 -0.0707397 133.894 360 308597
-16.0315 41.3044 0.7 44.3065 -0.370232 0 0.0707397 139.332 389 308597
-16.0315 41.294 -0.229587 44.3065 -0.370317 -0.0209824 0.0707397 137.269 378 308597
-16.7285 41.0271 0.7 44.3065 -0.387164 0 0.0707397 135.582 369 308597
-16.0315 41.3044 0.7 44.3065 -0.370232 0 -0 145.707 423 308597
-16.0315 41.294 -0.229587 44.3065 -0.370317 -0.0209824 -0 143.457 411 308597
-16.0315 41.3044 0.7 44.3065 -0.370232 0 -0.0707397 138.207 383 308597
-16.0315 41.294 -0.229587 44.3065 -0.370317 -0.0209824 -0.0707397 136.332 373 308597
6.27319 43.8207 2.55917 44.3065 0.14219 0.041974 -0.0707397 135.582 369 308597
6.27319 43.8503 1.62959 44.3065 0.142095 0.0209824 -0.0707397 136.519 374 308597
-16.1009 41.4832 0.7 44.4983 -0.370232 0 0.0707397 132.019 350 308597
0 44.4885 -0.233611 44.4983 0 -0.0209824 -0 145.144 420 308597
-16.1009 41.4832 0.7 44.4983 -0.370232 0 -0 140.269 394 308597
-16.1009 41.4832 0.7 44.4983 -0.370232 0 -0.0707397 133.894 360 308597
-16.1009 41.4727 -0.233611 44.4983 -0.370317 -0.0209824 -0.0707397 131.457 347 308597
0 45.0638 -0.245684 45.0737 0 -0.0209824 0.0707397 143.832 413 308597
-2.12727 45.0235 0.7 45.0737 -0.047213 0 0.0707397 145.519 422 308597
-2.12727 45.0135 -0.245684 45.0737 -0.0472234 -0.0209824 0.0707397 143.457 411 308597
-2.83636 44.9844 0.7 45.0737 -0.0629689 0 0.0707397 142.332 405 308597
0 45.0638 -0.245684 45.0737 0 -0.0209824 -0 151.894 456 308597
-2.12727 45.0235 0.7 45.0737 -0.047213 0 -0 152.644 460 308597
-2.12727 45.0135 -0.245684 45.0737 -0.0472234 -0.0209824 -0 150.394 448 308597
0 45.0638 -0.245684 45.0737 0 -0.0209824 -0.0707397 145.707 423 308597
-2.12727 45.0235 0.7 45.0737 -0.047213 0 -0.0707397 145.519 422 308597
-2.12727 45.0135 -0.245684 45.0737 -0.0472234 -0.0209824 -0.0707397 143.457 411 308597
-2.83636 44.9844 0.7 45.0737 -0.0629689 0 -0.0707397 141.957 403 308597
-2.13633 45.2151 0.7 45.2655 -0.047213 0 0.0707397 137.644 380 308597
-4.27265 45.0634 0.7 45.2655 -0.0945316 0 0.0707397 137.457 379 308597
-17.0906 41.6453 5.44854 45.2655 -0.389427 0.105098 0.0707397 132.207 351 308597
-2.13633 45.2151 0.7 45.2655 -0.047213 0 -0 144.582 417 308597
-2.13633 45.2151 0.7 45.2655 -0.047213 0 -0.0707397 138.394 384 308597
-4.27265 45.0634 0.7 45.2655 -0.0945316 0 -0.0707397 137.082 377 308597
-6.5176 45.569 0.7 46.0327 -0.142064 0 0.0707397 141.394 400 308597
-6.5176 45.5587 -0.265805 46.0327 -0.142095 -0.0209824 0.0707397 141.582 401 308597
-7.24178 45.4595 0.7 46.0327 -0.157974 0 0.0707397 141.957 403 308597
-7.24178 45.4493 -0.265805 46.0327 -0.158009 -0.0209824 0.0707397 142.332 405 308597
-7.24178 45.4493 -0.265805 46.0327 -0.158009 -0.0209824 -0.0707397 142.519 406 308597
-11.78 45.2931 0.7 46.7999 -0.254446 0 0.0707397 132.644 348 308597
-11.78 45.2931 0.7 46.7999 -0.254446 0 -0 140.332 389 308597
-11.78 45.2931 0.7 46.7999 -0.254446 0 -0.0707397 134.144 356 308597
-11.78 45.2825 1.6819 46.7999 -0.254503 0.0209824 -0.0707397 132.269 346 308597
-15.0267 45.3334 0.7 47.7589 -0.320073 0 0.0707397 133.957 355 308597
-15.0267 45.3223 -0.302023 47.7589 -0.320146 -0.0209824 0.0707397 131.894 344 308597
-15.778 45.0774 0.7 47.7589 -0.336693 0 0.0707397 135.269 362 308597
-15.778 45.0662 -0.302023 47.7589 -0.336771 -0.0209824 0.0707397 134.144 356 308597
-16.5294 44.8073 0.7 47.7589 -0.353411 0 0.0707397 131.519 342 308597
24.9932 41.097 -1.32014 48.1425 0.546391 -0.041974 0.0707397 131.894 344 308597
24.2358 41.5972 0.7 48.1425 0.52755 0 0.0707397 133.394 352 308597
24.2358 41.5481 -1.32014 48.1425 0.528064 -0.041974 0.0707397 133.957 355 308597
23.4785 42.0294 0.7 48.1425 0.509437 0 0.0707397 135.644 364 308597
23.4785 42.0172 1.71007 48.1425 0.50956 0.0209824 0.0707397 134.144 356 308597
-2.27211 48.0889 0.7 48.1425 -0.047213 0 -0.0707397 131.894 344 308597
24.2358 41.5972 0.7 48.1425 0.52755 0 -0.0707397 133.207 351 308597
24.2358 41.5481 -1.32014 48.1425 0.528064 -0.041974 -0.0707397 132.832 349 308597
23.4785 42.0294 0.7 48.1425 0.509437 0 -0.0707397 133.582 353 308597
23.4785 42.0172 1.71007 48.1425 0.50956 0.0209824 -0.0707397 131.894 344 308597
-1.52077 48.2998 -0.314095 48.3344 -0.0314757 -0.0209824 0.0707397 133.957 355 308597
-23.572 42.148 -1.32819 48.3344 -0.50993 -0.041974 0.0707397 133.207 351 308597
-24.3324 41.7137 -1.32819 48.3344 -0.528064 -0.041974 0.0707397 132.644 348 308597
24.3324 41.763 0.7 48.3344 0.52755 0 0.0707397 133.957 355 308597
24.3324 41.763 0.7 48.3344 0.52755 0 -0.0707397 134.144 356 308597
-24.4289 41.9287 0.7 48.5262 -0.52755 0 0.0707397 132.082 345 308597
24.4289 41.9287 0.7 48.5262 0.52755 0 0.0707397 133.207 351 308597
10.0027 47.865 1.72617 48.9098 0.206013 0.0209824 -0 137.019 366 308597
9.23327 48.0303 0.7 48.9098 0.189921 0 -0 136.644 364 308597
9.23327 48.0194 1.72617 48.9098 0.189964 0.0209824 -0 140.019 382 308597
10.0419 48.0637 0.7 49.1016 0.205967 0 0.0707397 138.519 374 308597
10.0419 48.0527 1.73019 49.1016 0.206013 0.0209824 0.0707397 139.457 379 308597
9.26948 48.2077 1.73019 49.1016 0.189964 0.0209824 0.0707397 139.082 377 308597
4.63474 48.8823 0.7 49.1016 0.0945316 0 0.0707397 139.644 380 308597
10.0419 48.0527 1.73019 49.1016 0.206013 0.0209824 -0 146.394 416 308597
9.26948 48.2077 1.73019 49.1016 0.189964 0.0209824 -0 146.394 416 308597
4.63474 48.8823 0.7 49.1016 0.0945316 0 -0 145.832 413 308597
10.0419 48.0637 0.7 49.1016 0.205967 0 -0.0707397 137.582 369 308597
10.0419 48.0527 1.73019 49.1016 0.206013 0.0209824 -0.0707397 138.707 375 308597
9.26948 48.2077 1.73019 49.1016 0.189964 0.0209824 -0.0707397 139.269 378 308597
4.63474 48.8823 0.7 49.1016 0.0945316 0 -0.0707397 137.394 368 308597
10.0812 48.2515 0.7 49.2934 0.205967 0 0.0707397 138.144 372 308597
10.0812 48.2404 1.73422 49.2934 0.206013 0.0209824 0.0707397 139.269 378 308597
9.30569 48.396 1.73422 49.2934 0.189964 0.0209824 0.0707397 139.457 379 308597
4.65284 49.0733 0.7 49.2934 0.0945316 0 0.0707397 136.832 365 308597
4.65284 49.0624 1.73422 49.2934 0.0945525 0.0209824 0.0707397 136.457 363 308597
-25.0083 42.9104 1.74226 49.677 -0.527678 0.0209824 -0 134.207 351 308597
-25.7898 42.4453 1.74226 49.677 -0.54599 0.0209824 -0 132.707 343 308597
7.81509 49.0473 1.74226 49.677 0.158009 0.0209824 -0 132.894 344 308597
6.25207 49.1827 3.82679 49.677 0.126441 0.0629841 -0 134.582 353 308597
6.25207 49.2379 2.78453 49.677 0.126301 0.041974 -0 134.957 355 308597
-27.4584 41.6285 0.7 49.8688 -0.583099 0 -0 135.144 356 308597
-28.2429 41.1003 0.7 49.8688 -0.602065 0 -0 134.207 351 308597
6.27621 49.428 2.79258 49.8688 0.126301 0.041974 -0 134.957 355 308597
3.92263 49.7143 0.7 49.8688 0.0787404 0 -0 134.207 351 308597
3.1381 49.7699 0.7 49.8688 0.0629689 0 -0 134.207 351 308597
-22.2202 45.2866 0.7 50.4442 -0.456145 0 -0 135.144 356 308597
-22.2202 45.2743 1.75836 50.4442 -0.456253 0.0209824 -0 133.832 349 308597
-23.0138 44.8885 0.7 50.4442 -0.473746 0 -0 134.957 355 308597
-30.156 40.438 0.7 50.4442 -0.640765 0 -0 134.957 355 308597
-30.9496 39.8339 0.7 50.4442 -0.660537 0 -0 133.644 348 308597
19.0459 46.6985 1.75836 50.4442 0.387253 0.0209824 -0 134.582 353 308597
18.2523 47.0144 1.75836 50.4442 0.370317 0.0209824 -0 133.644 348 308597
11.1523 49.3926 0.7 50.636 0.222066 0 -0 133.269 346 308597
8.76255 49.8607 1.76239 50.636 0.173964 0.0209824 -0 132.707 343 308597
3.22259 51.0986 1.77446 51.2114 0.0629827 0.0209824 -0 134.207 351 308597
4.85199 51.1737 0.7 51.4032 0.0945316 0 -0 136.269 362 308597
4.85199 51.1623 1.77848 51.4032 0.0945525 0.0209824 -0 133.644 348 308597
4.04333 51.2439 0.7 51.4032 0.0787404 0 -0 135.519 358 308597
20.4429 47.7773 1.79055 51.9786 0.404307 0.0209824 0.0707397 133.894 344 308597
19.6252 48.1313 0.7 51.9786 0.387164 0 0.0707397 135.957 355 308597
19.6252 48.119 1.79055 51.9786 0.387253 0.0209824 0.0707397 137.457 363 308597
20.4429 47.7773 1.79055 51.9786 0.404307 0.0209824 -0 140.644 380 308597
19.6252 48.1313 0.7 51.9786 0.387164 0 -0 142.894 392 308597
19.6252 48.119 1.79055 51.9786 0.387253 0.0209824 -0 144.957 403 308597
18.8075 48.4444 1.79055 51.9786 0.370317 0.0209824 -0 140.457 379 308597
19.6252 48.1313 0.7 51.9786 0.387164 0 -0.0707397 135.394 352 308597
19.6252 48.119 1.79055 51.9786 0.387253 0.0209824 -0.0707397 137.082 361 308597
19.6976 48.2965 1.79458 52.1704 0.387253 0.0209824 0.0707397 135.019 350 308597
20.5184 47.9536 1.79458 52.1704 0.404307 0.0209824 -0 138.582 369 308597
19.6976 48.3089 0.7 52.1704 0.387164 0 -0 140.832 381 308597
19.6976 48.2965 1.79458 52.1704 0.387253 0.0209824 -0 142.519 390 308597
18.8769 48.6232 1.79458 52.1704 0.370317 0.0209824 -0 137.832 365 308597
19.6976 48.2965 1.79458 52.1704 0.387253 0.0209824 -0.0707397 134.832 349 308597
32.5971 41.9543 0.7 53.1294 0.660537 0 0.141479 133.144 340 308597
0 52.7458 0.7 52.7458 0 0 0.0707397 149.082 425 308597
0 52.7342 1.80665 52.7458 0 0.0209824 0.0707397 147.207 415 308597
-0.829787 52.7393 0.7 52.7458 -0.0157325 0 0.0707397 148.332 421 308597
-0.829787 52.7277 1.80665 52.7458 -0.0157359 0.0209824 0.0707397 147.957 419 308597
0 52.7458 0.7 52.7458 0 0 -0 156.394 464 308597
0 52.7342 1.80665 52.7458 0 0.0209824 -0 155.082 457 308597
-0.829787 52.7393 0.7 52.7458 -0.0157325 0 -0 156.207 463 308597
-0.829787 52.7277 1.80665 52.7458 -0.0157359 0.0209824 -0 155.457 459 308597
0 52.7458 0.7 52.7458 0 0 -0.0707397 149.644 428 308597
0 52.7342 1.80665 52.7458 0 0.0209824 -0.0707397 148.332 421 308597
-0.829787 52.7393 0.7 52.7458 -0.0157325 0 -0.0707397 149.457 427 308597
-0.829787 52.7277 1.80665 52.7458 -0.0157359 0.0209824 -0.0707397 148.707 423 308597
1.66561 52.8998 1.81068 52.9376 0.0314757 0.0209824 0.0707397 141.019 382 308597
1.66561 52.8648 2.92135 52.9376 0.0314966 0.041974 -0 147.207 415 308597
1.66561 52.8998 1.81068 52.9376 0.0314757 0.0209824 -0 149.082 425 308597
0.832805 52.8844 2.92135 52.9376 0.0157463 0.041974 -0 146.082 409 308597
0.832805 52.9194 1.81068 52.9376 0.0157359 0.0209824 -0 146.832 413 308597
1.66561 52.8648 2.92135 52.9376 0.0314966 0.041974 -0.0707397 140.457 379 308597
1.66561 52.8998 1.81068 52.9376 0.0314757 0.0209824 -0.0707397 142.144 388 308597
-0.835822 53.1229 0.7 53.1294 -0.0157325 0 0.0707397 145.519 406 308597
-1.67164 53.1031 0.7 53.1294 -0.0314688 0 0.0707397 146.082 409 308597
2.50747 53.0702 0.7 53.1294 0.047213 0 0.0707397 145.707 407 308597
1.67164 53.1031 0.7 53.1294 0.0314688 0 0.0707397 147.207 415 308597
1.67164 53.0914 -0.4147 53.1294 0.0314757 -0.0209824 0.0707397 144.957 403 308597
-0.835822 53.1229 0.7 53.1294 -0.0157325 0 -0.0707397 144.019 398 308597
-1.67164 53.1031 0.7 53.1294 -0.0314688 0 -0.0707397 144.957 403 308597
2.50747 53.0702 0.7 53.1294 0.047213 0 -0.0707397 146.269 410 308597
1.67164 53.1031 0.7 53.1294 0.0314688 0 -0.0707397 148.144 420 308597
1.67164 53.0914 -0.4147 53.1294 0.0314757 -0.0209824 -0.0707397 145.144 404 308597
-2.52557 53.4534 0.7 53.513 -0.047213 0 0.0707397 147.582 417 308597
-2.52557 53.4416 -0.422748 53.513 -0.0472234 -0.0209824 0.0707397 145.894 408 308597
-3.36743 53.407 0.7 53.513 -0.0629689 0 0.0707397 147.957 419 308597
-2.52557 53.4534 0.7 53.513 -0.047213 0 -0 155.457 459 308597
-3.36743 53.407 0.7 53.513 -0.0629689 0 -0 155.082 457 308597
-2.52557 53.4534 0.7 53.513 -0.047213 0 -0.0707397 147.582 417 308597
-3.36743 53.407 0.7 53.513 -0.0629689 0 -0.0707397 147.582 417 308597
-3.3795 53.5866 -0.426772 53.7048 -0.0629827 -0.0209824 0.0707397 142.332 389 308597
-3.3795 53.551 -1.55354 53.7048 -0.0630244 -0.041974 0.0707397 141.582 385 308597
-4.22437 53.5266 -0.426772 53.7048 -0.0787578 -0.0209824 0.0707397 145.519 406 308597
-4.22437 53.5266 -0.426772 53.7048 -0.0787578 -0.0209824 -0 152.082 441 308597
-3.3795 53.5984 0.7 53.7048 -0.0629689 0 -0.0707397 142.332 389 308597
-3.3795 53.5866 -0.426772 53.7048 -0.0629827 -0.0209824 -0.0707397 142.707 391 308597
-3.3795 53.5866 1.82677 53.7048 -0.0629827 0.0209824 -0.0707397 142.144 388 308597
-4.22437 53.5384 0.7 53.7048 -0.0787404 0 -0.0707397 144.582 401 308597
-5.93524 53.5688 0.7 53.8966 -0.110346 0 0.0707397 151.144 436 308597
-5.93524 53.5569 1.8308 53.8966 -0.110371 0.0209824 0.0707397 148.894 424 308597
-8.47892 53.2255 0.7 53.8966 -0.157974 0 0.0707397 149.457 427 308597
-5.93524 53.5688 0.7 53.8966 -0.110346 0 -0.0707397 150.957 435 308597
-5.93524 53.5569 1.8308 53.8966 -0.110371 0.0209824 -0.0707397 149.457 427 308597
-8.47892 53.2255 0.7 53.8966 -0.157974 0 -0.0707397 149.832 429 308597
-9.39319 53.4613 0.7 54.2802 -0.173925 0 0.0707397 149.644 428 308597
-6.83141 53.8486 0.7 54.2802 -0.126189 0 -0.0707397 149.832 429 308597
-9.39319 53.4613 0.7 54.2802 -0.173925 0 -0.0707397 150.582 433 308597
-41.1333 35.7107 0.7 54.472 -0.855848 0 -0.0707397 142.332 389 308597
0 55.0353 1.85494 55.0475 0 0.0209824 0.0707397 140.707 375 308597
-0.865996 55.0285 1.85494 55.0475 -0.0157359 0.0209824 0.0707397 140.332 373 308597
0.865996 55.0285 1.85494 55.0475 0.0157359 0.0209824 0.0707397 141.269 378 308597
0.865996 55.0285 1.85494 55.0475 0.0157359 0.0209824 -0 149.144 420 308597
1.73199 54.9717 -1.60988 55.0475 0.0314966 -0.041974 -0.0707397 140.332 373 308597
0.865996 55.0285 1.85494 55.0475 0.0157359 0.0209824 -0.0707397 141.457 379 308597
-0.869014 55.1838 -1.61793 55.2393 -0.0157463 -0.041974 0.0707397 137.519 358 308597
-0.869014 55.2203 1.85897 55.2393 -0.0157359 0.0209824 0.0707397 137.894 360 308597
-0.869014 55.1838 -1.61793 55.2393 -0.0157463 -0.041974 -0 145.019 398 308597
-0.869014 55.2203 1.85897 55.2393 -0.0157359 0.0209824 -0 146.332 405 308597
0 55.1906 -1.61793 55.2393 0 -0.041974 -0.0707397 134.519 342 308597
0 55.2271 1.85897 55.2393 0 0.0209824 -0.0707397 135.644 348 308597
-0.869014 55.1838 -1.61793 55.2393 -0.0157463 -0.041974 -0.0707397 138.082 361 308597
-0.869014 55.2203 1.85897 55.2393 -0.0157359 0.0209824 -0.0707397 139.582 369 308597
-4.40542 55.8329 0.7 56.0065 -0.0787404 0 0.0707397 137.519 358 308597
-4.40542 55.7835 -1.65013 56.0065 -0.07881 -0.041974 0.0707397 140.707 375 308597
-4.40542 55.7835 -1.65013 56.0065 -0.07881 -0.041974 -0.0707397 141.457 379 308597
-12.4619 55.1925 0.7 56.5819 -0.222066 0 0.0707397 134.707 343 308597
-12.4619 55.1925 0.7 56.5819 -0.222066 0 -0.0707397 134.519 342 308597
-19.6494 53.2649 0.7 56.7737 -0.353411 0 0.0707397 143.332 389 308597
-19.6494 53.2516 -0.491159 56.7737 -0.353492 -0.0209824 0.0707397 142.207 383 308597
-20.5425 52.9269 0.7 56.7737 -0.370232 0 0.0707397 143.519 390 308597
-20.5425 52.9135 -0.491159 56.7737 -0.370317 -0.0209824 0.0707397 140.332 373 308597
-19.6494 53.2649 0.7 56.7737 -0.353411 0 -0 150.644 428 308597
-19.6494 53.2516 -0.491159 56.7737 -0.353492 -0.0209824 -0 148.957 419 308597
-20.5425 52.9269 0.7 56.7737 -0.370232 0 -0 150.457 427 308597
-20.5425 52.9135 -0.491159 56.7737 -0.370317 -0.0209824 -0 146.519 406 308597
-19.6494 53.2649 0.7 56.7737 -0.353411 0 -0.0707397 143.144 388 308597
-19.6494 53.2516 -0.491159 56.7737 -0.353492 -0.0209824 -0.0707397 141.457 379 308597
-20.5425 52.9269 0.7 56.7737 -0.370232 0 -0.0707397 143.144 388 308597
-20.5425 52.9135 -0.491159 56.7737 -0.370317 -0.0209824 -0.0707397 139.207 367 308597
-19.7157 53.4449 0.7 56.9655 -0.353411 0 0.0707397 142.207 383 308597
-19.7157 53.4449 0.7 56.9655 -0.353411 0 -0.0707397 143.332 389 308597
-18.9463 54.1291 0.7 57.3491 -0.336693 0 -0 137.519 358 308597
-19.8485 53.8048 0.7 57.3491 -0.353411 0 -0 140.894 376 308597
-16.294 55.1328 -1.71451 57.5409 -0.287361 -0.041974 0.0707397 146.332 405 308597
-17.1992 54.8572 -1.71451 57.5409 -0.303821 -0.041974 0.0707397 142.207 383 308597
-16.294 55.1328 -1.71451 57.5409 -0.287361 -0.041974 -0 153.644 444 308597
-17.1992 54.8572 -1.71451 57.5409 -0.303821 -0.041974 -0 149.519 422 308597
-15.3888 55.3923 -1.71451 57.5409 -0.270981 -0.041974 -0.0707397 142.207 383 308597
-16.294 55.1328 -1.71451 57.5409 -0.287361 -0.041974 -0.0707397 146.519 406 308597
-16.294 55.0667 -2.92177 57.5409 -0.287687 -0.0629841 -0.0707397 141.457 379 308597
-17.1992 54.8572 -1.71451 57.5409 -0.303821 -0.041974 -0.0707397 142.394 384 308597
44.7995 37.0004 1.91933 58.1163 0.880455 0.0209824 -0 134.332 341 308597
-15.5427 55.9861 1.91933 58.1163 -0.270797 0.0209824 -0 137.332 357 308597
30.1711 49.6561 1.91933 58.1163 0.54599 0.0209824 -0 134.519 342 308597
29.2568 50.2002 1.91933 58.1163 0.527678 0.0209824 -0 135.457 347 308597
27.4282 51.2367 0.7 58.1163 0.491506 0 -0 135.457 347 308597
27.4282 51.2222 1.91933 58.1163 0.491624 0.0209824 -0 134.894 344 308597
-0.917292 58.3009 0.7 58.3081 -0.0157325 0 -0 137.707 359 308597
-28.8102 51.5739 0.7 59.0753 -0.509437 0 -0 135.519 342 308597
7.43489 58.6056 0.7 59.0753 0.126189 0 -0 134.957 339 308597
7.43489 58.5925 1.93945 59.0753 0.126217 0.0209824 -0 135.707 343 308597
32.8445 49.7783 1.95152 59.6507 0.583244 0.0209824 -0 135.519 342 308597
31.9061 50.4005 0.7 59.6507 0.564368 0 -0 134.957 339 308597
31.9061 50.385 1.95152 59.6507 0.564507 0.0209824 -0 136.832 349 308597
30.9677 50.921 3.20304 59.6507 0.546391 0.041974 -0 135.707 343 308597
40.8708 44.4961 0.7 60.4179 0.742956 0 -0 135.144 340 308597
39.9203 45.3508 0.7 60.4179 0.721799 0 -0 137.394 352 308597
39.9203 45.3331 1.96762 60.4179 0.721993 0.0209824 -0 135.707 343 308597
30.4155 52.1421 3.23524 60.4179 0.528064 0.041974 -0 136.832 349 308597
30.4155 52.1883 1.96762 60.4179 0.527678 0.0209824 -0 138.519 358 308597
29.465 52.7308 1.96762 60.4179 0.50956 0.0209824 -0 136.832 349 308597
30.512 52.3694 0.7 60.6097 0.52755 0 -0 139.082 361 308597
30.512 52.354 1.97164 60.6097 0.527678 0.0209824 -0 140.394 368 308597
29.5585 52.9135 0.7 60.6097 0.509437 0 -0 140.019 366 308597
29.5585 52.8982 1.97164 60.6097 0.50956 0.0209824 -0 140.582 369 308597
29.5585 52.8982 1.97164 60.6097 0.50956 0.0209824 -0.0707397 134.394 336 308597
30.8017 52.851 1.98372 61.1852 0.527678 0.0209824 -0 135.707 343 308597
33.2398 52.4425 3.30767 62.1442 0.564926 0.041974 -0 135.957 339 308597
33.2398 52.4911 2.00384 62.1442 0.564507 0.0209824 -0 139.144 356 308597
-31.1487 55.7601 0.7 63.8704 -0.509437 0 -0 136.332 341 308597
37.4008 52.2471 0.7 64.254 0.621281 0 -0 135.957 339 308597
37.4008 52.1775 3.39621 64.254 0.621912 0.041974 -0 137.082 345 308597
37.4008 52.2297 2.0481 64.254 0.621438 0.0209824 -0 139.519 358 308597
36.3899 52.8874 3.39621 64.254 0.60267 0.041974 -0 137.644 348 308597
36.3899 52.9389 2.0481 64.254 0.602216 0.0209824 -0 139.144 356 308597
-8.27977 65.2653 0.7 65.7884 -0.126189 0 -0 136.957 339 308597
-8.32805 65.6312 2.08834 66.172 -0.126217 0.0209824 -0 137.894 344 308597
-46.3353 48.3105 0.7 66.9392 -0.764533 0 -0 137.894 344 308597
-47.3884 47.2779 0.7 66.9392 -0.786565 0 -0 138.832 349 308597
13.7684 65.8393 3.52498 67.3228 0.206151 0.041974 -0 138.832 349 308597
13.7684 65.8848 2.11249 67.3228 0.206013 0.0209824 -0 140.332 357 308597
12.7093 66.0519 3.52498 67.3228 0.190091 0.041974 -0 142.394 368 308597
12.7093 66.0972 2.11249 67.3228 0.189964 0.0209824 -0 142.957 371 308597
0 68.4586 2.13663 68.4737 0 0.0209824 -0 138.644 348 308597
2.1665 68.808 2.14468 68.8573 0.0314757 0.0209824 -0 137.707 343 308597
2.17253 69.0149 0.7 69.0491 0.0314688 0 -0 136.582 337 308597
2.17253 68.9997 2.14871 69.0491 0.0314757 0.0209824 -0 138.269 346 308597
-2.17857 69.1456 3.60546 69.2409 -0.0314966 0.041974 -0 136.957 339 308597
0 69.6092 2.16078 69.6245 0 0.0209824 -0 137.957 339 308597
-13.3611 69.4392 3.66985 70.7753 -0.190091 0.041974 -0 140.207 351 308597
-13.3611 69.4868 2.18492 70.7753 -0.189964 0.0209824 -0 138.707 343 308597
-18.0079 69.2228 2.20102 71.5425 -0.254503 0.0209824 -0 138.707 343 308597
2.26306 71.8905 0.7 71.9261 0.0314688 0 0.0707397 138.332 341 308597
2.26306 71.8747 2.20907 71.9261 0.0314757 0.0209824 0.0707397 139.457 347 308597
3.39458 71.8301 2.20907 71.9261 0.0472234 0.0209824 -0 141.144 356 308597
2.26306 71.8905 0.7 71.9261 0.0314688 0 -0 144.707 375 308597
2.26306 71.8747 2.20907 71.9261 0.0314757 0.0209824 -0 146.207 383 308597
1.13153 71.9014 2.20907 71.9261 0.0157359 0.0209824 -0 141.519 358 308597
3.40364 72.0217 2.21309 72.1179 0.0472234 0.0209824 -0 139.644 348 308597
2.26909 72.0822 0.7 72.1179 0.0314688 0 -0 138.894 344 308597
2.26909 72.0187 3.72619 72.1179 0.0314966 0.041974 -0 139.082 345 308597
2.26909 72.0663 2.21309 72.1179 0.0314757 0.0209824 -0 144.144 372 308597
1.13455 72.0931 2.21309 72.1179 0.0157359 0.0209824 -0 140.207 351 308597
2.27513 72.2739 0.7 72.3097 0.0314688 0 -0 139.269 346 308597
2.27513 72.258 2.21712 72.3097 0.0314757 0.0209824 -0 141.332 357 308597
-6.86159 72.3527 2.22517 72.6933 -0.0945525 0.0209824 -0 138.894 344 308597
-8.00518 72.2351 2.22517 72.6933 -0.110371 0.0209824 -0 139.082 345 308597
-9.14878 72.0992 2.22517 72.6933 -0.126217 0.0209824 -0 140.019 350 308597
-12.5796 71.5804 2.22517 72.6933 -0.173964 0.0209824 -0 139.082 345 308597
-13.7232 71.3699 2.22517 72.6933 -0.189964 0.0209824 -0 139.457 347 308597
