1.52983 1.91185 0.22917 2.49344 0.67485 -0.189968 -0 92.5192 390 309003
1.43629 2.22362 0.249291 2.68524 0.573504 -0.168645 -0 98.7067 423 309003
1.39404 2.25034 0.249291 2.68524 0.554621 -0.168645 -0 98.7067 423 309003
1.26731 2.53734 0.217098 2.87704 0.463219 -0.168645 -0 105.519 438 309003
1.22205 2.5701 0.27746 2.87704 0.443845 -0.147399 -0 104.207 431 309003
1.22205 2.55945 0.217098 2.87704 0.445458 -0.168645 -0 104.582 433 309003
1.30352 2.74145 0.249291 3.06885 0.443845 -0.147399 -0 102.332 421 309003
1.20696 2.78531 0.249291 3.06885 0.408907 -0.147399 -0 102.144 420 309003
1.15868 2.80573 0.249291 3.06885 0.391638 -0.147399 -0 104.207 431 309003
1.12851 3.03147 0.289533 3.26065 0.356371 -0.12622 0.0707397 100.457 411 309003
1.12851 3.02142 0.221122 3.26065 0.357458 -0.147399 0.0707397 102.707 423 309003
1.07721 3.04009 0.221122 3.26065 0.340533 -0.147399 0.0707397 99.1442 404 309003
1.12851 3.02142 0.221122 3.26065 0.357458 -0.147399 -0 109.832 461 309003
1.12851 3.03147 0.289533 3.26065 0.356371 -0.12622 -0.0707397 100.269 410 309003
1.12851 3.02142 0.221122 3.26065 0.357458 -0.147399 -0.0707397 102.519 422 309003
1.07721 3.04009 0.221122 3.26065 0.340533 -0.147399 -0.0707397 98.3942 400 309003
1.79234 2.91857 0.265388 3.45245 0.550734 -0.12622 -0 103.082 425 309003
1.79234 2.90686 0.192952 3.45245 0.552528 -0.147399 -0 102.332 421 309003
1.30352 3.16724 0.265388 3.45245 0.390435 -0.12622 -0 103.082 425 309003
1.24921 3.18905 0.265388 3.45245 0.373346 -0.12622 -0 102.144 420 309003
1.24921 3.17834 0.192952 3.45245 0.37449 -0.147399 -0 102.144 420 309003
1.19489 3.19915 0.192952 3.45245 0.357458 -0.147399 -0 103.269 426 309003
1.94925 3.04476 0.241243 3.64426 0.569452 -0.12622 0.0707397 98.0192 382 309003
1.71992 3.17994 0.241243 3.64426 0.495804 -0.12622 0.0707397 99.3317 389 309003
1.43327 3.31902 0.241243 3.64426 0.407646 -0.12622 0.0707397 99.8942 392 309003
1.37594 3.34319 0.241243 3.64426 0.390435 -0.12622 0.0707397 101.394 400 309003
1.08928 3.45658 0.317702 3.64426 0.305283 -0.105098 0.0707397 100.269 394 309003
1.08928 3.44726 0.241243 3.64426 0.306057 -0.12622 0.0707397 101.207 399 309003
1.94925 3.04476 0.241243 3.64426 0.569452 -0.12622 -0.0707397 98.5817 385 309003
1.71992 3.17994 0.241243 3.64426 0.495804 -0.12622 -0.0707397 100.269 394 309003
1.44836 3.51915 0.217098 3.83606 0.390435 -0.12622 0.0707397 101.582 401 309003
1.14662 3.6385 0.297581 3.83606 0.305283 -0.105098 0.0707397 102.894 408 309003
1.14662 3.6287 0.217098 3.83606 0.306057 -0.12622 0.0707397 102.332 405 309003
1.08627 3.65697 0.297581 3.83606 0.288739 -0.105098 0.0707397 102.519 406 309003
1.08627 3.64722 0.217098 3.83606 0.289469 -0.12622 0.0707397 102.144 404 309003
1.5087 3.4937 0.217098 3.83606 0.407646 -0.12622 -0.0707397 101.582 401 309003
1.44836 3.51915 0.217098 3.83606 0.390435 -0.12622 -0.0707397 102.332 405 309003
1.14662 3.6385 0.297581 3.83606 0.305283 -0.105098 -0.0707397 101.957 403 309003
1.52077 3.70572 0.27746 4.02786 0.389427 -0.105098 0.0707397 104.957 419 309003
1.52077 3.69511 0.192952 4.02786 0.390435 -0.12622 0.0707397 104.207 415 309003
1.14058 3.83982 0.27746 4.02786 0.288739 -0.105098 0.0707397 104.207 415 309003
1.52077 3.70572 0.27746 4.02786 0.389427 -0.105098 -0.0707397 104.394 416 309003
1.20395 3.82043 0.27746 4.02786 0.305283 -0.105098 -0.0707397 104.207 415 309003
1.20395 3.81013 0.192952 4.02786 0.306057 -0.12622 -0.0707397 104.019 414 309003
1.14058 3.83982 0.27746 4.02786 0.288739 -0.105098 -0.0707397 104.394 416 309003
1.59319 3.88219 0.257339 4.21967 0.389427 -0.105098 0.0707397 108.519 438 309003
1.19489 4.02267 0.257339 4.21967 0.288739 -0.105098 0.0707397 109.269 442 309003
1.12851 4.04179 0.257339 4.21967 0.272276 -0.105098 0.0707397 108.707 439 309003
1.59319 3.88219 0.257339 4.21967 0.389427 -0.105098 -0 116.019 478 309003
1.19489 4.02267 0.257339 4.21967 0.288739 -0.105098 -0 116.394 480 309003
1.12851 4.04179 0.257339 4.21967 0.272276 -0.105098 -0 116.207 479 309003
1.59319 3.88219 0.257339 4.21967 0.389427 -0.105098 -0.0707397 108.894 440 309003
1.19489 4.02267 0.257339 4.21967 0.288739 -0.105098 -0.0707397 108.894 440 309003
1.12851 4.04179 0.257339 4.21967 0.272276 -0.105098 -0.0707397 108.707 439 309003
1.66561 4.05865 0.237219 4.41147 0.389427 -0.105098 0.0707397 107.207 415 309003
1.24921 4.20552 0.237219 4.41147 0.288739 -0.105098 0.0707397 107.019 414 309003
1.66561 4.05865 0.237219 4.41147 0.389427 -0.105098 -0.0707397 108.332 421 309003
1.44836 4.35237 0.313678 4.60327 0.321247 -0.0840222 0.0707397 111.519 438 309003
1.44836 4.34272 0.217098 4.60327 0.321913 -0.105098 0.0707397 111.707 439 309003
1.44836 4.35237 0.313678 4.60327 0.321247 -0.0840222 -0 119.207 479 309003
1.44836 4.34272 0.217098 4.60327 0.321913 -0.105098 -0 119.582 481 309003
1.44836 4.35237 0.313678 4.60327 0.321247 -0.0840222 -0.0707397 112.457 443 309003
1.44836 4.34272 0.217098 4.60327 0.321913 -0.105098 -0.0707397 112.644 444 309003
1.20696 4.62321 0.297581 4.79507 0.255367 -0.0840222 0.0707397 109.832 429 309003
1.20696 4.61334 0.196977 4.79507 0.255889 -0.105098 0.0707397 109.269 426 309003
1.13153 4.64225 0.297581 4.79507 0.239084 -0.0840222 0.0707397 110.582 433 309003
1.13153 4.63242 0.196977 4.79507 0.239572 -0.105098 0.0707397 110.207 431 309003
1.20696 4.62321 0.297581 4.79507 0.255367 -0.0840222 -0 117.519 470 309003
1.20696 4.61334 0.196977 4.79507 0.255889 -0.105098 -0 117.519 470 309003
1.13153 4.64225 0.297581 4.79507 0.239084 -0.0840222 -0 118.082 473 309003
1.13153 4.63242 0.196977 4.79507 0.239572 -0.105098 -0 118.082 473 309003
1.20696 4.62321 0.297581 4.79507 0.255367 -0.0840222 -0.0707397 110.957 435 309003
1.20696 4.61334 0.196977 4.79507 0.255889 -0.105098 -0.0707397 110.957 435 309003
1.13153 4.64225 0.297581 4.79507 0.239084 -0.0840222 -0.0707397 111.332 437 309003
1.13153 4.63242 0.196977 4.79507 0.239572 -0.105098 -0.0707397 111.332 437 309003
1.80441 4.63011 0.281485 4.98688 0.371606 -0.0840222 0.0707397 103.269 394 309003
1.56905 4.71507 0.281485 4.98688 0.321247 -0.0840222 0.0707397 105.332 405 309003
1.56905 4.71507 0.281485 4.98688 0.321247 -0.0840222 -0 112.644 444 309003
1.80441 4.63011 0.281485 4.98688 0.371606 -0.0840222 -0.0707397 102.707 391 309003
1.56905 4.71507 0.281485 4.98688 0.321247 -0.0840222 -0.0707397 105.332 405 309003
1.17679 4.82794 0.281485 4.98688 0.239084 -0.0840222 -0.0707397 104.582 401 309003
1.46646 4.94766 0.265388 5.17868 0.288146 -0.0840222 0.0707397 112.019 430 309003
1.46646 4.93691 0.156735 5.17868 0.288739 -0.105098 0.0707397 108.269 410 309003
1.38499 4.97108 0.265388 5.17868 0.271719 -0.0840222 0.0707397 108.832 413 309003
1.22205 5.01363 0.265388 5.17868 0.239084 -0.0840222 0.0707397 108.082 409 309003
1.14058 5.03278 0.265388 5.17868 0.222865 -0.0840222 0.0707397 107.707 407 309003
1.46646 4.94766 0.265388 5.17868 0.288146 -0.0840222 -0 119.332 469 309003
1.46646 4.94766 0.265388 5.17868 0.288146 -0.0840222 -0.0707397 112.207 431 309003
1.46646 4.93691 0.156735 5.17868 0.288739 -0.105098 -0.0707397 108.269 410 309003
1.38499 4.97108 0.265388 5.17868 0.271719 -0.0840222 -0.0707397 109.582 417 309003
1.14058 5.03278 0.265388 5.17868 0.222865 -0.0840222 -0.0707397 108.082 409 309003
1.60526 5.1051 0.249291 5.37048 0.304653 -0.0840222 0.0707397 109.394 416 309003
1.52077 5.13091 0.249291 5.37048 0.288146 -0.0840222 0.0707397 109.019 414 309003
1.26731 5.19932 0.249291 5.37048 0.239084 -0.0840222 0.0707397 110.519 422 309003
1.18282 5.21918 0.249291 5.37048 0.222865 -0.0840222 0.0707397 109.394 416 309003
1.60526 5.1051 0.249291 5.37048 0.304653 -0.0840222 -0 116.519 454 309003
1.52077 5.13091 0.249291 5.37048 0.288146 -0.0840222 -0 116.519 454 309003
1.26731 5.19932 0.249291 5.37048 0.239084 -0.0840222 -0 117.832 461 309003
1.18282 5.21918 0.249291 5.37048 0.222865 -0.0840222 -0 116.894 456 309003
1.60526 5.1051 0.249291 5.37048 0.304653 -0.0840222 -0.0707397 109.957 419 309003
1.52077 5.13091 0.249291 5.37048 0.288146 -0.0840222 -0.0707397 110.519 422 309003
1.26731 5.19932 0.249291 5.37048 0.239084 -0.0840222 -0.0707397 111.082 425 309003
1.18282 5.21918 0.249291 5.37048 0.222865 -0.0840222 -0.0707397 110.332 421 309003
1.66259 5.28743 0.233194 5.56229 0.304653 -0.0840222 0.0707397 105.644 396 309003
2.10012 5.12939 0.233194 5.56229 0.388608 -0.0840222 -0.0707397 104.332 389 309003
1.66259 5.29644 0.349896 5.56229 0.304167 -0.0629841 -0.0707397 105.644 396 309003
1.66259 5.28743 0.233194 5.56229 0.304653 -0.0840222 -0.0707397 107.144 404 309003
1.26731 5.6011 0.337823 5.75409 0.222515 -0.0629841 0.0707397 109.207 415 309003
1.26731 5.59198 0.217098 5.75409 0.222865 -0.0840222 0.0707397 112.957 435 309003
1.17679 5.61173 0.217098 5.75409 0.206706 -0.0840222 0.0707397 109.019 414 309003
1.26731 5.6011 0.337823 5.75409 0.222515 -0.0629841 -0 116.144 452 309003
1.26731 5.59198 0.217098 5.75409 0.222865 -0.0840222 -0 119.707 471 309003
1.17679 5.61173 0.217098 5.75409 0.206706 -0.0840222 -0 115.957 451 309003
1.26731 5.6011 0.337823 5.75409 0.222515 -0.0629841 -0.0707397 108.269 410 309003
1.26731 5.59198 0.217098 5.75409 0.222865 -0.0840222 -0.0707397 112.207 431 309003
1.17679 5.61173 0.217098 5.75409 0.206706 -0.0840222 -0.0707397 108.644 412 309003
1.21602 5.80817 0.325751 5.94589 0.206382 -0.0629841 -0 113.082 425 309003
1.21602 5.79879 0.201001 5.94589 0.206706 -0.0840222 -0 114.582 433 309003
1.12248 5.82697 0.325751 5.94589 0.190303 -0.0629841 -0 111.019 414 309003
1.12248 5.81762 0.201001 5.94589 0.190602 -0.0840222 -0 110.644 412 309003
1.15868 6.01494 0.313678 6.1377 0.190303 -0.0629841 0.0707397 111.957 419 309003
1.15868 6.00528 0.184904 6.1377 0.190602 -0.0840222 0.0707397 111.394 416 309003
1.06213 6.03274 0.313678 6.1377 0.174275 -0.0629841 0.0707397 108.957 403 309003
1.15868 6.01494 0.313678 6.1377 0.190303 -0.0629841 -0 119.082 457 309003
1.15868 6.00528 0.184904 6.1377 0.190602 -0.0840222 -0 118.519 454 309003
1.15868 6.01494 0.313678 6.1377 0.190303 -0.0629841 -0.0707397 111.582 417 309003
1.15868 6.00528 0.184904 6.1377 0.190602 -0.0840222 -0.0707397 111.019 414 309003
1.06213 6.03274 0.313678 6.1377 0.174275 -0.0629841 -0.0707397 109.519 406 309003
0.965571 6.02697 0.0561301 6.1377 0.158858 -0.105098 -0.0707397 107.644 396 309003
1.19489 6.20291 0.301606 6.3295 0.190303 -0.0629841 0.0707397 110.269 410 309003
1.19489 6.19295 0.168807 6.3295 0.190602 -0.0840222 0.0707397 109.519 406 309003
1.09532 6.22126 0.301606 6.3295 0.174275 -0.0629841 0.0707397 108.582 401 309003
1.09532 6.21133 0.168807 6.3295 0.174548 -0.0840222 0.0707397 107.082 393 309003
1.19489 6.20291 0.301606 6.3295 0.190303 -0.0629841 -0 118.144 452 309003
1.19489 6.19295 0.168807 6.3295 0.190602 -0.0840222 -0 118.144 452 309003
1.19489 6.20291 0.301606 6.3295 0.190303 -0.0629841 -0.0707397 111.394 416 309003
1.19489 6.19295 0.168807 6.3295 0.190602 -0.0840222 -0.0707397 111.394 416 309003
1.09532 6.22126 0.301606 6.3295 0.174275 -0.0629841 -0.0707397 110.644 412 309003
1.09532 6.21133 0.168807 6.3295 0.174548 -0.0840222 -0.0707397 108.957 403 309003
1.74406 6.27034 0.289533 6.5213 0.271288 -0.0629841 0.0707397 114.394 432 309003
1.84665 6.24089 0.289533 6.5213 0.287687 -0.0629841 -0 120.582 465 309003
1.74406 6.27034 0.289533 6.5213 0.271288 -0.0629841 -0 121.894 472 309003
1.74406 6.25988 0.152711 6.5213 0.271719 -0.0840222 -0 119.832 461 309003
1.64147 6.29797 0.289533 6.5213 0.254962 -0.0629841 -0 118.894 456 309003
1.74406 6.27034 0.289533 6.5213 0.271288 -0.0629841 -0.0707397 114.582 433 309003
1.12851 6.39956 0.152711 6.5213 0.174548 -0.0840222 -0.0707397 106.707 391 309003
1.79536 6.46857 0.7 6.7131 0.270736 0 0.0707397 121.457 459 309003
1.68975 6.49696 0.7 6.7131 0.254446 0 0.0707397 122.957 467 309003
1.79536 6.46857 0.7 6.7131 0.270736 0 -0 128.207 495 309003
1.68975 6.49696 0.7 6.7131 0.254446 0 -0 129.519 502 309003
1.68975 6.49544 0.559153 6.7131 0.254503 -0.0209824 -0 125.207 479 309003
1.68975 6.49544 0.840847 6.7131 0.254503 0.0209824 -0 125.394 480 309003
1.68975 6.49696 0.7 6.7131 0.254446 0 -0.0707397 122.394 464 309003
1.84665 6.65339 0.7 6.90491 0.270736 0 0.0707397 123.894 472 309003
1.73803 6.68259 0.7 6.90491 0.254446 0 0.0707397 124.832 477 309003
1.84665 6.65339 0.7 6.90491 0.270736 0 -0 131.582 513 309003
1.73803 6.68259 0.7 6.90491 0.254446 0 -0 132.519 518 309003
1.73803 6.68102 0.555129 6.90491 0.254503 -0.0209824 -0 128.957 499 309003
1.84665 6.65339 0.7 6.90491 0.270736 0 -0.0707397 125.207 479 309003
1.73803 6.68259 0.7 6.90491 0.254446 0 -0.0707397 125.957 483 309003
1.73803 6.68102 0.555129 6.90491 0.254503 -0.0209824 -0.0707397 122.394 464 309003
1.73803 6.68102 0.844871 6.90491 0.254503 0.0209824 -0.0707397 121.644 460 309003
1.78631 6.85368 0.253315 7.09671 0.254962 -0.0629841 -0 121.644 460 309003
1.67466 6.88986 0.40221 7.09671 0.238438 -0.041974 -0 121.457 459 309003
1.67466 6.88181 0.253315 7.09671 0.238706 -0.0629841 -0 125.394 480 309003
1.56302 6.90802 0.253315 7.09671 0.222515 -0.0629841 -0 123.894 472 309003
1.37594 7.14274 0.241243 7.28851 0.190303 -0.0629841 -0 118.457 443 309003
3.8834 6.37594 0.22917 7.48032 0.547063 -0.0629841 -0 112.957 403 309003
3.76573 6.44614 0.22917 7.48032 0.528708 -0.0629841 -0 114.832 413 309003
3.05965 6.8097 0.22917 7.48032 0.422278 -0.0629841 -0 113.519 406 309003
1.20696 7.56974 0.378065 7.67212 0.158115 -0.041974 -0 112.582 401 309003
1.20696 7.56118 0.217098 7.67212 0.158291 -0.0629841 -0 113.332 405 309003
2.84542 7.32366 0.370017 7.86392 0.370574 -0.041974 0.0707397 110.894 392 309003
2.84542 7.31436 0.205025 7.86392 0.371003 -0.0629841 0.0707397 113.519 406 309003
2.47427 7.45723 0.370017 7.86392 0.320366 -0.041974 0.0707397 115.207 415 309003
2.47427 7.4481 0.205025 7.86392 0.320732 -0.0629841 0.0707397 116.144 420 309003
1.85571 7.64005 0.535008 7.86392 0.238277 -0.0209824 -0 127.019 478 309003
1.85571 7.63471 0.370017 7.86392 0.238438 -0.041974 -0 127.394 480 309003
1.73199 7.66904 0.535008 7.86392 0.222116 -0.0209824 -0 124.207 463 309003
1.73199 7.66372 0.370017 7.86392 0.222265 -0.041974 -0 124.957 467 309003
2.84542 7.32366 0.370017 7.86392 0.370574 -0.041974 -0.0707397 110.332 389 309003
2.84542 7.31436 0.205025 7.86392 0.371003 -0.0629841 -0.0707397 112.582 401 309003
2.47427 7.45723 0.370017 7.86392 0.320366 -0.041974 -0.0707397 114.269 410 309003
2.47427 7.4481 0.205025 7.86392 0.320732 -0.0629841 -0.0707397 115.957 419 309003
2.0277 7.78902 0.361968 8.05573 0.254675 -0.041974 0.0707397 126.644 476 309003
1.90097 7.8264 0.530984 8.05573 0.238277 -0.0209824 0.0707397 127.019 478 309003
1.90097 7.82092 0.361968 8.05573 0.238438 -0.041974 0.0707397 132.082 505 309003
1.90097 7.81178 0.192952 8.05573 0.238706 -0.0629841 0.0707397 128.894 488 309003
1.77424 7.85064 0.361968 8.05573 0.222265 -0.041974 0.0707397 127.957 483 309003
1.90097 7.8264 0.530984 8.05573 0.238277 -0.0209824 -0 134.332 517 309003
1.90097 7.82092 0.361968 8.05573 0.238438 -0.041974 -0 139.394 544 309003
1.90097 7.81178 0.192952 8.05573 0.238706 -0.0629841 -0 136.394 528 309003
1.77424 7.85064 0.361968 8.05573 0.222265 -0.041974 -0 135.457 523 309003
1.90097 7.8264 0.530984 8.05573 0.238277 -0.0209824 -0.0707397 127.207 479 309003
1.90097 7.82092 0.361968 8.05573 0.238438 -0.041974 -0.0707397 132.269 506 309003
1.90097 7.81178 0.192952 8.05573 0.238706 -0.0629841 -0.0707397 129.269 490 309003
1.77424 7.85064 0.361968 8.05573 0.222265 -0.041974 -0.0707397 128.332 485 309003
-3.47002 8.10346 1.07023 8.82294 -0.40459 0.041974 1.48553 123.519 454 309003
-3.60882 8.03195 1.25534 8.82294 -0.422278 0.0629841 1.48553 121.082 441 309003
-3.60882 8.04261 1.07023 8.82294 -0.421783 0.041974 1.48553 126.144 468 309003
-3.60882 8.049 0.885113 8.82294 -0.421486 0.0209824 1.48553 121.832 445 309003
-3.47002 8.09288 1.25534 8.82294 -0.405063 0.0629841 1.41479 123.894 456 309003
-3.47002 8.10346 1.07023 8.82294 -0.40459 0.041974 1.41479 127.457 475 309003
-3.60882 8.03195 1.25534 8.82294 -0.422278 0.0629841 1.41479 125.207 463 309003
-3.60882 8.04261 1.07023 8.82294 -0.421783 0.041974 1.41479 128.394 480 309003
-3.39458 7.9273 1.06218 8.63113 -0.40459 0.041974 1.48553 119.019 430 309003
-3.53037 7.86777 1.06218 8.63113 -0.421783 0.041974 1.48553 121.832 445 309003
-3.53037 7.87402 0.881088 8.63113 -0.421486 0.0209824 1.48553 118.457 427 309003
-3.60882 8.049 0.885113 8.82294 -0.421486 0.0209824 1.34406 123.519 454 309003
-3.74762 7.97888 1.07023 8.82294 -0.439109 0.041974 1.34406 123.707 455 309003
-3.74762 7.98532 0.885113 8.82294 -0.438799 0.0209824 1.34406 124.082 457 309003
-3.60882 8.049 0.885113 8.82294 -0.421486 0.0209824 1.27332 124.269 458 309003
-3.74762 7.97888 1.07023 8.82294 -0.439109 0.041974 1.27332 122.394 448 309003
-3.74762 7.98532 0.885113 8.82294 -0.438799 0.0209824 1.27332 123.894 456 309003
-3.53037 7.87402 0.881088 8.63113 -0.421486 0.0209824 1.34406 120.519 438 309003
-3.66615 7.80542 1.06218 8.63113 -0.439109 0.041974 1.34406 118.082 425 309003
-3.66615 7.81172 0.881088 8.63113 -0.438799 0.0209824 1.34406 119.957 435 309003
-3.33122 8.151 1.25534 8.82294 -0.387974 0.0629841 1.13184 113.582 401 309003
-3.47002 8.09288 1.25534 8.82294 -0.405063 0.0629841 1.13184 116.394 416 309003
-3.47002 8.10346 1.07023 8.82294 -0.40459 0.041974 1.13184 115.082 409 309003
-3.53037 7.86777 1.06218 8.63113 -0.421783 0.041974 1.27332 117.707 423 309003
-3.53037 7.87402 0.881088 8.63113 -0.421486 0.0209824 1.27332 120.519 438 309003
-3.66615 7.80542 1.06218 8.63113 -0.439109 0.041974 1.27332 117.144 420 309003
-3.66615 7.81172 0.881088 8.63113 -0.438799 0.0209824 1.27332 120.144 436 309003
-3.33122 8.151 1.25534 8.82294 -0.387974 0.0629841 1.0611 112.644 396 309003
-3.47002 8.09288 1.25534 8.82294 -0.405063 0.0629841 1.0611 114.144 404 309003
-3.66615 7.81172 0.518912 8.63113 -0.438799 -0.0209824 0.424438 115.832 413 309003
-3.66615 7.80542 0.337823 8.63113 -0.439109 -0.041974 0.424438 117.144 420 309003
-3.80193 7.74655 0.518912 8.63113 -0.456253 -0.0209824 0.424438 112.269 394 309003
-3.80193 7.74019 0.337823 8.63113 -0.456578 -0.041974 0.424438 114.519 406 309003
1.94623 8.00713 0.35392 8.24753 0.238438 -0.041974 0.0707397 125.394 464 309003
1.94623 8.00713 0.35392 8.24753 0.238438 -0.041974 -0 133.269 506 309003
1.94623 7.99778 0.18088 8.24753 0.238706 -0.0629841 -0 131.582 497 309003
1.81648 8.03756 0.35392 8.24753 0.222265 -0.041974 -0 128.582 481 309003
1.94623 8.00713 0.35392 8.24753 0.238438 -0.041974 -0.0707397 126.707 471 309003
1.94623 7.99778 0.18088 8.24753 0.238706 -0.0629841 -0.0707397 125.394 464 309003
1.99149 8.19334 0.345872 8.43933 0.238438 -0.041974 -0 124.644 460 309003
1.46043 8.30446 0.345872 8.43933 0.17408 -0.041974 -0 117.519 422 309003
1.46043 8.29502 0.168807 8.43933 0.174275 -0.0629841 -0 117.894 424 309003
1.32766 8.32672 0.345872 8.43933 0.158115 -0.041974 -0 117.332 421 309003
-3.31915 7.75114 1.05413 8.43933 -0.40459 0.041974 1.41479 113.394 400 309003
-3.45192 7.69293 1.05413 8.43933 -0.421783 0.041974 1.41479 114.144 404 309003
-3.66615 7.81172 0.518912 8.63113 -0.438799 -0.0209824 0.495178 124.832 461 309003
-3.66615 7.80542 0.337823 8.63113 -0.439109 -0.041974 0.495178 126.144 468 309003
-3.80193 7.74655 0.518912 8.63113 -0.456253 -0.0209824 0.495178 122.207 447 309003
-3.80193 7.74019 0.337823 8.63113 -0.456578 -0.041974 0.495178 123.519 454 309003
2.4441 8.26993 0.337823 8.63113 0.287361 -0.041974 -0 119.957 435 309003
1.6294 8.4682 0.337823 8.63113 0.190091 -0.041974 -0 121.832 445 309003
1.49362 8.4932 0.337823 8.63113 0.17408 -0.041974 -0 119.394 432 309003
-3.39458 7.9273 1.06218 8.63113 -0.40459 0.041974 1.41479 122.207 447 309003
-3.53037 7.85734 1.24327 8.63113 -0.422278 0.0629841 1.41479 119.582 433 309003
-3.53037 7.86777 1.06218 8.63113 -0.421783 0.041974 1.41479 123.332 453 309003
-3.53037 7.87402 0.881088 8.63113 -0.421486 0.0209824 1.41479 119.582 433 309003
-3.74762 7.98532 0.514887 8.82294 -0.438799 -0.0209824 0.495178 120.707 439 309003
-3.74762 7.97888 0.329775 8.82294 -0.439109 -0.041974 0.495178 122.207 447 309003
-3.88642 7.91869 0.514887 8.82294 -0.456253 -0.0209824 0.495178 117.894 424 309003
-3.88642 7.9122 0.329775 8.82294 -0.456578 -0.041974 0.495178 119.019 430 309003
-3.74762 7.98532 0.514887 8.82294 -0.438799 -0.0209824 0.424438 112.832 397 309003
-3.74762 7.97888 0.329775 8.82294 -0.439109 -0.041974 0.424438 114.144 404 309003
-3.47002 8.09288 1.25534 8.82294 -0.405063 0.0629841 1.20258 114.707 407 309003
-3.47002 8.10346 1.07023 8.82294 -0.40459 0.041974 1.20258 117.707 423 309003
-3.47002 8.1098 0.885113 8.82294 -0.404307 0.0209824 1.20258 114.894 408 309003
-3.60882 8.04261 1.07023 8.82294 -0.421783 0.041974 1.20258 115.269 410 309003
-3.60882 8.049 0.885113 8.82294 -0.421486 0.0209824 1.20258 115.644 412 309003
-3.68727 8.0858 -0.813094 9.01474 -0.427848 -0.168645 1.27332 116.332 405 309003
-3.68727 8.1475 1.83482 9.01474 -0.424985 0.12622 1.27332 116.332 405 309003
-3.68727 8.17161 1.64568 9.01474 -0.423876 0.105098 1.27332 119.894 424 309003
-3.82909 8.10613 1.64568 9.01474 -0.4413 0.105098 1.27332 116.144 404 309003
-3.54545 8.02289 -1.3805 9.01474 -0.416112 -0.232889 1.34406 115.582 401 309003
-3.68727 8.0858 -0.813094 9.01474 -0.427848 -0.168645 1.34406 117.457 411 309003
-3.68727 8.1475 1.83482 9.01474 -0.424985 0.12622 1.34406 115.957 403 309003
-3.68727 7.95871 -1.3805 9.01474 -0.433859 -0.232889 1.34406 115.582 401 309003
-3.68727 8.17161 1.64568 9.01474 -0.423876 0.105098 1.34406 118.957 419 309003
-3.68727 8.19129 1.45655 9.01474 -0.422975 0.0840222 1.34406 115.957 403 309003
4.68 7.69546 0.321726 9.01474 0.546391 -0.041974 -0 114.457 395 309003
3.68727 8.21745 0.321726 9.01474 0.421783 -0.041974 -0 114.269 394 309003
3.26182 8.39541 0.321726 9.01474 0.370574 -0.041974 -0 115.582 401 309003
3.12 8.44914 0.321726 9.01474 0.353736 -0.041974 -0 118.957 419 309003
3.76573 8.39229 0.313678 9.20654 0.421783 -0.041974 -0 117.082 409 309003
3.62089 8.45579 0.313678 9.20654 0.40459 -0.041974 -0 120.457 427 309003
3.62089 8.44475 0.120517 9.20654 0.405063 -0.0629841 -0 116.894 408 309003
3.47605 8.51635 0.313678 9.20654 0.387523 -0.041974 -0 116.519 406 309003
4.28774 8.35396 0.30563 9.39835 0.474198 -0.041974 -0 122.519 438 309003
3.69633 8.63195 0.30563 9.39835 0.40459 -0.041974 -0 119.144 420 309003
3.54847 8.69378 0.30563 9.39835 0.387523 -0.041974 -0 116.894 408 309003
3.25277 8.80868 0.30563 9.39835 0.353736 -0.041974 -0 117.832 413 309003
3.77176 8.80811 0.297581 9.59015 0.40459 -0.041974 -0 114.082 393 309003
3.62089 8.87804 0.498791 9.59015 0.387253 -0.0209824 -0 115.207 399 309003
3.62089 8.8712 0.297581 9.59015 0.387523 -0.041974 -0 116.894 408 309003
3.8472 8.9913 0.494766 9.78195 0.404307 -0.0209824 -0 120.144 420 309003
3.8472 8.98427 0.289533 9.78195 0.40459 -0.041974 -0 121.457 427 309003
3.69331 9.0556 0.494766 9.78195 0.387253 -0.0209824 -0 119.207 415 309003
3.69331 9.04862 0.289533 9.78195 0.387523 -0.041974 -0 120.332 421 309003
-2.03977 9.7607 0.490742 9.97375 -0.206013 -0.0209824 -0 117.519 406 309003
7.98406 6.58337 0.265388 10.3574 0.881256 -0.041974 0.0707397 116.394 400 309003
-2.28116 10.0937 0.265388 10.3574 -0.222265 -0.041974 -0 121.082 425 309003
-2.4441 10.0555 0.265388 10.3574 -0.238438 -0.041974 -0 121.457 427 309003
7.98406 6.58337 0.265388 10.3574 0.881256 -0.041974 -0 123.707 439 309003
-2.28116 10.0937 0.265388 10.3574 -0.222265 -0.041974 -0.0707397 114.144 388 309003
-2.4441 10.0555 0.265388 10.3574 -0.238438 -0.041974 -0.0707397 114.332 389 309003
7.98406 6.58337 0.265388 10.3574 0.881256 -0.041974 -0.0707397 116.207 399 309003
-2.3234 10.2806 0.257339 10.5492 -0.222265 -0.041974 -0 121.894 424 309003
-2.48936 10.2417 0.257339 10.5492 -0.238438 -0.041974 -0 121.144 420 309003
8.13192 6.71624 0.47867 10.5492 0.880455 -0.0209824 -0 121.332 421 309003
8.13192 6.70529 0.257339 10.5492 0.881256 -0.041974 -0 124.519 438 309003
8.13192 6.70529 0.257339 10.5492 0.881256 -0.041974 -0.0707397 117.582 401 309003
5.84774 9.23454 0.470621 10.9328 0.564507 -0.0209824 -0 117.394 400 309003
5.84774 9.22599 0.241243 10.9328 0.564926 -0.041974 -0 118.332 405 309003
5.95033 9.39655 0.466597 11.1246 0.564507 -0.0209824 -0 121.894 424 309003
5.95033 9.38785 0.233194 11.1246 0.564926 -0.041974 -0 123.207 431 309003
5.77532 9.49652 0.233194 11.1246 0.546391 -0.041974 -0 117.582 401 309003
6.23095 9.43452 0.225146 11.3164 0.58368 -0.041974 0.0707397 118.957 403 309003
6.05292 9.55856 0.462573 11.3164 0.564507 -0.0209824 0.0707397 124.019 430 309003
6.05292 9.54971 0.225146 11.3164 0.564926 -0.041974 0.0707397 125.332 437 309003
6.05292 9.55856 0.462573 11.3164 0.564507 -0.0209824 -0 131.519 470 309003
6.05292 9.54971 0.225146 11.3164 0.564926 -0.041974 -0 132.832 477 309003
6.23095 9.44348 0.462573 11.3164 0.583244 -0.0209824 -0.0707397 119.144 404 309003
6.23095 9.43452 0.225146 11.3164 0.58368 -0.041974 -0.0707397 119.144 404 309003
6.05292 9.55856 0.462573 11.3164 0.564507 -0.0209824 -0.0707397 124.394 432 309003
6.05292 9.54971 0.225146 11.3164 0.564926 -0.041974 -0.0707397 125.707 439 309003
6.15551 9.72057 0.458549 11.5082 0.564507 -0.0209824 -0 121.019 414 309003
6.15551 9.71157 0.217098 11.5082 0.564926 -0.041974 -0 121.957 419 309003
5.97447 9.53489 3.11451 11.5082 0.559742 0.211379 -0 121.957 419 309003
5.97447 9.59279 2.87306 11.5082 0.557021 0.189968 -0 124.207 431 309003
1.59319 12.5471 0.168807 12.659 0.126301 -0.041974 -0 119.394 400 309003
1.39404 12.5708 0.168807 12.659 0.110444 -0.041974 -0 120.707 407 309003
6.15551 11.4954 0.426355 13.0426 0.491624 -0.0209824 -0 140.269 506 309003
5.95033 11.6029 0.426355 13.0426 0.473858 -0.0209824 -0 138.207 495 309003
6.24604 11.6645 0.422331 13.2344 0.491624 -0.0209824 -0 144.207 527 309003
6.24604 11.6545 0.144662 13.2344 0.491978 -0.041974 -0 141.207 511 309003
6.03783 11.7736 0.422331 13.2344 0.473858 -0.0209824 -0 142.144 516 309003
6.03783 11.7637 0.144662 13.2344 0.474198 -0.041974 -0 138.582 497 309003
6.33656 11.8335 0.418307 13.4262 0.491624 -0.0209824 0.0707397 146.082 537 309003
6.33656 11.8234 0.136614 13.4262 0.491978 -0.041974 0.0707397 142.332 517 309003
6.12534 11.9442 0.418307 13.4262 0.473858 -0.0209824 0.0707397 144.019 526 309003
6.33656 11.8335 0.418307 13.4262 0.491624 -0.0209824 -0 153.582 577 309003
6.33656 11.8234 0.136614 13.4262 0.491978 -0.041974 -0 150.019 558 309003
6.12534 11.9442 0.418307 13.4262 0.473858 -0.0209824 -0 151.332 565 309003
6.33656 11.8335 0.418307 13.4262 0.491624 -0.0209824 -0.0707397 146.644 540 309003
6.33656 11.8234 0.136614 13.4262 0.491978 -0.041974 -0.0707397 142.894 520 309003
6.12534 11.9442 0.418307 13.4262 0.473858 -0.0209824 -0.0707397 144.394 528 309003
6.42708 12.0026 0.414283 13.618 0.491624 -0.0209824 -0 141.644 508 309003
6.42708 11.8382 2.70002 13.618 0.497384 0.147399 -0 139.582 497 309003
6.21284 12.1148 0.414283 13.618 0.473858 -0.0209824 -0 139.207 495 309003
6.21284 11.9007 2.98574 13.618 0.481138 0.168645 -0 138.269 490 309003
6.21284 11.952 2.70002 13.618 0.479374 0.147399 -0 142.394 512 309003
6.5176 12.1716 0.410259 13.8098 0.491624 -0.0209824 -0 138.832 493 309003
6.1193 13.6519 0.7 14.9606 0.421388 0 -0 132.144 452 309003
5.88395 13.755 0.7 14.9606 0.404213 0 -0 129.519 438 309003
-7.15126 13.2981 -0.571643 15.1524 -0.493402 -0.0840222 -0 127.332 421 309003
-7.38963 13.2284 0.7 15.1524 -0.509437 0 -0 129.394 432 309003
-7.38963 13.2245 0.382089 15.1524 -0.50956 -0.0209824 -0 129.207 431 309003
-7.38963 13.1939 -0.253732 15.1524 -0.510548 -0.0629841 -0 126.394 416 309003
-7.38963 13.1671 -0.571643 15.1524 -0.511416 -0.0840222 -0 130.894 440 309003
6.82538 15.2271 0.7 16.6869 0.421388 0 0.0707397 146.332 517 309003
6.56286 15.3421 0.7 16.6869 0.404213 0 0.0707397 150.269 538 309003
6.56286 15.3381 1.0501 16.6869 0.404307 0.0209824 0.0707397 150.082 537 309003
6.82538 15.2271 0.7 16.6869 0.421388 0 -0 153.832 557 309003
6.56286 15.3421 0.7 16.6869 0.404213 0 -0 157.394 576 309003
6.56286 15.3381 1.0501 16.6869 0.404307 0.0209824 -0 157.207 575 309003
6.82538 15.2271 0.7 16.6869 0.421388 0 -0.0707397 146.332 517 309003
6.56286 15.3421 0.7 16.6869 0.404213 0 -0.0707397 149.894 536 309003
6.56286 15.3381 1.0501 16.6869 0.404307 0.0209824 -0.0707397 149.894 536 309003
6.6383 15.5184 0.7 16.8787 0.404213 0 0.0707397 150.082 537 309003
6.6383 15.5144 1.05413 16.8787 0.404307 0.0209824 0.0707397 149.707 535 309003
6.6383 15.5184 0.7 16.8787 0.404213 0 -0 157.957 579 309003
6.6383 15.5144 1.05413 16.8787 0.404307 0.0209824 -0 157.582 577 309003
6.6383 15.5184 0.7 16.8787 0.404213 0 -0.0707397 151.207 543 309003
6.6383 15.5144 1.05413 16.8787 0.404307 0.0209824 -0.0707397 150.457 539 309003
6.73486 16.5174 0.7 17.8377 0.387164 0 0.0707397 149.019 526 309003
6.73486 16.5132 0.325751 17.8377 0.387253 -0.0209824 0.0707397 149.394 528 309003
6.45424 16.6291 0.7 17.8377 0.370232 0 0.0707397 146.207 511 309003
6.45424 16.6248 0.325751 17.8377 0.370317 -0.0209824 0.0707397 146.394 512 309003
6.73486 16.5174 0.7 17.8377 0.387164 0 -0 156.332 565 309003
6.73486 16.5132 0.325751 17.8377 0.387253 -0.0209824 -0 156.707 567 309003
6.45424 16.6291 0.7 17.8377 0.370232 0 -0 153.144 548 309003
6.45424 16.6248 0.325751 17.8377 0.370317 -0.0209824 -0 153.332 549 309003
6.73486 16.5174 0.7 17.8377 0.387164 0 -0.0707397 149.019 526 309003
6.73486 16.5132 0.325751 17.8377 0.387253 -0.0209824 -0.0707397 149.394 528 309003
6.45424 16.6291 0.7 17.8377 0.370232 0 -0.0707397 145.644 508 309003
6.45424 16.6248 0.325751 17.8377 0.370317 -0.0209824 -0.0707397 146.207 511 309003
6.80727 16.695 0.7 18.0295 0.387164 0 0.0707397 143.019 494 309003
6.80727 16.6907 0.321726 18.0295 0.387253 -0.0209824 0.0707397 143.207 495 309003
6.80727 16.695 0.7 18.0295 0.387164 0 -0 150.707 535 309003
6.80727 16.6907 0.321726 18.0295 0.387253 -0.0209824 -0 151.082 537 309003
6.52364 16.8079 0.7 18.0295 0.370232 0 -0 147.332 517 309003
6.52364 16.8036 0.321726 18.0295 0.370317 -0.0209824 -0 147.707 519 309003
6.80727 16.695 0.7 18.0295 0.387164 0 -0.0707397 144.332 501 309003
6.80727 16.6907 0.321726 18.0295 0.387253 -0.0209824 -0.0707397 144.707 503 309003
6.87969 16.8726 0.7 18.2213 0.387164 0 -0 146.832 509 309003
6.87969 16.8683 0.317702 18.2213 0.387253 -0.0209824 -0 145.707 503 309003
6.59304 16.9867 0.7 18.2213 0.370232 0 -0 146.457 507 309003
6.59304 16.9824 0.317702 18.2213 0.370317 -0.0209824 -0 145.519 502 309003
3.04758 19.1309 0.7 19.3721 0.157974 0 0.0707397 138.269 458 309003
2.74282 19.1769 0.7 19.3721 0.142064 0 0.0707397 139.019 462 309003
6.46329 18.4654 0.7 19.5639 0.336693 0 -0 152.519 534 309003
6.46329 18.4609 0.289533 19.5639 0.336771 -0.0209824 -0 152.707 535 309003
6.15551 18.5658 0.289533 19.5639 0.320146 -0.0209824 -0 150.832 525 309003
6.21586 18.7524 0.7 19.7557 0.320073 0 -0 152.332 533 309003
5.90507 18.8525 0.7 19.7557 0.303544 0 -0 151.582 529 309003
6.27621 18.9344 0.7 19.9475 0.320073 0 0.0707397 160.019 574 309003
6.27621 18.9298 0.281485 19.9475 0.320146 -0.0209824 0.0707397 155.707 551 309003
6.27621 18.9298 1.11852 19.9475 0.320146 0.0209824 0.0707397 155.894 552 309003
5.9624 19.0356 0.7 19.9475 0.303544 0 0.0707397 158.894 568 309003
6.27621 18.9344 0.7 19.9475 0.320073 0 -0 167.332 613 309003
6.27621 18.9298 0.281485 19.9475 0.320146 -0.0209824 -0 163.207 591 309003
6.27621 18.9298 1.11852 19.9475 0.320146 0.0209824 -0 163.207 591 309003
5.9624 19.0356 0.7 19.9475 0.303544 0 -0 166.207 607 309003
6.27621 18.9344 0.7 19.9475 0.320073 0 -0.0707397 160.207 575 309003
6.27621 18.9298 0.281485 19.9475 0.320146 -0.0209824 -0.0707397 156.457 555 309003
6.27621 18.9298 1.11852 19.9475 0.320146 0.0209824 -0.0707397 156.082 553 309003
5.9624 19.0356 0.7 19.9475 0.303544 0 -0.0707397 159.269 570 309003
6.33656 19.1165 0.7 20.1393 0.320073 0 0.0707397 153.832 541 309003
6.01973 19.2186 0.7 20.1393 0.303544 0 0.0707397 151.582 529 309003
6.33656 19.1165 0.7 20.1393 0.320073 0 -0 161.707 583 309003
6.33656 19.1118 0.27746 20.1393 0.320146 -0.0209824 -0 157.957 563 309003
6.33656 19.1118 1.12254 20.1393 0.320146 0.0209824 -0 157.957 563 309003
6.01973 19.2186 0.7 20.1393 0.303544 0 -0 160.394 576 309003
6.33656 19.1165 0.7 20.1393 0.320073 0 -0.0707397 155.332 549 309003
6.01973 19.2186 0.7 20.1393 0.303544 0 -0.0707397 154.394 544 309003
6.07706 19.4016 0.7 20.3311 0.303544 0 -0 151.207 527 309003
1.59923 20.2681 0.7 20.3311 0.0787404 0 -0 146.144 500 309003
1.59923 20.2636 1.12656 20.3311 0.0787578 0.0209824 -0 145.582 497 309003
1.93718 20.4268 1.13059 20.5229 0.0945525 0.0209824 -0 148.269 506 309003
1.61431 20.4548 1.13059 20.5229 0.0787578 0.0209824 -0 149.207 511 309003
1.29145 20.4822 0.7 20.5229 0.0629689 0 -0 151.832 525 309003
1.29145 20.4777 1.13059 20.5229 0.0629827 0.0209824 -0 150.519 518 309003
0.968588 20.5 0.7 20.5229 0.047213 0 -0 148.644 508 309003
1.95528 20.6222 0.7 20.7147 0.0945316 0 0.0707397 153.144 532 309003
1.95528 20.6177 1.13461 20.7147 0.0945525 0.0209824 0.0707397 155.957 547 309003
1.6294 20.6505 0.7 20.7147 0.0787404 0 0.0707397 153.519 534 309003
1.6294 20.646 1.13461 20.7147 0.0787578 0.0209824 0.0707397 155.582 545 309003
1.95528 20.6222 0.7 20.7147 0.0945316 0 -0 159.519 566 309003
1.95528 20.6177 1.13461 20.7147 0.0945525 0.0209824 -0 162.332 581 309003
1.6294 20.6505 0.7 20.7147 0.0787404 0 -0 160.269 570 309003
1.6294 20.646 1.13461 20.7147 0.0787578 0.0209824 -0 162.332 581 309003
1.95528 20.6222 0.7 20.7147 0.0945316 0 -0.0707397 151.832 525 309003
1.95528 20.6177 1.13461 20.7147 0.0945525 0.0209824 -0.0707397 154.457 539 309003
1.6294 20.6505 0.7 20.7147 0.0787404 0 -0.0707397 153.144 532 309003
1.6294 20.646 1.13461 20.7147 0.0787578 0.0209824 -0.0707397 154.644 540 309003
4.93346 20.3161 0.7 20.9065 0.238224 0 0.0707397 147.707 503 309003
4.93346 20.3114 1.13864 20.9065 0.238277 0.0209824 0.0707397 148.457 507 309003
4.60457 20.3884 1.13864 20.9065 0.222116 0.0209824 0.0707397 146.207 495 309003
4.93346 20.3161 0.7 20.9065 0.238224 0 -0 155.207 543 309003
4.93346 20.3114 1.13864 20.9065 0.238277 0.0209824 -0 156.144 548 309003
1.64449 20.8371 1.13864 20.9065 0.0787578 0.0209824 -0 155.207 543 309003
4.93346 20.3161 0.7 20.9065 0.238224 0 -0.0707397 148.269 506 309003
4.93346 20.3114 1.13864 20.9065 0.238277 0.0209824 -0.0707397 149.394 512 309003
4.60457 20.3884 1.13864 20.9065 0.222116 0.0209824 -0.0707397 147.332 501 309003
1.64449 20.8417 0.7 20.9065 0.0787404 0 -0.0707397 148.644 508 309003
1.64449 20.8371 1.13864 20.9065 0.0787578 0.0209824 -0.0707397 148.644 508 309003
1.99149 21.0041 0.7 21.0983 0.0945316 0 -0 147.519 502 309003
1.99149 20.9995 1.14266 21.0983 0.0945525 0.0209824 -0 151.832 525 309003
1.65957 21.0283 1.14266 21.0983 0.0787578 0.0209824 -0 151.457 523 309003
5.02398 20.684 1.14668 21.2901 0.238277 0.0209824 -0 145.457 491 309003
3.68426 20.9499 1.59337 21.2901 0.17408 0.041974 -0 145.644 492 309003
3.68426 20.9642 1.14668 21.2901 0.173964 0.0209824 -0 144.332 485 309003
1.67466 21.2242 0.7 21.2901 0.0787404 0 -0 146.019 494 309003
1.67466 21.2195 1.14668 21.2901 0.0787578 0.0209824 -0 146.019 494 309003
3.71745 21.153 1.15071 21.4819 0.173964 0.0209824 0.0707397 148.644 508 309003
1.3518 21.4394 0.7 21.4819 0.0629689 0 0.0707397 151.269 522 309003
1.3518 21.4346 0.249291 21.4819 0.0629827 -0.0209824 0.0707397 148.457 507 309003
1.3518 21.4346 1.15071 21.4819 0.0629827 0.0209824 0.0707397 149.394 512 309003
1.01385 21.458 0.7 21.4819 0.047213 0 0.0707397 148.082 505 309003
1.3518 21.4394 0.7 21.4819 0.0629689 0 -0 158.582 561 309003
1.3518 21.4346 1.15071 21.4819 0.0629827 0.0209824 -0 157.082 553 309003
3.71745 21.153 1.15071 21.4819 0.173964 0.0209824 -0.0707397 149.207 511 309003
1.3518 21.4394 0.7 21.4819 0.0629689 0 -0.0707397 151.457 523 309003
1.3518 21.4346 0.249291 21.4819 0.0629827 -0.0209824 -0.0707397 148.457 507 309003
1.3518 21.4346 1.15071 21.4819 0.0629827 0.0209824 -0.0707397 149.957 515 309003
1.36387 21.6308 0.7 21.6737 0.0629689 0 0.0707397 146.207 495 309003
1.36387 21.6308 0.7 21.6737 0.0629689 0 -0 154.269 538 309003
1.36387 21.6308 0.7 21.6737 0.0629689 0 -0.0707397 147.894 504 309003
5.15977 21.2431 1.15876 21.8655 0.238277 0.0209824 0.0707397 149.957 515 309003
4.81578 21.3089 1.61751 21.8655 0.222265 0.041974 0.0707397 150.894 520 309003
4.81578 21.3237 1.15876 21.8655 0.222116 0.0209824 0.0707397 154.832 541 309003
4.4718 21.3985 1.15876 21.8655 0.206013 0.0209824 0.0707397 150.144 516 309003
5.15977 21.2431 1.15876 21.8655 0.238277 0.0209824 -0 156.519 550 309003
4.81578 21.3089 1.61751 21.8655 0.222265 0.041974 -0 158.019 558 309003
4.81578 21.3237 1.15876 21.8655 0.222116 0.0209824 -0 161.582 577 309003
4.4718 21.3985 1.15876 21.8655 0.206013 0.0209824 -0 156.894 552 309003
5.15977 21.2431 1.15876 21.8655 0.238277 0.0209824 -0.0707397 148.644 508 309003
4.81578 21.3089 1.61751 21.8655 0.222265 0.041974 -0.0707397 150.144 516 309003
4.81578 21.3237 1.15876 21.8655 0.222116 0.0209824 -0.0707397 154.082 537 309003
4.4718 21.3985 1.15876 21.8655 0.206013 0.0209824 -0.0707397 149.582 513 309003
5.20503 21.4294 1.16278 22.0573 0.238277 0.0209824 0.0707397 146.644 492 309003
4.85803 21.5107 1.16278 22.0573 0.222116 0.0209824 0.0707397 149.269 506 309003
5.20503 21.4294 1.16278 22.0573 0.238277 0.0209824 -0 153.957 531 309003
4.85803 21.4958 1.62556 22.0573 0.222265 0.041974 -0 152.269 522 309003
4.85803 21.5107 1.16278 22.0573 0.222116 0.0209824 -0 157.332 549 309003
5.20503 21.4294 1.16278 22.0573 0.238277 0.0209824 -0.0707397 147.394 496 309003
4.85803 21.5107 1.16278 22.0573 0.222116 0.0209824 -0.0707397 150.957 515 309003
4.90027 21.6827 1.63361 22.2491 0.222265 0.041974 -0 146.269 490 309003
4.90027 21.6978 1.16681 22.2491 0.222116 0.0209824 -0 149.269 506 309003
2.80015 22.0722 0.7 22.2491 0.126189 0 -0 142.332 469 309003
2.80015 22.0673 1.16681 22.2491 0.126217 0.0209824 -0 142.144 468 309003
1.79536 22.7538 0.7 22.8246 0.0787404 0 0.0707397 152.707 519 309003
1.43629 22.7793 0.7 22.8246 0.0629689 0 0.0707397 155.144 532 309003
1.43629 22.7743 1.17888 22.8246 0.0629827 0.0209824 0.0707397 151.207 511 309003
1.07721 22.7991 0.7 22.8246 0.047213 0 0.0707397 152.707 519 309003
1.79536 22.7538 0.7 22.8246 0.0787404 0 -0 160.019 558 309003
1.43629 22.7793 0.7 22.8246 0.0629689 0 -0 162.269 570 309003
1.43629 22.7743 1.17888 22.8246 0.0629827 0.0209824 -0 158.332 549 309003
1.07721 22.7991 0.7 22.8246 0.047213 0 -0 159.832 557 309003
1.79536 22.7538 0.7 22.8246 0.0787404 0 -0.0707397 152.332 517 309003
1.43629 22.7793 0.7 22.8246 0.0629689 0 -0.0707397 154.957 531 309003
1.43629 22.7743 1.17888 22.8246 0.0629827 0.0209824 -0.0707397 150.832 509 309003
1.07721 22.7991 0.7 22.8246 0.047213 0 -0.0707397 152.332 517 309003
1.81044 22.945 0.7 23.0164 0.0787404 0 0.0707397 152.144 516 309003
1.44836 22.9707 0.7 23.0164 0.0629689 0 0.0707397 155.707 535 309003
1.44836 22.9657 1.1829 23.0164 0.0629827 0.0209824 0.0707397 152.144 516 309003
1.08627 22.9907 0.7 23.0164 0.047213 0 0.0707397 154.207 527 309003
1.08627 22.9856 1.1829 23.0164 0.0472234 0.0209824 0.0707397 151.207 511 309003
1.81044 22.945 0.7 23.0164 0.0787404 0 -0 159.832 557 309003
1.44836 22.9707 0.7 23.0164 0.0629689 0 -0 163.394 576 309003
1.44836 22.9657 1.1829 23.0164 0.0629827 0.0209824 -0 160.019 558 309003
1.08627 22.9907 0.7 23.0164 0.047213 0 -0 161.894 568 309003
1.81044 22.945 0.7 23.0164 0.0787404 0 -0.0707397 152.707 519 309003
1.44836 22.9707 0.7 23.0164 0.0629689 0 -0.0707397 156.644 540 309003
1.44836 22.9657 1.1829 23.0164 0.0629827 0.0209824 -0.0707397 152.894 520 309003
1.08627 22.9907 0.7 23.0164 0.047213 0 -0.0707397 154.957 531 309003
-14.4745 18.6295 0.7 23.5918 -0.660537 0 0.0707397 134.519 422 309003
-14.4745 18.623 0.205025 23.5918 -0.660708 -0.0209824 0.0707397 133.957 419 309003
-14.8456 18.3352 0.7 23.5918 -0.680617 0 0.0707397 139.207 447 309003
-14.8456 18.3285 0.205025 23.5918 -0.680795 -0.0209824 0.0707397 136.957 435 309003
-15.2168 18.0283 0.7 23.5918 -0.701029 0 0.0707397 134.519 422 309003
-14.8456 18.3352 0.7 23.5918 -0.680617 0 -0 145.582 481 309003
-14.8456 18.3285 0.205025 23.5918 -0.680795 -0.0209824 -0 143.519 470 309003
-13.7322 19.1833 0.7 23.5918 -0.621281 0 -0.0707397 134.332 421 309003
-13.7322 19.1769 1.19497 23.5918 -0.621438 0.0209824 -0.0707397 134.144 420 309003
-14.1034 18.9056 1.19497 23.5918 -0.640929 0.0209824 -0.0707397 133.582 417 309003
-14.8456 18.3352 0.7 23.5918 -0.680617 0 -0.0707397 138.082 441 309003
-14.8456 18.3285 0.205025 23.5918 -0.680795 -0.0209824 -0.0707397 135.644 428 309003
-15.2168 18.0283 0.7 23.5918 -0.701029 0 -0.0707397 134.332 421 309003
-7.10901 22.6908 0.201001 23.7836 -0.303613 -0.0209824 0.0707397 137.144 436 309003
-14.5922 18.781 0.7 23.7836 -0.660537 0 0.0707397 139.582 449 309003
-14.9663 18.4842 0.7 23.7836 -0.680617 0 0.0707397 139.957 451 309003
-14.9663 18.4775 0.201001 23.7836 -0.680795 -0.0209824 0.0707397 137.519 438 309003
-14.5922 18.781 0.7 23.7836 -0.660537 0 -0 146.332 485 309003
-14.9663 18.4842 0.7 23.7836 -0.680617 0 -0 147.082 489 309003
-14.5922 18.781 0.7 23.7836 -0.660537 0 -0.0707397 138.832 445 309003
-14.9663 18.4842 0.7 23.7836 -0.680617 0 -0.0707397 140.332 453 309003
-14.9663 18.4775 0.201001 23.7836 -0.680795 -0.0209824 -0.0707397 137.519 438 309003
1.52077 24.1193 0.7 24.1672 0.0629689 0 0.0707397 149.332 501 309003
1.52077 24.1139 1.20705 24.1672 0.0629827 0.0209824 0.0707397 147.457 491 309003
1.14058 24.1402 0.7 24.1672 0.047213 0 0.0707397 149.332 501 309003
1.14058 24.1349 1.20705 24.1672 0.0472234 0.0209824 0.0707397 147.457 491 309003
1.52077 24.1193 0.7 24.1672 0.0629689 0 -0 156.457 539 309003
1.52077 24.1139 1.20705 24.1672 0.0629827 0.0209824 -0 154.582 529 309003
1.14058 24.1402 0.7 24.1672 0.047213 0 -0 156.457 539 309003
1.14058 24.1349 1.20705 24.1672 0.0472234 0.0209824 -0 154.582 529 309003
1.52077 24.1193 0.7 24.1672 0.0629689 0 -0.0707397 148.957 499 309003
1.52077 24.1139 1.20705 24.1672 0.0629827 0.0209824 -0.0707397 147.082 489 309003
1.14058 24.1402 0.7 24.1672 0.047213 0 -0.0707397 148.957 499 309003
1.14058 24.1349 1.20705 24.1672 0.0472234 0.0209824 -0.0707397 147.269 490 309003
1.53284 24.3107 0.7 24.359 0.0629689 0 0.0707397 150.707 503 309003
1.53284 24.3053 1.21107 24.359 0.0629827 0.0209824 0.0707397 149.582 497 309003
1.14963 24.3318 0.7 24.359 0.047213 0 0.0707397 150.519 502 309003
1.14963 24.3265 1.21107 24.359 0.0472234 0.0209824 0.0707397 149.207 495 309003
1.53284 24.3107 0.7 24.359 0.0629689 0 -0 158.207 543 309003
1.53284 24.3053 1.21107 24.359 0.0629827 0.0209824 -0 157.082 537 309003
1.14963 24.3318 0.7 24.359 0.047213 0 -0 158.394 544 309003
1.14963 24.3265 1.21107 24.359 0.0472234 0.0209824 -0 156.894 536 309003
1.53284 24.3107 0.7 24.359 0.0629689 0 -0.0707397 151.269 506 309003
1.53284 24.3053 1.21107 24.359 0.0629827 0.0209824 -0.0707397 150.332 501 309003
1.14963 24.3318 0.7 24.359 0.047213 0 -0.0707397 151.644 508 309003
1.14963 24.3265 1.21107 24.359 0.0472234 0.0209824 -0.0707397 150.144 500 309003
10.0419 22.4031 0.7 24.5508 0.421388 0 -0 135.519 422 309003
9.65571 22.5723 0.7 24.5508 0.404213 0 -0 135.144 420 309003
4.24851 24.1749 1.2151 24.5508 0.173964 0.0209824 -0 134.207 415 309003
3.86228 24.2396 1.2151 24.5508 0.158009 0.0209824 -0 135.144 420 309003
-15.4159 19.8412 0.7 25.1262 -0.660537 0 -0 134.957 419 309003
-15.8112 19.5277 0.7 25.1262 -0.680617 0 -0 135.519 422 309003
9.48673 23.2664 0.7 25.1262 0.387164 0 -0 136.269 426 309003
9.48673 23.2605 1.22717 25.1262 0.387253 0.0209824 -0 134.207 415 309003
9.09145 23.4237 0.7 25.1262 0.370232 0 -0 136.832 429 309003
9.09145 23.4178 0.172832 25.1262 0.370317 -0.0209824 -0 135.519 422 309003
11.1523 22.7232 1.23119 25.318 0.456253 0.0209824 0.0707397 134.207 415 309003
11.1523 22.7294 0.7 25.318 0.456145 0 -0 138.332 437 309003
11.1523 22.7046 1.76239 25.318 0.456578 0.041974 -0 139.457 443 309003
11.1523 22.7232 1.23119 25.318 0.456253 0.0209824 -0 140.957 451 309003
-16.294 20.124 0.7 25.8934 -0.680617 0 0.0707397 135.394 416 309003
-16.7014 19.7872 0.7 25.8934 -0.701029 0 0.0707397 136.707 423 309003
-16.7014 19.7797 0.156735 25.8934 -0.701215 -0.0209824 0.0707397 135.582 417 309003
-16.294 20.124 0.7 25.8934 -0.680617 0 -0 141.582 449 309003
-16.294 20.1166 0.156735 25.8934 -0.680795 -0.0209824 -0 140.082 441 309003
-16.7014 19.7872 0.7 25.8934 -0.701029 0 -0 142.894 456 309003
-16.7014 19.7797 0.156735 25.8934 -0.701215 -0.0209824 -0 141.582 449 309003
-16.7014 19.7872 0.7 25.8934 -0.701029 0 -0.0707397 135.394 416 309003
-16.4147 20.273 0.7 26.0852 -0.680617 0 0.0707397 142.332 453 309003
-16.4147 20.2656 0.152711 26.0852 -0.680795 -0.0209824 0.0707397 139.707 439 309003
-16.8251 19.9338 0.7 26.0852 -0.701029 0 0.0707397 142.332 453 309003
-16.8251 19.9263 0.152711 26.0852 -0.701215 -0.0209824 0.0707397 140.457 443 309003
-16.4147 20.273 0.7 26.0852 -0.680617 0 -0 150.019 494 309003
-16.4147 20.2656 0.152711 26.0852 -0.680795 -0.0209824 -0 147.394 480 309003
-16.8251 19.9338 0.7 26.0852 -0.701029 0 -0 150.207 495 309003
-16.8251 19.9263 0.152711 26.0852 -0.701215 -0.0209824 -0 148.144 484 309003
-16.4147 20.273 0.7 26.0852 -0.680617 0 -0.0707397 142.894 456 309003
-16.4147 20.2656 0.152711 26.0852 -0.680795 -0.0209824 -0.0707397 140.269 442 309003
-16.8251 19.9338 0.7 26.0852 -0.701029 0 -0.0707397 143.082 457 309003
-16.8251 19.9263 0.152711 26.0852 -0.701215 -0.0209824 -0.0707397 141.207 447 309003
6.71072 25.583 4.05617 26.6606 0.256532 0.12622 -0 137.269 426 309003
6.2913 25.6894 4.05617 26.6606 0.240172 0.12622 -0 138.957 435 309003
6.75899 25.7671 4.08032 26.8524 0.256532 0.12622 0.0707397 134.832 413 309003
6.75899 25.8347 3.51693 26.8524 0.255889 0.105098 0.0707397 135.582 417 309003
6.75899 25.7671 4.08032 26.8524 0.256532 0.12622 -0 141.207 447 309003
6.75899 25.8347 3.51693 26.8524 0.255889 0.105098 -0 142.332 453 309003
6.33656 25.9416 3.51693 26.8524 0.239572 0.105098 -0 142.707 455 309003
-15.2077 22.1309 0.7 26.8524 -0.602065 0 -0.0707397 132.019 398 309003
6.75899 25.8347 3.51693 26.8524 0.255889 0.105098 -0.0707397 135.019 414 309003
12.5132 24.4071 0.7 27.4278 0.473746 0 -0 134.894 408 309003
-15.5336 22.6051 0.7 27.4278 -0.602065 0 -0 134.519 406 309003
-15.9651 22.3025 0.7 27.4278 -0.621281 0 -0 138.082 425 309003
-15.9651 22.2951 0.124541 27.4278 -0.621438 -0.0209824 -0 135.269 410 309003
-16.3966 21.9872 0.7 27.4278 -0.640765 0 -0 136.957 419 309003
-16.3966 21.9797 0.124541 27.4278 -0.640929 -0.0209824 -0 135.457 411 309003
10.4282 25.5753 0.7 27.6196 0.387164 0 0.0707397 137.332 421 309003
10.8627 25.3938 0.7 27.6196 0.404213 0 -0 142.019 446 309003
10.4282 25.5753 0.7 27.6196 0.387164 0 -0 143.707 455 309003
10.4282 25.5688 1.27948 27.6196 0.387253 0.0209824 -0 140.707 439 309003
11.089 25.9229 0.7 28.195 0.404213 0 -0 140.332 437 309003
10.6454 26.1081 0.7 28.195 0.387164 0 -0 141.082 441 309003
6.65339 26.1171 8.98178 28.195 0.249446 0.298128 -0 142.019 446 309003
6.20983 26.2261 8.98178 28.195 0.232498 0.298128 -0 141.269 442 309003
-16.0768 23.3955 0.7 28.3868 -0.602065 0 -0 141.457 443 309003
-16.0768 23.3879 1.29558 28.3868 -0.602216 0.0209824 -0 140.144 436 309003
-16.5233 23.0823 0.7 28.3868 -0.621281 0 -0 141.269 442 309003
-19.6494 20.487 0.7 28.3868 -0.764533 0 -0 141.082 441 309003
-19.6494 20.4783 0.10442 28.3868 -0.764744 -0.0209824 -0 139.957 435 309003
-16.4026 23.8698 0.7 28.9622 -0.602065 0 -0 138.707 423 309003
2.73377 28.8329 0.7 28.9622 0.0945316 0 -0 135.707 407 309003
2.73377 28.8265 1.30765 28.9622 0.0945525 0.0209824 -0 137.394 416 309003
-16.0526 24.3366 0.7 29.1541 -0.583099 0 0.0707397 140.019 430 309003
-16.0526 24.3366 0.7 29.1541 -0.583099 0 -0 146.582 465 309003
-16.0526 24.329 1.31168 29.1541 -0.583244 0.0209824 -0 144.332 453 309003
-16.5113 24.0278 0.7 29.1541 -0.602065 0 -0 142.457 443 309003
-16.5113 24.0201 1.31168 29.1541 -0.602216 0.0209824 -0 141.894 440 309003
-16.3694 24.817 0.7 29.7295 -0.583099 0 0.0707397 138.332 421 309003
-15.9017 25.1192 0.7 29.7295 -0.564368 0 -0 141.894 440 309003
-16.3694 24.817 0.7 29.7295 -0.583099 0 -0 144.144 452 309003
-16.3694 24.8091 0.076251 29.7295 -0.583244 -0.0209824 -0 141.707 439 309003
3.74159 29.4865 1.32375 29.7295 0.126217 0.0209824 -0 141.332 437 309003
3.27389 29.5421 1.32375 29.7295 0.110371 0.0209824 -0 141.707 439 309003
3.35838 30.3044 1.33985 30.4967 0.110371 0.0209824 -0 143.082 441 309003
2.87861 30.3605 0.7 30.4967 0.0945316 0 -0 142.894 440 309003
2.87861 30.3538 1.33985 30.4967 0.0945525 0.0209824 -0 144.582 449 309003
6.27621 30.0398 0.7 30.6885 0.205967 0 -0 155.269 506 309003
6.27621 30.0329 1.34387 30.6885 0.206013 0.0209824 -0 156.019 510 309003
-7.24178 29.8148 0.0561301 30.6885 -0.238277 -0.0209824 -0.0707397 138.394 416 309003
6.84348 30.3091 0.7 31.0721 0.222066 0 0.0707397 159.207 527 309003
6.84348 30.3021 1.35192 31.0721 0.222116 0.0209824 0.0707397 159.019 526 309003
6.35466 30.4153 0.7 31.0721 0.205967 0 0.0707397 162.019 542 309003
6.35466 30.4083 1.35192 31.0721 0.206013 0.0209824 0.0707397 162.394 544 309003
6.84348 30.3091 0.7 31.0721 0.222066 0 -0 166.144 564 309003
6.84348 30.3021 1.35192 31.0721 0.222116 0.0209824 -0 166.144 564 309003
6.35466 30.4153 0.7 31.0721 0.205967 0 -0 169.144 580 309003
6.35466 30.4083 1.35192 31.0721 0.206013 0.0209824 -0 169.332 581 309003
6.84348 30.3091 0.7 31.0721 0.222066 0 -0.0707397 158.832 525 309003
6.84348 30.3021 1.35192 31.0721 0.222116 0.0209824 -0.0707397 158.644 524 309003
6.35466 30.4153 0.7 31.0721 0.205967 0 -0.0707397 161.644 540 309003
6.35466 30.4083 1.35192 31.0721 0.206013 0.0209824 -0.0707397 162.207 543 309003
6.88573 30.4962 0.7 31.2639 0.222066 0 -0 156.019 510 309003
6.88573 30.4891 1.35594 31.2639 0.222116 0.0209824 -0 155.082 505 309003
6.39389 30.6031 0.7 31.2639 0.205967 0 -0 159.207 527 309003
6.39389 30.5961 1.35594 31.2639 0.206013 0.0209824 -0 159.207 527 309003
6.39389 30.6031 0.7 31.2639 0.205967 0 -0.0707397 153.019 494 309003
6.92797 30.6833 0.7 31.4557 0.222066 0 -0 153.207 495 309003
6.92797 30.6762 1.35997 31.4557 0.222116 0.0209824 -0 153.582 497 309003
6.43311 30.7908 0.7 31.4557 0.205967 0 -0 154.894 504 309003
6.43311 30.7838 1.35997 31.4557 0.206013 0.0209824 -0 155.644 508 309003
1.48456 31.4206 0.7 31.4557 0.047213 0 -0 153.207 495 309003
1.52077 32.187 0.7 32.2229 0.047213 0 -0 156.019 510 309003
1.52077 32.1799 0.0239366 32.2229 0.0472234 -0.0209824 -0 154.144 500 309003
1.01385 32.2069 0.7 32.2229 0.0314688 0 -0 153.207 495 309003
1.53888 32.5702 0.7 32.6065 0.047213 0 0.0707397 161.269 538 309003
1.53888 32.563 0.0158883 32.6065 0.0472234 -0.0209824 0.0707397 160.332 533 309003
1.02592 32.5904 0.7 32.6065 0.0314688 0 0.0707397 158.082 521 309003
1.02592 32.5832 0.0158883 32.6065 0.0314757 -0.0209824 0.0707397 156.582 513 309003
1.53888 32.5702 0.7 32.6065 0.047213 0 -0 168.582 577 309003
1.53888 32.563 0.0158883 32.6065 0.0472234 -0.0209824 -0 167.644 572 309003
1.02592 32.5904 0.7 32.6065 0.0314688 0 -0 165.394 560 309003
1.02592 32.5832 0.0158883 32.6065 0.0314757 -0.0209824 -0 164.082 553 309003
1.53888 32.5702 0.7 32.6065 0.047213 0 -0.0707397 161.269 538 309003
1.53888 32.563 0.0158883 32.6065 0.0472234 -0.0209824 -0.0707397 160.332 533 309003
1.02592 32.5904 0.7 32.6065 0.0314688 0 -0.0707397 158.269 522 309003
1.02592 32.5832 0.0158883 32.6065 0.0314757 -0.0209824 -0.0707397 156.957 515 309003
1.54793 32.7618 0.7 32.7983 0.047213 0 -0 158.707 519 309003
1.54793 32.7545 0.0118641 32.7983 0.0472234 -0.0209824 -0 159.457 523 309003
1.03195 32.7821 0.7 32.7983 0.0314688 0 -0 155.144 500 309003
1.03195 32.7748 0.0118641 32.7983 0.0314757 -0.0209824 -0 155.707 503 309003
1.54793 32.7545 0.0118641 32.7983 0.0472234 -0.0209824 -0.0707397 153.269 490 309003
-7.26592 32.1726 0.00783986 32.9901 -0.222116 -0.0209824 0.0707397 142.207 431 309003
-22.8357 23.5563 4.1608 32.9901 -0.769868 0.105098 0.0707397 140.519 422 309003
-23.3547 23.0418 4.1608 32.9901 -0.792142 0.105098 0.0707397 139.394 416 309003
-7.26592 32.1726 0.00783986 32.9901 -0.222116 -0.0209824 -0 149.519 470 309003
1.55698 32.9534 0.7 32.9901 0.047213 0 -0 154.019 494 309003
-6.74692 32.2854 0.00783986 32.9901 -0.206013 -0.0209824 -0.0707397 139.582 417 309003
-7.26592 32.18 0.7 32.9901 -0.222066 0 -0.0707397 137.894 408 309003
-7.26592 32.1726 0.00783986 32.9901 -0.222116 -0.0209824 -0.0707397 142.394 432 309003
-22.8357 23.5563 4.1608 32.9901 -0.769868 0.105098 -0.0707397 136.957 403 309003
5.28046 32.96 4.22116 33.5655 0.158858 0.105098 -0 143.894 440 309003
3.69633 33.175 4.22116 33.5655 0.110961 0.105098 -0 143.894 440 309003
5.28046 32.96 4.22116 33.5655 0.158858 0.105098 -0.0707397 137.332 405 309003
4.75242 33.0403 4.22116 33.5655 0.142857 0.105098 -0.0707397 135.832 397 309003
-16.463 29.4708 0.7 33.7573 -0.509437 0 -0 137.519 406 309003
-16.463 29.4623 1.40826 33.7573 -0.50956 0.0209824 -0 138.832 413 309003
-16.994 29.1678 0.7 33.7573 -0.52755 0 -0 139.394 416 309003
-16.994 29.1592 1.40826 33.7573 -0.527678 0.0209824 -0 139.582 417 309003
-18.3639 29.0087 0.7 34.3327 -0.564368 0 -0 134.394 384 309003
-18.3639 28.9997 1.42033 34.3327 -0.564507 0.0209824 -0 134.582 385 309003
10.8023 32.5891 0.7 34.3327 0.320073 0 -0 136.082 393 309003
10.2622 32.7631 0.7 34.3327 0.303544 0 -0 137.207 399 309003
10.2622 32.5646 4.30165 34.3327 0.305283 0.105098 -0 137.019 398 309003
4.32093 34.0597 0.7 34.3327 0.126189 0 -0 135.144 388 309003
-16.5656 30.9362 1.43643 35.0999 -0.491624 0.0209824 0.0707397 142.644 428 309003
-17.1178 30.6341 1.43643 35.0999 -0.50956 0.0209824 0.0707397 144.894 440 309003
5.52186 34.5375 3.6457 35.0999 0.158538 0.0840222 0.0707397 143.394 432 309003
-17.1178 30.6341 1.43643 35.0999 -0.50956 0.0209824 -0 152.394 480 309003
5.52186 34.5375 3.6457 35.0999 0.158538 0.0840222 -0 151.082 473 309003
-16.5656 30.9362 1.43643 35.0999 -0.491624 0.0209824 -0.0707397 143.207 431 309003
-17.1178 30.6341 1.43643 35.0999 -0.50956 0.0209824 -0.0707397 145.269 442 309003
5.52186 34.5375 3.6457 35.0999 0.158538 0.0840222 -0.0707397 144.519 438 309003
5.55203 34.6551 4.40225 35.2917 0.158858 0.105098 0.0707397 139.082 409 309003
5.55203 34.7262 3.6618 35.2917 0.158538 0.0840222 0.0707397 137.394 400 309003
4.99683 34.6526 5.1427 35.2917 0.143211 0.12622 0.0707397 139.082 409 309003
4.99683 34.7395 4.40225 35.2917 0.142857 0.105098 0.0707397 140.394 416 309003
4.99683 34.8104 3.6618 35.2917 0.14257 0.0840222 0.0707397 137.582 401 309003
5.55203 34.6551 4.40225 35.2917 0.158858 0.105098 -0 146.207 447 309003
4.99683 34.7395 4.40225 35.2917 0.142857 0.105098 -0 147.894 456 309003
5.55203 34.568 5.1427 35.2917 0.159252 0.12622 -0.0707397 138.332 405 309003
5.55203 34.6551 4.40225 35.2917 0.158858 0.105098 -0.0707397 140.582 417 309003
5.55203 34.7262 3.6618 35.2917 0.158538 0.0840222 -0.0707397 139.269 410 309003
4.99683 34.6526 5.1427 35.2917 0.143211 0.12622 -0.0707397 138.332 405 309003
4.99683 34.7395 4.40225 35.2917 0.142857 0.105098 -0.0707397 141.332 421 309003
4.99683 34.8104 3.6618 35.2917 0.14257 0.0840222 -0.0707397 139.082 409 309003
-15.7991 32.2 0.7 35.8672 -0.456145 0 0.0707397 137.394 400 309003
-15.7991 32.1912 -0.0525229 35.8672 -0.456253 -0.0209824 0.0707397 136.457 395 309003
-16.3634 31.917 0.7 35.8672 -0.473746 0 0.0707397 138.519 406 309003
-16.3634 31.9081 -0.0525229 35.8672 -0.473858 -0.0209824 0.0707397 136.082 393 309003
-18.0562 30.9908 0.7 35.8672 -0.52755 0 0.0707397 136.457 395 309003
6.77106 35.0934 3.71009 35.8672 0.190602 0.0840222 -0 146.582 449 309003
6.20681 35.1976 3.71009 35.8672 0.174548 0.0840222 -0 145.832 445 309003
5.64255 35.2924 3.71009 35.8672 0.158538 0.0840222 -0.0707397 136.082 393 309003
5.67273 35.4085 4.48274 36.059 0.158858 0.105098 0.0707397 137.019 398 309003
5.67273 35.4811 3.72619 36.059 0.158538 0.0840222 0.0707397 140.207 415 309003
7.37455 35.1668 3.72619 36.059 0.206706 0.0840222 -0 144.332 437 309003
6.80727 35.281 3.72619 36.059 0.190602 0.0840222 -0 145.269 442 309003
6.24 35.3858 3.72619 36.059 0.174548 0.0840222 -0 145.457 443 309003
5.67273 35.4811 3.72619 36.059 0.158538 0.0840222 -0 146.394 448 309003
5.67273 35.4085 4.48274 36.059 0.158858 0.105098 -0.0707397 135.894 392 309003
5.67273 35.4811 3.72619 36.059 0.158538 0.0840222 -0.0707397 138.707 407 309003
1.72897 36.5855 -0.0686197 36.6344 0.0472234 -0.0209824 0.0707397 148.519 454 309003
1.72897 36.5855 1.46862 36.6344 0.0472234 0.0209824 0.0707397 153.957 483 309003
1.15265 36.6082 1.46862 36.6344 0.0314757 0.0209824 0.0707397 154.144 484 309003
1.72897 36.5855 1.46862 36.6344 0.0472234 0.0209824 -0 160.894 520 309003
1.15265 36.6082 1.46862 36.6344 0.0314757 0.0209824 -0 160.894 520 309003
1.72897 36.5855 1.46862 36.6344 0.0472234 0.0209824 -0.0707397 153.394 480 309003
1.15265 36.6082 -0.0686197 36.6344 0.0314757 -0.0209824 -0.0707397 148.144 452 309003
1.15265 36.6082 1.46862 36.6344 0.0314757 0.0209824 -0.0707397 153.582 481 309003
1.73803 36.777 -0.0726438 36.8262 0.0472234 -0.0209824 0.0707397 153.957 483 309003
1.73803 36.777 1.47264 36.8262 0.0472234 0.0209824 0.0707397 156.019 494 309003
1.15868 36.7998 -0.0726438 36.8262 0.0314757 -0.0209824 0.0707397 152.269 474 309003
1.15868 36.7998 1.47264 36.8262 0.0314757 0.0209824 0.0707397 155.457 491 309003
1.73803 36.777 -0.0726438 36.8262 0.0472234 -0.0209824 -0 161.269 522 309003
1.73803 36.777 1.47264 36.8262 0.0472234 0.0209824 -0 163.332 533 309003
1.15868 36.7998 -0.0726438 36.8262 0.0314757 -0.0209824 -0 159.957 515 309003
1.15868 36.7998 1.47264 36.8262 0.0314757 0.0209824 -0 163.144 532 309003
1.73803 36.777 -0.0726438 36.8262 0.0472234 -0.0209824 -0.0707397 154.332 485 309003
1.73803 36.777 1.47264 36.8262 0.0472234 0.0209824 -0.0707397 156.394 496 309003
1.15868 36.7998 -0.0726438 36.8262 0.0314757 -0.0209824 -0.0707397 152.644 476 309003
1.15868 36.7998 1.47264 36.8262 0.0314757 0.0209824 -0.0707397 156.207 495 309003
8.23752 36.2716 4.62358 37.4016 0.223319 0.105098 0.0707397 139.519 406 309003
8.23752 36.2716 4.62358 37.4016 0.223319 0.105098 -0 146.832 445 309003
8.23752 36.3479 3.83887 37.4016 0.222865 0.0840222 -0 144.582 433 309003
7.64913 36.4002 4.62358 37.4016 0.207126 0.105098 -0 146.457 443 309003
7.64913 36.4762 3.83887 37.4016 0.206706 0.0840222 -0 144.582 433 309003
8.23752 36.2716 4.62358 37.4016 0.223319 0.105098 -0.0707397 139.894 408 309003
7.64913 36.4002 4.62358 37.4016 0.207126 0.105098 -0.0707397 140.457 411 309003
-7.09694 36.9174 0.7 37.5934 -0.189921 0 0.0707397 138.957 403 309003
-7.09694 36.909 -0.0887406 37.5934 -0.189964 -0.0209824 0.0707397 135.582 385 309003
-7.09694 36.9174 0.7 37.5934 -0.189921 0 -0 146.457 443 309003
-7.09694 36.9174 0.7 37.5934 -0.189921 0 -0.0707397 139.144 404 309003
-7.09694 36.909 -0.0887406 37.5934 -0.189964 -0.0209824 -0.0707397 135.957 387 309003
-18.0139 33.4977 3.90325 38.1688 -0.493402 0.0840222 -0 137.644 396 309003
-18.6144 33.1678 3.90325 38.1688 -0.511416 0.0840222 -0 137.457 395 309003
6.00464 37.4802 4.70407 38.1688 0.158858 0.105098 -0 139.707 407 309003
6.00464 37.5572 3.90325 38.1688 0.158538 0.0840222 -0 139.894 408 309003
5.40418 37.6483 3.90325 38.1688 0.14257 0.0840222 -0 138.019 398 309003
24.1393 29.8133 0.7 38.3606 0.680617 0 -0 141.394 416 309003
6.15551 38.6319 1.52093 39.1278 0.158009 0.0209824 0.0707397 134.144 372 309003
6.15551 38.6319 1.52093 39.1278 0.158009 0.0209824 -0 140.894 408 309003
5.53996 38.7249 1.52093 39.1278 0.142095 0.0209824 -0 139.394 400 309003
6.15551 38.6319 1.52093 39.1278 0.158009 0.0209824 -0.0707397 134.144 372 309003
5.53996 38.7249 1.52093 39.1278 0.142095 0.0209824 -0.0707397 134.332 373 309003
7.49524 38.9537 2.36601 39.7032 0.190091 0.041974 -0 140.332 405 309003
7.49524 38.9804 1.53301 39.7032 0.189964 0.0209824 -0 140.144 404 309003
6.87064 39.0687 2.36601 39.7032 0.17408 0.041974 -0 140.519 406 309003
6.87064 39.0953 1.53301 39.7032 0.173964 0.0209824 -0 140.519 406 309003
-6.90383 39.2931 0.7 39.895 -0.173925 0 0.0707397 134.519 374 309003
-6.90383 39.2931 0.7 39.895 -0.173925 0 -0.0707397 133.957 371 309003
-15.0629 36.9421 0.7 39.895 -0.387164 0 -0.0707397 133.207 367 309003
-15.6905 36.68 0.7 39.895 -0.404213 0 -0.0707397 134.894 376 309003
-15.6905 36.6704 -0.137031 39.895 -0.404307 -0.0209824 -0.0707397 134.332 373 309003
6.27621 39.3894 1.53703 39.895 0.158009 0.0209824 -0.0707397 133.207 367 309003
8.91342 39.3303 4.09641 40.4704 0.222865 0.0840222 -0 137.332 389 309003
8.91342 39.3944 3.24731 40.4704 0.222515 0.0629841 -0 139.019 398 309003
8.91342 39.4675 1.5491 40.4704 0.222116 0.0209824 -0 139.207 399 309003
8.27675 39.6059 1.5491 40.4704 0.206013 0.0209824 -0 139.394 400 309003
8.31598 39.7936 1.55313 40.6622 0.206013 0.0209824 -0 138.644 396 309003
-19.4623 36.191 -2.7608 41.2376 -0.493402 -0.0840222 -0 138.707 391 309003
-20.111 35.9908 1.5652 41.2376 -0.50956 0.0209824 -0 140.207 399 309003
-18.901 36.7023 4.1769 41.4294 -0.475561 0.0840222 0.0707397 134.207 367 309003
-19.5528 36.3593 4.1769 41.4294 -0.493402 0.0840222 0.0707397 135.332 373 309003
-19.5528 36.3593 4.1769 41.4294 -0.493402 0.0840222 -0 142.082 409 309003
-19.5528 36.3593 4.1769 41.4294 -0.493402 0.0840222 -0.0707397 134.582 369 309003
32.3798 26.7573 0.7 42.0049 0.880188 0 -0 138.894 392 309003
31.719 27.5375 0.7 42.0049 0.855848 0 -0 139.082 393 309003
-6.6383 41.6618 1.58532 42.1967 -0.158009 0.0209824 0.0707397 140.207 399 309003
-7.30213 41.5506 1.58532 42.1967 -0.173964 0.0209824 0.0707397 139.644 396 309003
-6.6383 41.6618 1.58532 42.1967 -0.158009 0.0209824 -0 146.582 433 309003
-7.30213 41.5506 1.58532 42.1967 -0.173964 0.0209824 -0 146.394 432 309003
-6.6383 41.6618 1.58532 42.1967 -0.158009 0.0209824 -0.0707397 138.519 390 309003
-7.30213 41.5506 1.58532 42.1967 -0.173964 0.0209824 -0.0707397 138.519 390 309003
29.2085 30.4407 1.58532 42.1967 0.764744 0.0209824 -0.0707397 136.082 377 309003
-21.2426 36.449 1.58532 42.1967 -0.527678 0.0209824 -0.0707397 136.832 381 309003
28.9339 31.5004 0.7 42.7721 0.742956 0 0.0707397 143.207 415 309003
28.9339 31.4876 1.59739 42.7721 0.743158 0.0209824 0.0707397 142.269 410 309003
28.261 32.1055 0.7 42.7721 0.721799 0 0.0707397 145.457 427 309003
28.261 32.0929 1.59739 42.7721 0.721993 0.0209824 0.0707397 144.519 422 309003
28.9339 31.5004 0.7 42.7721 0.742956 0 -0 147.894 440 309003
28.9339 31.4876 1.59739 42.7721 0.743158 0.0209824 -0 146.957 435 309003
28.261 32.1055 0.7 42.7721 0.721799 0 -0 150.707 455 309003
28.261 32.0929 1.59739 42.7721 0.721993 0.0209824 -0 149.394 448 309003
28.9339 31.5004 0.7 42.7721 0.742956 0 -0.0707397 139.269 394 309003
28.9339 31.4876 1.59739 42.7721 0.743158 0.0209824 -0.0707397 137.582 385 309003
28.261 32.1055 0.7 42.7721 0.721799 0 -0.0707397 142.457 411 309003
28.261 32.0929 1.59739 42.7721 0.721993 0.0209824 -0.0707397 140.957 403 309003
29.0637 31.6417 0.7 42.9639 0.742956 0 0.0707397 137.019 382 309003
29.0637 31.6288 1.60142 42.9639 0.743158 0.0209824 0.0707397 135.707 375 309003
28.3878 32.2495 0.7 42.9639 0.721799 0 0.0707397 139.832 397 309003
28.3878 32.2369 1.60142 42.9639 0.721993 0.0209824 0.0707397 138.332 389 309003
29.0637 31.6417 0.7 42.9639 0.742956 0 -0 144.519 422 309003
29.0637 31.6288 1.60142 42.9639 0.743158 0.0209824 -0 143.582 417 309003
28.3878 32.2495 0.7 42.9639 0.721799 0 -0 147.332 437 309003
28.3878 32.2369 1.60142 42.9639 0.721993 0.0209824 -0 146.019 430 309003
29.0637 31.6417 0.7 42.9639 0.742956 0 -0.0707397 137.207 383 309003
29.0637 31.6288 1.60142 42.9639 0.743158 0.0209824 -0.0707397 136.644 380 309003
28.3878 32.2495 0.7 42.9639 0.721799 0 -0.0707397 140.207 399 309003
28.3878 32.2369 1.60142 42.9639 0.721993 0.0209824 -0.0707397 138.707 391 309003
6.84952 42.9874 1.61349 43.5393 0.158009 0.0209824 0.0707397 136.519 374 309003
6.16457 43.0619 2.52698 43.5393 0.14219 0.041974 0.0707397 136.519 374 309003
6.16457 43.091 1.61349 43.5393 0.142095 0.0209824 0.0707397 138.582 385 309003
6.84952 42.9874 1.61349 43.5393 0.158009 0.0209824 -0 144.019 414 309003
6.16457 43.0619 2.52698 43.5393 0.14219 0.041974 -0 144.207 415 309003
6.16457 43.091 1.61349 43.5393 0.142095 0.0209824 -0 146.269 426 309003
6.84952 42.9874 1.61349 43.5393 0.158009 0.0209824 -0.0707397 137.269 378 309003
6.16457 43.0619 2.52698 43.5393 0.14219 0.041974 -0.0707397 137.457 379 309003
6.16457 43.091 1.61349 43.5393 0.142095 0.0209824 -0.0707397 139.332 389 309003
28.2067 33.4184 0.7 43.7311 0.701029 0 0.0707397 137.832 381 309003
28.2067 33.4058 1.61751 43.7311 0.701215 0.0209824 0.0707397 137.269 378 309003
28.2067 33.4184 0.7 43.7311 0.701029 0 -0 144.582 417 309003
28.2067 33.4058 1.61751 43.7311 0.701215 0.0209824 -0 144.207 415 309003
28.8947 32.8253 0.7 43.7311 0.721799 0 -0.0707397 134.832 365 309003
28.2067 33.4184 0.7 43.7311 0.701029 0 -0.0707397 137.269 378 309003
28.2067 33.4058 1.61751 43.7311 0.701215 0.0209824 -0.0707397 136.707 375 309003
6.19172 43.2808 1.61751 43.7311 0.142095 0.0209824 -0.0707397 134.082 361 309003
-16.0315 41.3044 0.7 44.3065 -0.370232 0 0.0707397 138.582 385 309003
-16.0315 41.294 -0.229587 44.3065 -0.370317 -0.0209824 0.0707397 136.894 376 309003
-16.0315 41.3044 0.7 44.3065 -0.370232 0 -0 145.144 420 309003
-16.0315 41.294 -0.229587 44.3065 -0.370317 -0.0209824 -0 143.457 411 309003
6.27319 43.8503 1.62959 44.3065 0.142095 0.0209824 -0 142.519 406 309003
-16.0315 41.3044 0.7 44.3065 -0.370232 0 -0.0707397 137.082 377 309003
-16.0315 41.294 -0.229587 44.3065 -0.370317 -0.0209824 -0.0707397 135.957 371 309003
6.27319 43.8207 2.55917 44.3065 0.14219 0.041974 -0.0707397 135.207 367 309003
6.27319 43.8503 1.62959 44.3065 0.142095 0.0209824 -0.0707397 136.144 372 309003
6.30035 44.05 0.7 44.4983 0.142064 0 0.0707397 131.269 346 309003
6.30035 44.0401 1.63361 44.4983 0.142095 0.0209824 0.0707397 132.207 351 309003
0 44.4885 -0.233611 44.4983 0 -0.0209824 -0 144.394 416 309003
-16.1009 41.4832 0.7 44.4983 -0.370232 0 -0 138.394 384 309003
6.30035 44.0401 1.63361 44.4983 0.142095 0.0209824 -0 137.644 380 309003
-16.1009 41.4832 0.7 44.4983 -0.370232 0 -0.0707397 132.207 351 309003
7.00039 43.9343 1.63361 44.4983 0.158009 0.0209824 -0.0707397 130.894 344 309003
6.30035 44.0401 1.63361 44.4983 0.142095 0.0209824 -0.0707397 131.457 347 309003
-4.27265 45.0634 0.7 45.2655 -0.0945316 0 0.0707397 138.957 387 309003
-17.0906 41.6453 5.44854 45.2655 -0.389427 0.105098 0.0707397 131.644 348 309003
0 45.0638 -0.245684 45.0737 0 -0.0209824 0.0707397 144.207 415 309003
-2.12727 45.0235 0.7 45.0737 -0.047213 0 0.0707397 145.332 421 309003
-2.12727 45.0135 -0.245684 45.0737 -0.0472234 -0.0209824 0.0707397 143.269 410 309003
-2.83636 44.9844 0.7 45.0737 -0.0629689 0 0.0707397 142.144 404 309003
0 45.0638 -0.245684 45.0737 0 -0.0209824 -0 152.082 457 309003
-2.12727 45.0235 0.7 45.0737 -0.047213 0 -0 152.644 460 309003
-2.12727 45.0135 -0.245684 45.0737 -0.0472234 -0.0209824 -0 150.394 448 309003
0 45.0638 -0.245684 45.0737 0 -0.0209824 -0.0707397 145.707 423 309003
-2.12727 45.0235 0.7 45.0737 -0.047213 0 -0.0707397 145.519 422 309003
-2.12727 45.0135 -0.245684 45.0737 -0.0472234 -0.0209824 -0.0707397 143.644 412 309003
-2.83636 44.9844 0.7 45.0737 -0.0629689 0 -0.0707397 142.144 404 309003
34.1812 29.6751 0.7 45.2655 0.855848 0 -0.141479 130.707 343 309003
-2.13633 45.2151 0.7 45.2655 -0.047213 0 -0.0707397 138.394 384 309003
-17.0906 41.8721 2.59942 45.2655 -0.387523 0.041974 -0.0707397 132.207 351 309003
28.4843 35.1797 0.7 45.2655 0.680617 0 -0.0707397 131.457 347 309003
-6.5176 45.569 0.7 46.0327 -0.142064 0 0.0707397 141.394 400 309003
-6.5176 45.5587 -0.265805 46.0327 -0.142095 -0.0209824 0.0707397 141.957 403 309003
-7.24178 45.4595 0.7 46.0327 -0.157974 0 0.0707397 141.957 403 309003
-7.24178 45.4493 -0.265805 46.0327 -0.158009 -0.0209824 0.0707397 142.519 406 309003
-21.2637 41.475 0.7 46.6081 -0.473746 0 0.0707397 133.957 355 309003
-11.7317 45.1075 0.7 46.6081 -0.254446 0 -0.0707397 132.457 347 309003
-12.4649 44.9104 0.7 46.6081 -0.270736 0 -0.0707397 133.957 355 309003
-11.78 45.2931 0.7 46.7999 -0.254446 0 0.0707397 134.144 356 309003
-11.78 45.2931 0.7 46.7999 -0.254446 0 -0 140.707 391 309003
-11.78 45.2931 0.7 46.7999 -0.254446 0 -0.0707397 134.332 357 309003
-15.0267 45.3334 0.7 47.7589 -0.320073 0 0.0707397 132.832 349 309003
-15.778 45.0774 0.7 47.7589 -0.336693 0 0.0707397 133.957 355 309003
-15.778 45.0662 -0.302023 47.7589 -0.336771 -0.0209824 0.0707397 133.019 350 309003
-2.27211 48.0889 0.7 48.1425 -0.047213 0 0.0707397 132.457 347 309003
-3.02948 48.0471 0.7 48.1425 -0.0629689 0 0.0707397 131.707 343 309003
24.2358 41.5972 0.7 48.1425 0.52755 0 0.0707397 132.644 348 309003
24.2358 41.5481 -1.32014 48.1425 0.528064 -0.041974 0.0707397 133.582 353 309003
23.4785 42.0294 0.7 48.1425 0.509437 0 0.0707397 133.394 352 309003
-2.27211 48.0889 0.7 48.1425 -0.047213 0 -0.0707397 132.082 345 309003
-24.2358 41.4867 3.73021 48.1425 -0.528708 0.0629841 -0.0707397 132.269 346 309003
24.2358 41.5972 0.7 48.1425 0.52755 0 -0.0707397 132.082 345 309003
24.2358 41.5481 -1.32014 48.1425 0.528064 -0.041974 -0.0707397 133.582 353 309003
23.4785 42.0294 0.7 48.1425 0.509437 0 -0.0707397 133.019 350 309003
23.4785 41.9808 -1.32014 48.1425 0.50993 -0.041974 -0.0707397 131.894 344 309003
-1.52077 48.2998 -0.314095 48.3344 -0.0314757 -0.0209824 0.0707397 133.207 351 309003
-23.572 42.148 -1.32819 48.3344 -0.50993 -0.041974 0.0707397 132.457 347 309003
-24.3324 41.763 0.7 48.3344 -0.52755 0 0.0707397 132.082 345 309003
-24.3324 41.7137 -1.32819 48.3344 -0.528064 -0.041974 0.0707397 131.707 343 309003
24.3324 41.763 0.7 48.3344 0.52755 0 0.0707397 134.519 358 309003
24.3324 41.7137 -1.32819 48.3344 0.528064 -0.041974 0.0707397 131.894 344 309003
-1.52077 48.2998 -0.314095 48.3344 -0.0314757 -0.0209824 -0.0707397 132.269 346 309003
-23.572 42.148 -1.32819 48.3344 -0.50993 -0.041974 -0.0707397 131.894 344 309003
24.3324 41.763 0.7 48.3344 0.52755 0 -0.0707397 133.582 353 309003
24.3324 41.7137 -1.32819 48.3344 0.528064 -0.041974 -0.0707397 132.082 345 309003
25.3915 41.8024 0.7 48.9098 0.545856 0 -0 136.082 361 309003
24.6221 42.2601 0.7 48.9098 0.52755 0 -0 135.894 360 309003
10.0027 47.865 1.72617 48.9098 0.206013 0.0209824 -0 137.207 367 309003
9.23327 48.0303 0.7 48.9098 0.189921 0 -0 136.082 361 309003
9.23327 48.0194 1.72617 48.9098 0.189964 0.0209824 -0 138.894 376 309003
10.0419 48.0637 0.7 49.1016 0.205967 0 0.0707397 138.707 375 309003
10.0419 48.0527 1.73019 49.1016 0.206013 0.0209824 0.0707397 139.832 381 309003
9.26948 48.2077 1.73019 49.1016 0.189964 0.0209824 0.0707397 140.207 383 309003
4.63474 48.8823 0.7 49.1016 0.0945316 0 0.0707397 138.519 374 309003
10.0419 48.0527 1.73019 49.1016 0.206013 0.0209824 -0 146.207 415 309003
9.26948 48.2077 1.73019 49.1016 0.189964 0.0209824 -0 146.957 419 309003
4.63474 48.8823 0.7 49.1016 0.0945316 0 -0 145.082 409 309003
10.0419 48.0637 0.7 49.1016 0.205967 0 -0.0707397 137.207 367 309003
10.0419 48.0527 1.73019 49.1016 0.206013 0.0209824 -0.0707397 138.707 375 309003
9.26948 48.2187 0.7 49.1016 0.189921 0 -0.0707397 136.269 362 309003
9.26948 48.1746 2.76038 49.1016 0.190091 0.041974 -0.0707397 136.269 362 309003
9.26948 48.2077 1.73019 49.1016 0.189964 0.0209824 -0.0707397 140.207 383 309003
4.63474 48.8823 0.7 49.1016 0.0945316 0 -0.0707397 136.457 363 309003
10.0812 48.2515 0.7 49.2934 0.205967 0 0.0707397 138.332 373 309003
10.0812 48.2404 1.73422 49.2934 0.206013 0.0209824 0.0707397 139.832 381 309003
9.30569 48.407 0.7 49.2934 0.189921 0 0.0707397 137.207 367 309003
9.30569 48.396 1.73422 49.2934 0.189964 0.0209824 0.0707397 140.394 384 309003
-25.0083 42.9104 1.74226 49.677 -0.527678 0.0209824 -0 135.894 360 309003
8.5966 48.9164 1.74226 49.677 0.173964 0.0209824 -0 135.519 358 309003
6.25207 49.2379 2.78453 49.677 0.126301 0.041974 -0 135.332 357 309003
-27.4584 41.6285 0.7 49.8688 -0.583099 0 -0 135.144 356 309003
29.1391 40.6517 2.80063 50.0606 0.621912 0.041974 0.0707397 132.894 344 309003
29.1391 40.6924 1.75031 50.0606 0.621438 0.0209824 0.0707397 132.707 343 309003
-22.2202 45.2866 0.7 50.4442 -0.456145 0 -0 135.519 358 309003
19.0459 46.6985 1.75836 50.4442 0.387253 0.0209824 -0 134.582 353 309003
8.76255 49.8607 1.76239 50.636 0.173964 0.0209824 -0 132.707 343 309003
3.22259 51.0986 1.77446 51.2114 0.0629827 0.0209824 -0 134.957 355 309003
2.41694 51.143 1.77446 51.2114 0.0472234 0.0209824 -0 134.019 350 309003
32.3466 39.9498 0.7 51.4032 0.680617 0 -0 133.644 348 309003
4.85199 51.1737 0.7 51.4032 0.0945316 0 -0 134.207 351 309003
4.04333 51.2439 0.7 51.4032 0.0787404 0 -0 133.644 348 309003
20.4429 47.7773 1.79055 51.9786 0.404307 0.0209824 0.0707397 133.707 343 309003
19.6252 48.1313 0.7 51.9786 0.387164 0 0.0707397 136.332 357 309003
19.6252 48.119 1.79055 51.9786 0.387253 0.0209824 0.0707397 138.019 366 309003
20.4429 47.7773 1.79055 51.9786 0.404307 0.0209824 -0 140.644 380 309003
19.6252 48.1313 0.7 51.9786 0.387164 0 -0 143.457 395 309003
19.6252 48.119 1.79055 51.9786 0.387253 0.0209824 -0 145.144 404 309003
18.8075 48.4444 1.79055 51.9786 0.370317 0.0209824 -0 141.019 382 309003
19.6252 48.1313 0.7 51.9786 0.387164 0 -0.0707397 136.144 356 309003
19.6252 48.119 1.79055 51.9786 0.387253 0.0209824 -0.0707397 137.269 362 309003
18.8075 48.4444 1.79055 51.9786 0.370317 0.0209824 -0.0707397 134.082 345 309003
19.6976 48.3089 0.7 52.1704 0.387164 0 0.0707397 133.707 343 309003
19.6976 48.2965 1.79458 52.1704 0.387253 0.0209824 0.0707397 135.394 352 309003
20.5184 47.9536 1.79458 52.1704 0.404307 0.0209824 -0 138.582 369 309003
19.6976 48.3089 0.7 52.1704 0.387164 0 -0 141.394 384 309003
19.6976 48.2965 1.79458 52.1704 0.387253 0.0209824 -0 142.707 391 309003
18.8769 48.6232 1.79458 52.1704 0.370317 0.0209824 -0 137.644 364 309003
19.6976 48.3089 0.7 52.1704 0.387164 0 -0.0707397 135.207 351 309003
19.6976 48.2965 1.79458 52.1704 0.387253 0.0209824 -0.0707397 135.957 355 309003
0 52.7458 0.7 52.7458 0 0 0.0707397 149.082 425 309003
0 52.7342 1.80665 52.7458 0 0.0209824 0.0707397 147.582 417 309003
-0.829787 52.7393 0.7 52.7458 -0.0157325 0 0.0707397 148.144 420 309003
-0.829787 52.7277 1.80665 52.7458 -0.0157359 0.0209824 0.0707397 147.582 417 309003
0 52.7458 0.7 52.7458 0 0 -0 156.394 464 309003
0 52.7342 1.80665 52.7458 0 0.0209824 -0 155.644 460 309003
-0.829787 52.7393 0.7 52.7458 -0.0157325 0 -0 156.207 463 309003
-0.829787 52.7277 1.80665 52.7458 -0.0157359 0.0209824 -0 155.644 460 309003
0 52.7458 0.7 52.7458 0 0 -0.0707397 149.832 429 309003
0 52.7342 1.80665 52.7458 0 0.0209824 -0.0707397 148.707 423 309003
-0.829787 52.7393 0.7 52.7458 -0.0157325 0 -0.0707397 149.832 429 309003
-0.829787 52.7277 1.80665 52.7458 -0.0157359 0.0209824 -0.0707397 149.082 425 309003
2.49841 52.867 1.81068 52.9376 0.0472234 0.0209824 0.0707397 138.394 368 309003
1.66561 52.8998 1.81068 52.9376 0.0314757 0.0209824 0.0707397 141.207 383 309003
1.66561 52.9114 0.7 52.9376 0.0314688 0 -0 146.269 410 309003
1.66561 52.8648 2.92135 52.9376 0.0314966 0.041974 -0 147.582 417 309003
1.66561 52.8998 1.81068 52.9376 0.0314757 0.0209824 -0 149.269 426 309003
0.832805 52.8844 2.92135 52.9376 0.0157463 0.041974 -0 146.457 411 309003
0.832805 52.9194 1.81068 52.9376 0.0157359 0.0209824 -0 147.207 415 309003
1.66561 52.8648 2.92135 52.9376 0.0314966 0.041974 -0.0707397 141.394 384 309003
1.66561 52.8998 1.81068 52.9376 0.0314757 0.0209824 -0.0707397 142.332 389 309003
-0.835822 53.1229 0.7 53.1294 -0.0157325 0 0.0707397 146.457 411 309003
-1.67164 53.1031 0.7 53.1294 -0.0314688 0 0.0707397 147.019 414 309003
1.67164 53.1031 0.7 53.1294 0.0314688 0 0.0707397 146.644 412 309003
-2.52557 53.4534 0.7 53.513 -0.047213 0 0.0707397 147.582 417 309003
-2.52557 53.4416 -0.422748 53.513 -0.0472234 -0.0209824 0.0707397 145.144 404 309003
-3.36743 53.407 0.7 53.513 -0.0629689 0 0.0707397 147.582 417 309003
-2.52557 53.4534 0.7 53.513 -0.047213 0 -0 155.457 459 309003
-3.36743 53.407 0.7 53.513 -0.0629689 0 -0 154.894 456 309003
-2.52557 53.4534 0.7 53.513 -0.047213 0 -0.0707397 147.582 417 309003
-3.36743 53.407 0.7 53.513 -0.0629689 0 -0.0707397 147.582 417 309003
-3.3795 53.5866 -0.426772 53.7048 -0.0629827 -0.0209824 0.0707397 142.707 391 309003
-4.22437 53.5266 -0.426772 53.7048 -0.0787578 -0.0209824 0.0707397 145.332 405 309003
-4.22437 53.5266 -0.426772 53.7048 -0.0787578 -0.0209824 -0 151.894 440 309003
-3.3795 53.5984 0.7 53.7048 -0.0629689 0 -0.0707397 141.957 387 309003
-3.3795 53.5866 -0.426772 53.7048 -0.0629827 -0.0209824 -0.0707397 142.332 389 309003
-3.3795 53.5866 1.82677 53.7048 -0.0629827 0.0209824 -0.0707397 141.582 385 309003
-4.22437 53.5384 0.7 53.7048 -0.0787404 0 -0.0707397 144.582 401 309003
-5.93524 53.5688 0.7 53.8966 -0.110346 0 0.0707397 151.144 436 309003
-5.93524 53.5569 1.8308 53.8966 -0.110371 0.0209824 0.0707397 149.082 425 309003
-8.47892 53.2255 0.7 53.8966 -0.157974 0 0.0707397 150.019 430 309003
-9.39319 53.4613 0.7 54.2802 -0.173925 0 0.0707397 149.832 429 309003
-9.39319 53.4613 0.7 54.2802 -0.173925 0 -0 157.332 469 309003
-9.39319 53.4613 0.7 54.2802 -0.173925 0 -0.0707397 150.582 433 309003
-41.1333 35.7107 0.7 54.472 -0.855848 0 -0.0707397 141.394 384 309003
0 55.0353 1.85494 55.0475 0 0.0209824 0.0707397 140.894 376 309003
0.865996 55.0285 1.85494 55.0475 0.0157359 0.0209824 0.0707397 141.269 378 309003
0 55.0353 1.85494 55.0475 0 0.0209824 -0.0707397 141.644 380 309003
0.865996 55.0285 1.85494 55.0475 0.0157359 0.0209824 -0.0707397 142.394 384 309003
-0.869014 55.2203 1.85897 55.2393 -0.0157359 0.0209824 0.0707397 138.082 361 309003
-0.869014 55.2203 1.85897 55.2393 -0.0157359 0.0209824 -0 146.144 404 309003
0 55.2271 1.85897 55.2393 0 0.0209824 -0.0707397 135.644 348 309003
-0.869014 55.2203 1.85897 55.2393 -0.0157359 0.0209824 -0.0707397 139.019 366 309003
-4.40542 55.8329 0.7 56.0065 -0.0787404 0 0.0707397 138.082 361 309003
-4.40542 55.8206 -0.475063 56.0065 -0.0787578 -0.0209824 0.0707397 137.144 356 309003
-4.40542 55.7835 -1.65013 56.0065 -0.07881 -0.041974 0.0707397 141.082 377 309003
-4.40542 55.8206 1.87506 56.0065 -0.0787578 0.0209824 0.0707397 137.519 358 309003
-4.40542 55.7835 -1.65013 56.0065 -0.07881 -0.041974 -0 148.207 415 309003
-4.40542 55.7835 -1.65013 56.0065 -0.07881 -0.041974 -0.0707397 141.457 379 309003
-12.4619 55.1925 0.7 56.5819 -0.222066 0 0.0707397 136.207 351 309003
-18.6928 53.4049 0.7 56.5819 -0.336693 0 0.0707397 134.707 343 309003
-12.4619 55.1925 0.7 56.5819 -0.222066 0 -0 142.019 382 309003
-18.6928 53.4049 0.7 56.5819 -0.336693 0 -0.0707397 134.707 343 309003
-19.6494 53.2649 0.7 56.7737 -0.353411 0 0.0707397 143.144 388 309003
-19.6494 53.2516 -0.491159 56.7737 -0.353492 -0.0209824 0.0707397 141.082 377 309003
-20.5425 52.9269 0.7 56.7737 -0.370232 0 0.0707397 143.332 389 309003
-20.5425 52.9135 -0.491159 56.7737 -0.370317 -0.0209824 0.0707397 139.394 368 309003
-19.6494 53.2649 0.7 56.7737 -0.353411 0 -0 150.082 425 309003
-19.6494 53.2516 -0.491159 56.7737 -0.353492 -0.0209824 -0 148.394 416 309003
-20.5425 52.9269 0.7 56.7737 -0.370232 0 -0 150.082 425 309003
-19.6494 53.2649 0.7 56.7737 -0.353411 0 -0.0707397 141.832 381 309003
-19.6494 53.2516 -0.491159 56.7737 -0.353492 -0.0209824 -0.0707397 140.144 372 309003
-20.5425 52.9269 0.7 56.7737 -0.370232 0 -0.0707397 142.582 385 309003
-20.5425 52.9135 -0.491159 56.7737 -0.370317 -0.0209824 -0.0707397 138.269 362 309003
-20.5425 52.9135 1.89116 56.7737 -0.370317 0.0209824 -0.0707397 137.707 359 309003
-19.8485 53.8048 0.7 57.3491 -0.353411 0 -0 140.707 375 309003
-19.8485 53.8048 0.7 57.3491 -0.353411 0 -0.0707397 134.894 344 309003
-15.3888 55.3923 -1.71451 57.5409 -0.270981 -0.041974 0.0707397 142.394 384 309003
-16.294 55.1328 -1.71451 57.5409 -0.287361 -0.041974 0.0707397 146.519 406 309003
-16.294 55.0667 -2.92177 57.5409 -0.287687 -0.0629841 0.0707397 141.082 377 309003
-17.1992 54.8572 -1.71451 57.5409 -0.303821 -0.041974 0.0707397 142.019 382 309003
-15.3888 55.3923 -1.71451 57.5409 -0.270981 -0.041974 -0 149.519 422 309003
-16.294 55.1328 -1.71451 57.5409 -0.287361 -0.041974 -0 154.207 447 309003
-16.294 55.0667 -2.92177 57.5409 -0.287687 -0.0629841 -0 148.582 417 309003
-17.1992 54.8572 -1.71451 57.5409 -0.303821 -0.041974 -0 149.519 422 309003
-15.3888 55.3923 -1.71451 57.5409 -0.270981 -0.041974 -0.0707397 142.394 384 309003
-16.294 55.1328 -1.71451 57.5409 -0.287361 -0.041974 -0.0707397 147.082 409 309003
-16.294 55.0667 -2.92177 57.5409 -0.287687 -0.0629841 -0.0707397 141.644 380 309003
-17.1992 54.8572 -1.71451 57.5409 -0.303821 -0.041974 -0.0707397 142.957 387 309003
-15.5427 55.9994 0.7 58.1163 -0.270736 0 -0 137.707 359 309003
-15.5427 55.9861 1.91933 58.1163 -0.270797 0.0209824 -0 137.519 358 309003
29.2568 50.2002 1.91933 58.1163 0.527678 0.0209824 -0 136.207 351 309003
27.4282 51.2367 0.7 58.1163 0.491506 0 -0 137.332 357 309003
27.4282 51.2222 1.91933 58.1163 0.491624 0.0209824 -0 136.582 353 309003
-0.917292 58.3009 0.7 58.3081 -0.0157325 0 0.0707397 134.144 340 309003
0 58.3081 0.7 58.3081 0 0 -0 138.082 361 309003
-0.917292 58.3009 0.7 58.3081 -0.0157325 0 -0 139.207 367 309003
-19.2631 55.0342 0.7 58.3081 -0.336693 0 -0 138.082 361 309003
-7.43489 58.6056 0.7 59.0753 -0.126189 0 -0 135.332 341 309003
39.9626 43.4897 1.93945 59.0753 0.743158 0.0209824 -0 135.707 343 309003
-28.8102 51.5739 0.7 59.0753 -0.509437 0 -0 135.707 343 309003
7.43489 58.6056 0.7 59.0753 0.126189 0 -0 136.457 347 309003
7.43489 58.5531 3.1789 59.0753 0.126301 0.041974 -0 135.332 341 309003
7.43489 58.5925 1.93945 59.0753 0.126217 0.0209824 -0 138.144 356 309003
30.0292 51.5256 1.95152 59.6507 0.527678 0.0209824 -0 137.019 350 309003
29.0908 52.0612 1.95152 59.6507 0.50956 0.0209824 -0 137.207 351 309003
28.2429 52.7436 1.95555 59.8425 0.491624 0.0209824 0.0707397 135.332 341 309003
28.2429 52.7436 1.95555 59.8425 0.491624 0.0209824 -0 141.144 372 309003
28.2429 52.7436 1.95555 59.8425 0.491624 0.0209824 -0.0707397 135.332 341 309003
30.4155 52.1421 3.23524 60.4179 0.528064 0.041974 -0 137.394 352 309003
30.4155 52.1883 1.96762 60.4179 0.527678 0.0209824 -0 139.644 364 309003
29.465 52.7308 1.96762 60.4179 0.50956 0.0209824 -0 138.144 356 309003
30.512 52.3694 0.7 60.6097 0.52755 0 -0 140.207 367 309003
30.512 52.354 1.97164 60.6097 0.527678 0.0209824 -0 141.707 375 309003
29.5585 52.9135 0.7 60.6097 0.509437 0 -0 140.582 369 309003
29.5585 52.8982 1.97164 60.6097 0.50956 0.0209824 -0 141.144 372 309003
30.512 52.354 1.97164 60.6097 0.527678 0.0209824 -0.0707397 135.894 344 309003
29.5585 52.8982 1.97164 60.6097 0.50956 0.0209824 -0.0707397 135.144 340 309003
30.8017 52.851 1.98372 61.1852 0.527678 0.0209824 -0 135.144 340 309003
34.2174 51.8591 2.00384 62.1442 0.583244 0.0209824 -0 136.894 344 309003
33.2398 52.4425 3.30767 62.1442 0.564926 0.041974 -0 137.082 345 309003
33.2398 52.4911 2.00384 62.1442 0.564507 0.0209824 -0 139.332 357 309003
-6.99133 63.0866 -0.632006 63.4868 -0.110371 -0.0209824 -0 136.332 341 309003
-28.3033 57.6845 0.7 64.254 -0.456145 0 0.0707397 136.332 341 309003
37.4008 52.2471 0.7 64.254 0.621281 0 -0 136.519 342 309003
37.4008 52.2297 2.0481 64.254 0.621438 0.0209824 -0 139.894 360 309003
36.3899 52.8874 3.39621 64.254 0.60267 0.041974 -0 137.082 345 309003
36.3899 52.9389 2.0481 64.254 0.602216 0.0209824 -0 139.519 358 309003
16.7044 64.1667 3.48474 66.3638 0.254675 0.041974 -0 136.957 339 309003
-46.3353 48.3105 0.7 66.9392 -0.764533 0 -0 137.519 342 309003
-47.3884 47.2779 0.7 66.9392 -0.786565 0 -0 138.269 346 309003
-47.5242 47.4134 0.7 67.131 -0.786565 0 -0 136.957 339 309003
12.6731 65.9089 2.10847 67.131 0.189964 0.0209824 -0 137.144 340 309003
13.7684 65.8848 2.11249 67.3228 0.206013 0.0209824 -0 137.894 344 309003
12.7093 66.0519 3.52498 67.3228 0.190091 0.041974 -0 141.082 361 309003
12.7093 66.0972 2.11249 67.3228 0.189964 0.0209824 -0 141.832 365 309003
11.6502 66.2469 3.52498 67.3228 0.17408 0.041974 -0 138.082 345 309003
11.6502 66.2921 2.11249 67.3228 0.173964 0.0209824 -0 137.894 344 309003
0 68.4586 2.13663 68.4737 0 0.0209824 -0 139.207 351 309003
0 68.6504 2.14066 68.6655 0 0.0209824 -0 138.457 347 309003
2.1665 68.7625 3.58937 68.8573 0.0314966 0.041974 -0 136.957 339 309003
2.1665 68.808 2.14468 68.8573 0.0314757 0.0209824 -0 139.957 355 309003
1.08325 68.8336 2.14468 68.8573 0.0157359 0.0209824 -0 137.519 342 309003
2.17253 68.954 3.59741 69.0491 0.0314966 0.041974 -0 137.332 341 309003
2.17253 68.9997 2.14871 69.0491 0.0314757 0.0209824 -0 138.832 349 309003
1.08627 69.0253 2.14871 69.0491 0.0157359 0.0209824 -0 137.332 341 309003
-2.17857 69.1456 3.60546 69.2409 -0.0314966 0.041974 -0 137.519 342 309003
-2.1846 69.3371 3.61351 69.4327 -0.0314966 0.041974 -0 137.332 341 309003
-2.1846 69.383 2.15676 69.4327 -0.0314757 0.0209824 -0 138.082 345 309003
-3.27691 69.2941 3.61351 69.4327 -0.0472546 0.041974 -0 137.144 340 309003
-3.27691 69.34 2.15676 69.4327 -0.0472234 0.0209824 -0 137.332 341 309003
-1.09532 69.5545 3.62156 69.6245 -0.0157463 0.041974 -0 138.332 341 309003
-1.09532 69.6005 2.16078 69.6245 -0.0157359 0.0209824 -0 138.707 343 309003
-9.99366 69.8096 3.6618 70.5835 -0.14219 0.041974 -0 138.519 342 309003
-12.2477 69.6442 3.66985 70.7753 -0.17408 0.041974 -0 138.707 343 309003
-13.3611 69.4392 3.66985 70.7753 -0.190091 0.041974 -0 143.207 367 309003
-13.3611 69.4868 2.18492 70.7753 -0.189964 0.0209824 -0 143.019 366 309003
-14.4745 69.2157 3.66985 70.7753 -0.206151 0.041974 -0 140.394 352 309003
-14.4745 69.2635 2.18492 70.7753 -0.206013 0.0209824 -0 139.082 345 309003
-13.3973 69.6274 3.6779 70.9671 -0.190091 0.041974 -0 144.707 375 309003
-13.3973 69.6751 2.18895 70.9671 -0.189964 0.0209824 -0 143.394 368 309003
-14.5137 69.4033 3.6779 70.9671 -0.206151 0.041974 -0 143.957 371 309003
5.61238 71.0666 3.69399 71.3507 0.07881 0.041974 -0 138.707 343 309003
-18.0079 69.1739 3.70204 71.5425 -0.254675 0.041974 -0 139.457 347 309003
-18.0079 69.2228 2.20102 71.5425 -0.254503 0.0209824 -0 140.207 351 309003
3.39458 71.846 0.7 71.9261 0.047213 0 -0 141.144 356 309003
3.39458 71.8301 2.20907 71.9261 0.0472234 0.0209824 -0 141.894 360 309003
2.26306 71.8905 0.7 71.9261 0.0314688 0 -0 144.332 373 309003
2.26306 71.8747 2.20907 71.9261 0.0314757 0.0209824 -0 146.207 383 309003
2.26306 71.8747 2.20907 71.9261 0.0314757 0.0209824 -0.0707397 138.894 344 309003
3.40364 72.0217 2.21309 72.1179 0.0472234 0.0209824 -0 140.394 352 309003
2.26909 72.0822 0.7 72.1179 0.0314688 0 -0 140.394 352 309003
2.26909 72.0187 3.72619 72.1179 0.0314966 0.041974 -0 139.269 346 309003
2.26909 72.0663 2.21309 72.1179 0.0314757 0.0209824 -0 143.957 371 309003
1.13455 72.0931 2.21309 72.1179 0.0157359 0.0209824 -0 140.019 350 309003
2.27513 72.258 2.21712 72.3097 0.0314757 0.0209824 -0 140.019 350 309003
-8.00518 72.2351 2.22517 72.6933 -0.110371 0.0209824 -0 138.519 342 309003
-9.14878 72.0992 2.22517 72.6933 -0.126217 0.0209824 -0 139.457 347 309003
-10.2924 71.9448 2.22517 72.6933 -0.142095 0.0209824 -0 138.894 344 309003
-12.5796 71.5804 2.22517 72.6933 -0.173964 0.0209824 -0 138.519 342 309003
-12.6128 71.7203 3.75838 72.8851 -0.17408 0.041974 -0 138.707 343 309003
-12.6128 71.7692 2.22919 72.8851 -0.173964 0.0209824 -0 139.457 347 309003
-13.7594 71.5583 2.22919 72.8851 -0.189964 0.0209824 -0 138.519 342 309003
24.1423 68.9056 3.76643 73.0769 0.337002 0.041974 -0 140.019 350 309003
24.2057 69.0009 5.31172 73.2687 0.337389 0.0629841 -0 142.457 363 309003
24.2057 69.0865 3.77448 73.2687 0.337002 0.041974 -0 145.644 380 309003
23.053 69.3945 5.31172 73.2687 0.320732 0.0629841 -0 139.644 348 309003
23.053 69.4796 3.77448 73.2687 0.320366 0.041974 -0 142.832 365 309003
